>time	Ribosome	coli Pol	coli Pol-P	coli Pol-2.0	coli Pol-P-2.0	gp1	gp1-3.5	gp0.3	gp0.4	gp0.5	gp0.6A	gp0.7	gp1.1	gp1.2	gp1.3	gp1.4	gp1.5	gp1.6	gp1.7	gp1.8	gp2.0	gp2.5	gp2.8	gp3.0	gp3.5	gp3.8	gp4A	gp4.2	gp4.3	gp4.5	gp4.7	gp5.0	gp5.3	gp5.5	gp5.7	gp5.9	gp6.0	gp6.3	gp6.5	gp6.7	gp7	gp7.3	gp7.7	gp8	gp9	gp10A	gp11	gp12	gp13	gp14	gp15	gp16	gp17	gp17.5	gp18	gp18.5	gp19	gp19.5	RNA: gp0.3	RNA: gp0.4	RNA: gp0.5	RNA: gp0.6A	RNA: gp0.7	RNA: gp1	RNA: gp1.1	RNA: gp1.2	RNA: gp1.3	RNA: gp1.4	RNA: gp1.5	RNA: gp1.6	RNA: gp1.7	RNA: gp1.8	RNA: gp2.0	RNA: gp2.5	RNA: gp2.8	RNA: gp3.0	RNA: gp3.5	RNA: gp3.8	RNA: gp4A	RNA: gp4.2	RNA: gp4.3	RNA: gp4.5	RNA: gp4.7	RNA: gp5.0	RNA: gp5.3	RNA: gp5.5	RNA: gp5.7	RNA: gp5.9	RNA: gp6.0	RNA: gp6.3	RNA: gp6.5	RNA: gp6.7	RNA: gp7	RNA: gp7.3	RNA: gp7.7	RNA: gp8	RNA: gp9	RNA: gp10A	RNA: gp11	RNA: gp12	RNA: gp13	RNA: gp14	RNA: gp15	RNA: gp16	RNA: gp17	RNA: gp17.5	RNA: gp18	RNA: gp18.5	RNA: gp19	RNA: gp19.5	NumColiPoly:	4	NumT7Poly	2	NumOfTimePoints:	121	NumOfProteins:	58	NumOfCoding	52
0.019385266145484432	10000	1800	0	0	0	0	0	0	0	0	0	0	0	0	0	0	0	0	0	0	0	0	0	0	0	0	0	0	0	0	0	0	0	0	0	0	0	0	0	0	0	0	0	0	0	0	0	0	0	0	0	0	0	0	0	0	0	0	0	0	0	0	0	0	0	0	0	0	0	0	0	0	0	0	0	0	0	0	0	0	0	0	0	0	0	0	0	0	0	0	0	0	0	0	0	0	0	0	0	0	0	0	0	0	0	0	0	0	0	0
5.00433717406108	10000	1800	0	0	0	0	0	0	0	0	0	0	0	0	0	0	0	0	0	0	0	0	0	0	0	0	0	0	0	0	0	0	0	0	0	0	0	0	0	0	0	0	0	0	0	0	0	0	0	0	0	0	0	0	0	0	0	0	0	0	0	0	0	0	0	0	0	0	0	0	0	0	0	0	0	0	0	0	0	0	0	0	0	0	0	0	0	0	0	0	0	0	0	0	0	0	0	0	0	0	0	0	0	0	0	0	0	0	0	0
10.003191519087249	10000	1794	0	0	0	0	0	0	0	0	0	0	0	0	0	0	0	0	0	0	0	0	0	0	0	0	0	0	0	0	0	0	0	0	0	0	0	0	0	0	0	0	0	0	0	0	0	0	0	0	0	0	0	0	0	0	0	0	0	0	0	0	0	0	0	0	0	0	0	0	0	0	0	0	0	0	0	0	0	0	0	0	0	0	0	0	0	0	0	0	0	0	0	0	0	0	0	0	0	0	0	0	0	0	0	0	0	0	0	0
15.002225431841559	10000	1789	0	0	0	0	0	0	0	0	0	0	0	0	0	0	0	0	0	0	0	0	0	0	0	0	0	0	0	0	0	0	0	0	0	0	0	0	0	0	0	0	0	0	0	0	0	0	0	0	0	0	0	0	0	0	0	0	0	0	0	0	0	0	0	0	0	0	0	0	0	0	0	0	0	0	0	0	0	0	0	0	0	0	0	0	0	0	0	0	0	0	0	0	0	0	0	0	0	0	0	0	0	0	0	0	0	0	0	0
20.002704881671136	9998	1785	0	0	0	0	0	0	0	0	0	0	0	0	0	0	0	0	0	0	0	0	0	0	0	0	0	0	0	0	0	0	0	0	0	0	0	0	0	0	0	0	0	0	0	0	0	0	0	0	0	0	0	0	0	0	0	0	0	0	0	0	0	0	0	0	0	0	0	0	0	0	0	0	0	0	0	0	0	0	0	0	0	0	0	0	0	0	0	0	0	0	0	0	0	0	0	0	0	0	0	0	0	0	0	0	0	0	0	0
25.002746216088482	9992	1780	0	0	0	0	0	0	0	0	0	0	0	0	0	0	0	0	0	0	0	0	0	0	0	0	0	0	0	0	0	0	0	0	0	0	0	0	0	0	0	0	0	0	0	0	0	0	0	0	0	0	0	0	0	0	0	0	0	0	0	0	0	0	0	0	0	0	0	0	0	0	0	0	0	0	0	0	0	0	0	0	0	0	0	0	0	0	0	0	0	0	0	0	0	0	0	0	0	0	0	0	0	0	0	0	0	0	0	0
30.00086843512817	9979	1776	0	0	0	0	0	2	0	0	0	0	0	0	0	0	0	0	0	0	0	0	0	0	0	0	0	0	0	0	0	0	0	0	0	0	0	0	0	0	0	0	0	0	0	0	0	0	0	0	0	0	0	0	0	0	0	0	4	0	0	0	0	0	0	0	0	0	0	0	0	0	0	0	0	0	0	0	0	0	0	0	0	0	0	0	0	0	0	0	0	0	0	0	0	0	0	0	0	0	0	0	0	0	0	0	0	0	0	0
35.00080108482257	9956	1772	0	0	0	0	0	6	3	0	0	0	0	0	0	0	0	0	0	0	0	0	0	0	0	0	0	0	0	0	0	0	0	0	0	0	0	0	0	0	0	0	0	0	0	0	0	0	0	0	0	0	0	0	0	0	0	0	7	4	0	0	0	0	0	0	0	0	0	0	0	0	0	0	0	0	0	0	0	0	0	0	0	0	0	0	0	0	0	0	0	0	0	0	0	0	0	0	0	0	0	0	0	0	0	0	0	0	0	0
40.000223402690196	9925	1761	0	0	0	0	0	18	10	2	1	0	0	0	0	0	0	0	0	0	0	0	0	0	0	0	0	0	0	0	0	0	0	0	0	0	0	0	0	0	0	0	0	0	0	0	0	0	0	0	0	0	0	0	0	0	0	0	13	5	4	3	0	0	0	0	0	0	0	0	0	0	0	0	0	0	0	0	0	0	0	0	0	0	0	0	0	0	0	0	0	0	0	0	0	0	0	0	0	0	0	0	0	0	0	0	0	0	0	0
45.00053055615931	9884	1751	0	0	0	0	0	32	18	8	8	0	0	0	0	0	0	0	0	0	0	0	0	0	0	0	0	0	0	0	0	0	0	0	0	0	0	0	0	0	0	0	0	0	0	0	0	0	0	0	0	0	0	0	0	0	0	0	21	13	5	5	0	0	0	0	0	0	0	0	0	0	0	0	0	0	0	0	0	0	0	0	0	0	0	0	0	0	0	0	0	0	0	0	0	0	0	0	0	0	0	0	0	0	0	0	0	0	0	0
50.00010876930237	9825	1739	0	0	0	0	0	57	37	19	14	0	0	0	0	0	0	0	0	0	0	0	0	0	0	0	0	0	0	0	0	0	0	0	0	0	0	0	0	0	0	0	0	0	0	0	0	0	0	0	0	0	0	0	0	0	0	0	25	18	11	8	0	0	0	0	0	0	0	0	0	0	0	0	0	0	0	0	0	0	0	0	0	0	0	0	0	0	0	0	0	0	0	0	0	0	0	0	0	0	0	0	0	0	0	0	0	0	0	0
55.00103674766979	9756	1727	0	0	0	0	0	83	65	39	28	0	0	0	0	0	0	0	0	0	0	0	0	0	0	0	0	0	0	0	0	0	0	0	0	0	0	0	0	0	0	0	0	0	0	0	0	0	0	0	0	0	0	0	0	0	0	0	36	23	17	18	0	0	0	0	0	0	0	0	0	0	0	0	0	0	0	0	0	0	0	0	0	0	0	0	0	0	0	0	0	0	0	0	0	0	0	0	0	0	0	0	0	0	0	0	0	0	0	0
60.00017914990458	9665	1719	0	0	0	0	0	121	97	60	61	0	0	0	0	0	0	0	0	0	0	0	0	0	0	0	0	0	0	0	0	0	0	0	0	0	0	0	0	0	0	0	0	0	0	0	0	0	0	0	0	0	0	0	0	0	0	0	48	31	22	26	0	0	0	0	0	0	0	0	0	0	0	0	0	0	0	0	0	0	0	0	0	0	0	0	0	0	0	0	0	0	0	0	0	0	0	0	0	0	0	0	0	0	0	0	0	0	0	0
65.00009847713865	9572	1712	0	0	0	0	0	180	148	90	91	0	0	0	0	0	0	0	0	0	0	0	0	0	0	0	0	0	0	0	0	0	0	0	0	0	0	0	0	0	0	0	0	0	0	0	0	0	0	0	0	0	0	0	0	0	0	0	55	38	32	31	0	0	0	0	0	0	0	0	0	0	0	0	0	0	0	0	0	0	0	0	0	0	0	0	0	0	0	0	0	0	0	0	0	0	0	0	0	0	0	0	0	0	0	0	0	0	0	0
70.00011888533203	9474	1697	1	0	0	0	0	242	199	130	133	0	0	0	0	0	0	0	0	0	0	0	0	0	0	0	0	0	0	0	0	0	0	0	0	0	0	0	0	0	0	0	0	0	0	0	0	0	0	0	0	0	0	0	0	0	0	0	62	49	39	43	4	0	0	0	0	0	0	0	0	0	0	0	0	0	0	0	0	0	0	0	0	0	0	0	0	0	0	0	0	0	0	0	0	0	0	0	0	0	0	0	0	0	0	0	0	0	0	0
75.00000291298022	9349	1686	7	0	0	0	0	309	255	188	193	0	0	0	0	0	0	0	0	0	0	0	0	0	0	0	0	0	0	0	0	0	0	0	0	0	0	0	0	0	0	0	0	0	0	0	0	0	0	0	0	0	0	0	0	0	0	0	64	54	48	53	21	0	0	0	0	0	0	0	0	0	0	0	0	0	0	0	0	0	0	0	0	0	0	0	0	0	0	0	0	0	0	0	0	0	0	0	0	0	0	0	0	0	0	0	0	0	0	0
80.00023611984962	9240	1661	18	0	0	0	0	392	320	252	275	0	0	0	0	0	0	0	0	0	0	0	0	0	0	0	0	0	0	0	0	0	0	0	0	0	0	0	0	0	0	0	0	0	0	0	0	0	0	0	0	0	0	0	0	0	0	0	73	58	56	65	40	0	0	0	0	0	0	0	0	0	0	0	0	0	0	0	0	0	0	0	0	0	0	0	0	0	0	0	0	0	0	0	0	0	0	0	0	0	0	0	0	0	0	0	0	0	0	0
85.00000632475519	9090	1640	37	0	0	0	0	472	391	324	378	0	0	0	0	0	0	0	0	0	0	0	0	0	0	0	0	0	0	0	0	0	0	0	0	0	0	0	0	0	0	0	0	0	0	0	0	0	0	0	0	0	0	0	0	0	0	0	81	71	61	70	58	0	0	0	0	0	0	0	0	0	0	0	0	0	0	0	0	0	0	0	0	0	0	0	0	0	0	0	0	0	0	0	0	0	0	0	0	0	0	0	0	0	0	0	0	0	0	0
90.00004187845742	8967	1596	70	0	0	0	0	565	493	397	515	0	0	0	0	0	0	0	0	0	0	0	0	0	0	0	0	0	0	0	0	0	0	0	0	0	0	0	0	0	0	0	0	0	0	0	0	0	0	0	0	0	0	0	0	0	0	0	86	80	75	78	64	0	0	0	0	0	0	0	0	0	0	0	0	0	0	0	0	0	0	0	0	0	0	0	0	0	0	0	0	0	0	0	0	0	0	0	0	0	0	0	0	0	0	0	0	0	0	0
95.00006853319884	8804	1549	104	0	0	0	0	647	600	484	639	0	0	0	0	0	0	0	0	0	0	0	0	0	0	0	0	0	0	0	0	0	0	0	0	0	0	0	0	0	0	0	0	0	0	0	0	0	0	0	0	0	0	0	0	0	0	0	87	85	80	87	71	0	0	0	0	0	0	0	0	0	0	0	0	0	0	0	0	0	0	0	0	0	0	0	0	0	0	0	0	0	0	0	0	0	0	0	0	0	0	0	0	0	0	0	0	0	0	0
100.00022503508703	8662	1488	150	0	0	0	0	748	703	577	806	0	0	0	0	0	0	0	0	0	0	0	0	0	0	0	0	0	0	0	0	0	0	0	0	0	0	0	0	0	0	0	0	0	0	0	0	0	0	0	0	0	0	0	0	0	0	0	91	86	84	100	84	0	0	0	0	0	0	0	0	0	0	0	0	0	0	0	0	0	0	0	0	0	0	0	0	0	0	0	0	0	0	0	0	0	0	0	0	0	0	0	0	0	0	0	0	0	0	0
105.00004227749218	8501	1421	213	0	0	0	0	857	817	674	978	0	0	0	0	0	0	0	0	0	0	0	0	0	0	0	0	0	0	0	0	0	0	0	0	0	0	0	0	0	0	0	0	0	0	0	0	0	0	0	0	0	0	0	0	0	0	0	102	90	85	105	94	0	0	0	0	0	0	0	0	0	0	0	0	0	0	0	0	0	0	0	0	0	0	0	0	0	0	0	0	0	0	0	0	0	0	0	0	0	0	0	0	0	0	0	0	0	0	0
110.00002712178384	8327	1344	284	0	0	0	0	970	925	775	1169	0	0	0	0	0	0	0	0	0	0	0	0	0	0	0	0	0	0	0	0	0	0	0	0	0	0	0	0	0	0	0	0	0	0	0	0	0	0	0	0	0	0	0	0	0	0	0	110	99	87	107	102	0	0	0	0	0	0	0	0	0	0	0	0	0	0	0	0	0	0	0	0	0	0	0	0	0	0	0	0	0	0	0	0	0	0	0	0	0	0	0	0	0	0	0	0	0	0	0
115.00000272286267	8109	1266	353	0	0	0	0	1095	1039	877	1355	0	0	0	0	0	0	0	0	0	0	0	0	0	0	0	0	0	0	0	0	0	0	0	0	0	0	0	0	0	0	0	0	0	0	0	0	0	0	0	0	0	0	0	0	0	0	0	120	105	102	116	107	0	0	0	0	0	0	0	0	0	0	0	0	0	0	0	0	0	0	0	0	0	0	0	0	0	0	0	0	0	0	0	0	0	0	0	0	0	0	0	0	0	0	0	0	0	0	0
120.0000461354822	7899	1167	443	0	0	0	0	1230	1157	992	1594	0	0	0	0	0	0	0	0	0	0	0	0	0	0	0	0	0	0	0	0	0	0	0	0	0	0	0	0	0	0	0	0	0	0	0	0	0	0	0	0	0	0	0	0	0	0	0	125	117	110	124	111	0	0	0	0	0	0	0	0	0	0	0	0	0	0	0	0	0	0	0	0	0	0	0	0	0	0	0	0	0	0	0	0	0	0	0	0	0	0	0	0	0	0	0	0	0	0	0
125.00012855263006	7684	1057	546	0	0	0	0	1373	1305	1117	1853	0	0	0	0	0	0	0	0	0	0	0	0	0	0	0	0	0	0	0	0	0	0	0	0	0	0	0	0	0	0	0	0	0	0	0	0	0	0	0	0	0	0	0	0	0	0	0	129	119	117	133	119	0	0	0	0	0	0	0	0	0	0	0	0	0	0	0	0	0	0	0	0	0	0	0	0	0	0	0	0	0	0	0	0	0	0	0	0	0	0	0	0	0	0	0	0	0	0	0
130.00001758739626	7475	952	645	0	0	1	0	1523	1453	1251	2116	0	0	0	0	0	0	0	0	0	0	0	0	0	0	0	0	0	0	0	0	0	0	0	0	0	0	0	0	0	0	0	0	0	0	0	0	0	0	0	0	0	0	0	0	0	0	0	137	127	120	142	132	13	0	0	0	0	0	0	0	0	0	0	0	0	0	0	0	0	0	0	0	0	0	0	0	0	0	0	0	0	0	0	0	0	0	0	0	0	0	0	0	0	0	0	0	0	0	0
135.00006630897545	7276	822	768	0	0	1	0	1668	1606	1402	2410	1	0	0	0	0	0	0	0	0	0	0	0	0	0	0	0	0	0	0	0	0	0	0	0	0	0	0	0	0	0	0	0	0	0	0	0	0	0	0	0	0	0	0	0	0	0	0	139	130	125	149	133	56	0	0	0	0	0	0	0	0	0	0	0	0	0	0	0	0	0	0	0	0	0	0	0	0	0	0	0	0	0	0	0	0	0	0	0	0	0	0	0	0	0	0	0	0	0	0
140.00008682146165	7033	691	890	0	0	13	0	1820	1762	1542	2711	0	3	0	0	0	0	0	0	0	0	0	0	0	0	0	0	0	0	0	0	0	0	0	0	0	0	0	0	0	0	0	0	0	0	0	0	0	0	0	0	0	0	0	0	0	0	0	144	138	132	155	141	71	3	0	0	0	0	0	0	0	0	0	0	0	0	0	0	0	0	0	0	0	0	0	0	0	0	0	0	0	0	0	0	0	0	0	0	0	0	0	0	0	0	0	0	0	0	0
145.00011423301197	6760	560	1015	0	0	24	0	1963	1937	1698	3020	1	10	3	0	0	0	0	0	0	0	0	0	0	0	0	0	0	0	0	0	0	0	0	0	0	0	0	0	0	0	0	0	0	0	0	0	0	0	0	0	0	0	0	0	0	0	0	156	146	140	161	147	114	6	1	0	0	0	0	0	0	0	0	0	0	0	0	0	0	0	0	0	0	0	0	0	0	0	0	0	0	0	0	0	0	0	0	0	0	0	0	0	0	0	0	0	0	0	0
150.00006291253368	6479	436	1132	0	0	55	0	2135	2095	1856	3343	2	21	10	0	0	0	0	0	0	0	0	0	0	0	0	0	0	0	0	0	0	0	0	0	0	0	0	0	0	0	0	0	0	0	0	0	0	0	0	0	0	0	0	0	0	0	0	159	152	147	172	158	127	16	5	0	0	0	0	0	0	0	0	0	0	0	0	0	0	0	0	0	0	0	0	0	0	0	0	0	0	0	0	0	0	0	0	0	0	0	0	0	0	0	0	0	0	0	0
155.00002616077376	6194	278	1280	0	0	81	0	2320	2260	2025	3695	0	50	25	0	0	0	0	0	0	0	0	0	0	0	0	0	0	0	0	0	0	0	0	0	0	0	0	0	0	0	0	0	0	0	0	0	0	0	0	0	0	0	0	0	0	0	0	164	156	152	176	168	143	25	15	0	0	0	0	0	0	0	0	0	0	0	0	0	0	0	0	0	0	0	0	0	0	0	0	0	0	0	0	0	0	0	0	0	0	0	0	0	0	0	0	0	0	0	0
160.0000781772916	5858	117	1432	0	0	124	0	2505	2439	2189	4067	4	98	49	0	0	0	0	0	0	0	0	0	0	0	0	0	0	0	0	0	0	0	0	0	0	0	0	0	0	0	0	0	0	0	0	0	0	0	0	0	0	0	0	0	0	0	0	173	161	156	185	175	156	40	30	0	0	0	0	0	0	0	0	0	0	0	0	0	0	0	0	0	0	0	0	0	0	0	0	0	0	0	0	0	0	0	0	0	0	0	0	0	0	0	0	0	0	0	0
165.0000432682229	5486	0	1549	0	0	176	0	2711	2614	2360	4387	53	141	99	0	0	0	0	0	0	0	0	0	0	0	0	0	0	0	0	0	0	0	0	0	0	0	0	0	0	0	0	0	0	0	0	0	0	0	0	0	0	0	0	0	0	0	0	184	171	161	188	183	161	51	44	0	0	0	0	0	0	0	0	0	0	0	0	0	0	0	0	0	0	0	0	0	0	0	0	0	0	0	0	0	0	0	0	0	0	0	0	0	0	0	0	0	0	0	0
170.00008500365377	5156	0	1540	0	0	243	0	2920	2828	2568	4615	230	206	169	3	0	0	0	0	0	0	0	0	0	0	0	0	0	0	0	0	0	0	0	0	0	0	0	0	0	0	0	0	0	0	0	0	0	0	0	0	0	0	0	0	0	0	0	190	179	171	194	189	174	62	61	8	3	0	0	0	0	0	0	0	0	0	0	0	0	0	0	0	0	0	0	0	0	0	0	0	0	0	0	0	0	0	0	0	0	0	0	0	0	0	0	0	0	0	0
175.00002434536756	4817	0	1540	0	0	314	0	3136	3053	2775	4857	433	287	223	13	6	4	0	0	0	0	0	0	0	0	0	0	0	0	0	0	0	0	0	0	0	0	0	0	0	0	0	0	0	0	0	0	0	0	0	0	0	0	0	0	0	0	0	192	184	179	207	191	179	75	70	42	6	5	6	3	2	2	0	0	0	0	0	0	0	0	0	0	0	0	0	0	0	0	0	0	0	0	0	0	0	0	0	0	0	0	0	0	0	0	0	0	0	0	0
180.00007184230634	4432	0	1532	0	2	400	0	3360	3282	2986	5108	633	379	313	29	14	10	8	0	6	0	0	0	0	0	0	0	0	0	0	0	0	0	0	0	0	0	0	0	0	0	0	0	0	0	0	0	0	0	0	0	0	0	0	0	0	0	0	201	192	188	218	193	179	89	80	56	7	6	8	11	7	5	4	0	0	0	0	0	0	0	0	0	0	0	0	0	0	0	0	0	0	0	0	0	0	0	0	0	0	0	0	0	0	0	0	0	0	0	0
185.00005337186585	3943	0	1526	0	13	506	0	3593	3511	3188	5352	835	490	402	54	27	16	18	1	22	0	0	0	0	0	0	0	0	0	0	0	0	0	0	0	0	0	0	0	0	0	0	0	0	0	0	0	0	0	0	0	0	0	0	0	0	0	0	207	203	194	227	207	189	100	94	80	10	6	12	15	15	14	11	7	2	2	0	0	0	0	0	0	0	0	0	0	0	0	0	0	0	0	0	0	0	0	0	0	0	0	0	0	0	0	0	0	0	0	0
190.00004117638392	3343	0	1510	0	31	598	0	3845	3730	3400	5634	1024	625	519	89	38	29	31	13	40	0	0	4	0	0	0	0	0	0	0	0	0	0	0	0	0	0	0	0	0	0	0	0	0	0	0	0	0	0	0	0	0	0	0	0	0	0	0	214	207	204	233	222	196	113	97	99	14	13	16	20	20	21	21	17	16	15	4	0	0	0	0	0	0	0	0	0	0	0	0	0	0	0	0	0	0	0	0	0	0	0	0	0	0	0	0	0	0	0	0
195.00002758199463	2751	0	1497	0	52	699	6	4106	3976	3641	5949	1219	743	638	151	56	56	57	26	63	1	7	13	8	0	2	0	0	0	0	0	0	0	0	0	0	0	0	0	0	0	0	0	0	0	0	0	0	0	0	0	0	0	0	0	0	0	0	219	213	207	246	226	209	129	112	114	18	18	26	35	31	31	29	25	21	19	10	5	2	1	0	0	0	0	0	0	0	0	0	0	0	0	0	0	0	0	0	0	0	0	0	0	0	0	0	0	0	0	0
200.00002047262973	2003	0	1451	0	100	794	20	4358	4211	3887	6242	1461	913	767	227	81	80	82	43	111	1	28	39	34	3	13	0	0	1	0	0	0	0	0	0	0	0	0	0	0	0	0	0	0	0	0	0	0	0	0	0	0	0	0	0	0	0	0	228	216	215	251	236	213	155	126	127	24	22	33	49	41	42	43	38	30	26	27	18	12	4	6	1	0	0	0	0	0	0	0	0	0	0	0	0	0	0	0	0	0	0	0	0	0	0	0	0	0	0	0
205.00004046591692	1228	0	1402	0	159	899	41	4627	4448	4132	6538	1681	1092	928	326	123	110	118	86	169	2	56	70	61	2	37	0	7	8	6	0	0	0	0	0	0	0	0	0	0	0	0	0	0	0	0	0	0	0	0	0	0	0	0	0	0	0	0	233	228	219	255	246	222	160	146	140	33	25	37	64	56	53	61	53	52	37	36	25	21	12	10	7	0	0	0	0	0	0	0	0	0	0	0	0	0	0	0	0	0	0	0	0	0	0	0	0	0	0	0
210.000009274147	330	0	1327	0	232	984	75	4895	4697	4393	6823	1924	1283	1093	435	163	149	170	134	246	2	90	128	102	4	71	0	37	32	22	9	0	0	0	0	0	0	0	0	0	0	0	0	0	0	0	0	0	0	0	0	0	0	0	0	0	0	0	245	231	229	265	253	235	163	159	153	38	33	50	65	65	64	82	69	66	59	61	45	25	17	17	14	7	1	0	0	0	0	0	0	0	0	0	0	0	0	0	0	0	0	0	0	0	0	0	0	0	0	0
215.00002422660083	37	0	1249	0	307	1075	122	5176	4966	4647	7139	2176	1474	1277	566	216	194	230	207	328	4	143	193	178	4	116	0	63	62	38	15	0	0	0	1	0	0	0	0	0	0	0	0	0	0	0	0	0	0	0	0	0	0	0	0	0	0	0	247	243	233	277	257	246	184	164	164	46	43	69	88	83	72	95	89	83	71	73	68	46	32	34	26	22	7	4	7	2	1	1	0	0	0	0	0	0	0	0	0	0	0	0	0	0	0	0	0	0	0	0
220.0000029077708	20	0	1181	0	379	1164	181	5445	5188	4873	7402	2423	1660	1477	685	265	242	304	290	413	6	226	274	255	7	203	0	105	100	75	37	0	6	3	5	2	0	0	0	0	0	0	0	0	0	0	0	0	0	0	0	0	0	0	0	0	0	0	259	247	243	278	263	252	189	183	186	53	49	79	105	111	97	118	107	96	91	100	81	68	48	51	37	31	14	12	11	8	4	3	1	2	0	0	0	0	0	0	0	0	0	0	0	0	0	0	0	0	0	0
225.00000062101012	10	0	1086	0	473	1250	251	5690	5391	5087	7627	2709	1811	1622	828	311	273	373	372	502	5	336	368	346	7	293	3	167	135	116	71	0	13	14	15	11	0	4	1	0	0	0	0	0	0	0	0	0	0	0	0	0	0	0	0	0	0	0	276	258	245	289	274	260	199	190	201	57	50	79	118	116	112	142	134	117	106	117	84	83	70	82	67	44	28	28	22	24	10	9	19	18	8	1	2	0	0	0	0	0	0	0	0	0	0	0	0	0	0	0
230.00000110132657	8	0	1015	0	553	1344	337	5905	5565	5251	7852	2966	1936	1763	1002	354	310	433	462	588	6	432	458	434	13	383	8	243	186	177	108	0	33	29	30	23	0	14	7	2	1	1	0	0	0	0	0	0	0	0	0	0	0	0	0	0	0	0	284	274	261	300	277	267	204	199	218	60	52	82	124	124	115	152	152	145	135	143	107	105	93	95	79	66	45	42	37	34	23	25	35	27	23	24	17	0	0	0	0	0	0	0	0	0	0	0	0	0	0	0
235.00001160403727	10	0	950	0	629	1459	407	6102	5747	5414	8046	3234	2065	1883	1201	387	341	480	568	663	8	523	558	523	13	461	27	310	247	228	151	0	55	51	55	47	2	28	22	18	7	9	1	0	0	0	0	0	0	0	0	0	0	0	0	0	0	0	292	282	267	312	285	268	207	204	228	61	55	86	125	126	122	160	158	156	147	169	135	119	112	121	112	93	71	68	58	57	39	35	55	52	45	41	29	10	2	0	0	0	0	0	0	0	0	0	0	0	0	0
240.00008840585207	8	0	872	0	704	1543	473	6271	5908	5571	8229	3484	2174	2013	1378	426	375	536	652	742	13	641	647	612	17	571	61	382	310	296	203	0	81	82	81	73	9	49	51	47	26	26	9	0	0	0	0	0	0	0	0	0	0	0	0	0	0	0	295	292	281	313	290	270	210	208	236	71	65	92	132	135	133	171	168	163	158	183	159	149	148	156	132	114	96	94	97	96	64	59	83	79	65	59	51	33	14	2	0	0	0	0	0	0	0	0	0	0	0	0
245.0000027527215	5	0	813	0	769	1634	560	6427	6038	5727	8414	3714	2262	2133	1531	467	416	587	725	810	12	749	728	707	12	667	114	470	378	355	257	0	123	119	118	112	23	71	79	84	51	50	29	0	0	0	0	0	0	0	0	0	0	0	0	0	0	0	309	296	289	329	293	277	213	211	246	78	70	104	154	154	139	179	179	170	171	195	173	173	164	167	167	143	122	114	113	106	82	64	91	90	89	82	76	46	32	11	0	0	0	0	0	0	0	0	0	0	0	0
250.00000785440074	5	0	772	0	809	1776	629	6596	6194	5875	8562	3889	2375	2238	1691	497	447	638	789	868	24	843	814	797	22	754	188	545	445	430	311	7	174	165	157	153	43	109	126	113	73	77	56	0	0	0	0	0	0	0	0	0	0	0	0	0	0	0	316	306	300	339	298	284	229	211	255	85	75	106	164	157	144	186	181	182	179	206	177	185	174	175	168	169	151	147	145	136	96	81	109	106	93	91	92	65	53	33	3	0	0	0	0	0	0	0	0	0	0	0
255.00000913391384	4	0	709	0	876	1898	702	6740	6328	5994	8711	4092	2473	2337	1826	537	475	686	861	943	13	923	887	869	20	862	254	622	499	510	378	17	237	219	218	205	75	138	173	155	112	111	96	0	1	0	0	0	0	0	0	0	0	0	0	0	0	0	323	314	309	348	303	289	241	223	258	95	88	128	178	166	148	191	186	185	182	216	184	189	174	175	168	195	188	174	171	167	117	105	137	135	122	110	101	76	73	50	4	0	0	0	0	0	0	0	0	0	0	0
260.0000007954993	3	0	649	0	937	2054	776	6875	6455	6114	8848	4260	2557	2422	1948	578	500	737	939	1006	18	1022	947	950	19	954	336	694	573	582	449	41	296	271	264	256	108	182	214	199	153	150	136	0	8	1	0	0	0	0	0	0	0	0	0	0	0	0	336	328	315	355	316	290	251	236	266	104	95	128	184	175	161	192	190	191	190	224	186	189	183	198	181	199	197	194	198	195	165	170	202	188	153	136	134	92	93	75	9	2	1	0	0	0	0	0	0	0	0	0
265.0000062570537	8	0	585	0	1000	2202	856	6991	6578	6227	8982	4411	2653	2500	2072	620	536	776	1019	1061	17	1096	1033	1026	12	1023	413	771	641	648	504	73	366	332	321	318	150	239	280	243	196	189	173	2	23	3	0	0	0	0	0	0	0	0	0	0	0	0	347	338	324	363	328	299	253	251	272	111	109	150	198	185	165	210	205	199	192	231	186	189	183	200	202	199	198	198	199	199	194	196	247	229	215	203	179	105	123	91	14	4	9	5	0	0	0	0	0	0	0	0
270.00000105372607	5	0	522	0	1057	2414	919	7127	6684	6336	9095	4549	2731	2587	2191	644	565	827	1086	1135	26	1175	1092	1093	10	1110	513	843	697	719	576	119	424	408	378	379	205	302	358	303	247	244	218	10	50	14	2	0	0	0	0	0	0	0	0	0	0	0	350	341	333	373	330	317	264	255	274	112	109	153	219	211	198	226	212	213	211	245	188	190	183	202	202	214	205	200	200	199	198	199	265	260	250	250	232	131	128	123	19	11	14	11	0	0	0	0	0	0	0	0
275.0000167103383	5	0	469	0	1110	2586	965	7244	6788	6443	9198	4672	2808	2671	2301	683	593	870	1163	1203	31	1259	1158	1164	18	1185	597	918	770	767	649	174	484	473	448	452	260	379	434	388	310	303	278	34	78	28	5	0	0	0	0	0	0	0	0	0	0	0	353	351	338	381	343	327	279	260	278	119	110	154	219	212	200	248	246	233	213	260	202	214	209	219	202	235	234	228	219	217	200	199	279	276	270	267	261	167	161	126	23	14	27	20	5	0	0	0	0	0	0	0
280.00000367626086	4	0	398	0	1179	2701	1030	7344	6894	6539	9314	4795	2882	2760	2407	713	637	921	1228	1271	36	1326	1230	1215	24	1274	680	977	824	818	712	248	542	546	523	517	323	423	522	465	390	380	354	58	112	56	12	0	2	0	0	0	0	0	0	0	0	0	358	354	349	389	352	332	295	277	293	121	118	165	234	226	211	254	253	252	246	281	204	218	211	231	229	237	236	235	234	235	211	204	285	286	285	281	278	238	203	157	23	16	45	32	14	0	0	0	0	0	0	0
285.00000296976543	1	0	359	0	1232	2792	1110	7456	7001	6633	9432	4914	2971	2830	2486	751	679	968	1305	1337	33	1391	1292	1284	15	1346	764	1031	879	889	771	318	617	605	599	566	390	483	617	555	473	455	426	86	156	90	21	0	14	1	0	0	0	0	0	0	0	0	365	362	353	402	367	340	305	294	307	121	118	165	239	237	230	282	264	254	254	303	204	219	214	236	231	242	238	237	238	238	213	204	289	288	286	286	285	267	276	192	35	21	46	44	26	0	0	0	0	0	0	0
290.0000004562155	2	0	335	0	1262	2932	1173	7560	7082	6737	9544	5013	3048	2907	2579	779	714	1015	1360	1391	61	1466	1357	1353	14	1427	846	1101	937	948	836	395	675	675	667	633	448	535	696	640	553	542	500	135	201	124	30	0	23	9	0	0	0	0	0	0	0	0	366	365	363	405	371	344	319	299	324	127	122	174	241	239	240	301	289	286	269	315	208	227	217	238	236	268	264	254	246	245	214	206	293	291	290	290	287	282	317	271	43	23	49	47	37	1	0	0	0	0	0	0
295.0000083416332	3	0	270	0	1334	3075	1230	7652	7180	6830	9641	5117	3130	2987	2682	811	742	1062	1425	1453	52	1542	1444	1412	18	1513	920	1152	994	1004	902	477	747	736	729	698	520	596	776	726	634	621	577	165	247	153	40	0	31	19	0	0	0	0	0	0	0	0	366	366	365	414	379	353	334	316	332	132	127	182	261	256	251	302	302	303	296	344	227	239	233	256	239	282	279	276	272	269	247	245	327	313	299	294	291	282	329	310	61	30	50	47	45	8	0	0	0	0	0	0
300.0000044691258	2	0	227	0	1372	3135	1297	7716	7277	6926	9746	5234	3219	3075	2773	850	769	1102	1487	1511	81	1622	1521	1477	17	1586	1030	1273	1057	1078	958	561	792	799	784	760	583	667	842	799	712	677	661	212	299	194	47	0	44	33	0	0	0	0	0	0	0	0	367	367	367	415	383	362	349	332	341	136	128	182	262	261	258	315	315	306	302	362	265	276	261	273	255	287	286	284	281	280	263	256	346	346	343	331	311	289	337	328	65	40	51	50	48	17	6	5	2	0	0	0
305.00000202964594	4	0	194	0	1408	3175	1367	7801	7370	7010	9855	5325	3306	3164	2878	886	792	1138	1532	1560	105	1706	1590	1542	16	1661	1108	1346	1114	1135	1008	630	851	866	849	831	645	738	923	884	788	743	736	263	376	248	54	0	59	48	0	0	0	0	0	0	0	0	372	368	367	417	388	370	368	349	368	144	136	192	270	266	260	326	323	316	307	372	302	314	305	318	296	299	293	291	292	287	280	281	370	351	348	348	346	298	361	337	67	47	62	56	49	32	13	10	6	6	0	0
310.00000365834853	0	0	154	0	1453	3209	1441	7898	7454	7077	9968	5417	3388	3239	2957	919	830	1182	1609	1609	120	1776	1667	1611	21	1753	1170	1410	1181	1193	1061	712	917	932	905	907	715	800	998	969	851	811	802	338	447	302	73	2	74	58	0	0	0	3	1	0	0	0	383	379	368	419	396	381	375	364	382	145	142	201	282	280	269	335	328	327	318	375	332	347	340	357	334	316	312	308	305	300	291	289	385	383	380	374	353	323	370	358	70	58	82	69	50	41	25	17	15	12	1	0
315.00000613662627	1	0	128	0	1489	3273	1479	7961	7524	7151	10054	5532	3466	3325	3067	959	858	1222	1674	1665	138	1857	1738	1683	24	1829	1249	1482	1242	1264	1112	778	992	999	964	962	783	866	1085	1039	934	904	890	423	521	370	89	4	88	75	0	0	0	5	3	0	0	0	393	389	380	423	410	392	384	376	397	148	142	201	286	286	284	349	338	335	334	399	342	361	357	380	367	353	336	325	320	316	301	293	402	402	397	390	383	344	395	369	74	67	108	91	59	45	55	44	40	25	5	2
320.00000727337004	0	0	110	0	1508	3302	1543	8048	7596	7234	10155	5643	3553	3415	3157	997	882	1266	1730	1731	178	1933	1817	1759	18	1899	1324	1542	1312	1349	1171	860	1056	1064	1031	1030	845	913	1173	1119	1002	982	959	510	606	436	110	8	105	88	1	0	0	9	9	5	0	0	398	396	388	439	413	402	399	382	406	150	142	201	286	286	285	363	359	357	339	409	342	362	357	381	380	399	382	369	361	357	320	317	424	409	403	404	400	362	423	391	78	70	118	118	71	49	66	69	66	56	15	19
325.0000096373504	3	0	101	0	1521	3380	1605	8127	7675	7299	10249	5731	3623	3482	3254	1024	907	1308	1794	1779	216	1997	1887	1825	20	1981	1403	1622	1382	1421	1234	938	1119	1126	1086	1086	906	971	1238	1195	1089	1058	1031	583	692	514	122	11	126	96	4	0	0	16	18	10	0	2	399	400	394	444	416	408	409	392	416	159	157	204	286	286	286	363	362	363	362	435	347	363	357	382	381	434	421	413	405	401	351	344	452	442	432	432	409	371	445	427	87	73	127	125	95	51	77	72	72	69	39	27
330.00000184351927	6	0	98	0	1535	3438	1655	8206	7761	7376	10331	5833	3695	3566	3348	1053	934	1345	1848	1832	254	2063	1946	1891	34	2055	1481	1695	1441	1491	1314	1005	1191	1187	1162	1150	962	1028	1308	1266	1171	1129	1101	666	756	597	140	19	141	118	15	0	0	32	31	20	0	4	400	401	399	451	418	409	414	410	443	161	158	227	304	300	288	366	366	365	363	442	347	363	357	382	382	448	448	443	440	435	375	362	470	466	463	457	440	382	461	445	93	78	135	129	115	51	81	81	81	77	55	38
335.00000471380577	1	0	73	0	1562	3485	1728	8286	7830	7448	10401	5912	3767	3626	3434	1086	968	1384	1894	1888	281	2149	2011	1967	29	2128	1568	1759	1500	1555	1392	1065	1280	1255	1230	1223	1018	1097	1392	1352	1244	1211	1175	733	839	676	159	27	165	137	24	0	3	53	41	27	0	10	406	403	400	455	418	417	416	415	460	165	162	227	312	307	291	366	366	366	365	445	372	391	377	391	382	448	449	449	449	449	423	414	516	507	487	478	466	412	473	460	96	83	141	137	125	54	84	83	81	81	60	59
340.00001655103733	2	0	73	0	1565	3508	1792	8351	7892	7518	10473	6003	3829	3696	3510	1112	996	1419	1947	1955	325	2211	2066	2033	22	2206	1663	1853	1554	1621	1463	1143	1359	1333	1291	1293	1082	1183	1491	1421	1320	1287	1257	805	930	755	167	38	184	153	34	0	6	66	53	41	0	19	414	408	401	455	422	422	424	417	469	168	164	238	322	323	310	380	367	366	366	450	402	441	428	441	416	449	450	449	449	449	448	446	573	556	545	521	501	444	508	472	100	86	141	141	128	55	85	83	83	84	61	64
345.000000396198	1	0	60	0	1577	3550	1843	8412	7955	7600	10553	6087	3892	3757	3603	1145	1020	1448	1995	2001	352	2275	2134	2090	30	2283	1760	1922	1611	1691	1525	1199	1434	1405	1362	1363	1143	1248	1594	1507	1392	1356	1328	861	1013	829	174	47	211	177	42	0	15	80	64	61	0	25	426	421	408	459	431	431	442	419	474	177	166	240	329	326	313	390	388	386	374	455	423	469	467	487	466	451	450	450	450	450	449	447	579	575	575	574	560	473	536	503	103	95	155	143	138	98	89	89	89	86	72	76
350.00000557265616	1	0	62	0	1581	3595	1905	8486	8018	7655	10618	6165	3951	3823	3689	1177	1042	1482	2047	2049	397	2347	2179	2156	26	2360	1838	1999	1677	1750	1580	1273	1511	1476	1449	1427	1217	1309	1684	1592	1471	1445	1416	929	1096	892	186	51	235	201	60	0	23	98	76	75	0	34	432	428	422	466	446	435	452	424	487	193	183	263	343	328	313	394	394	394	391	483	445	493	483	501	497	490	470	462	455	451	450	450	590	586	580	580	577	479	569	535	109	96	162	156	141	104	96	89	89	89	75	84
355.0000012772616	2	0	46	0	1603	3626	1952	8553	8071	7708	10686	6249	4032	3890	3782	1199	1069	1512	2093	2090	417	2406	2232	2207	25	2428	1924	2073	1744	1814	1643	1339	1577	1562	1511	1505	1275	1370	1755	1690	1550	1550	1508	1007	1181	961	206	74	257	224	71	0	34	112	93	94	5	47	433	432	430	481	450	448	461	434	504	195	185	264	359	350	326	395	395	394	394	492	454	502	499	516	501	542	520	511	498	489	459	453	592	592	591	592	585	481	573	564	111	97	171	163	144	108	146	139	126	97	81	87
360.000003441645	1	0	56	0	1589	3630	2025	8623	8138	7767	10755	6331	4102	3953	3875	1231	1098	1551	2157	2142	483	2458	2301	2270	13	2503	1993	2139	1816	1881	1713	1427	1646	1617	1578	1571	1344	1431	1827	1775	1638	1641	1593	1088	1265	1039	225	91	285	257	76	0	51	124	109	112	11	66	437	435	432	489	455	453	468	445	514	196	185	264	366	365	357	409	402	395	394	492	466	518	513	546	532	575	566	552	544	538	471	458	597	594	594	592	592	481	574	574	122	103	180	176	157	123	152	152	151	145	89	108
365.000002999754	3	0	49	0	1594	3661	2058	8694	8201	7822	10822	6434	4161	4029	3964	1261	1129	1581	2194	2203	525	2522	2358	2331	16	2581	2066	2225	1888	1969	1769	1494	1705	1680	1648	1646	1411	1502	1904	1850	1720	1727	1677	1177	1342	1126	247	106	306	280	92	1	63	143	123	131	23	82	437	436	435	491	461	459	481	452	515	196	185	264	368	368	366	445	442	422	402	493	475	536	523	556	551	589	583	577	573	563	477	464	602	602	600	596	595	520	574	574	122	105	194	190	165	139	157	156	155	150	103	114
370.0000132265902	0	0	41	0	1603	3670	2098	8755	8255	7894	10885	6502	4230	4102	4032	1291	1149	1624	2240	2253	562	2572	2412	2378	9	2663	2146	2300	1966	2047	1851	1580	1769	1760	1731	1722	1475	1571	1975	1937	1818	1805	1753	1243	1419	1209	261	119	324	295	116	1	76	162	143	149	37	103	441	437	437	495	463	468	501	474	515	196	185	265	370	370	370	454	456	449	445	527	492	564	559	602	580	621	610	600	593	589	555	552	672	637	612	602	601	544	610	574	122	105	196	195	176	139	188	183	171	157	133	132
375.00000894190117	1	0	40	0	1600	3765	2139	8818	8316	7950	10956	6578	4304	4166	4106	1317	1177	1660	2284	2300	611	2633	2469	2426	28	2738	2222	2373	2032	2122	1915	1663	1874	1838	1808	1789	1544	1640	2063	2020	1905	1873	1830	1317	1504	1281	281	132	352	319	142	7	90	180	158	172	52	116	447	441	437	495	465	470	519	496	519	196	185	265	371	372	371	466	464	457	455	545	495	569	565	615	607	644	640	633	626	623	590	586	736	720	698	673	637	586	649	607	124	105	198	198	189	147	202	201	199	192	153	184
380.0000141987909	0	0	39	0	1598	3809	2192	8870	8378	8003	11017	6635	4363	4229	4197	1340	1200	1685	2340	2337	661	2686	2523	2469	24	2806	2296	2438	2105	2203	1991	1733	1965	1904	1894	1854	1604	1711	2147	2107	1996	1954	1902	1386	1589	1356	294	141	384	335	161	14	99	199	183	190	68	132	448	447	442	496	469	471	527	515	531	196	185	265	374	374	373	467	467	467	467	560	507	571	565	615	614	681	665	648	643	643	628	625	773	757	733	733	713	604	688	649	133	122	211	199	195	162	208	209	209	204	166	197
385.00001457284833	2	0	26	0	1608	3865	2235	8926	8430	8078	11087	6692	4423	4288	4268	1360	1222	1720	2393	2384	702	2754	2565	2533	29	2869	2356	2515	2166	2284	2064	1794	2049	1981	1973	1934	1680	1789	2234	2185	2065	2022	1984	1470	1677	1434	305	164	404	363	179	27	116	229	206	213	85	147	451	448	447	506	480	476	531	527	531	196	185	265	377	377	373	469	469	469	467	569	535	608	601	634	615	705	701	693	685	678	646	643	806	805	790	776	753	640	710	683	140	124	226	223	198	168	237	229	220	209	200	225
390.0000208857023	0	0	34	0	1596	3902	2304	8976	8476	8133	11140	6762	4490	4357	4329	1388	1243	1750	2437	2420	755	2822	2629	2596	30	2952	2429	2601	2228	2364	2139	1876	2128	2052	2049	2015	1745	1862	2330	2275	2138	2092	2058	1540	1766	1518	319	175	427	386	203	39	139	262	224	231	97	173	453	451	450	507	489	485	543	530	532	196	185	265	378	378	376	469	469	469	469	574	541	611	606	657	656	714	714	713	710	706	678	662	808	806	805	805	804	691	745	709	145	130	226	227	199	173	255	253	245	237	209	254
395.00000851605233	1	0	23	0	1609	3913	2357	9023	8519	8184	11201	6816	4547	4415	4409	1401	1266	1778	2483	2461	790	2885	2673	2653	19	3016	2486	2674	2293	2442	2208	1964	2204	2133	2126	2088	1810	1944	2405	2348	2225	2173	2152	1626	1835	1586	335	190	458	405	230	48	153	287	254	250	104	203	459	455	451	510	491	492	551	540	549	196	185	265	380	380	379	478	477	471	469	578	544	613	609	658	658	721	716	716	716	714	700	686	848	838	822	810	805	753	806	740	148	139	245	234	225	194	266	261	261	255	217	265
400.000012034952	0	0	28	0	1599	3950	2420	9073	8562	8235	11237	6878	4611	4484	4479	1426	1288	1797	2522	2504	847	2933	2741	2707	19	3080	2556	2734	2349	2509	2279	2031	2287	2213	2218	2165	1873	2046	2497	2436	2321	2275	2247	1723	1919	1677	358	206	488	423	246	54	177	313	284	273	121	230	463	461	454	510	494	494	554	553	554	202	186	265	381	380	380	478	478	478	478	580	544	613	609	664	662	763	753	735	724	721	715	714	882	862	849	848	835	799	861	800	159	142	248	247	227	196	277	274	268	266	237	275
405.0000049235545	1	0	22	0	1609	3999	2462	9124	8609	8285	11302	6934	4668	4549	4552	1455	1309	1831	2557	2545	873	2975	2790	2756	22	3138	2619	2794	2407	2580	2351	2100	2371	2303	2301	2239	1954	2115	2581	2537	2418	2355	2326	1801	1992	1770	369	229	506	446	277	68	205	337	314	298	143	257	466	464	461	517	498	502	556	554	571	234	229	300	387	383	382	483	479	478	478	589	545	615	609	664	664	767	767	765	765	765	727	719	896	894	892	887	861	807	918	858	164	142	251	250	236	198	299	300	299	279	244	292
410.00000065088534	0	0	30	0	1608	4041	2521	9172	8662	8324	11365	6982	4727	4617	4630	1473	1337	1850	2598	2589	915	3026	2842	2809	23	3193	2684	2846	2464	2641	2431	2175	2431	2371	2377	2316	2041	2200	2681	2621	2494	2445	2420	1878	2072	1851	380	242	532	467	297	75	239	362	349	321	173	280	471	469	465	522	499	506	558	558	594	235	229	313	431	421	399	485	485	483	482	589	546	618	609	664	664	774	773	769	768	768	744	737	925	912	901	897	894	808	934	918	179	149	256	251	247	207	308	307	304	302	269	319
415.0000120194329	0	0	17	0	1628	4101	2558	9224	8717	8365	11419	7040	4785	4677	4708	1495	1364	1875	2648	2618	944	3081	2890	2864	37	3257	2765	2906	2515	2711	2492	2257	2518	2462	2444	2382	2100	2275	2770	2713	2587	2524	2500	1960	2158	1935	399	256	557	495	324	93	267	397	381	354	195	307	472	472	470	528	507	506	569	558	613	241	230	313	435	426	413	513	498	485	485	598	547	619	615	673	670	778	777	776	775	775	759	751	927	926	926	924	912	832	935	935	188	155	263	257	249	227	310	308	308	308	280	332
420.0000084979647	2	0	19	0	1623	4119	2595	9267	8773	8413	11474	7094	4836	4731	4775	1515	1389	1904	2698	2658	987	3125	2932	2905	41	3323	2825	2969	2586	2782	2567	2341	2597	2541	2516	2467	2188	2356	2871	2817	2675	2611	2586	2044	2253	2018	415	269	580	525	343	109	290	425	415	391	214	335	474	474	472	532	508	509	572	566	627	255	247	319	436	427	414	524	523	518	505	606	562	645	638	680	673	782	780	778	778	778	775	775	965	959	941	930	925	834	955	935	189	171	274	262	250	228	324	320	320	311	291	350
425.0000059209435	0	0	22	0	1627	4128	2659	9306	8813	8451	11523	7156	4904	4784	4829	1546	1415	1926	2741	2693	1028	3167	2984	2961	30	3378	2880	3026	2645	2852	2649	2413	2683	2607	2606	2552	2275	2444	2954	2916	2770	2706	2672	2118	2346	2089	432	281	610	545	370	124	324	462	451	423	235	367	477	474	475	535	511	509	572	571	632	265	259	331	436	427	415	524	524	524	524	640	563	646	641	683	673	792	787	784	783	782	778	778	972	972	969	967	954	890	961	953	189	185	283	283	258	230	338	338	339	325	307	377
430.00000372964803	0	0	23	0	1622	4148	2694	9366	8862	8498	11562	7212	4949	4832	4885	1566	1443	1958	2790	2730	1069	3216	3026	3011	30	3446	2938	3101	2701	2920	2709	2489	2758	2689	2677	2628	2355	2508	3046	3016	2855	2794	2758	2200	2429	2171	451	299	636	567	391	147	357	493	485	451	261	396	486	480	477	537	513	509	578	573	644	274	270	356	453	439	417	524	524	524	524	646	597	680	659	694	681	798	798	795	793	792	783	781	982	981	976	972	971	919	1021	962	196	187	310	307	263	230	339	339	339	339	321	386
435.0000013497413	0	0	13	0	1626	4159	2743	9414	8902	8537	11612	7267	5007	4901	4936	1592	1462	1997	2824	2767	1099	3266	3080	3069	31	3505	2985	3174	2760	2997	2785	2577	2820	2763	2754	2705	2425	2573	3132	3112	2960	2891	2840	2278	2508	2267	470	310	667	588	412	160	389	530	517	481	285	436	489	489	482	539	519	510	582	576	647	280	279	363	459	441	417	524	524	524	524	651	624	714	705	740	703	798	798	798	798	798	790	784	987	986	985	984	980	951	1054	1015	199	188	317	311	283	249	342	341	339	339	328	397
440.00000479678005	0	0	23	0	1617	4202	2771	9468	8943	8592	11664	7318	5056	4958	5016	1617	1481	2036	2871	2814	1150	3320	3131	3119	37	3567	3053	3242	2820	3085	2840	2654	2885	2839	2836	2774	2489	2650	3223	3199	3037	2973	2934	2358	2596	2352	492	328	696	615	443	183	413	572	542	506	311	469	493	491	489	547	525	520	587	584	650	283	279	367	484	466	443	527	527	524	524	658	628	716	715	786	778	807	806	802	798	798	790	784	994	994	991	989	987	972	1091	1051	207	193	327	320	304	254	350	346	346	344	337	408
445.0000001101521	0	0	18	0	1625	4228	2831	9511	8979	8633	11710	7373	5094	5011	5070	1645	1506	2067	2916	2851	1177	3363	3175	3161	27	3626	3111	3303	2881	3141	2910	2743	2953	2903	2907	2849	2577	2722	3319	3282	3123	3087	3013	2450	2686	2444	514	343	725	635	465	202	436	606	566	535	338	501	496	493	490	552	529	534	607	585	662	285	279	369	501	493	480	563	548	532	527	660	638	723	715	787	786	829	817	811	809	807	796	789	994	994	994	994	994	985	1123	1092	210	194	329	327	314	257	385	384	372	351	339	426
450.0000056527364	2	0	23	0	1622	4256	2867	9555	9033	8673	11756	7417	5153	5062	5154	1677	1534	2101	2962	2879	1221	3397	3223	3214	39	3678	3162	3368	2952	3224	2974	2822	3017	2971	2987	2922	2651	2791	3419	3364	3213	3167	3100	2532	2783	2516	529	354	756	666	486	223	467	643	602	561	369	529	501	498	493	555	533	545	632	602	685	294	283	369	505	496	482	595	591	573	551	672	658	750	745	809	799	898	873	851	840	832	808	808	1021	1017	1005	994	994	987	1139	1122	216	202	333	329	320	264	391	389	388	387	346	430
455.0000016825335	1	0	20	0	1629	4243	2922	9594	9069	8709	11811	7466	5202	5103	5220	1701	1554	2133	3013	2917	1259	3447	3267	3254	33	3732	3222	3431	3019	3282	3053	2915	3086	3028	3057	2987	2716	2870	3496	3446	3304	3269	3193	2609	2882	2606	552	368	783	704	512	245	502	666	627	592	396	567	506	501	498	558	535	554	648	623	692	294	283	372	509	500	483	595	595	595	593	714	661	750	745	818	819	916	913	911	909	900	836	832	1038	1034	1029	1022	1018	994	1144	1139	221	206	345	333	327	272	396	394	390	390	356	431
460.0000077090761	0	0	18	0	1629	4239	2971	9637	9115	8752	11857	7508	5261	5155	5289	1719	1576	2161	3059	2967	1293	3497	3318	3295	32	3800	3284	3511	3089	3338	3128	2981	3164	3110	3135	3063	2777	2944	3578	3530	3383	3344	3280	2716	2990	2698	573	382	810	726	543	265	532	703	674	618	432	598	515	508	501	564	537	555	661	644	694	294	283	372	509	500	483	596	596	596	596	731	663	758	751	822	819	930	920	917	915	916	881	874	1086	1069	1051	1042	1034	996	1155	1145	224	211	345	343	329	275	407	403	403	400	381	464
465.00000411459456	0	0	9	0	1639	4258	3020	9678	9157	8797	11899	7553	5312	5216	5354	1744	1613	2197	3114	3003	1316	3532	3366	3339	29	3843	3354	3575	3148	3400	3200	3050	3234	3167	3207	3134	2859	3008	3661	3603	3453	3421	3359	2804	3098	2797	594	401	836	756	566	287	557	739	714	651	465	640	516	515	508	570	539	555	669	657	702	309	304	388	509	500	488	603	596	596	596	738	697	786	770	828	823	953	939	934	934	932	887	879	1104	1100	1099	1085	1065	1023	1163	1156	224	214	353	350	332	298	416	416	416	411	386	470
470.0000066076907	2	0	15	0	1638	4238	3073	9727	9193	8830	11944	7601	5360	5270	5412	1770	1635	2222	3151	3033	1365	3576	3415	3381	28	3909	3408	3633	3193	3490	3267	3138	3305	3225	3292	3202	2941	3089	3767	3691	3540	3512	3446	2889	3200	2882	605	428	864	777	591	300	589	774	747	683	493	674	526	516	515	576	549	555	670	666	717	310	305	396	532	514	490	607	607	605	598	739	699	787	770	829	824	958	958	958	957	955	913	908	1130	1120	1108	1106	1101	1026	1193	1165	226	224	365	355	344	321	422	418	418	417	389	470
475.0000179795402	0	0	17	0	1637	4242	3129	9766	9242	8866	11998	7650	5409	5323	5492	1793	1654	2250	3186	3081	1395	3644	3465	3429	29	3958	3481	3714	3256	3554	3332	3210	3378	3293	3368	3279	3004	3155	3848	3787	3628	3603	3529	2985	3291	2989	633	441	887	812	615	317	632	801	786	719	521	701	528	526	516	579	552	558	670	670	734	342	328	403	532	514	490	608	607	607	600	742	729	823	809	872	846	965	965	964	963	961	956	955	1174	1163	1142	1132	1118	1065	1193	1190	228	224	372	372	350	331	457	448	440	425	389	472
480.00000413186325	0	0	14	0	1641	4237	3162	9805	9281	8899	12040	7708	5463	5373	5559	1822	1675	2275	3218	3116	1426	3696	3514	3472	37	4017	3545	3783	3325	3616	3396	3279	3453	3375	3447	3346	3072	3231	3940	3865	3696	3693	3603	3067	3385	3097	651	464	918	840	640	344	665	833	815	753	569	739	531	529	526	582	556	563	670	670	749	349	334	422	558	543	524	614	608	608	600	744	735	832	828	905	896	968	967	965	965	965	962	960	1192	1191	1185	1175	1157	1105	1235	1191	233	226	374	374	358	333	481	473	469	457	389	473
485.0000063067643	1	0	9	0	1657	4247	3204	9848	9319	8932	12077	7752	5520	5417	5612	1860	1704	2307	3262	3168	1453	3740	3563	3527	45	4071	3593	3852	3379	3692	3465	3342	3525	3429	3519	3425	3140	3300	4035	3955	3774	3777	3697	3161	3488	3197	661	482	952	875	664	364	707	871	844	791	599	775	540	534	528	591	560	569	672	670	775	354	339	422	566	564	552	646	638	622	609	745	735	836	828	905	906	993	977	972	969	969	965	965	1197	1197	1196	1192	1192	1128	1280	1233	233	227	382	380	371	342	489	488	486	483	398	473
490.00001109904366	2	0	16	0	1660	4261	3257	9885	9361	8957	12123	7802	5575	5475	5678	1890	1736	2339	3303	3209	1489	3786	3612	3571	41	4120	3652	3923	3446	3750	3533	3425	3607	3502	3591	3513	3210	3372	4118	4035	3870	3871	3796	3243	3579	3295	674	500	976	909	697	385	728	903	889	817	635	811	544	540	534	595	567	578	683	671	793	374	371	470	586	574	568	691	671	647	610	755	738	840	835	911	911	1035	1019	1006	997	992	970	969	1207	1207	1205	1199	1197	1157	1314	1279	240	232	388	385	374	345	493	492	493	489	398	473
495.0000033635028	2	0	11	0	1671	4280	3298	9936	9400	8990	12166	7852	5624	5538	5745	1915	1762	2362	3340	3250	1521	3839	3670	3613	33	4179	3710	3994	3506	3799	3599	3500	3687	3566	3674	3593	3289	3438	4201	4115	3952	3957	3877	3336	3678	3389	692	523	1005	936	723	412	770	945	924	856	664	843	549	545	541	601	571	584	695	676	802	382	375	471	619	615	591	695	695	695	664	773	742	843	838	918	915	1057	1056	1052	1041	1034	982	975	1217	1216	1216	1210	1206	1185	1341	1308	245	232	388	387	380	347	511	505	500	493	429	508
500.00000153771936	3	0	11	0	1671	4311	3350	9973	9441	9034	12212	7899	5665	5582	5809	1941	1791	2394	3385	3285	1555	3880	3706	3656	38	4239	3785	4077	3567	3871	3663	3566	3760	3634	3749	3658	3350	3504	4308	4202	4050	4041	3980	3425	3782	3483	705	536	1039	970	741	436	804	974	960	887	695	887	554	552	545	607	580	588	699	686	811	383	381	473	623	623	610	723	707	696	692	844	754	870	860	925	920	1069	1063	1061	1053	1043	987	979	1225	1225	1218	1217	1216	1188	1374	1340	253	236	388	388	386	351	515	515	512	511	453	528
505.0000012532296	0	0	14	0	1661	4359	3393	10011	9490	9072	12252	7945	5716	5634	5862	1959	1826	2424	3438	3338	1612	3928	3762	3704	43	4281	3847	4134	3618	3941	3721	3649	3845	3715	3821	3715	3417	3564	4406	4288	4151	4123	4078	3504	3883	3589	718	554	1080	1001	768	460	828	1007	996	922	736	917	560	557	554	611	584	593	703	699	815	383	381	481	635	634	614	737	736	730	714	857	760	874	871	953	951	1078	1076	1072	1065	1055	990	982	1225	1225	1225	1225	1224	1188	1376	1375	257	243	388	388	388	360	515	515	515	515	468	559
510.0000030431395	2	0	12	0	1661	4326	3451	10046	9539	9103	12304	7980	5769	5687	5931	1987	1843	2461	3487	3381	1661	3983	3808	3753	33	4337	3901	4193	3662	4000	3785	3729	3915	3785	3891	3792	3483	3648	4477	4384	4233	4199	4181	3594	3979	3684	744	566	1105	1030	789	481	861	1039	1036	950	767	968	566	560	557	617	590	599	706	703	817	392	383	482	640	640	625	741	737	736	736	890	799	906	892	966	956	1085	1084	1081	1078	1078	1043	1031	1257	1246	1230	1225	1224	1188	1376	1376	262	253	408	396	388	360	527	524	516	515	492	568
515.0000000304979	1	0	15	0	1653	4340	3506	10083	9576	9151	12355	8014	5828	5741	5979	2007	1885	2493	3539	3427	1725	4035	3867	3811	33	4394	3959	4253	3717	4059	3852	3799	3988	3863	3966	3863	3539	3711	4567	4471	4306	4299	4269	3681	4077	3790	767	584	1133	1065	812	505	908	1071	1071	977	796	994	572	566	559	620	592	602	714	704	817	396	393	494	645	641	625	753	753	748	737	894	824	934	929	1005	986	1118	1102	1089	1087	1087	1080	1074	1316	1307	1280	1260	1243	1215	1378	1376	263	257	418	418	388	377	529	529	528	527	515	625
520.0000041547576	1	0	10	0	1655	4336	3533	10116	9610	9193	12400	8063	5887	5791	6023	2029	1907	2544	3589	3481	1763	4090	3915	3865	40	4454	4028	4333	3776	4136	3904	3876	4070	3942	4051	3935	3622	3766	4632	4554	4392	4383	4351	3761	4171	3893	791	599	1151	1093	839	525	959	1102	1101	1014	837	1038	578	573	567	627	596	607	715	712	823	397	396	500	653	653	629	753	753	753	744	898	828	936	930	1017	1017	1129	1125	1120	1120	1120	1087	1087	1345	1344	1334	1317	1306	1228	1412	1379	263	263	428	418	394	385	537	532	532	529	516	627
525.0000193568936	1	0	14	0	1653	4318	3584	10157	9648	9230	12439	8095	5934	5844	6072	2052	1941	2570	3619	3531	1805	4128	3983	3912	31	4511	4085	4399	3838	4203	3966	3958	4135	4013	4141	4006	3698	3842	4728	4645	4486	4448	4442	3849	4283	3982	807	615	1189	1107	866	551	999	1131	1140	1056	863	1086	579	579	572	636	602	610	733	715	825	399	396	500	662	660	636	759	755	753	744	906	828	936	930	1017	1017	1156	1143	1133	1128	1127	1104	1092	1349	1348	1349	1348	1344	1239	1431	1411	266	263	435	432	417	388	562	560	551	538	528	638
530.0000051132304	2	0	9	0	1665	4320	3638	10202	9683	9261	12485	8134	5983	5889	6127	2072	1970	2607	3666	3571	1835	4165	4033	3963	25	4558	4146	4459	3889	4262	4037	4031	4211	4082	4202	4086	3784	3908	4828	4731	4577	4539	4523	3932	4389	4089	823	630	1220	1141	895	575	1035	1166	1184	1093	901	1136	581	579	579	639	608	619	743	725	842	400	396	502	663	660	636	766	764	759	744	908	843	954	939	1017	1017	1189	1181	1169	1162	1156	1121	1111	1362	1351	1349	1349	1349	1250	1435	1429	271	263	439	437	420	388	585	583	577	566	532	643
535.000004616923	0	0	10	0	1669	4318	3679	10248	9727	9298	12521	8178	6040	5946	6190	2101	1995	2645	3708	3622	1875	4223	4094	4026	39	4619	4218	4512	3947	4346	4115	4106	4282	4163	4274	4174	3852	3989	4928	4817	4665	4632	4604	4027	4494	4185	835	647	1240	1167	910	607	1066	1211	1212	1131	947	1188	585	582	580	644	613	620	743	740	854	401	397	502	666	663	647	766	766	766	765	920	853	972	967	1055	1037	1192	1192	1192	1192	1190	1129	1114	1370	1370	1370	1365	1353	1261	1448	1435	276	265	445	442	433	388	589	589	588	586	540	646
540.0000022541753	0	0	9	0	1665	4306	3725	10280	9763	9321	12561	8219	6074	5995	6242	2128	2026	2679	3757	3671	1923	4264	4140	4065	40	4682	4264	4575	4002	4419	4186	4190	4360	4230	4369	4244	3926	4057	5022	4923	4758	4734	4685	4111	4592	4277	855	661	1274	1198	939	629	1091	1232	1254	1157	983	1231	587	586	581	646	618	623	743	743	855	405	398	503	666	663	650	782	775	767	766	934	853	972	967	1055	1055	1197	1197	1194	1192	1192	1157	1148	1396	1385	1371	1370	1370	1261	1460	1448	279	270	445	445	437	396	592	592	591	590	560	666
545.000015137617	1	0	8	0	1669	4333	3740	10319	9803	9368	12603	8255	6119	6040	6305	2157	2058	2709	3802	3709	1959	4312	4197	4118	57	4739	4321	4635	4071	4478	4249	4278	4418	4308	4436	4344	3995	4131	5116	4997	4850	4831	4767	4193	4681	4360	878	679	1302	1220	962	649	1132	1264	1297	1194	1021	1275	592	588	586	648	624	626	743	743	860	405	398	505	671	663	651	786	783	783	769	939	853	972	968	1056	1055	1216	1205	1199	1198	1198	1191	1191	1454	1445	1416	1400	1385	1291	1467	1461	279	276	446	445	441	404	596	595	594	593	571	683
550.0000016584138	1	0	20	0	1657	4293	3831	10364	9840	9409	12644	8296	6171	6085	6372	2189	2091	2738	3864	3735	2020	4362	4240	4160	33	4800	4382	4703	4132	4546	4327	4355	4485	4383	4502	4419	4049	4208	5194	5076	4951	4913	4847	4275	4772	4448	900	699	1317	1249	995	676	1171	1305	1332	1236	1055	1333	593	592	588	652	630	627	743	743	867	406	398	505	671	663	651	787	787	787	783	954	854	972	968	1057	1056	1238	1239	1228	1221	1217	1198	1198	1467	1468	1468	1458	1428	1291	1502	1469	280	277	460	457	445	404	609	602	598	595	573	687
555.0000230016401	2	0	10	0	1666	4301	3877	10396	9875	9445	12694	8325	6232	6124	6426	2218	2120	2767	3907	3777	2045	4415	4292	4208	40	4859	4421	4772	4188	4627	4388	4444	4562	4456	4576	4488	4133	4279	5300	5157	5047	5000	4935	4352	4855	4538	917	718	1339	1276	1027	708	1195	1342	1366	1265	1090	1375	597	594	593	656	636	635	745	744	868	413	406	520	679	667	653	787	787	787	785	960	878	1004	991	1066	1057	1243	1240	1240	1240	1240	1204	1198	1468	1468	1468	1468	1455	1295	1505	1500	281	279	471	462	445	407	609	609	609	609	593	710
560.0000033707553	1	0	5	0	1680	4289	3944	10437	9904	9492	12728	8369	6277	6158	6486	2251	2148	2796	3949	3821	2076	4467	4334	4252	28	4923	4487	4854	4244	4697	4455	4521	4641	4521	4647	4571	4211	4358	5389	5264	5118	5097	5031	4425	4959	4637	928	732	1362	1308	1057	737	1242	1370	1406	1301	1139	1409	599	599	594	660	639	650	757	745	888	415	410	522	689	690	689	802	788	787	787	966	932	1068	1053	1111	1085	1245	1244	1244	1244	1244	1209	1204	1471	1471	1468	1468	1455	1302	1505	1505	282	280	476	474	457	440	609	609	609	609	597	729
565.0000002626703	1	0	13	0	1673	4250	3963	10480	9937	9524	12758	8404	6328	6207	6543	2275	2162	2829	3997	3863	2124	4509	4394	4302	42	4981	4552	4923	4323	4767	4528	4604	4708	4611	4719	4650	4283	4419	5466	5340	5203	5196	5116	4507	5039	4712	944	748	1388	1341	1078	761	1283	1411	1443	1344	1176	1470	602	600	599	663	644	657	783	753	912	422	414	532	700	699	693	830	822	811	794	967	961	1101	1099	1178	1155	1250	1249	1248	1245	1245	1243	1243	1511	1498	1479	1471	1471	1333	1515	1505	284	281	486	480	462	443	632	617	613	610	599	731
570.0000076751862	1	0	14	0	1673	4240	4000	10513	9968	9571	12795	8445	6373	6254	6589	2314	2191	2865	4034	3917	2166	4558	4436	4351	38	5043	4607	5004	4386	4829	4605	4665	4777	4683	4801	4733	4370	4486	5565	5445	5294	5282	5204	4587	5151	4801	969	769	1423	1372	1103	785	1329	1449	1489	1381	1207	1511	610	603	600	667	646	662	792	776	915	430	419	532	708	706	705	834	832	830	827	995	963	1104	1100	1196	1193	1279	1260	1252	1249	1249	1246	1246	1529	1528	1525	1516	1496	1383	1547	1515	284	282	493	492	474	444	668	665	656	632	599	731
575.0000059345267	1	0	10	0	1671	4233	4042	10558	9996	9612	12827	8496	6419	6288	6654	2335	2226	2890	4071	3967	2214	4597	4480	4402	35	5115	4670	5060	4446	4908	4673	4744	4847	4754	4874	4800	4448	4550	5670	5538	5378	5358	5305	4670	5243	4899	981	784	1457	1401	1138	818	1369	1488	1532	1422	1251	1561	611	612	603	668	649	669	792	791	915	436	432	553	716	715	707	849	848	839	831	1010	966	1106	1100	1196	1196	1346	1314	1291	1282	1276	1249	1249	1540	1539	1534	1531	1523	1416	1593	1541	286	284	495	495	479	447	673	671	668	666	599	732
580.0000048325865	3	0	9	0	1669	4238	4094	10601	10033	9661	12872	8532	6467	6344	6708	2360	2248	2918	4095	4005	2259	4631	4525	4453	46	5177	4725	5130	4521	4981	4743	4809	4946	4816	4952	4868	4513	4613	5752	5635	5469	5448	5405	4760	5325	4996	1002	801	1488	1429	1176	847	1407	1527	1581	1467	1286	1595	615	613	609	671	653	677	792	792	915	436	434	553	731	729	709	850	850	850	846	1028	1002	1144	1123	1203	1196	1387	1372	1361	1353	1340	1263	1257	1549	1548	1548	1540	1540	1472	1643	1589	298	284	498	498	492	456	684	681	680	674	642	756
585.000010201898	0	0	6	0	1673	4278	4158	10646	10059	9699	12906	8565	6519	6384	6759	2384	2272	2947	4141	4050	2300	4674	4577	4499	47	5238	4788	5193	4596	5060	4813	4890	5011	4896	5010	4943	4575	4685	5831	5728	5557	5535	5484	4860	5414	5078	1015	820	1512	1465	1211	879	1453	1569	1624	1500	1311	1634	618	616	613	681	658	678	799	792	915	436	434	555	734	733	728	858	850	850	850	1035	1008	1155	1152	1247	1238	1391	1392	1392	1390	1385	1296	1285	1569	1559	1555	1551	1548	1519	1705	1641	304	285	501	500	495	469	686	686	686	684	650	784
590.0000005281465	3	0	15	0	1664	4286	4210	10678	10093	9739	12942	8602	6572	6424	6812	2404	2304	2978	4190	4096	2344	4715	4638	4539	43	5306	4837	5249	4663	5132	4889	4959	5069	4975	5088	5022	4665	4740	5929	5820	5645	5619	5573	4933	5507	5178	1030	852	1537	1486	1229	902	1488	1619	1669	1535	1352	1674	618	618	616	682	662	678	799	799	917	436	434	555	736	736	728	877	873	867	852	1038	1018	1166	1159	1249	1248	1395	1393	1392	1392	1392	1362	1355	1636	1610	1585	1573	1559	1544	1753	1699	317	297	514	503	498	478	697	696	692	686	659	785
595.0000054199191	1	0	6	0	1680	4321	4243	10709	10134	9772	12986	8641	6626	6463	6852	2433	2329	3013	4244	4141	2362	4756	4682	4590	53	5362	4883	5314	4712	5207	4950	5048	5143	5051	5175	5100	4739	4805	6030	5919	5728	5709	5651	5016	5594	5263	1045	869	1567	1513	1262	926	1520	1650	1703	1574	1394	1729	620	618	618	686	666	678	801	800	936	439	434	555	737	737	728	877	877	877	869	1051	1023	1173	1168	1263	1262	1438	1414	1401	1397	1394	1391	1391	1700	1686	1668	1638	1604	1544	1783	1748	328	297	518	514	500	483	715	713	713	699	662	793
600.0000024703911	1	0	18	0	1672	4322	4295	10737	10169	9802	13024	8681	6661	6505	6915	2459	2350	3039	4295	4174	2405	4818	4733	4628	55	5412	4946	5378	4795	5283	5023	5132	5202	5122	5265	5188	4819	4888	6107	5987	5823	5791	5755	5103	5691	5360	1062	888	1594	1551	1299	949	1561	1684	1746	1612	1427	1777	632	624	618	687	668	683	801	801	950	453	447	556	740	740	730	877	877	877	874	1062	1024	1177	1171	1272	1271	1454	1451	1449	1445	1438	1398	1397	1713	1708	1708	1700	1681	1546	1785	1783	338	297	519	519	503	495	733	733	731	718	689	821
