>time	Ribosome	coli Pol	coli Pol-P	coli Pol-2.0	coli Pol-P-2.0	gp1	gp1-3.5	gp0.3	gp0.4	gp0.5	gp0.6A	gp0.7	gp1.1	gp1.2	gp1.3	gp1.4	gp1.5	gp1.6	gp1.7	gp1.8	gp2.0	gp2.5	gp2.8	gp3.0	gp3.5	gp3.8	gp4A	gp4.2	gp4.3	gp4.5	gp4.7	gp5.0	gp5.3	gp5.5	gp5.7	gp5.9	gp6.0	gp6.3	gp6.5	gp6.7	gp7	gp7.3	gp7.7	gp8	gp9	gp10A	gp11	gp12	gp13	gp14	gp15	gp16	gp17	gp17.5	gp18	gp18.5	gp19	gp19.5	RNA: gp0.3	RNA: gp0.4	RNA: gp0.5	RNA: gp0.6A	RNA: gp0.7	RNA: gp1	RNA: gp1.1	RNA: gp1.2	RNA: gp1.3	RNA: gp1.4	RNA: gp1.5	RNA: gp1.6	RNA: gp1.7	RNA: gp1.8	RNA: gp2.0	RNA: gp2.5	RNA: gp2.8	RNA: gp3.0	RNA: gp3.5	RNA: gp3.8	RNA: gp4A	RNA: gp4.2	RNA: gp4.3	RNA: gp4.5	RNA: gp4.7	RNA: gp5.0	RNA: gp5.3	RNA: gp5.5	RNA: gp5.7	RNA: gp5.9	RNA: gp6.0	RNA: gp6.3	RNA: gp6.5	RNA: gp6.7	RNA: gp7	RNA: gp7.3	RNA: gp7.7	RNA: gp8	RNA: gp9	RNA: gp10A	RNA: gp11	RNA: gp12	RNA: gp13	RNA: gp14	RNA: gp15	RNA: gp16	RNA: gp17	RNA: gp17.5	RNA: gp18	RNA: gp18.5	RNA: gp19	RNA: gp19.5	NumColiPoly:	4	NumT7Poly	2	NumOfTimePoints:	121	NumOfProteins:	58	NumOfCoding	52
0.009197542943501363	10000	1800	0	0	0	0	0	0	0	0	0	0	0	0	0	0	0	0	0	0	0	0	0	0	0	0	0	0	0	0	0	0	0	0	0	0	0	0	0	0	0	0	0	0	0	0	0	0	0	0	0	0	0	0	0	0	0	0	0	0	0	0	0	0	0	0	0	0	0	0	0	0	0	0	0	0	0	0	0	0	0	0	0	0	0	0	0	0	0	0	0	0	0	0	0	0	0	0	0	0	0	0	0	0	0	0	0	0	0	0
5.004119886205594	10000	1800	0	0	0	0	0	0	0	0	0	0	0	0	0	0	0	0	0	0	0	0	0	0	0	0	0	0	0	0	0	0	0	0	0	0	0	0	0	0	0	0	0	0	0	0	0	0	0	0	0	0	0	0	0	0	0	0	0	0	0	0	0	0	0	0	0	0	0	0	0	0	0	0	0	0	0	0	0	0	0	0	0	0	0	0	0	0	0	0	0	0	0	0	0	0	0	0	0	0	0	0	0	0	0	0	0	0	0	0
10.00156395827707	10000	1793	0	0	0	0	0	0	0	0	0	0	0	0	0	0	0	0	0	0	0	0	0	0	0	0	0	0	0	0	0	0	0	0	0	0	0	0	0	0	0	0	0	0	0	0	0	0	0	0	0	0	0	0	0	0	0	0	0	0	0	0	0	0	0	0	0	0	0	0	0	0	0	0	0	0	0	0	0	0	0	0	0	0	0	0	0	0	0	0	0	0	0	0	0	0	0	0	0	0	0	0	0	0	0	0	0	0	0	0
15.008772396332196	10000	1786	0	0	0	0	0	0	0	0	0	0	0	0	0	0	0	0	0	0	0	0	0	0	0	0	0	0	0	0	0	0	0	0	0	0	0	0	0	0	0	0	0	0	0	0	0	0	0	0	0	0	0	0	0	0	0	0	0	0	0	0	0	0	0	0	0	0	0	0	0	0	0	0	0	0	0	0	0	0	0	0	0	0	0	0	0	0	0	0	0	0	0	0	0	0	0	0	0	0	0	0	0	0	0	0	0	0	0	0
20.00077091545467	9998	1780	0	0	0	0	0	0	0	0	0	0	0	0	0	0	0	0	0	0	0	0	0	0	0	0	0	0	0	0	0	0	0	0	0	0	0	0	0	0	0	0	0	0	0	0	0	0	0	0	0	0	0	0	0	0	0	0	0	0	0	0	0	0	0	0	0	0	0	0	0	0	0	0	0	0	0	0	0	0	0	0	0	0	0	0	0	0	0	0	0	0	0	0	0	0	0	0	0	0	0	0	0	0	0	0	0	0	0	0
25.000348114611302	9988	1776	0	0	0	0	0	0	0	0	0	0	0	0	0	0	0	0	0	0	0	0	0	0	0	0	0	0	0	0	0	0	0	0	0	0	0	0	0	0	0	0	0	0	0	0	0	0	0	0	0	0	0	0	0	0	0	0	0	0	0	0	0	0	0	0	0	0	0	0	0	0	0	0	0	0	0	0	0	0	0	0	0	0	0	0	0	0	0	0	0	0	0	0	0	0	0	0	0	0	0	0	0	0	0	0	0	0	0	0
30.003891167877807	9969	1768	0	0	0	0	0	2	2	0	0	0	0	0	0	0	0	0	0	0	0	0	0	0	0	0	0	0	0	0	0	0	0	0	0	0	0	0	0	0	0	0	0	0	0	0	0	0	0	0	0	0	0	0	0	0	0	0	6	2	0	0	0	0	0	0	0	0	0	0	0	0	0	0	0	0	0	0	0	0	0	0	0	0	0	0	0	0	0	0	0	0	0	0	0	0	0	0	0	0	0	0	0	0	0	0	0	0	0	0
35.00102916132498	9929	1757	0	0	0	0	0	9	7	1	0	0	0	0	0	0	0	0	0	0	0	0	0	0	0	0	0	0	0	0	0	0	0	0	0	0	0	0	0	0	0	0	0	0	0	0	0	0	0	0	0	0	0	0	0	0	0	0	15	5	1	0	0	0	0	0	0	0	0	0	0	0	0	0	0	0	0	0	0	0	0	0	0	0	0	0	0	0	0	0	0	0	0	0	0	0	0	0	0	0	0	0	0	0	0	0	0	0	0	0
40.00113406384801	9869	1754	0	0	0	0	0	22	16	4	1	0	0	0	0	0	0	0	0	0	0	0	0	0	0	0	0	0	0	0	0	0	0	0	0	0	0	0	0	0	0	0	0	0	0	0	0	0	0	0	0	0	0	0	0	0	0	0	20	10	5	2	0	0	0	0	0	0	0	0	0	0	0	0	0	0	0	0	0	0	0	0	0	0	0	0	0	0	0	0	0	0	0	0	0	0	0	0	0	0	0	0	0	0	0	0	0	0	0	0
45.00059924100016	9832	1747	0	0	0	0	0	60	32	18	9	0	0	0	0	0	0	0	0	0	0	0	0	0	0	0	0	0	0	0	0	0	0	0	0	0	0	0	0	0	0	0	0	0	0	0	0	0	0	0	0	0	0	0	0	0	0	0	29	18	12	6	0	0	0	0	0	0	0	0	0	0	0	0	0	0	0	0	0	0	0	0	0	0	0	0	0	0	0	0	0	0	0	0	0	0	0	0	0	0	0	0	0	0	0	0	0	0	0	0
50.00110493183862	9768	1740	0	0	0	0	0	86	60	39	26	0	0	0	0	0	0	0	0	0	0	0	0	0	0	0	0	0	0	0	0	0	0	0	0	0	0	0	0	0	0	0	0	0	0	0	0	0	0	0	0	0	0	0	0	0	0	0	34	24	19	11	0	0	0	0	0	0	0	0	0	0	0	0	0	0	0	0	0	0	0	0	0	0	0	0	0	0	0	0	0	0	0	0	0	0	0	0	0	0	0	0	0	0	0	0	0	0	0	0
55.00148051213486	9701	1730	0	0	0	0	0	125	97	66	49	0	0	0	0	0	0	0	0	0	0	0	0	0	0	0	0	0	0	0	0	0	0	0	0	0	0	0	0	0	0	0	0	0	0	0	0	0	0	0	0	0	0	0	0	0	0	0	40	29	27	22	0	0	0	0	0	0	0	0	0	0	0	0	0	0	0	0	0	0	0	0	0	0	0	0	0	0	0	0	0	0	0	0	0	0	0	0	0	0	0	0	0	0	0	0	0	0	0	0
60.0003973389827	9627	1722	0	0	0	0	0	168	143	113	87	0	0	0	0	0	0	0	0	0	0	0	0	0	0	0	0	0	0	0	0	0	0	0	0	0	0	0	0	0	0	0	0	0	0	0	0	0	0	0	0	0	0	0	0	0	0	0	44	39	32	32	0	0	0	0	0	0	0	0	0	0	0	0	0	0	0	0	0	0	0	0	0	0	0	0	0	0	0	0	0	0	0	0	0	0	0	0	0	0	0	0	0	0	0	0	0	0	0	0
65.00009945622271	9541	1716	0	0	0	0	0	216	184	161	130	0	0	0	0	0	0	0	0	0	0	0	0	0	0	0	0	0	0	0	0	0	0	0	0	0	0	0	0	0	0	0	0	0	0	0	0	0	0	0	0	0	0	0	0	0	0	0	53	42	37	40	6	0	0	0	0	0	0	0	0	0	0	0	0	0	0	0	0	0	0	0	0	0	0	0	0	0	0	0	0	0	0	0	0	0	0	0	0	0	0	0	0	0	0	0	0	0	0	0
70.00005330928991	9463	1702	5	0	0	0	0	285	230	204	184	0	0	0	0	0	0	0	0	0	0	0	0	0	0	0	0	0	0	0	0	0	0	0	0	0	0	0	0	0	0	0	0	0	0	0	0	0	0	0	0	0	0	0	0	0	0	0	58	46	41	46	21	0	0	0	0	0	0	0	0	0	0	0	0	0	0	0	0	0	0	0	0	0	0	0	0	0	0	0	0	0	0	0	0	0	0	0	0	0	0	0	0	0	0	0	0	0	0	0
75.00000112105594	9358	1687	10	0	0	0	0	346	295	265	239	0	0	0	0	0	0	0	0	0	0	0	0	0	0	0	0	0	0	0	0	0	0	0	0	0	0	0	0	0	0	0	0	0	0	0	0	0	0	0	0	0	0	0	0	0	0	0	62	53	50	50	32	0	0	0	0	0	0	0	0	0	0	0	0	0	0	0	0	0	0	0	0	0	0	0	0	0	0	0	0	0	0	0	0	0	0	0	0	0	0	0	0	0	0	0	0	0	0	0
80.0000532955515	9238	1667	25	0	0	0	0	412	369	328	322	0	0	0	0	0	0	0	0	0	0	0	0	0	0	0	0	0	0	0	0	0	0	0	0	0	0	0	0	0	0	0	0	0	0	0	0	0	0	0	0	0	0	0	0	0	0	0	72	59	55	60	35	0	0	0	0	0	0	0	0	0	0	0	0	0	0	0	0	0	0	0	0	0	0	0	0	0	0	0	0	0	0	0	0	0	0	0	0	0	0	0	0	0	0	0	0	0	0	0
85.00006605578334	9119	1625	51	0	0	0	0	493	445	390	419	0	0	0	0	0	0	0	0	0	0	0	0	0	0	0	0	0	0	0	0	0	0	0	0	0	0	0	0	0	0	0	0	0	0	0	0	0	0	0	0	0	0	0	0	0	0	0	78	66	61	65	49	0	0	0	0	0	0	0	0	0	0	0	0	0	0	0	0	0	0	0	0	0	0	0	0	0	0	0	0	0	0	0	0	0	0	0	0	0	0	0	0	0	0	0	0	0	0	0
90.0000789729866	8991	1591	80	0	0	0	0	587	528	473	529	0	0	0	0	0	0	0	0	0	0	0	0	0	0	0	0	0	0	0	0	0	0	0	0	0	0	0	0	0	0	0	0	0	0	0	0	0	0	0	0	0	0	0	0	0	0	0	80	77	68	78	63	0	0	0	0	0	0	0	0	0	0	0	0	0	0	0	0	0	0	0	0	0	0	0	0	0	0	0	0	0	0	0	0	0	0	0	0	0	0	0	0	0	0	0	0	0	0	0
95.00045251100623	8844	1543	117	0	0	0	0	674	611	568	675	0	0	0	0	0	0	0	0	0	0	0	0	0	0	0	0	0	0	0	0	0	0	0	0	0	0	0	0	0	0	0	0	0	0	0	0	0	0	0	0	0	0	0	0	0	0	0	84	79	78	90	72	0	0	0	0	0	0	0	0	0	0	0	0	0	0	0	0	0	0	0	0	0	0	0	0	0	0	0	0	0	0	0	0	0	0	0	0	0	0	0	0	0	0	0	0	0	0	0
100.00000293320544	8735	1469	178	0	0	0	0	760	707	653	838	1	0	0	0	0	0	0	0	0	0	0	0	0	0	0	0	0	0	0	0	0	0	0	0	0	0	0	0	0	0	0	0	0	0	0	0	0	0	0	0	0	0	0	0	0	0	0	89	83	82	97	79	0	0	0	0	0	0	0	0	0	0	0	0	0	0	0	0	0	0	0	0	0	0	0	0	0	0	0	0	0	0	0	0	0	0	0	0	0	0	0	0	0	0	0	0	0	0	0
105.00004427441726	8507	1407	231	0	0	0	0	851	802	737	999	0	0	0	0	0	0	0	0	0	0	0	0	0	0	0	0	0	0	0	0	0	0	0	0	0	0	0	0	0	0	0	0	0	0	0	0	0	0	0	0	0	0	0	0	0	0	0	100	88	86	101	87	0	0	0	0	0	0	0	0	0	0	0	0	0	0	0	0	0	0	0	0	0	0	0	0	0	0	0	0	0	0	0	0	0	0	0	0	0	0	0	0	0	0	0	0	0	0	0
110.0000701553265	8323	1337	294	0	0	0	0	958	906	833	1175	0	0	0	0	0	0	0	0	0	0	0	0	0	0	0	0	0	0	0	0	0	0	0	0	0	0	0	0	0	0	0	0	0	0	0	0	0	0	0	0	0	0	0	0	0	0	0	106	97	93	106	100	0	0	0	0	0	0	0	0	0	0	0	0	0	0	0	0	0	0	0	0	0	0	0	0	0	0	0	0	0	0	0	0	0	0	0	0	0	0	0	0	0	0	0	0	0	0	0
115.00017614692615	8099	1252	371	0	0	0	0	1075	1027	939	1398	0	0	0	0	0	0	0	0	0	0	0	0	0	0	0	0	0	0	0	0	0	0	0	0	0	0	0	0	0	0	0	0	0	0	0	0	0	0	0	0	0	0	0	0	0	0	0	115	109	99	116	105	0	0	0	0	0	0	0	0	0	0	0	0	0	0	0	0	0	0	0	0	0	0	0	0	0	0	0	0	0	0	0	0	0	0	0	0	0	0	0	0	0	0	0	0	0	0	0
120.00006472357681	7907	1173	443	0	0	0	0	1207	1169	1061	1605	0	0	0	0	0	0	0	0	0	0	0	0	0	0	0	0	0	0	0	0	0	0	0	0	0	0	0	0	0	0	0	0	0	0	0	0	0	0	0	0	0	0	0	0	0	0	0	119	115	108	121	108	0	0	0	0	0	0	0	0	0	0	0	0	0	0	0	0	0	0	0	0	0	0	0	0	0	0	0	0	0	0	0	0	0	0	0	0	0	0	0	0	0	0	0	0	0	0	0
125.0000506975956	7723	1060	548	0	0	0	0	1350	1304	1193	1862	1	0	0	0	0	0	0	0	0	0	0	0	0	0	0	0	0	0	0	0	0	0	0	0	0	0	0	0	0	0	0	0	0	0	0	0	0	0	0	0	0	0	0	0	0	0	0	128	123	116	131	114	18	0	0	0	0	0	0	0	0	0	0	0	0	0	0	0	0	0	0	0	0	0	0	0	0	0	0	0	0	0	0	0	0	0	0	0	0	0	0	0	0	0	0	0	0	0	0
130.0002543756017	7517	941	660	0	0	0	0	1491	1449	1329	2130	1	0	0	0	0	0	0	0	0	0	0	0	0	0	0	0	0	0	0	0	0	0	0	0	0	0	0	0	0	0	0	0	0	0	0	0	0	0	0	0	0	0	0	0	0	0	0	136	130	122	139	124	58	0	0	0	0	0	0	0	0	0	0	0	0	0	0	0	0	0	0	0	0	0	0	0	0	0	0	0	0	0	0	0	0	0	0	0	0	0	0	0	0	0	0	0	0	0	0
135.00007352387715	7287	811	780	0	0	2	0	1635	1612	1478	2414	0	3	0	0	0	0	0	0	0	0	0	0	0	0	0	0	0	0	0	0	0	0	0	0	0	0	0	0	0	0	0	0	0	0	0	0	0	0	0	0	0	0	0	0	0	0	0	146	135	132	150	129	74	2	0	0	0	0	0	0	0	0	0	0	0	0	0	0	0	0	0	0	0	0	0	0	0	0	0	0	0	0	0	0	0	0	0	0	0	0	0	0	0	0	0	0	0	0	0
140.00003708455475	7062	685	901	0	0	5	0	1799	1761	1648	2719	0	7	2	0	0	0	0	0	0	0	0	0	0	0	0	0	0	0	0	0	0	0	0	0	0	0	0	0	0	0	0	0	0	0	0	0	0	0	0	0	0	0	0	0	0	0	0	153	142	136	159	141	81	6	2	0	0	0	0	0	0	0	0	0	0	0	0	0	0	0	0	0	0	0	0	0	0	0	0	0	0	0	0	0	0	0	0	0	0	0	0	0	0	0	0	0	0	0	0
145.00000639718158	6823	558	1024	0	0	17	0	1960	1932	1787	3034	2	19	5	0	0	0	0	0	0	0	0	0	0	0	0	0	0	0	0	0	0	0	0	0	0	0	0	0	0	0	0	0	0	0	0	0	0	0	0	0	0	0	0	0	0	0	0	153	146	138	161	151	94	12	6	0	0	0	0	0	0	0	0	0	0	0	0	0	0	0	0	0	0	0	0	0	0	0	0	0	0	0	0	0	0	0	0	0	0	0	0	0	0	0	0	0	0	0	0
150.00000014317555	6581	420	1158	0	0	37	0	2135	2099	1933	3341	1	42	13	0	0	0	0	0	0	0	0	0	0	0	0	0	0	0	0	0	0	0	0	0	0	0	0	0	0	0	0	0	0	0	0	0	0	0	0	0	0	0	0	0	0	0	0	159	150	148	173	157	123	17	12	0	0	0	0	0	0	0	0	0	0	0	0	0	0	0	0	0	0	0	0	0	0	0	0	0	0	0	0	0	0	0	0	0	0	0	0	0	0	0	0	0	0	0	0
155.0000653062429	6267	275	1293	0	0	84	0	2307	2276	2113	3678	5	65	36	0	0	0	0	0	0	0	0	0	0	0	0	0	0	0	0	0	0	0	0	0	0	0	0	0	0	0	0	0	0	0	0	0	0	0	0	0	0	0	0	0	0	0	0	163	159	154	177	167	138	30	21	0	0	0	0	0	0	0	0	0	0	0	0	0	0	0	0	0	0	0	0	0	0	0	0	0	0	0	0	0	0	0	0	0	0	0	0	0	0	0	0	0	0	0	0
160.0000057046721	6060	107	1458	0	0	130	0	2492	2456	2313	4041	7	108	57	0	0	0	0	0	0	0	0	0	0	0	0	0	0	0	0	0	0	0	0	0	0	0	0	0	0	0	0	0	0	0	0	0	0	0	0	0	0	0	0	0	0	0	0	165	160	159	181	172	146	43	32	0	0	0	0	0	0	0	0	0	0	0	0	0	0	0	0	0	0	0	0	0	0	0	0	0	0	0	0	0	0	0	0	0	0	0	0	0	0	0	0	0	0	0	0
165.00002906947302	5818	0	1562	0	0	190	0	2699	2618	2489	4359	58	166	96	3	0	0	0	0	0	0	0	0	0	0	0	0	0	0	0	0	0	0	0	0	0	0	0	0	0	0	0	0	0	0	0	0	0	0	0	0	0	0	0	0	0	0	0	167	166	167	190	177	150	48	48	14	0	0	0	0	0	0	0	0	0	0	0	0	0	0	0	0	0	0	0	0	0	0	0	0	0	0	0	0	0	0	0	0	0	0	0	0	0	0	0	0	0	0	0
170.0000079873468	5478	0	1560	0	0	241	0	2890	2816	2663	4600	226	228	149	6	0	0	0	0	0	0	0	0	0	0	0	0	0	0	0	0	0	0	0	0	0	0	0	0	0	0	0	0	0	0	0	0	0	0	0	0	0	0	0	0	0	0	0	179	172	167	197	187	158	63	54	32	1	0	0	0	0	0	0	0	0	0	0	0	0	0	0	0	0	0	0	0	0	0	0	0	0	0	0	0	0	0	0	0	0	0	0	0	0	0	0	0	0	0	0
175.00001720722145	5133	0	1558	0	0	318	0	3103	3007	2857	4832	385	310	210	17	1	0	0	0	0	0	0	0	0	0	0	0	0	0	0	0	0	0	0	0	0	0	0	0	0	0	0	0	0	0	0	0	0	0	0	0	0	0	0	0	0	0	0	181	178	174	202	194	176	84	62	40	3	0	1	1	1	1	0	0	0	0	0	0	0	0	0	0	0	0	0	0	0	0	0	0	0	0	0	0	0	0	0	0	0	0	0	0	0	0	0	0	0	0	0
180.00003485753314	4829	0	1554	0	2	401	0	3311	3208	3071	5082	584	412	292	36	4	2	1	0	1	0	0	0	0	0	0	0	0	0	0	0	0	0	0	0	0	0	0	0	0	0	0	0	0	0	0	0	0	0	0	0	0	0	0	0	0	0	0	181	181	177	212	200	182	88	86	45	4	2	1	2	1	1	2	1	0	0	0	0	0	0	0	0	0	0	0	0	0	0	0	0	0	0	0	0	0	0	0	0	0	0	0	0	0	0	0	0	0	0	0
185.0000206997417	4459	0	1555	0	6	479	0	3517	3419	3283	5332	757	525	397	54	9	6	1	2	3	0	0	0	0	0	0	0	0	0	0	0	0	0	0	0	0	0	0	0	0	0	0	0	0	0	0	0	0	0	0	0	0	0	0	0	0	0	0	183	183	180	216	207	192	96	90	68	4	4	4	2	2	2	2	1	2	1	1	0	0	0	0	0	0	0	0	0	0	0	0	0	0	0	0	0	0	0	0	0	0	0	0	0	0	0	0	0	0	0	0
190.0000064015867	4012	0	1557	0	8	579	0	3723	3619	3481	5600	935	654	499	93	17	11	7	2	6	0	1	1	1	0	0	0	0	0	0	0	0	0	0	0	0	0	0	0	0	0	0	0	0	0	0	0	0	0	0	0	0	0	0	0	0	0	0	190	183	182	222	214	205	105	97	94	10	5	8	9	5	7	6	3	2	2	3	0	0	0	0	0	0	0	0	0	0	0	0	0	0	0	0	0	0	0	0	0	0	0	0	0	0	0	0	0	0	0	0
195.00000675019592	3426	0	1549	0	18	686	1	3936	3839	3700	5842	1138	802	612	150	28	18	13	8	17	0	4	2	2	0	2	0	0	0	0	0	0	0	0	0	0	0	0	0	0	0	0	0	0	0	0	0	0	0	0	0	0	0	0	0	0	0	0	205	190	182	224	218	207	126	106	99	11	8	11	16	10	10	13	9	10	4	4	1	1	2	2	0	0	0	0	0	0	0	0	0	0	0	0	0	0	0	0	0	0	0	0	0	0	0	0	0	0	0	0
200.0000235859536	2864	0	1534	0	32	795	3	4175	4063	3925	6122	1350	952	746	215	49	32	25	15	33	1	6	10	6	0	6	0	1	3	3	0	0	0	0	0	0	0	0	0	0	0	0	0	0	0	0	0	0	0	0	0	0	0	0	0	0	0	0	217	206	190	228	222	216	145	133	108	15	10	15	25	20	18	15	15	13	10	8	3	2	3	3	1	0	0	0	0	0	0	0	0	0	0	0	0	0	0	0	0	0	0	0	0	0	0	0	0	0	0	0
205.00000501327227	2259	0	1507	0	60	895	9	4424	4289	4141	6414	1578	1131	911	297	66	41	43	33	65	2	19	28	17	2	11	0	2	7	9	2	0	0	0	0	0	0	0	0	0	0	0	0	0	0	0	0	0	0	0	0	0	0	0	0	0	0	0	230	218	205	240	225	226	153	149	128	18	11	18	32	29	27	20	17	15	14	23	14	6	3	5	5	1	0	0	0	0	0	0	0	0	0	0	0	0	0	0	0	0	0	0	0	0	0	0	0	0	0	0
210.00000405633375	1402	0	1479	0	99	998	24	4682	4545	4372	6709	1800	1305	1080	406	91	67	66	62	96	1	34	43	35	1	29	0	5	14	13	5	0	0	0	0	0	0	0	0	0	0	0	0	0	0	0	0	0	0	0	0	0	0	0	0	0	0	0	242	228	221	257	228	236	164	157	148	25	22	28	41	35	33	37	30	23	19	36	26	12	10	14	10	10	3	3	0	0	0	0	0	0	0	0	0	0	0	0	0	0	0	0	0	0	0	0	0	0	0	0
215.0000151155032	617	0	1437	0	137	1112	42	4952	4812	4655	7037	2053	1507	1269	521	121	95	98	97	159	1	58	65	54	2	67	0	17	27	30	10	0	2	2	0	2	0	0	0	0	0	0	0	0	0	0	0	0	0	0	0	0	0	0	0	0	0	0	248	238	234	266	235	247	180	170	154	30	28	35	50	50	45	49	44	35	36	50	35	18	12	23	21	17	9	7	6	2	2	0	0	0	0	0	0	0	0	0	0	0	0	0	0	0	0	0	0	0	0	0
220.00000389440075	44	0	1381	0	188	1211	64	5219	5101	4921	7354	2324	1703	1456	649	155	132	131	139	216	2	89	117	90	2	113	0	39	36	64	32	0	16	11	11	10	0	2	1	0	0	0	0	0	0	0	0	0	0	0	0	0	0	0	0	0	0	0	249	245	241	280	243	252	190	183	160	35	35	51	64	60	51	64	52	49	43	67	60	33	20	29	24	24	12	10	11	8	5	5	7	6	4	0	0	0	0	0	0	0	0	0	0	0	0	0	0	0	0	0
225.00000310293404	20	0	1315	0	261	1318	96	5520	5328	5183	7660	2549	1898	1667	792	194	162	187	193	283	0	130	179	130	5	194	3	76	73	94	65	0	26	24	23	21	0	13	10	5	0	0	0	0	0	0	0	0	0	0	0	0	0	0	0	0	0	0	255	248	244	285	249	253	206	198	180	41	39	64	79	83	67	68	68	65	57	89	73	49	34	49	44	36	26	17	19	19	9	11	21	19	17	11	7	0	0	0	0	0	0	0	0	0	0	0	0	0	0	0
230.0000161302582	18	0	1274	0	311	1427	146	5780	5540	5404	7922	2787	2072	1842	945	237	199	243	254	360	4	197	235	195	3	274	5	117	101	138	101	0	38	40	41	34	1	23	28	22	6	7	2	0	0	0	0	0	0	0	0	0	0	0	0	0	0	0	263	253	248	293	264	256	208	204	194	42	41	66	95	97	75	76	74	73	71	108	89	74	70	87	59	57	36	34	34	33	17	20	32	26	24	21	19	9	0	0	0	0	0	0	0	0	0	0	0	0	0	0
235.0000035891649	13	0	1219	0	366	1558	192	6003	5731	5584	8143	3038	2209	1994	1149	265	230	293	335	425	7	270	300	245	9	364	13	185	145	191	145	0	62	64	59	56	2	35	41	43	22	20	11	0	0	0	0	0	0	0	0	0	0	0	0	0	0	0	272	266	253	298	276	256	210	210	209	47	42	66	100	97	83	99	95	89	73	117	98	88	79	100	95	79	57	50	51	45	31	34	47	40	31	32	25	18	3	0	0	0	0	0	0	0	0	0	0	0	0	0
240.0000019236628	11	0	1154	0	429	1701	233	6210	5903	5739	8348	3321	2331	2136	1327	303	253	341	410	494	1	337	355	304	8	448	31	247	200	265	199	0	89	94	81	83	10	56	68	71	42	42	25	0	0	0	0	0	0	0	0	0	0	0	0	0	0	0	278	273	269	307	285	257	210	210	219	55	49	72	102	98	87	109	110	101	100	143	108	103	96	119	115	96	79	72	69	64	47	40	60	57	49	48	38	27	14	3	0	0	0	0	0	0	0	0	0	0	0	0
245.0000112962019	8	0	1098	0	487	1870	283	6384	6054	5909	8549	3569	2469	2281	1523	330	288	382	479	543	6	399	423	360	10	517	63	311	252	321	270	1	134	127	114	110	21	75	110	99	66	61	44	0	0	0	0	0	0	0	0	0	0	0	0	0	0	0	285	276	273	323	291	263	215	212	225	62	55	83	116	103	90	111	111	109	108	159	126	129	120	133	123	123	115	108	99	89	69	65	78	74	62	57	57	35	25	11	2	0	0	0	0	0	0	0	0	0	0	0
250.0000150436576	8	0	1033	0	562	1987	350	6553	6203	6059	8718	3790	2569	2400	1680	361	321	422	547	607	8	465	484	423	6	606	98	390	304	389	338	10	181	182	153	157	37	109	142	131	100	91	65	0	0	0	0	0	0	0	0	0	0	0	0	0	0	0	301	292	279	327	299	275	220	214	234	69	64	96	126	124	118	114	114	111	110	165	148	154	150	168	144	138	127	123	125	124	93	79	106	98	93	82	70	51	32	26	7	0	0	0	0	0	0	0	0	0	0	0
255.00000016795536	4	0	1000	0	598	2189	401	6716	6344	6186	8879	3985	2675	2500	1828	394	350	457	611	664	9	529	543	478	11	696	154	458	372	474	401	20	238	239	214	215	61	155	186	164	137	122	87	0	2	0	1	0	0	0	0	0	0	0	0	0	0	0	306	299	291	333	305	278	229	220	242	73	66	99	139	139	126	147	152	126	115	174	166	187	188	197	167	152	145	145	146	144	99	82	112	113	113	108	96	61	65	36	8	4	2	0	0	0	0	0	0	0	0	0
260.000002390541	5	0	939	0	654	2379	458	6862	6473	6321	9012	4166	2767	2591	1977	421	379	500	674	727	8	581	604	537	9	768	224	545	441	555	463	42	310	301	273	274	91	204	231	204	185	160	131	1	9	1	3	0	0	0	0	0	0	0	0	0	0	0	308	305	301	349	310	282	237	226	245	79	67	99	145	144	133	155	154	153	142	187	174	193	189	223	217	177	165	156	154	149	118	113	125	116	113	113	112	68	76	67	11	7	7	5	0	0	0	0	0	0	0	0
265.000004030166	2	0	883	0	707	2573	520	6996	6607	6432	9165	4345	2864	2675	2095	454	405	543	729	786	10	646	661	588	6	844	298	618	516	639	536	76	376	349	328	322	126	243	275	251	229	214	168	19	28	5	4	0	1	0	0	0	0	0	0	0	0	0	311	308	305	357	318	304	241	236	247	86	69	99	146	146	145	168	165	157	155	216	179	197	189	228	223	203	191	189	185	180	130	122	151	153	148	129	115	80	79	76	14	8	11	10	0	0	0	0	0	0	0	0
270.00000414126254	5	0	820	0	764	2755	575	7126	6724	6543	9324	4504	2971	2759	2230	486	434	585	777	853	15	718	724	650	6	916	379	696	592	727	614	114	450	425	391	388	177	294	330	297	281	267	215	28	49	17	7	0	3	0	0	0	0	0	0	0	0	0	318	311	307	362	326	321	252	240	249	92	85	118	146	147	146	181	179	178	166	222	197	217	201	242	240	243	238	220	210	201	174	168	196	175	162	152	150	97	88	79	14	9	16	12	7	0	0	0	0	0	0	0
275.00001704925654	5	0	764	0	812	2961	618	7245	6843	6663	9462	4644	3075	2851	2342	525	469	614	844	916	13	780	793	701	6	984	450	767	652	816	696	166	528	502	462	456	222	344	378	357	331	321	267	50	81	38	10	0	7	1	0	0	0	0	0	0	0	0	324	318	310	367	338	332	276	249	253	101	101	143	175	173	150	189	185	184	181	250	211	236	229	258	244	247	246	248	248	247	202	177	223	219	208	199	173	106	112	87	14	14	24	22	10	0	0	0	0	0	0	0
280.0000226869087	6	0	708	0	861	3140	681	7360	6946	6755	9603	4772	3156	2952	2454	559	508	647	903	968	13	840	846	753	10	1064	527	857	732	887	779	227	609	579	539	539	279	394	451	426	388	372	327	73	107	65	17	0	13	6	0	0	0	0	0	0	0	0	332	325	316	371	345	339	297	267	259	105	103	143	194	193	169	190	190	190	189	260	221	246	242	288	275	270	255	254	252	248	211	178	224	224	224	223	219	136	119	112	18	14	39	27	13	0	0	0	0	0	0	0
285.0000021075855	5	0	655	0	916	3286	736	7475	7049	6867	9712	4887	3244	3039	2557	584	539	693	958	1030	17	911	912	795	10	1151	620	933	809	979	863	304	686	662	622	614	342	447	530	490	453	440	385	108	136	83	20	0	20	13	0	0	0	0	0	0	0	0	346	333	324	379	352	343	320	289	271	106	104	145	200	197	182	208	207	195	190	268	233	264	261	302	293	277	273	273	273	269	213	178	225	225	225	224	223	197	148	119	22	14	51	44	21	4	0	0	0	0	0	0
290.00001997505	2	0	600	0	967	3391	787	7591	7150	6975	9815	5006	3344	3138	2646	614	568	727	1017	1083	22	970	970	860	14	1230	704	1024	871	1079	954	377	752	723	695	683	403	499	593	558	526	495	449	142	167	117	22	0	28	19	0	0	0	0	0	0	0	0	358	347	337	386	363	349	335	308	280	106	106	151	203	201	185	225	226	213	209	278	243	278	275	324	318	309	297	286	282	276	214	178	225	225	225	225	224	218	231	140	23	16	56	52	31	10	1	0	0	0	0	0
295.00000125214984	4	0	544	0	1022	3508	850	7700	7263	7069	9938	5123	3432	3229	2747	642	598	758	1083	1126	16	1045	1038	905	13	1314	772	1114	939	1155	1024	450	842	804	758	756	462	562	642	626	605	555	527	185	211	144	27	0	42	31	0	0	0	0	0	0	0	0	362	355	345	399	366	357	343	331	284	107	106	157	215	209	187	228	229	229	228	297	262	310	306	343	328	333	324	323	319	311	224	199	245	234	225	225	225	224	259	217	34	22	67	61	50	15	4	4	4	1	0	0
300.0000086078385	5	0	509	0	1053	3631	899	7809	7357	7161	10047	5236	3511	3332	2843	671	630	795	1150	1175	28	1098	1085	964	10	1389	847	1204	1015	1247	1112	522	930	892	837	830	552	636	705	700	660	610	589	229	245	174	37	2	60	43	0	0	0	0	0	0	0	0	367	359	349	412	369	369	352	343	294	113	107	159	218	212	190	234	232	230	228	315	267	310	307	356	340	357	347	336	332	330	291	273	293	272	249	247	234	225	268	260	50	24	70	71	54	19	8	4	4	4	0	0
305.0000137601857	2	0	470	0	1098	3675	959	7897	7445	7250	10182	5338	3585	3418	2943	701	659	841	1197	1225	31	1174	1158	1027	9	1466	923	1269	1078	1331	1179	607	1013	985	937	898	621	693	778	749	726	675	635	285	294	207	47	5	73	53	0	0	0	2	1	0	0	0	372	362	351	414	375	376	370	349	318	114	112	169	222	212	199	237	237	237	232	320	276	313	307	359	358	374	370	367	364	364	333	332	385	366	319	296	270	225	269	267	60	26	72	73	62	30	18	16	15	11	4	1
310.00000003253626	4	0	428	0	1148	3737	998	7992	7537	7326	10291	5421	3674	3487	3045	721	680	886	1249	1260	32	1229	1216	1076	14	1540	997	1350	1153	1426	1269	692	1104	1074	1022	981	699	763	857	819	788	740	691	339	360	244	56	10	91	64	1	0	0	6	3	1	0	0	379	373	355	418	379	387	396	363	349	115	113	169	231	222	209	250	250	242	237	328	292	327	313	359	359	390	383	383	380	376	357	349	407	401	396	390	351	239	281	270	63	34	81	77	72	43	31	24	20	16	4	6
315.0000000352636	3	0	393	0	1199	3814	1053	8082	7616	7399	10387	5511	3768	3568	3133	743	711	926	1301	1323	41	1292	1279	1132	15	1612	1067	1424	1226	1511	1352	780	1188	1141	1105	1057	759	834	942	887	852	806	749	393	440	284	66	13	104	79	4	0	0	8	7	1	0	1	392	383	372	425	388	393	410	388	369	116	113	170	240	239	236	267	261	251	250	336	304	344	328	366	360	406	404	400	395	389	378	373	440	428	419	412	400	273	299	280	63	49	87	85	72	50	44	39	36	31	10	9
320.00000051487837	4	0	382	0	1223	3876	1105	8167	7699	7462	10494	5615	3862	3655	3217	766	739	955	1357	1367	55	1353	1338	1177	13	1676	1159	1497	1290	1597	1428	871	1268	1225	1179	1130	833	916	1034	968	954	881	826	453	495	351	85	15	121	98	7	0	0	14	12	4	0	3	397	393	384	445	394	398	429	407	379	118	113	171	242	243	241	295	290	273	262	353	309	348	329	367	360	407	407	406	406	405	379	374	448	447	443	440	427	348	332	294	65	57	119	103	77	55	57	58	51	39	19	26
325.00000281622795	3	0	336	0	1278	3963	1159	8250	7786	7554	10578	5712	3942	3747	3291	792	760	995	1412	1422	60	1413	1378	1223	20	1744	1227	1571	1353	1666	1505	964	1359	1292	1250	1215	910	994	1122	1067	1027	966	897	520	556	401	95	20	139	117	11	0	0	17	17	10	0	5	400	397	394	453	404	406	438	415	396	130	119	176	246	247	245	301	298	296	290	377	315	357	341	379	360	408	408	407	407	407	381	375	451	451	450	447	445	397	398	324	69	61	127	122	85	67	60	58	59	58	37	51
330.00002118162774	0	0	304	0	1309	4032	1222	8337	7880	7619	10660	5809	4014	3824	3379	812	780	1021	1462	1465	61	1469	1432	1275	10	1816	1307	1637	1423	1739	1561	1062	1454	1378	1332	1292	992	1061	1193	1157	1131	1064	974	585	628	455	112	24	157	135	17	0	1	27	26	19	0	17	400	400	397	462	417	415	453	436	406	141	136	200	268	263	248	309	307	304	300	396	317	363	346	385	372	411	410	410	409	409	382	376	455	455	453	450	451	440	460	391	74	64	130	129	99	70	73	65	64	62	46	62
335.00000438959376	3	0	257	0	1354	4140	1273	8392	7952	7684	10742	5889	4090	3897	3469	823	799	1055	1517	1521	69	1522	1488	1329	14	1890	1389	1713	1500	1817	1633	1152	1528	1466	1403	1373	1054	1136	1275	1244	1215	1148	1063	639	683	517	121	28	186	153	24	0	3	38	37	27	0	31	402	400	400	463	420	420	461	448	424	151	144	200	279	278	264	311	309	308	308	405	343	391	378	434	403	418	413	413	413	411	384	378	456	455	455	454	455	448	519	452	88	68	132	132	122	75	85	83	83	74	57	84
340.00000362987646	6	0	237	0	1380	4218	1326	8477	8026	7756	10841	5971	4174	3976	3555	850	817	1096	1554	1573	83	1574	1549	1386	19	1963	1471	1775	1559	1890	1702	1254	1603	1535	1467	1449	1138	1198	1360	1327	1292	1225	1131	695	746	569	134	34	201	180	32	0	7	53	45	41	0	41	406	402	400	466	425	424	461	460	444	158	158	226	299	292	280	338	326	312	311	417	364	414	398	438	427	426	426	425	420	417	385	378	457	456	456	456	455	449	529	519	99	76	138	132	128	81	102	94	90	85	65	95
345.0000031333548	3	0	202	0	1413	4243	1386	8548	8085	7808	10935	6035	4236	4057	3626	879	856	1128	1600	1624	100	1628	1606	1428	17	2036	1529	1847	1616	1960	1774	1337	1676	1596	1545	1518	1223	1266	1419	1405	1379	1291	1210	769	824	636	150	42	233	210	43	0	16	66	60	50	1	50	411	407	404	467	440	426	464	460	468	173	161	228	314	307	283	353	353	341	320	432	371	420	405	451	434	462	444	435	430	427	411	403	472	463	457	457	456	455	537	528	106	87	150	149	132	88	105	102	102	103	81	114
350.0000010070651	3	0	152	0	1457	4288	1439	8610	8161	7864	11016	6125	4311	4127	3703	911	875	1158	1654	1663	102	1672	1656	1482	19	2088	1591	1910	1695	2037	1845	1432	1743	1665	1616	1587	1295	1345	1485	1494	1444	1373	1287	837	900	699	164	49	252	234	56	0	29	78	77	58	3	70	419	414	410	472	450	431	465	462	475	190	180	254	322	310	286	358	358	358	354	457	371	421	417	473	474	487	482	471	465	459	432	422	509	508	488	479	463	456	547	537	107	98	180	161	133	95	124	117	114	106	89	135
355.00000444022004	0	0	149	0	1461	4338	1489	8677	8224	7929	11079	6217	4377	4208	3790	937	907	1200	1706	1715	132	1722	1716	1532	14	2164	1652	1990	1739	2123	1916	1509	1810	1732	1689	1651	1361	1405	1564	1562	1523	1448	1366	925	1003	773	181	55	273	251	69	0	40	94	95	68	7	94	422	418	416	480	459	439	470	462	489	206	191	256	339	330	315	368	359	359	358	478	376	427	417	476	476	495	494	490	487	488	464	455	534	523	513	509	503	457	555	547	109	104	195	188	149	111	136	134	133	125	100	147
360.0000003484483	1	0	144	0	1473	4379	1538	8739	8285	7988	11139	6298	4446	4283	3880	963	931	1231	1764	1762	162	1772	1766	1591	16	2222	1721	2082	1805	2196	1986	1607	1880	1801	1762	1720	1435	1475	1638	1631	1602	1523	1447	994	1086	851	195	70	294	270	90	2	54	109	112	85	13	119	432	426	420	486	465	444	481	467	501	207	197	271	354	344	323	397	395	376	360	481	454	513	495	517	480	531	521	509	501	499	476	463	550	550	545	536	522	470	562	555	109	105	204	201	163	116	145	143	141	139	114	165
365.00001189485965	5	0	111	0	1509	4400	1595	8807	8348	8048	11204	6389	4511	4357	3970	988	962	1264	1812	1805	179	1822	1817	1650	12	2279	1800	2163	1865	2270	2052	1684	1965	1873	1839	1791	1500	1532	1720	1697	1689	1608	1515	1072	1168	942	207	81	322	289	110	4	68	120	134	104	21	149	439	435	427	490	468	446	485	477	512	211	197	272	360	360	346	400	401	397	391	497	476	544	543	602	569	543	545	541	541	534	497	488	592	582	563	552	549	507	582	562	110	108	216	209	186	124	169	168	161	146	125	179
370.00001124959743	1	0	96	0	1520	4413	1642	8865	8411	8104	11275	6470	4579	4418	4044	1019	995	1305	1864	1862	215	1869	1864	1715	19	2341	1868	2229	1922	2341	2131	1764	2037	1948	1908	1879	1561	1594	1804	1786	1767	1682	1601	1155	1263	1027	219	92	354	319	125	9	86	142	146	121	27	167	443	439	435	497	469	456	494	488	518	211	197	272	361	361	358	432	422	407	399	523	479	549	544	610	610	557	546	546	546	546	538	538	630	616	594	593	582	537	629	582	113	109	223	219	200	143	170	169	169	169	137	196
375.0000095500234	2	0	81	0	1531	4465	1699	8932	8469	8157	11329	6537	4639	4488	4113	1052	1023	1333	1914	1903	253	1923	1916	1762	13	2399	1924	2311	2012	2422	2202	1851	2108	2008	1982	1938	1639	1671	1896	1871	1847	1746	1677	1234	1345	1117	229	107	381	344	145	14	103	165	163	146	39	190	449	444	439	507	470	464	511	491	524	228	220	293	369	365	362	445	443	441	425	541	504	576	564	620	612	637	600	570	559	555	545	545	659	657	643	633	614	549	659	629	116	110	224	224	209	156	192	183	176	170	148	203
380.00000400179556	4	0	70	0	1536	4504	1754	8988	8519	8216	11389	6613	4702	4559	4185	1086	1055	1383	1954	1941	295	1981	1969	1818	16	2472	1991	2388	2081	2500	2280	1918	2190	2081	2044	2012	1704	1742	1976	1959	1912	1822	1742	1298	1435	1195	254	119	409	375	168	23	121	188	177	166	55	210	449	449	443	509	476	477	532	509	528	230	223	301	393	392	388	448	447	446	443	571	514	593	588	659	642	687	683	664	653	638	554	548	664	661	656	658	655	568	672	657	123	113	226	226	219	165	208	201	199	190	167	235
385.0000075951045	0	0	60	0	1550	4556	1812	9052	8575	8269	11440	6702	4765	4632	4261	1108	1079	1413	2004	1992	334	2043	2013	1868	16	2532	2068	2466	2143	2583	2362	1999	2263	2139	2120	2075	1769	1816	2054	2033	2005	1900	1816	1357	1510	1264	268	127	431	402	186	30	137	205	198	180	63	246	451	450	447	515	485	483	552	525	536	244	241	323	407	401	394	478	469	457	446	578	525	605	590	661	660	689	689	690	687	676	597	580	683	668	663	663	661	631	702	672	131	116	230	226	222	175	212	212	212	210	174	259
390.00000424296184	0	0	71	0	1537	4558	1857	9104	8640	8320	11499	6772	4836	4693	4328	1134	1105	1446	2046	2043	381	2092	2061	1913	17	2588	2135	2536	2201	2675	2447	2077	2341	2213	2189	2149	1849	1873	2125	2101	2085	1980	1887	1427	1588	1336	286	144	456	434	200	42	153	226	217	198	80	277	452	451	450	520	489	488	568	547	544	246	244	326	416	406	395	481	481	482	460	583	546	632	626	687	662	720	705	695	689	677	620	614	738	716	696	684	668	655	760	699	131	124	242	232	225	194	223	226	218	212	179	261
395.00000892164127	0	0	58	0	1550	4594	1906	9158	8689	8362	11558	6831	4903	4756	4399	1157	1129	1478	2092	2088	411	2151	2111	1963	17	2659	2207	2602	2276	2738	2532	2151	2429	2305	2263	2224	1921	1935	2213	2177	2150	2057	1963	1501	1688	1418	305	153	486	463	227	56	166	258	242	224	99	301	463	452	451	522	496	489	587	560	551	246	244	328	419	409	397	486	482	482	479	598	546	634	630	707	699	738	737	733	725	710	636	628	742	742	741	740	710	660	791	755	140	129	262	252	226	200	254	244	235	227	188	261
400.0000050849808	0	0	41	0	1567	4598	1955	9206	8740	8399	11610	6898	4961	4823	4459	1182	1161	1503	2136	2129	443	2201	2167	2011	26	2738	2278	2675	2330	2808	2601	2248	2504	2388	2334	2294	1988	2016	2297	2265	2229	2132	2040	1581	1768	1512	321	163	520	500	243	70	192	289	270	247	115	330	473	467	452	524	501	492	597	576	557	252	245	328	425	424	425	492	486	486	484	617	546	634	632	712	705	744	741	740	739	739	706	701	812	786	766	749	739	664	799	791	151	130	270	263	235	223	265	266	266	257	188	270
405.0000000014101	1	0	47	0	1563	4597	2006	9259	8798	8449	11674	6961	5028	4884	4527	1206	1179	1540	2177	2186	487	2246	2226	2061	26	2805	2343	2743	2400	2874	2672	2331	2588	2466	2417	2365	2068	2082	2380	2331	2306	2196	2124	1652	1846	1587	335	177	546	531	270	87	213	328	301	278	135	347	475	473	466	527	510	498	604	595	576	253	245	333	432	430	427	517	517	502	487	621	551	636	632	716	714	784	774	761	752	746	737	738	875	874	840	814	783	705	809	800	160	138	277	274	254	224	284	278	275	266	193	280
410.00000314004063	2	0	41	0	1573	4595	2068	9302	8843	8496	11727	7026	5082	4956	4597	1230	1202	1565	2217	2226	526	2300	2270	2123	19	2874	2410	2818	2467	2942	2760	2408	2658	2539	2500	2449	2163	2138	2468	2411	2384	2285	2199	1726	1923	1661	357	196	572	557	292	96	234	352	331	303	160	372	480	475	474	543	512	503	611	603	597	270	261	337	433	433	430	529	524	522	514	628	563	651	636	717	716	793	794	790	788	785	754	751	885	883	877	877	862	711	848	809	162	147	287	282	266	226	310	309	305	288	200	288
415.0000091965781	4	0	44	0	1573	4595	2114	9339	8896	8548	11785	7085	5145	5016	4660	1259	1222	1603	2268	2276	574	2345	2314	2179	24	2938	2470	2892	2527	3017	2819	2494	2725	2618	2580	2514	2233	2211	2557	2503	2470	2373	2267	1793	2024	1732	376	217	604	581	313	114	255	380	358	326	176	401	495	484	475	547	515	506	614	611	614	276	272	359	460	453	438	530	529	530	528	658	565	655	651	743	727	808	805	801	799	795	786	779	912	910	902	890	882	765	864	843	165	157	303	294	275	230	321	319	316	313	210	291
420.0000072939779	1	0	36	0	1591	4635	2169	9385	8948	8601	11845	7135	5189	5064	4721	1290	1243	1648	2312	2335	593	2396	2373	2226	25	2998	2537	2956	2584	3096	2883	2584	2799	2679	2661	2589	2304	2296	2626	2594	2563	2445	2359	1860	2113	1828	386	231	630	612	345	132	289	411	398	352	205	429	508	496	485	552	524	511	615	614	631	280	274	369	475	464	442	538	533	530	529	674	570	658	652	744	743	815	812	809	809	808	791	783	934	934	931	918	910	848	917	861	172	159	310	307	280	234	324	325	325	323	282	362
425.00000064233984	2	0	35	0	1593	4721	2216	9432	8991	8642	11896	7187	5232	5112	4788	1318	1268	1678	2361	2379	627	2451	2425	2276	22	3066	2599	3029	2651	3157	2956	2658	2881	2753	2729	2656	2387	2376	2705	2669	2650	2545	2444	1933	2207	1915	399	244	663	637	374	154	312	440	426	378	225	465	514	507	499	565	525	511	622	615	647	282	277	376	481	475	453	539	540	540	533	677	603	695	677	749	744	828	817	815	815	815	800	792	935	935	935	935	934	895	993	910	177	161	310	309	296	234	325	325	325	325	314	424
430.0000032660695	0	0	33	0	1604	4792	2272	9478	9032	8688	11943	7241	5285	5184	4866	1344	1291	1709	2413	2419	663	2498	2476	2324	15	3141	2663	3098	2720	3221	3022	2732	2956	2835	2797	2739	2458	2445	2791	2747	2743	2652	2529	1997	2285	1985	411	259	696	666	403	176	344	472	454	400	245	499	517	515	509	572	528	514	627	619	670	283	277	376	490	488	468	560	545	540	540	692	622	717	703	785	756	843	842	841	832	828	802	794	946	945	944	936	935	923	1053	988	191	161	313	311	308	260	325	325	325	325	325	433
435.00001950280296	0	0	39	0	1602	4829	2313	9525	9070	8730	11998	7290	5334	5227	4941	1364	1311	1739	2456	2455	706	2550	2533	2383	25	3193	2737	3159	2780	3289	3096	2821	3044	2919	2866	2806	2527	2514	2876	2833	2831	2737	2607	2065	2355	2079	431	275	722	693	427	190	380	497	482	423	268	535	523	518	515	584	533	514	628	620	684	284	277	376	492	488	468	569	569	569	551	696	668	767	749	830	808	849	845	845	844	843	833	829	968	954	951	949	945	935	1086	1052	206	177	328	315	310	273	353	336	325	325	325	450
440.00001067574175	1	0	37	0	1604	4873	2348	9572	9114	8768	12052	7333	5376	5289	5009	1391	1333	1773	2509	2489	749	2596	2576	2436	25	3269	2803	3229	2840	3357	3172	2910	3114	3011	2941	2872	2607	2586	2960	2928	2925	2826	2706	2153	2443	2145	450	290	756	721	445	211	419	523	504	446	287	578	525	525	518	591	544	518	638	631	691	288	279	376	494	491	469	569	569	569	569	726	694	802	792	881	851	871	854	851	849	849	844	836	998	998	991	972	954	941	1118	1090	218	185	347	344	310	286	370	364	359	354	325	454
445.0000006347025	0	0	21	0	1619	4869	2401	9619	9164	8804	12100	7396	5435	5340	5070	1419	1353	1815	2544	2530	778	2637	2618	2494	12	3335	2857	3292	2899	3434	3235	2998	3178	3087	2999	2955	2686	2659	3035	3008	2999	2920	2788	2230	2530	2227	469	304	781	748	475	228	446	557	529	473	313	610	531	527	524	596	550	525	643	638	702	298	288	381	495	495	486	582	569	569	569	733	701	811	807	896	882	918	904	888	879	871	847	838	1002	998	997	998	998	948	1129	1120	229	192	357	347	315	291	389	388	376	371	326	454
450.0000074709783	0	0	27	0	1614	4881	2426	9662	9204	8857	12155	7448	5487	5406	5127	1446	1371	1850	2591	2576	819	2684	2662	2550	33	3399	2922	3358	2969	3503	3305	3066	3256	3159	3061	3039	2763	2738	3117	3088	3087	3008	2881	2333	2632	2319	480	317	805	780	493	248	483	590	551	503	333	646	536	532	527	600	556	540	657	642	706	310	300	406	519	510	489	593	589	585	576	734	705	814	810	914	896	957	945	931	924	917	857	845	1013	1013	1008	1003	998	953	1141	1132	236	202	366	362	343	308	390	390	390	390	360	479
455.0000079834411	0	0	35	0	1607	4894	2487	9707	9255	8893	12209	7506	5537	5464	5198	1466	1393	1888	2632	2607	867	2731	2720	2592	30	3468	2984	3424	3041	3589	3383	3138	3334	3240	3127	3111	2853	2800	3204	3160	3160	3067	2964	2410	2724	2409	507	329	836	807	520	267	512	621	581	530	361	679	536	535	534	602	567	549	678	651	712	311	300	406	524	512	489	596	595	595	593	754	732	853	838	920	910	994	982	970	964	959	869	850	1013	1013	1013	1013	1013	977	1148	1141	241	205	374	366	347	310	390	390	390	390	368	492
460.0000008823744	0	0	17	0	1620	4861	2550	9761	9300	8935	12261	7556	5582	5510	5265	1502	1403	1921	2671	2639	894	2782	2778	2642	24	3539	3053	3492	3102	3665	3440	3213	3422	3311	3212	3198	2926	2871	3293	3229	3254	3136	3019	2495	2820	2491	527	344	869	837	555	292	547	662	609	557	395	721	540	538	536	611	575	558	694	670	717	320	310	416	524	515	494	596	596	596	595	764	735	855	852	955	944	1009	1002	1001	1001	998	943	937	1073	1048	1020	1013	1013	984	1176	1148	242	209	380	378	363	310	412	411	405	390	386	506
465.00000659873564	3	0	25	0	1610	4899	2604	9796	9353	8983	12309	7600	5638	5562	5326	1527	1422	1955	2706	2680	932	2820	2825	2697	23	3603	3116	3546	3177	3746	3502	3285	3501	3386	3300	3286	2996	2938	3378	3316	3333	3225	3097	2570	2916	2585	549	355	901	864	581	313	581	693	639	582	421	771	541	539	538	611	581	572	704	690	724	320	310	419	537	527	505	611	598	596	596	766	757	877	870	964	957	1028	1024	1022	1015	1011	996	993	1158	1144	1106	1078	1043	1002	1184	1175	243	209	385	383	367	320	417	417	415	413	388	521
470.00000265929975	1	0	18	0	1618	4873	2638	9847	9400	9021	12348	7658	5704	5609	5382	1552	1443	1988	2738	2711	962	2858	2865	2743	25	3660	3178	3605	3239	3840	3580	3374	3585	3456	3372	3364	3065	3013	3459	3392	3417	3312	3168	2663	3004	2672	573	373	929	895	612	339	610	732	676	612	454	807	548	541	540	615	584	579	715	700	742	352	348	437	537	527	514	613	614	612	604	769	759	881	878	976	959	1057	1047	1034	1030	1029	1018	1013	1185	1174	1165	1159	1132	1014	1210	1181	247	236	406	387	378	338	417	417	417	417	388	521
475.0000082379031	0	0	24	0	1612	4860	2688	9891	9437	9062	12409	7705	5761	5656	5435	1586	1474	2011	2780	2747	1022	2903	2906	2796	30	3713	3234	3664	3295	3915	3656	3446	3668	3541	3442	3437	3136	3088	3550	3495	3504	3384	3260	2753	3094	2777	600	383	961	929	652	370	641	757	699	637	482	854	557	552	542	616	591	582	732	711	745	358	353	464	583	569	546	626	618	613	613	789	765	888	886	991	978	1077	1079	1077	1071	1063	1027	1019	1202	1199	1198	1193	1174	1063	1231	1211	250	237	427	427	383	338	437	434	427	418	388	523
480.0000111714342	1	0	28	0	1609	4864	2732	9930	9478	9100	12454	7747	5809	5702	5496	1615	1494	2047	2831	2777	1062	2953	2966	2842	28	3777	3292	3716	3370	3985	3736	3508	3747	3608	3524	3510	3216	3167	3643	3578	3593	3477	3337	2834	3188	2861	619	397	987	959	677	383	675	796	741	673	508	897	559	558	554	620	598	589	738	722	750	358	353	465	588	578	565	668	653	635	624	793	774	896	892	1001	991	1085	1084	1084	1083	1080	1046	1039	1233	1224	1204	1203	1199	1121	1276	1233	253	237	430	430	387	340	458	459	458	439	388	532
485.00000208982425	0	0	27	0	1615	4862	2775	9976	9526	9129	12507	7797	5867	5760	5550	1648	1524	2085	2884	2817	1094	2995	3005	2893	35	3840	3351	3776	3433	4045	3813	3573	3828	3701	3594	3574	3306	3230	3731	3675	3691	3564	3418	2906	3289	2952	632	408	1022	989	703	409	712	836	770	709	541	925	565	560	558	630	604	593	739	727	766	362	358	472	594	579	565	678	677	677	660	821	776	898	892	1005	1004	1107	1097	1094	1089	1086	1049	1042	1236	1233	1233	1232	1221	1186	1337	1275	259	239	433	433	420	352	467	465	464	458	395	532
490.0000001293222	0	0	20	0	1630	4899	2831	10015	9564	9170	12544	7847	5914	5816	5607	1674	1548	2124	2945	2859	1114	3043	3052	2937	26	3898	3409	3831	3500	4123	3893	3653	3903	3773	3667	3652	3399	3298	3808	3774	3783	3640	3482	2988	3365	3029	647	431	1056	1018	728	436	744	871	796	732	573	964	570	567	559	633	611	597	746	735	787	364	358	472	603	603	595	688	679	678	678	856	795	926	925	1021	1005	1118	1118	1118	1113	1108	1056	1046	1241	1241	1240	1238	1234	1204	1417	1336	269	241	442	438	430	370	470	467	467	467	444	578
495.0000001586167	0	0	14	0	1645	4986	2881	10050	9594	9216	12585	7889	5965	5881	5674	1701	1569	2157	2988	2892	1144	3084	3096	2979	31	3954	3469	3906	3555	4206	3971	3737	3992	3852	3728	3714	3480	3361	3890	3863	3867	3727	3567	3071	3455	3107	667	445	1079	1045	758	456	780	910	834	773	598	1002	573	572	567	637	612	607	750	743	802	371	366	481	605	603	598	715	710	695	682	863	806	930	926	1039	1019	1136	1134	1120	1118	1118	1068	1055	1257	1258	1251	1245	1241	1220	1434	1408	279	246	453	445	433	370	495	485	482	471	464	620
500.0000039475403	0	0	18	0	1639	5008	2934	10090	9628	9253	12621	7947	6014	5940	5734	1730	1596	2194	3030	2943	1183	3148	3142	3016	25	4014	3531	3966	3627	4278	4039	3818	4054	3925	3797	3784	3573	3434	3956	3942	3952	3817	3646	3141	3545	3198	695	463	1103	1074	792	476	811	952	870	800	622	1042	582	572	572	645	616	614	763	752	811	380	367	482	613	613	610	717	716	716	713	888	818	950	943	1048	1039	1139	1138	1136	1137	1137	1078	1071	1278	1266	1258	1258	1258	1225	1448	1432	290	258	465	455	439	380	502	503	503	494	467	637
505.00000787067205	0	0	14	0	1649	5003	2963	10122	9670	9282	12663	7987	6064	5985	5788	1762	1616	2228	3072	2975	1216	3200	3197	3065	28	4072	3593	4030	3698	4336	4113	3900	4129	3999	3875	3873	3654	3499	4032	4028	4052	3899	3735	3210	3652	3287	718	480	1133	1101	829	499	842	994	906	838	646	1090	591	586	572	649	616	619	768	762	823	385	378	493	619	616	615	735	726	717	717	907	834	965	949	1066	1059	1159	1153	1147	1143	1141	1114	1098	1295	1285	1283	1280	1264	1248	1460	1447	291	276	472	465	445	395	503	503	503	502	474	642
510.0000044478624	1	0	13	0	1653	4985	3020	10167	9717	9331	12707	8039	6102	6047	5850	1781	1647	2261	3113	3018	1256	3257	3249	3122	26	4143	3642	4087	3755	4423	4182	3978	4205	4058	3931	3948	3736	3584	4119	4111	4148	3976	3825	3286	3738	3370	739	499	1159	1126	852	525	870	1028	937	865	670	1126	593	592	587	653	624	623	772	769	831	388	379	493	626	627	617	741	739	736	730	911	867	1002	988	1094	1068	1175	1174	1168	1161	1156	1135	1128	1343	1330	1308	1297	1286	1258	1484	1459	293	284	497	487	455	395	529	519	512	502	481	644
515.0000091058463	1	0	19	0	1650	5000	3043	10195	9755	9375	12750	8079	6149	6104	5914	1806	1667	2291	3144	3059	1285	3309	3291	3161	45	4187	3704	4153	3813	4488	4253	4067	4282	4142	4014	4033	3805	3654	4214	4193	4224	4068	3906	3373	3819	3457	757	521	1184	1158	882	555	906	1055	964	897	701	1171	593	594	592	666	630	637	784	769	845	395	391	511	637	632	617	742	742	742	739	933	881	1013	1009	1129	1119	1197	1191	1181	1177	1177	1142	1136	1365	1359	1351	1346	1327	1264	1501	1483	295	284	497	497	465	427	531	532	531	530	499	663
520.0000063586807	0	0	17	0	1654	4996	3096	10237	9784	9418	12790	8114	6199	6142	5975	1833	1684	2338	3181	3092	1332	3361	3335	3204	38	4241	3753	4217	3878	4561	4323	4152	4350	4210	4091	4102	3873	3719	4289	4270	4312	4163	3995	3465	3922	3568	778	538	1215	1186	902	594	946	1095	997	931	734	1211	596	595	592	668	635	641	800	776	852	395	391	512	646	643	619	743	743	742	742	941	912	1054	1043	1150	1133	1214	1205	1202	1202	1201	1148	1140	1367	1365	1365	1365	1359	1276	1508	1498	298	286	497	497	488	438	542	537	537	533	508	689
525.0000092024683	0	0	13	0	1656	4981	3148	10276	9822	9462	12830	8170	6250	6181	6026	1854	1710	2366	3216	3125	1368	3408	3375	3255	30	4303	3820	4289	3948	4621	4392	4236	4432	4281	4172	4175	3938	3799	4381	4334	4394	4246	4087	3543	4004	3666	797	548	1245	1221	936	623	982	1122	1032	959	763	1247	600	598	592	668	640	642	813	785	864	395	391	517	649	646	634	752	743	743	743	948	917	1058	1055	1179	1178	1256	1241	1225	1217	1211	1152	1140	1370	1370	1369	1368	1367	1329	1522	1508	304	287	507	507	497	438	580	573	561	542	510	693
530.0000067963068	1	0	16	0	1658	4956	3196	10306	9860	9498	12871	8211	6300	6229	6087	1877	1739	2401	3270	3167	1398	3463	3418	3300	32	4361	3873	4353	4019	4709	4460	4308	4507	4353	4232	4242	4010	3871	4461	4429	4479	4336	4162	3634	4093	3767	811	568	1277	1251	958	659	1019	1158	1057	988	794	1281	607	600	594	669	650	642	816	796	882	411	398	517	656	656	650	764	763	758	746	950	918	1063	1061	1187	1182	1280	1278	1272	1265	1256	1205	1189	1404	1391	1375	1370	1370	1354	1571	1520	304	298	514	509	497	439	580	580	580	579	517	694
535.0000025525796	0	0	17	0	1658	4965	3250	10336	9887	9537	12910	8253	6345	6286	6141	1901	1763	2428	3324	3214	1440	3508	3453	3342	23	4411	3922	4436	4090	4778	4528	4388	4585	4428	4317	4319	4081	3947	4544	4522	4563	4412	4238	3711	4188	3871	833	587	1307	1277	997	688	1053	1194	1087	1026	829	1332	612	608	596	672	651	642	817	801	889	418	409	530	670	664	652	780	778	766	764	971	923	1072	1068	1197	1192	1324	1310	1293	1287	1282	1253	1244	1465	1447	1418	1405	1387	1358	1603	1566	308	303	533	526	504	453	580	580	580	580	554	735
540.0000012173825	0	0	12	0	1664	5005	3305	10376	9927	9576	12946	8295	6406	6336	6201	1925	1784	2457	3366	3260	1465	3551	3490	3394	20	4459	3979	4500	4146	4845	4600	4473	4658	4515	4389	4393	4153	4014	4621	4611	4651	4502	4322	3810	4279	3975	854	600	1334	1302	1028	716	1087	1222	1121	1061	859	1372	614	613	607	676	657	647	818	810	894	429	425	553	685	680	673	794	783	781	781	977	947	1106	1092	1207	1199	1330	1329	1328	1324	1326	1265	1260	1499	1500	1478	1467	1441	1361	1608	1603	315	303	534	533	509	493	582	582	581	581	579	776
545.0000007073203	0	0	17	0	1659	5011	3334	10411	9965	9613	12978	8333	6463	6384	6256	1953	1818	2482	3411	3298	1506	3602	3543	3440	25	4521	4040	4566	4216	4907	4675	4559	4725	4610	4479	4480	4220	4086	4729	4680	4738	4616	4400	3895	4368	4073	862	614	1363	1341	1075	737	1122	1250	1150	1098	900	1410	615	614	613	685	666	662	824	819	897	429	425	553	698	691	678	807	807	804	787	998	954	1113	1106	1240	1227	1344	1336	1336	1331	1330	1274	1262	1500	1501	1500	1500	1495	1366	1611	1608	317	307	542	535	526	497	623	611	600	582	580	782
550.0000080862887	0	0	10	0	1666	4986	3381	10454	10000	9652	13015	8367	6512	6431	6306	1983	1855	2514	3448	3346	1541	3643	3592	3485	26	4579	4098	4624	4280	4984	4747	4646	4812	4688	4535	4575	4288	4150	4809	4765	4835	4702	4490	3986	4468	4160	874	637	1390	1360	1105	760	1163	1278	1178	1130	929	1455	624	623	614	691	669	666	834	821	902	430	425	554	701	699	699	815	809	807	788	1006	977	1142	1139	1269	1248	1355	1354	1346	1344	1334	1275	1264	1500	1501	1501	1501	1501	1369	1615	1611	317	314	547	542	534	497	658	652	644	621	582	784
555.0000024981998	0	0	16	0	1658	4989	3401	10481	10032	9679	13046	8408	6565	6473	6357	2014	1869	2541	3475	3397	1591	3691	3632	3543	35	4629	4147	4694	4350	5054	4815	4720	4887	4755	4613	4660	4361	4202	4901	4848	4931	4782	4585	4064	4556	4266	893	671	1422	1411	1136	783	1189	1322	1204	1167	965	1497	627	625	622	693	669	672	851	834	915	439	437	568	705	704	702	843	837	819	810	1027	989	1146	1142	1279	1276	1383	1368	1358	1356	1348	1293	1286	1520	1516	1512	1502	1501	1397	1615	1615	318	317	561	555	535	499	669	668	665	659	595	791
560.0000009483675	0	0	9	0	1670	4982	3440	10520	10071	9704	13097	8458	6611	6521	6419	2044	1897	2571	3510	3441	1621	3743	3685	3588	27	4676	4198	4766	4418	5124	4885	4784	4959	4835	4702	4735	4434	4272	4991	4946	4999	4867	4665	4138	4646	4357	924	691	1455	1442	1170	811	1237	1356	1244	1199	996	1538	633	629	625	702	670	682	864	848	923	443	440	574	722	719	704	845	843	843	833	1037	1008	1176	1166	1304	1284	1410	1401	1392	1388	1383	1346	1335	1567	1555	1538	1524	1516	1446	1648	1615	318	317	576	571	542	507	669	669	669	669	633	819
565.0000000404567	2	0	9	0	1669	4992	3480	10562	10097	9741	13135	8505	6679	6572	6478	2064	1923	2604	3560	3481	1657	3791	3724	3638	25	4729	4249	4825	4486	5203	4952	4879	5033	4911	4782	4808	4511	4355	5074	5034	5089	4937	4764	4215	4732	4467	946	709	1488	1473	1208	836	1272	1397	1278	1228	1025	1570	634	634	629	705	672	689	880	854	937	453	444	580	732	724	704	845	845	845	842	1068	1013	1179	1175	1316	1316	1438	1436	1425	1419	1413	1388	1384	1629	1618	1583	1569	1552	1450	1696	1646	318	317	578	576	554	507	671	671	669	669	656	863
570.0000013037737	0	0	13	0	1667	5032	3520	10600	10135	9777	13172	8543	6722	6626	6534	2093	1945	2641	3606	3520	1706	3838	3777	3694	26	4789	4325	4888	4550	5272	5019	4964	5108	4986	4867	4881	4577	4426	5162	5111	5166	5022	4840	4308	4822	4554	965	722	1526	1501	1246	869	1303	1432	1317	1263	1065	1616	637	634	634	708	676	692	889	872	954	457	445	580	737	735	714	846	846	845	844	1071	1015	1180	1176	1320	1320	1457	1447	1444	1444	1440	1416	1410	1661	1648	1646	1635	1608	1468	1702	1695	327	318	579	579	571	507	680	679	678	671	668	886
575.0000090564904	3	0	24	0	1653	5047	3546	10625	10164	9823	13214	8572	6774	6675	6580	2126	1970	2674	3635	3562	1753	3887	3819	3734	40	4851	4384	4956	4615	5347	5101	5068	5178	5055	4937	4957	4644	4492	5239	5193	5255	5109	4928	4406	4902	4639	989	741	1557	1532	1271	893	1333	1471	1348	1299	1094	1661	641	637	634	712	683	698	899	887	958	459	445	581	737	737	736	878	854	846	845	1073	1042	1212	1197	1328	1323	1487	1479	1471	1462	1455	1442	1443	1699	1680	1665	1663	1649	1511	1735	1702	332	318	587	582	574	507	683	681	681	681	669	897
580.0000039001628	0	0	10	0	1666	5027	3596	10658	10191	9863	13250	8616	6824	6728	6635	2149	1995	2698	3680	3602	1771	3937	3863	3768	33	4924	4452	5029	4692	5416	5159	5146	5248	5127	5005	5043	4714	4565	5339	5280	5335	5202	5015	4483	4981	4734	1007	762	1593	1568	1297	922	1366	1508	1389	1341	1120	1726	650	640	638	714	692	703	903	899	966	462	453	591	737	737	737	885	884	884	855	1077	1049	1218	1215	1363	1349	1491	1491	1487	1487	1487	1459	1460	1727	1719	1709	1701	1662	1549	1777	1735	333	323	589	587	578	509	683	683	683	683	678	901
585.0000021927042	0	0	9	0	1673	5022	3656	10693	10217	9907	13288	8647	6872	6777	6689	2172	2024	2734	3717	3644	1804	3977	3894	3813	24	4984	4490	5090	4741	5488	5223	5230	5333	5202	5087	5115	4799	4639	5397	5364	5438	5306	5099	4568	5068	4825	1027	777	1627	1603	1330	957	1410	1553	1433	1390	1157	1769	652	650	641	719	693	710	906	905	978	478	476	603	748	748	739	888	887	885	885	1116	1074	1250	1249	1385	1367	1498	1496	1491	1491	1491	1482	1477	1761	1758	1740	1731	1696	1561	1819	1773	336	323	589	589	582	561	687	687	687	683	681	911
590.0000091538277	0	0	15	0	1668	5039	3686	10730	10254	9946	13329	8681	6925	6825	6736	2193	2050	2764	3754	3679	1859	4012	3935	3867	29	5052	4558	5167	4807	5577	5293	5308	5403	5267	5154	5192	4876	4732	5491	5454	5535	5389	5174	4656	5163	4925	1052	794	1650	1641	1371	988	1451	1589	1466	1420	1193	1815	653	652	651	727	702	715	922	907	988	482	476	617	774	764	741	889	888	888	887	1125	1086	1255	1249	1398	1392	1524	1512	1503	1499	1498	1491	1491	1766	1762	1762	1761	1757	1614	1841	1819	343	323	589	589	587	571	691	688	688	688	683	915
595.0000009225608	1	0	17	0	1670	5036	3720	10761	10285	9980	13369	8712	6958	6873	6774	2226	2069	2789	3797	3717	1894	4054	3969	3901	31	5102	4618	5237	4872	5653	5366	5401	5490	5338	5227	5252	4960	4821	5579	5558	5629	5472	5260	4749	5249	5022	1066	808	1682	1683	1405	1017	1484	1625	1500	1454	1223	1867	655	653	652	732	705	722	934	912	1005	495	491	626	775	765	741	889	889	889	888	1130	1096	1263	1249	1398	1392	1550	1544	1541	1536	1526	1501	1496	1783	1783	1780	1770	1762	1680	1883	1841	350	324	593	589	589	572	754	754	735	694	686	924
600.0000079031628	0	0	13	0	1679	5042	3764	10795	10320	10028	13408	8747	7015	6926	6828	2267	2085	2816	3835	3758	1919	4096	4006	3959	29	5152	4685	5294	4930	5734	5445	5492	5571	5426	5313	5318	5040	4898	5667	5650	5716	5572	5343	4839	5332	5113	1095	825	1718	1719	1439	1039	1514	1666	1547	1485	1260	1907	658	656	653	734	711	723	936	932	1026	499	495	639	801	779	743	889	889	889	889	1133	1111	1289	1277	1429	1411	1571	1572	1561	1555	1551	1519	1509	1799	1798	1791	1786	1783	1733	1951	1882	355	328	598	595	589	572	762	762	762	754	688	936
