>time	Ribosome	coli Pol	coli Pol-P	coli Pol-2.0	coli Pol-P-2.0	gp1	gp1-3.5	gp0.3	gp0.4	gp0.5	gp0.6A	gp0.7	gp1.1	gp1.2	gp1.3	gp1.4	gp1.5	gp1.6	gp1.7	gp1.8	gp2.0	gp2.5	gp2.8	gp3.0	gp3.5	gp3.8	gp4A	gp4.2	gp4.3	gp4.5	gp4.7	gp5.0	gp5.3	gp5.5	gp5.7	gp5.9	gp6.0	gp6.3	gp6.5	gp6.7	gp7	gp7.3	gp7.7	gp8	gp9	gp10A	gp11	gp12	gp13	gp14	gp15	gp16	gp17	gp17.5	gp18	gp18.5	gp19	gp19.5	RNA: gp0.3	RNA: gp0.4	RNA: gp0.5	RNA: gp0.6A	RNA: gp0.7	RNA: gp1	RNA: gp1.1	RNA: gp1.2	RNA: gp1.3	RNA: gp1.4	RNA: gp1.5	RNA: gp1.6	RNA: gp1.7	RNA: gp1.8	RNA: gp2.0	RNA: gp2.5	RNA: gp2.8	RNA: gp3.0	RNA: gp3.5	RNA: gp3.8	RNA: gp4A	RNA: gp4.2	RNA: gp4.3	RNA: gp4.5	RNA: gp4.7	RNA: gp5.0	RNA: gp5.3	RNA: gp5.5	RNA: gp5.7	RNA: gp5.9	RNA: gp6.0	RNA: gp6.3	RNA: gp6.5	RNA: gp6.7	RNA: gp7	RNA: gp7.3	RNA: gp7.7	RNA: gp8	RNA: gp9	RNA: gp10A	RNA: gp11	RNA: gp12	RNA: gp13	RNA: gp14	RNA: gp15	RNA: gp16	RNA: gp17	RNA: gp17.5	RNA: gp18	RNA: gp18.5	RNA: gp19	RNA: gp19.5	NumColiPoly:	4	NumT7Poly	2	NumOfTimePoints:	121	NumOfProteins:	58	NumOfCoding	52
0.001701547988971842	10000	1800	0	0	0	0	0	0	0	0	0	0	0	0	0	0	0	0	0	0	0	0	0	0	0	0	0	0	0	0	0	0	0	0	0	0	0	0	0	0	0	0	0	0	0	0	0	0	0	0	0	0	0	0	0	0	0	0	0	0	0	0	0	0	0	0	0	0	0	0	0	0	0	0	0	0	0	0	0	0	0	0	0	0	0	0	0	0	0	0	0	0	0	0	0	0	0	0	0	0	0	0	0	0	0	0	0	0	0	0
5.016029211165174	10000	1800	0	0	0	0	0	0	0	0	0	0	0	0	0	0	0	0	0	0	0	0	0	0	0	0	0	0	0	0	0	0	0	0	0	0	0	0	0	0	0	0	0	0	0	0	0	0	0	0	0	0	0	0	0	0	0	0	0	0	0	0	0	0	0	0	0	0	0	0	0	0	0	0	0	0	0	0	0	0	0	0	0	0	0	0	0	0	0	0	0	0	0	0	0	0	0	0	0	0	0	0	0	0	0	0	0	0	0	0
10.004104095191254	10000	1796	0	0	0	0	0	0	0	0	0	0	0	0	0	0	0	0	0	0	0	0	0	0	0	0	0	0	0	0	0	0	0	0	0	0	0	0	0	0	0	0	0	0	0	0	0	0	0	0	0	0	0	0	0	0	0	0	0	0	0	0	0	0	0	0	0	0	0	0	0	0	0	0	0	0	0	0	0	0	0	0	0	0	0	0	0	0	0	0	0	0	0	0	0	0	0	0	0	0	0	0	0	0	0	0	0	0	0	0
15.000656046794145	10000	1788	0	0	0	0	0	0	0	0	0	0	0	0	0	0	0	0	0	0	0	0	0	0	0	0	0	0	0	0	0	0	0	0	0	0	0	0	0	0	0	0	0	0	0	0	0	0	0	0	0	0	0	0	0	0	0	0	0	0	0	0	0	0	0	0	0	0	0	0	0	0	0	0	0	0	0	0	0	0	0	0	0	0	0	0	0	0	0	0	0	0	0	0	0	0	0	0	0	0	0	0	0	0	0	0	0	0	0	0
20.000515566082857	9994	1780	0	0	0	0	0	0	0	0	0	0	0	0	0	0	0	0	0	0	0	0	0	0	0	0	0	0	0	0	0	0	0	0	0	0	0	0	0	0	0	0	0	0	0	0	0	0	0	0	0	0	0	0	0	0	0	0	0	0	0	0	0	0	0	0	0	0	0	0	0	0	0	0	0	0	0	0	0	0	0	0	0	0	0	0	0	0	0	0	0	0	0	0	0	0	0	0	0	0	0	0	0	0	0	0	0	0	0	0
25.003648458003575	9983	1775	0	0	0	0	0	0	0	0	0	0	0	0	0	0	0	0	0	0	0	0	0	0	0	0	0	0	0	0	0	0	0	0	0	0	0	0	0	0	0	0	0	0	0	0	0	0	0	0	0	0	0	0	0	0	0	0	0	0	0	0	0	0	0	0	0	0	0	0	0	0	0	0	0	0	0	0	0	0	0	0	0	0	0	0	0	0	0	0	0	0	0	0	0	0	0	0	0	0	0	0	0	0	0	0	0	0	0	0
30.004153608866552	9962	1768	0	0	0	0	0	5	0	0	0	0	0	0	0	0	0	0	0	0	0	0	0	0	0	0	0	0	0	0	0	0	0	0	0	0	0	0	0	0	0	0	0	0	0	0	0	0	0	0	0	0	0	0	0	0	0	0	5	0	0	0	0	0	0	0	0	0	0	0	0	0	0	0	0	0	0	0	0	0	0	0	0	0	0	0	0	0	0	0	0	0	0	0	0	0	0	0	0	0	0	0	0	0	0	0	0	0	0	0
35.00255003257003	9933	1760	0	0	0	0	0	16	4	0	0	0	0	0	0	0	0	0	0	0	0	0	0	0	0	0	0	0	0	0	0	0	0	0	0	0	0	0	0	0	0	0	0	0	0	0	0	0	0	0	0	0	0	0	0	0	0	0	10	6	0	0	0	0	0	0	0	0	0	0	0	0	0	0	0	0	0	0	0	0	0	0	0	0	0	0	0	0	0	0	0	0	0	0	0	0	0	0	0	0	0	0	0	0	0	0	0	0	0	0
40.0011976716531	9878	1751	0	0	0	0	0	29	11	9	2	0	0	0	0	0	0	0	0	0	0	0	0	0	0	0	0	0	0	0	0	0	0	0	0	0	0	0	0	0	0	0	0	0	0	0	0	0	0	0	0	0	0	0	0	0	0	0	19	8	8	3	0	0	0	0	0	0	0	0	0	0	0	0	0	0	0	0	0	0	0	0	0	0	0	0	0	0	0	0	0	0	0	0	0	0	0	0	0	0	0	0	0	0	0	0	0	0	0	0
45.000268506944245	9819	1742	0	0	0	0	0	54	26	20	18	0	0	0	0	0	0	0	0	0	0	0	0	0	0	0	0	0	0	0	0	0	0	0	0	0	0	0	0	0	0	0	0	0	0	0	0	0	0	0	0	0	0	0	0	0	0	0	25	17	10	14	0	0	0	0	0	0	0	0	0	0	0	0	0	0	0	0	0	0	0	0	0	0	0	0	0	0	0	0	0	0	0	0	0	0	0	0	0	0	0	0	0	0	0	0	0	0	0	0
50.00034577789607	9765	1737	0	0	0	0	0	89	56	34	39	0	0	0	0	0	0	0	0	0	0	0	0	0	0	0	0	0	0	0	0	0	0	0	0	0	0	0	0	0	0	0	0	0	0	0	0	0	0	0	0	0	0	0	0	0	0	0	31	24	17	20	0	0	0	0	0	0	0	0	0	0	0	0	0	0	0	0	0	0	0	0	0	0	0	0	0	0	0	0	0	0	0	0	0	0	0	0	0	0	0	0	0	0	0	0	0	0	0	0
55.00012750141564	9691	1731	0	0	0	0	0	129	86	60	72	0	0	0	0	0	0	0	0	0	0	0	0	0	0	0	0	0	0	0	0	0	0	0	0	0	0	0	0	0	0	0	0	0	0	0	0	0	0	0	0	0	0	0	0	0	0	0	39	31	25	27	0	0	0	0	0	0	0	0	0	0	0	0	0	0	0	0	0	0	0	0	0	0	0	0	0	0	0	0	0	0	0	0	0	0	0	0	0	0	0	0	0	0	0	0	0	0	0	0
60.0000421074595	9601	1727	0	0	0	0	0	167	134	95	96	0	0	0	0	0	0	0	0	0	0	0	0	0	0	0	0	0	0	0	0	0	0	0	0	0	0	0	0	0	0	0	0	0	0	0	0	0	0	0	0	0	0	0	0	0	0	0	42	37	32	32	0	0	0	0	0	0	0	0	0	0	0	0	0	0	0	0	0	0	0	0	0	0	0	0	0	0	0	0	0	0	0	0	0	0	0	0	0	0	0	0	0	0	0	0	0	0	0	0
65.00028433293225	9544	1713	0	0	0	0	0	222	184	141	135	0	0	0	0	0	0	0	0	0	0	0	0	0	0	0	0	0	0	0	0	0	0	0	0	0	0	0	0	0	0	0	0	0	0	0	0	0	0	0	0	0	0	0	0	0	0	0	43	40	38	43	0	0	0	0	0	0	0	0	0	0	0	0	0	0	0	0	0	0	0	0	0	0	0	0	0	0	0	0	0	0	0	0	0	0	0	0	0	0	0	0	0	0	0	0	0	0	0	0
70.00059493157627	9452	1696	1	0	0	0	0	270	242	198	191	0	0	0	0	0	0	0	0	0	0	0	0	0	0	0	0	0	0	0	0	0	0	0	0	0	0	0	0	0	0	0	0	0	0	0	0	0	0	0	0	0	0	0	0	0	0	0	46	42	42	49	28	0	0	0	0	0	0	0	0	0	0	0	0	0	0	0	0	0	0	0	0	0	0	0	0	0	0	0	0	0	0	0	0	0	0	0	0	0	0	0	0	0	0	0	0	0	0	0
75.00113687961857	9339	1672	17	0	0	0	0	326	294	243	264	0	0	0	0	0	0	0	0	0	0	0	0	0	0	0	0	0	0	0	0	0	0	0	0	0	0	0	0	0	0	0	0	0	0	0	0	0	0	0	0	0	0	0	0	0	0	0	55	46	43	54	38	0	0	0	0	0	0	0	0	0	0	0	0	0	0	0	0	0	0	0	0	0	0	0	0	0	0	0	0	0	0	0	0	0	0	0	0	0	0	0	0	0	0	0	0	0	0	0
80.00000962629808	9216	1636	42	0	0	0	0	391	352	293	366	0	0	0	0	0	0	0	0	0	0	0	0	0	0	0	0	0	0	0	0	0	0	0	0	0	0	0	0	0	0	0	0	0	0	0	0	0	0	0	0	0	0	0	0	0	0	0	68	53	47	63	50	0	0	0	0	0	0	0	0	0	0	0	0	0	0	0	0	0	0	0	0	0	0	0	0	0	0	0	0	0	0	0	0	0	0	0	0	0	0	0	0	0	0	0	0	0	0	0
85.00007347479074	9094	1599	68	0	0	0	0	475	414	351	476	0	0	0	0	0	0	0	0	0	0	0	0	0	0	0	0	0	0	0	0	0	0	0	0	0	0	0	0	0	0	0	0	0	0	0	0	0	0	0	0	0	0	0	0	0	0	0	77	62	57	68	55	0	0	0	0	0	0	0	0	0	0	0	0	0	0	0	0	0	0	0	0	0	0	0	0	0	0	0	0	0	0	0	0	0	0	0	0	0	0	0	0	0	0	0	0	0	0	0
90.00036601963734	8915	1557	99	0	0	0	0	557	477	421	581	0	0	0	0	0	0	0	0	0	0	0	0	0	0	0	0	0	0	0	0	0	0	0	0	0	0	0	0	0	0	0	0	0	0	0	0	0	0	0	0	0	0	0	0	0	0	0	83	69	64	77	63	0	0	0	0	0	0	0	0	0	0	0	0	0	0	0	0	0	0	0	0	0	0	0	0	0	0	0	0	0	0	0	0	0	0	0	0	0	0	0	0	0	0	0	0	0	0	0
95.0001544713381	8784	1497	147	0	0	0	0	654	560	499	749	0	0	0	0	0	0	0	0	0	0	0	0	0	0	0	0	0	0	0	0	0	0	0	0	0	0	0	0	0	0	0	0	0	0	0	0	0	0	0	0	0	0	0	0	0	0	0	87	77	72	88	70	0	0	0	0	0	0	0	0	0	0	0	0	0	0	0	0	0	0	0	0	0	0	0	0	0	0	0	0	0	0	0	0	0	0	0	0	0	0	0	0	0	0	0	0	0	0	0
100.00007678659105	8573	1432	204	0	0	0	0	745	649	580	905	0	0	0	0	0	0	0	0	0	0	0	0	0	0	0	0	0	0	0	0	0	0	0	0	0	0	0	0	0	0	0	0	0	0	0	0	0	0	0	0	0	0	0	0	0	0	0	98	84	81	97	82	0	0	0	0	0	0	0	0	0	0	0	0	0	0	0	0	0	0	0	0	0	0	0	0	0	0	0	0	0	0	0	0	0	0	0	0	0	0	0	0	0	0	0	0	0	0	0
105.00000736494373	8391	1357	271	0	0	0	0	865	753	673	1084	0	0	0	0	0	0	0	0	0	0	0	0	0	0	0	0	0	0	0	0	0	0	0	0	0	0	0	0	0	0	0	0	0	0	0	0	0	0	0	0	0	0	0	0	0	0	0	109	95	88	105	91	0	0	0	0	0	0	0	0	0	0	0	0	0	0	0	0	0	0	0	0	0	0	0	0	0	0	0	0	0	0	0	0	0	0	0	0	0	0	0	0	0	0	0	0	0	0	0
110.00012749259845	8196	1289	330	0	0	0	0	999	867	785	1281	0	0	0	0	0	0	0	0	0	0	0	0	0	0	0	0	0	0	0	0	0	0	0	0	0	0	0	0	0	0	0	0	0	0	0	0	0	0	0	0	0	0	0	0	0	0	0	117	103	97	121	97	0	0	0	0	0	0	0	0	0	0	0	0	0	0	0	0	0	0	0	0	0	0	0	0	0	0	0	0	0	0	0	0	0	0	0	0	0	0	0	0	0	0	0	0	0	0	0
115.00003400485632	8016	1203	408	0	0	0	0	1126	985	904	1501	0	0	0	0	0	0	0	0	0	0	0	0	0	0	0	0	0	0	0	0	0	0	0	0	0	0	0	0	0	0	0	0	0	0	0	0	0	0	0	0	0	0	0	0	0	0	0	123	111	106	128	105	0	0	0	0	0	0	0	0	0	0	0	0	0	0	0	0	0	0	0	0	0	0	0	0	0	0	0	0	0	0	0	0	0	0	0	0	0	0	0	0	0	0	0	0	0	0	0
120.00002375034951	7776	1120	485	0	0	0	0	1269	1109	1023	1725	1	0	0	0	0	0	0	0	0	0	0	0	0	0	0	0	0	0	0	0	0	0	0	0	0	0	0	0	0	0	0	0	0	0	0	0	0	0	0	0	0	0	0	0	0	0	0	130	119	112	132	119	0	0	0	0	0	0	0	0	0	0	0	0	0	0	0	0	0	0	0	0	0	0	0	0	0	0	0	0	0	0	0	0	0	0	0	0	0	0	0	0	0	0	0	0	0	0	0
125.00002652422617	7539	1001	595	0	0	0	0	1412	1255	1161	1996	1	0	0	0	0	0	0	0	0	0	0	0	0	0	0	0	0	0	0	0	0	0	0	0	0	0	0	0	0	0	0	0	0	0	0	0	0	0	0	0	0	0	0	0	0	0	0	138	125	115	138	129	0	0	0	0	0	0	0	0	0	0	0	0	0	0	0	0	0	0	0	0	0	0	0	0	0	0	0	0	0	0	0	0	0	0	0	0	0	0	0	0	0	0	0	0	0	0	0
130.0001837863574	7330	888	704	0	0	0	0	1564	1415	1310	2280	1	0	0	0	0	0	0	0	0	0	0	0	0	0	0	0	0	0	0	0	0	0	0	0	0	0	0	0	0	0	0	0	0	0	0	0	0	0	0	0	0	0	0	0	0	0	0	142	134	124	148	131	50	0	0	0	0	0	0	0	0	0	0	0	0	0	0	0	0	0	0	0	0	0	0	0	0	0	0	0	0	0	0	0	0	0	0	0	0	0	0	0	0	0	0	0	0	0	0
135.00001408050244	7104	764	819	0	0	6	0	1739	1570	1454	2568	0	0	0	0	0	0	0	0	0	0	0	0	0	0	0	0	0	0	0	0	0	0	0	0	0	0	0	0	0	0	0	0	0	0	0	0	0	0	0	0	0	0	0	0	0	0	0	148	141	136	159	138	99	0	0	0	0	0	0	0	0	0	0	0	0	0	0	0	0	0	0	0	0	0	0	0	0	0	0	0	0	0	0	0	0	0	0	0	0	0	0	0	0	0	0	0	0	0	0
140.00000767646128	6833	627	951	0	0	19	0	1912	1731	1605	2885	0	8	0	0	0	0	0	0	0	0	0	0	0	0	0	0	0	0	0	0	0	0	0	0	0	0	0	0	0	0	0	0	0	0	0	0	0	0	0	0	0	0	0	0	0	0	0	158	148	141	170	146	116	8	0	0	0	0	0	0	0	0	0	0	0	0	0	0	0	0	0	0	0	0	0	0	0	0	0	0	0	0	0	0	0	0	0	0	0	0	0	0	0	0	0	0	0	0	0
145.0000158261128	6574	476	1094	0	0	45	0	2085	1908	1769	3235	0	21	5	0	0	0	0	0	0	0	0	0	0	0	0	0	0	0	0	0	0	0	0	0	0	0	0	0	0	0	0	0	0	0	0	0	0	0	0	0	0	0	0	0	0	0	0	162	154	146	176	160	128	13	9	0	0	0	0	0	0	0	0	0	0	0	0	0	0	0	0	0	0	0	0	0	0	0	0	0	0	0	0	0	0	0	0	0	0	0	0	0	0	0	0	0	0	0	0
150.00001508828447	6293	313	1248	0	0	86	0	2262	2084	1928	3601	1	46	20	0	0	0	0	0	0	0	0	0	0	0	0	0	0	0	0	0	0	0	0	0	0	0	0	0	0	0	0	0	0	0	0	0	0	0	0	0	0	0	0	0	0	0	0	165	158	153	183	168	144	27	14	0	0	0	0	0	0	0	0	0	0	0	0	0	0	0	0	0	0	0	0	0	0	0	0	0	0	0	0	0	0	0	0	0	0	0	0	0	0	0	0	0	0	0	0
155.0000323618298	5990	167	1392	0	0	135	0	2443	2251	2129	3968	0	97	38	0	0	0	0	0	0	0	0	0	0	0	0	0	0	0	0	0	0	0	0	0	0	0	0	0	0	0	0	0	0	0	0	0	0	0	0	0	0	0	0	0	0	0	0	173	161	160	190	175	152	39	27	0	0	0	0	0	0	0	0	0	0	0	0	0	0	0	0	0	0	0	0	0	0	0	0	0	0	0	0	0	0	0	0	0	0	0	0	0	0	0	0	0	0	0	0
160.00005611541414	5707	14	1536	0	0	187	0	2644	2450	2300	4362	17	167	81	0	0	0	0	0	0	0	0	0	0	0	0	0	0	0	0	0	0	0	0	0	0	0	0	0	0	0	0	0	0	0	0	0	0	0	0	0	0	0	0	0	0	0	0	178	172	164	195	177	160	54	48	0	0	0	0	0	0	0	0	0	0	0	0	0	0	0	0	0	0	0	0	0	0	0	0	0	0	0	0	0	0	0	0	0	0	0	0	0	0	0	0	0	0	0	0
165.00008590564875	5386	0	1537	0	0	254	0	2843	2647	2495	4597	175	228	144	0	0	0	0	0	0	0	0	0	0	0	0	0	0	0	0	0	0	0	0	0	0	0	0	0	0	0	0	0	0	0	0	0	0	0	0	0	0	0	0	0	0	0	0	182	180	171	199	182	163	62	58	0	0	0	0	0	0	0	0	0	0	0	0	0	0	0	0	0	0	0	0	0	0	0	0	0	0	0	0	0	0	0	0	0	0	0	0	0	0	0	0	0	0	0	0
170.0000856741027	5040	0	1538	0	0	309	0	3038	2851	2712	4823	370	298	212	7	0	0	0	0	0	0	0	0	0	0	0	0	0	0	0	0	0	0	0	0	0	0	0	0	0	0	0	0	0	0	0	0	0	0	0	0	0	0	0	0	0	0	0	189	182	178	206	192	171	74	64	39	2	0	0	0	0	0	0	0	0	0	0	0	0	0	0	0	0	0	0	0	0	0	0	0	0	0	0	0	0	0	0	0	0	0	0	0	0	0	0	0	0	0	0
175.0000208776529	4614	0	1534	0	0	356	0	3245	3072	2925	5066	551	396	291	17	4	1	0	0	0	0	0	0	0	0	0	0	0	0	0	0	0	0	0	0	0	0	0	0	0	0	0	0	0	0	0	0	0	0	0	0	0	0	0	0	0	0	0	196	190	182	215	202	177	93	76	61	3	2	5	1	1	0	0	0	0	0	0	0	0	0	0	0	0	0	0	0	0	0	0	0	0	0	0	0	0	0	0	0	0	0	0	0	0	0	0	0	0	0	0
180.00003354833052	4171	0	1540	0	1	436	0	3452	3285	3121	5326	743	511	383	42	9	10	7	0	8	0	0	0	0	0	0	0	0	0	0	0	0	0	0	0	0	0	0	0	0	0	0	0	0	0	0	0	0	0	0	0	0	0	0	0	0	0	0	199	194	185	221	209	187	106	97	78	7	5	8	14	9	6	2	0	0	0	0	0	0	0	0	0	0	0	0	0	0	0	0	0	0	0	0	0	0	0	0	0	0	0	0	0	0	0	0	0	0	0	0
185.00004108949867	3723	0	1542	0	11	521	0	3680	3498	3334	5592	951	638	489	76	19	22	19	1	19	0	0	0	0	0	0	0	0	0	0	0	0	0	0	0	0	0	0	0	0	0	0	0	0	0	0	0	0	0	0	0	0	0	0	0	0	0	0	199	197	188	225	218	198	109	104	96	11	7	12	23	16	15	10	6	2	0	0	0	0	0	0	0	0	0	0	0	0	0	0	0	0	0	0	0	0	0	0	0	0	0	0	0	0	0	0	0	0	0	0
190.00001062639535	3090	0	1515	0	35	625	0	3905	3703	3552	5859	1167	779	612	146	32	32	37	11	43	0	0	3	0	0	0	0	0	0	0	0	0	0	0	0	0	0	0	0	0	0	0	0	0	0	0	0	0	0	0	0	0	0	0	0	0	0	0	200	200	195	230	223	202	126	114	112	19	7	15	27	24	26	27	14	14	9	4	0	0	0	0	0	0	0	0	0	0	0	0	0	0	0	0	0	0	0	0	0	0	0	0	0	0	0	0	0	0	0	0
195.00000494831627	2344	0	1488	0	65	703	0	4156	3935	3796	6127	1389	941	746	225	60	53	60	35	77	0	7	21	6	0	3	0	0	0	0	0	0	0	0	0	0	0	0	0	0	0	0	0	0	0	0	0	0	0	0	0	0	0	0	0	0	0	0	208	200	200	237	227	213	144	131	123	26	19	34	42	32	29	33	31	26	22	18	5	1	0	0	0	0	0	0	0	0	0	0	0	0	0	0	0	0	0	0	0	0	0	0	0	0	0	0	0	0	0	0
200.00001642953768	1573	0	1440	0	106	818	15	4420	4164	4026	6391	1632	1128	904	315	97	78	105	66	132	2	25	48	28	0	12	0	1	1	0	0	0	0	0	0	0	0	0	0	0	0	0	0	0	0	0	0	0	0	0	0	0	0	0	0	0	0	0	233	203	200	240	234	224	162	149	130	29	24	43	62	61	54	43	40	33	35	36	25	7	2	3	1	0	0	0	0	0	0	0	0	0	0	0	0	0	0	0	0	0	0	0	0	0	0	0	0	0	0	0
205.00000960271316	555	0	1363	0	189	919	38	4682	4405	4242	6669	1856	1320	1086	422	134	113	161	104	211	2	56	85	70	3	44	0	9	7	4	1	0	0	0	0	0	0	0	0	0	0	0	0	0	0	0	0	0	0	0	0	0	0	0	0	0	0	0	246	232	211	241	238	235	176	167	167	39	31	52	67	69	63	71	60	46	41	53	41	22	5	10	5	0	0	0	0	0	0	0	0	0	0	0	0	0	0	0	0	0	0	0	0	0	0	0	0	0	0	0
210.00000972744917	47	0	1290	0	268	1021	88	4957	4679	4471	6962	2088	1557	1282	545	179	152	220	185	300	2	101	135	108	2	110	0	37	18	21	7	0	0	0	0	0	0	0	0	0	0	0	0	0	0	0	0	0	0	0	0	0	0	0	0	0	0	0	252	238	232	259	240	240	191	183	179	42	38	62	85	83	72	83	80	75	63	66	52	42	23	23	14	12	1	1	1	0	0	0	0	0	0	0	0	0	0	0	0	0	0	0	0	0	0	0	0	0	0	0
215.00003946224723	35	0	1218	0	348	1100	142	5268	4926	4731	7253	2331	1762	1475	687	223	184	290	261	382	2	154	220	173	2	174	0	94	50	47	20	0	1	0	0	1	0	0	0	0	0	0	0	0	0	0	0	0	0	0	0	0	0	0	0	0	0	0	255	251	239	271	240	243	208	199	193	50	42	70	98	96	86	88	84	85	82	96	62	60	46	51	39	27	13	9	10	6	1	0	0	0	0	0	0	0	0	0	0	0	0	0	0	0	0	0	0	0	0	0
220.00000106710644	17	0	1130	0	439	1204	200	5527	5149	4924	7477	2533	1946	1665	852	261	221	350	362	473	1	244	298	269	11	263	0	158	84	96	38	0	5	5	9	7	0	1	0	0	0	0	0	0	0	0	0	0	0	0	0	0	0	0	0	0	0	0	258	254	251	283	249	247	225	210	210	53	45	75	113	108	101	100	102	97	87	107	73	64	54	66	56	45	18	19	20	16	10	9	3	2	1	0	0	0	0	0	0	0	0	0	0	0	0	0	0	0	0	0
225.00000770874294	16	0	1075	0	501	1286	275	5724	5344	5116	7696	2796	2120	1822	1044	301	263	424	453	559	7	343	376	344	12	348	1	230	132	144	78	0	19	19	19	18	0	6	2	0	0	0	0	0	0	0	0	0	0	0	0	0	0	0	0	0	0	0	263	256	255	294	258	249	234	221	234	56	52	87	118	118	109	124	114	104	99	121	99	77	71	79	67	73	43	39	36	32	18	21	20	18	8	3	2	0	0	0	0	0	0	0	0	0	0	0	0	0	0	0
230.00001037704607	13	0	990	0	586	1389	347	5923	5535	5291	7909	3060	2291	1981	1246	338	299	477	550	628	4	416	460	423	7	431	8	294	174	195	132	0	37	39	41	41	0	15	14	6	0	3	0	0	0	0	0	0	0	0	0	0	0	0	0	0	0	0	264	263	257	299	267	257	244	234	243	63	53	91	131	129	119	136	135	132	120	138	104	84	76	92	84	86	72	68	67	63	35	25	29	29	23	20	16	1	0	0	0	0	0	0	0	0	0	0	0	0	0	0
235.00000778397487	11	0	938	0	646	1502	408	6115	5696	5447	8094	3300	2436	2139	1438	390	329	531	640	705	9	501	535	495	15	518	37	352	220	254	176	0	80	68	73	77	2	32	34	20	7	13	2	0	0	0	0	0	0	0	0	0	0	0	0	0	0	0	274	266	258	304	277	264	259	243	256	77	74	106	137	133	130	151	140	136	133	166	114	92	76	95	92	96	86	84	85	77	52	31	37	36	31	31	29	12	4	0	0	0	0	0	0	0	0	0	0	0	0	0
240.0000054336247	9	0	878	0	713	1628	476	6263	5830	5603	8261	3506	2581	2280	1630	430	366	586	716	781	7	587	626	562	7	612	94	457	259	309	227	0	133	110	119	123	12	53	52	38	23	29	11	0	0	0	0	0	0	0	0	0	0	0	0	0	0	0	283	274	266	304	290	265	266	248	261	92	83	126	160	159	149	159	159	153	145	175	143	142	121	122	100	110	102	97	91	87	67	51	64	56	38	37	35	25	11	4	0	0	0	0	0	0	0	0	0	0	0	0
245.00000303606058	9	0	813	0	777	1779	537	6441	5960	5745	8436	3698	2707	2422	1810	474	410	639	795	863	17	668	695	641	18	694	153	534	316	367	283	5	168	148	165	168	27	85	70	58	39	41	31	0	0	0	0	0	0	0	0	0	0	0	0	0	0	0	290	284	279	318	296	273	283	262	274	94	85	127	172	171	169	184	175	163	159	196	172	179	170	178	157	122	114	115	115	113	72	56	72	70	67	64	54	28	23	10	2	0	0	0	0	0	0	0	0	0	0	0
250.00003913224043	13	0	747	0	856	1938	608	6584	6088	5859	8597	3867	2843	2552	1976	524	444	699	861	945	21	755	776	702	15	789	223	605	390	433	329	13	225	205	206	224	51	109	101	83	54	64	45	0	0	0	0	0	0	0	0	0	0	0	0	0	0	0	303	297	283	327	300	282	297	284	288	97	90	128	172	172	172	201	200	193	173	209	178	187	179	202	194	136	120	120	119	118	93	77	90	79	76	73	73	29	29	25	3	0	0	0	0	0	0	0	0	0	0	0
255.00000864658315	5	0	667	0	936	2086	677	6732	6202	5984	8726	4051	2974	2667	2126	569	475	750	951	1011	24	847	849	772	21	875	302	683	461	516	392	35	271	257	260	271	79	139	127	125	87	94	76	0	3	0	0	0	0	0	0	0	0	0	0	0	0	0	309	306	298	334	308	292	308	292	303	99	90	137	180	182	175	209	207	205	198	226	178	187	180	206	202	197	162	141	137	129	97	81	105	102	102	92	80	29	34	30	5	1	0	0	0	0	0	0	0	0	0	0
260.00000306936886	6	0	599	0	1004	2259	763	6849	6311	6102	8864	4216	3092	2781	2279	607	513	803	1019	1084	28	931	937	856	16	963	394	763	533	605	482	66	330	307	309	314	107	174	151	168	116	129	104	1	7	1	1	0	0	0	0	0	0	0	0	0	0	0	320	313	307	352	311	306	317	305	311	101	91	137	183	184	184	213	211	211	208	250	180	187	180	206	206	226	219	203	200	187	108	86	116	113	111	109	102	48	41	35	6	3	2	1	0	0	0	0	0	0	0	0
265.00001384539814	2	0	531	0	1072	2443	836	6995	6437	6218	8993	4361	3201	2910	2434	650	546	861	1093	1156	26	1026	1017	933	17	1057	474	835	600	684	561	107	382	370	358	375	143	221	192	208	154	163	131	5	20	7	1	0	1	0	0	0	0	0	0	0	0	0	330	322	318	357	315	318	322	313	317	102	94	143	189	187	184	223	223	215	212	256	204	208	195	210	206	239	239	236	236	225	136	107	121	121	118	118	115	65	63	42	6	4	10	7	0	0	0	0	0	0	0	0
270.00000052726386	6	0	472	0	1126	2621	897	7118	6550	6315	9139	4487	3330	3024	2571	689	578	908	1155	1224	34	1099	1103	1008	13	1147	556	910	663	755	638	172	465	444	432	459	179	252	245	249	188	187	166	18	32	14	3	0	2	0	0	0	0	0	0	0	0	0	332	330	323	370	315	322	325	321	327	104	94	144	191	190	190	226	225	225	223	265	217	228	223	249	231	242	243	241	241	233	180	167	187	173	145	126	122	76	90	61	8	6	15	10	2	0	0	0	0	0	0	0
275.000018067489	5	0	399	0	1200	2700	982	7237	6666	6431	9270	4613	3438	3131	2699	722	617	953	1234	1287	37	1176	1179	1089	11	1235	641	979	744	815	715	234	552	531	514	531	221	301	287	289	229	232	203	39	47	26	7	0	6	1	0	0	0	0	0	0	0	0	333	333	331	376	327	325	337	323	335	104	94	145	192	191	191	233	231	227	225	280	226	248	243	261	253	247	248	245	245	235	183	171	213	211	205	194	167	112	113	89	10	6	24	18	8	0	0	0	0	0	0	0
280.00000167806274	6	0	346	0	1254	2827	1029	7342	6766	6534	9380	4740	3562	3238	2825	771	648	989	1296	1340	47	1255	1250	1164	20	1325	737	1059	826	883	781	299	624	596	599	610	306	374	357	343	275	277	240	50	63	37	9	0	11	4	0	0	0	0	0	0	0	0	346	336	334	385	334	326	354	337	344	123	114	157	198	198	194	238	239	232	231	286	238	253	243	271	273	272	261	255	249	249	210	198	235	225	219	214	209	128	158	113	16	7	36	33	11	0	0	0	0	0	0	0
285.00000377922623	2	0	316	0	1292	2919	1094	7447	6863	6649	9501	4853	3654	3337	2951	819	676	1039	1376	1395	63	1324	1319	1239	19	1425	824	1195	894	975	862	362	702	675	683	692	380	421	423	414	335	332	290	77	83	50	11	0	19	5	0	0	0	0	0	0	0	0	348	347	338	387	350	330	357	350	353	135	126	175	219	213	199	239	239	238	238	298	264	289	276	296	281	297	293	286	279	275	247	249	284	272	254	238	225	161	175	151	24	9	47	46	23	1	0	0	0	0	0	0
290.000004592716	3	0	263	0	1347	3019	1158	7558	6964	6748	9623	4976	3739	3437	3092	858	710	1095	1440	1457	74	1401	1381	1317	20	1505	896	1273	965	1053	959	426	764	748	746	767	459	482	476	492	404	404	348	103	115	65	14	0	27	13	0	0	0	0	0	0	0	0	356	348	347	393	367	331	357	357	369	136	129	181	240	238	236	252	246	244	238	308	286	322	319	336	316	319	317	305	302	299	272	265	312	310	299	282	265	179	207	174	33	15	56	54	35	2	0	0	0	0	0	0
295.00000226078146	5	0	220	0	1388	3051	1235	7639	7060	6852	9729	5099	3838	3532	3215	896	748	1152	1493	1511	85	1477	1433	1393	15	1589	980	1345	1041	1133	1038	491	849	838	810	860	535	536	553	564	469	469	420	144	156	94	19	0	39	21	0	0	0	0	0	0	0	0	359	357	348	400	370	333	362	358	376	147	140	198	242	241	240	294	289	266	241	313	291	326	321	357	347	340	323	323	322	323	303	295	353	337	321	313	305	197	230	208	37	22	66	59	43	14	1	1	1	0	0	0
300.0000054700721	1	0	166	0	1439	3122	1288	7746	7142	6925	9835	5217	3933	3619	3329	926	786	1208	1559	1579	103	1541	1495	1456	11	1662	1074	1432	1112	1223	1109	580	919	929	878	933	603	600	635	640	549	531	487	181	196	116	24	0	51	28	0	0	0	0	0	0	0	0	363	358	358	405	378	342	372	362	378	148	140	198	261	258	258	303	300	294	268	334	300	327	321	358	359	369	359	348	340	335	307	300	367	366	358	354	333	273	256	235	43	25	71	72	54	20	7	5	4	1	0	0
305.00002248229526	2	0	138	0	1470	3204	1341	7834	7229	7005	9942	5320	4024	3694	3442	963	806	1244	1616	1641	145	1608	1564	1524	21	1745	1150	1505	1187	1304	1192	697	998	994	952	1008	664	658	711	709	625	594	552	218	242	155	35	0	67	42	0	0	0	0	0	0	0	0	369	369	361	413	382	349	382	372	381	149	140	199	263	262	260	323	318	296	268	346	301	327	321	359	359	406	397	382	376	371	319	304	368	369	369	368	367	321	344	260	47	26	75	72	60	26	20	20	19	10	1	0
310.000002690251	1	0	115	0	1488	3304	1398	7920	7312	7075	10025	5409	4114	3757	3541	991	834	1287	1682	1696	191	1674	1631	1598	18	1826	1229	1587	1261	1380	1268	785	1071	1074	1032	1085	739	722	779	787	711	671	634	243	311	203	44	1	79	56	0	0	0	1	2	0	0	0	370	371	367	418	389	357	393	378	385	149	140	199	263	263	262	328	325	317	275	350	301	328	321	359	359	418	417	413	415	410	359	345	400	379	372	369	369	348	398	336	54	26	77	76	68	36	26	24	25	19	4	5
315.00001112950423	3	0	85	0	1519	3391	1483	8008	7375	7142	10116	5511	4185	3837	3652	1014	863	1324	1741	1734	206	1745	1694	1671	19	1905	1308	1662	1321	1460	1352	873	1149	1149	1116	1158	828	788	864	854	774	755	702	294	368	254	57	2	95	72	0	0	0	4	5	0	0	0	374	374	369	424	394	362	407	388	390	152	144	199	263	263	263	328	326	328	312	366	315	348	337	363	359	420	420	418	418	418	379	368	435	431	415	403	380	357	433	397	73	44	100	78	72	47	45	37	34	27	17	13
320.00000453476423	1	0	84	0	1515	3447	1553	8099	7448	7223	10219	5608	4256	3927	3742	1065	889	1362	1814	1785	269	1816	1772	1743	16	1991	1384	1720	1388	1539	1419	967	1219	1246	1191	1244	887	873	949	929	856	842	771	350	429	296	67	8	114	81	2	0	0	10	9	3	0	3	382	375	371	429	401	367	418	406	395	168	164	215	263	263	263	328	327	328	314	396	346	388	381	409	388	422	422	422	420	420	387	380	457	456	448	440	432	361	443	433	86	54	109	101	76	48	52	53	53	45	23	34
325.0000058845381	4	0	68	0	1535	3502	1602	8169	7542	7297	10293	5694	4333	3995	3840	1095	910	1396	1873	1841	302	1888	1831	1815	24	2066	1466	1791	1462	1618	1491	1063	1301	1321	1275	1315	961	948	1041	1008	947	921	844	404	510	356	81	10	125	94	6	0	0	16	11	5	0	8	389	386	375	429	405	376	438	416	405	172	164	222	284	277	265	329	329	328	327	416	348	389	386	427	427	430	424	424	422	422	418	420	493	480	464	457	456	368	447	444	95	66	122	116	79	65	64	61	59	53	31	41
330.00001304582315	0	0	49	0	1558	3516	1667	8236	7610	7364	10370	5796	4414	4073	3953	1124	945	1435	1931	1884	323	1952	1895	1865	19	2149	1541	1857	1532	1674	1558	1155	1374	1392	1348	1382	1052	1011	1126	1093	1024	994	928	460	578	413	94	11	149	108	13	0	0	23	19	12	0	15	392	391	385	440	411	383	459	428	428	173	164	222	286	277	265	334	334	330	329	423	359	391	387	432	432	464	441	430	425	426	423	423	510	506	505	494	474	401	455	447	95	86	148	131	103	73	66	65	63	62	39	59
335.00000829841593	5	0	61	0	1546	3542	1728	8295	7678	7419	10433	5889	4521	4151	4037	1153	965	1467	1985	1944	372	2027	1966	1921	12	2228	1620	1900	1596	1749	1639	1240	1458	1472	1419	1449	1130	1105	1233	1173	1117	1078	1006	539	663	487	108	12	169	127	20	0	4	35	35	16	0	23	396	393	391	446	420	391	477	444	438	173	164	224	286	277	265	334	334	334	333	428	374	409	398	435	433	495	482	468	465	459	426	426	520	517	513	512	506	451	491	453	95	94	156	152	118	77	100	98	87	68	47	59
340.00000629719193	1	0	50	0	1555	3579	1770	8358	7737	7486	10527	5961	4578	4223	4134	1172	988	1512	2040	1984	403	2087	2014	1979	20	2304	1707	1980	1667	1831	1713	1326	1522	1534	1486	1525	1218	1179	1317	1262	1210	1159	1089	612	740	573	121	14	197	149	34	0	7	45	45	31	0	35	397	397	393	449	424	399	483	468	442	173	164	224	289	281	267	336	336	334	334	431	402	450	449	483	453	503	500	498	497	495	451	437	531	529	522	522	519	488	543	490	100	95	182	172	131	78	105	104	104	103	62	84
345.0000001135883	2	0	43	0	1565	3667	1819	8432	7798	7539	10601	6034	4637	4303	4218	1209	1013	1557	2090	2024	430	2146	2082	2030	26	2369	1772	2072	1726	1900	1785	1413	1604	1604	1557	1597	1298	1246	1413	1346	1304	1256	1174	672	821	666	138	22	227	176	44	0	9	60	59	39	0	45	407	399	396	452	431	411	498	482	465	179	166	224	290	281	269	338	336	336	336	431	406	458	456	505	504	504	504	503	501	503	461	454	555	553	542	534	529	513	587	537	103	95	185	183	153	80	112	110	111	107	79	97
350.000001927714	2	0	46	0	1569	3723	1874	8493	7850	7608	10663	6113	4726	4366	4311	1237	1029	1593	2144	2070	471	2195	2138	2086	27	2425	1840	2149	1799	1971	1866	1494	1676	1685	1636	1658	1386	1312	1494	1437	1387	1337	1253	746	898	742	159	31	249	192	60	0	19	76	77	56	2	60	415	408	401	456	433	425	510	496	488	200	184	245	295	283	271	346	346	344	336	434	406	460	458	510	508	529	513	508	505	505	498	503	591	583	561	556	554	521	616	590	109	99	185	184	176	105	114	113	113	111	97	118
355.0000001192008	2	0	36	0	1585	3772	1936	8559	7909	7673	10723	6169	4792	4431	4388	1260	1057	1620	2190	2117	495	2263	2190	2143	18	2491	1896	2218	1860	2054	1939	1562	1752	1780	1700	1724	1468	1391	1593	1521	1467	1407	1344	808	970	811	174	37	280	223	73	0	24	91	101	73	4	74	416	414	408	464	433	430	521	503	503	216	204	266	316	306	285	349	349	349	346	444	412	466	461	517	509	580	565	547	536	528	506	506	623	624	611	598	579	523	625	617	124	102	198	188	185	114	122	115	115	115	101	128
360.000012504561	2	0	51	0	1584	3810	1988	8632	7965	7733	10795	6237	4850	4501	4468	1294	1078	1653	2237	2159	528	2311	2231	2194	20	2551	1962	2291	1927	2125	2016	1656	1820	1860	1768	1794	1537	1454	1676	1601	1548	1489	1430	891	1052	884	191	47	304	253	84	1	37	109	117	92	11	91	420	416	414	473	442	440	534	517	519	220	204	266	316	307	293	370	357	350	349	449	415	466	461	517	516	584	583	582	581	581	521	514	629	629	624	622	621	540	626	626	128	107	207	204	185	139	149	146	138	122	112	155
365.0000012490242	1	0	40	0	1599	3823	2017	8681	8019	7778	10848	6317	4922	4582	4552	1320	1116	1690	2279	2210	550	2369	2279	2247	21	2608	2028	2356	1986	2187	2097	1745	1886	1946	1836	1865	1611	1503	1760	1681	1637	1571	1515	957	1158	955	211	59	325	283	103	1	47	124	130	114	25	107	423	422	415	477	450	446	558	525	537	228	216	277	316	307	293	372	371	371	356	458	416	467	463	522	517	589	584	584	584	583	532	516	634	634	627	629	629	563	650	626	130	121	228	211	190	161	155	150	149	147	115	161
370.00000867372654	0	0	39	0	1604	3855	2061	8732	8072	7835	10914	6373	4982	4646	4653	1351	1147	1730	2321	2254	573	2422	2328	2296	21	2668	2091	2418	2053	2257	2158	1832	1959	2022	1900	1937	1697	1583	1843	1766	1715	1652	1596	1042	1253	1053	230	76	358	302	124	4	64	142	145	137	38	129	424	423	422	478	456	454	567	549	550	228	217	277	316	307	293	372	372	372	370	478	416	467	463	523	523	599	597	593	592	590	533	517	637	636	635	633	634	614	677	650	130	129	247	233	205	174	201	190	174	156	123	165
375.00000684969996	4	0	40	0	1607	3859	2116	8775	8126	7891	10974	6442	5054	4705	4739	1379	1168	1754	2362	2286	612	2472	2373	2355	24	2742	2167	2483	2119	2317	2231	1914	2028	2091	1974	2012	1787	1650	1936	1841	1807	1731	1683	1130	1335	1143	248	89	381	326	145	9	86	170	166	156	49	146	440	426	423	485	458	455	576	560	570	244	242	287	316	307	295	372	372	372	371	480	443	501	487	531	523	603	601	601	600	598	534	518	637	637	636	637	636	625	727	677	133	130	257	249	211	188	208	206	206	200	123	172
380.00000091706374	2	0	40	0	1604	3893	2160	8832	8186	7941	11036	6508	5126	4767	4811	1411	1202	1794	2403	2325	656	2519	2422	2413	18	2807	2238	2544	2185	2387	2288	2007	2099	2158	2051	2093	1863	1724	2015	1934	1887	1817	1763	1207	1418	1241	264	108	414	347	161	14	98	193	190	169	70	156	453	440	428	487	461	457	578	576	576	247	243	295	334	321	297	379	377	377	372	483	448	512	510	566	554	614	612	606	605	605	557	549	665	652	637	637	637	627	745	723	139	130	261	260	233	188	240	232	219	206	136	174
385.0000020890925	2	0	36	0	1606	3912	2195	8890	8233	7994	11097	6573	5196	4844	4881	1440	1233	1848	2437	2366	701	2564	2466	2456	33	2859	2305	2600	2253	2456	2359	2088	2169	2225	2124	2177	1942	1792	2101	2026	1967	1898	1852	1290	1506	1326	285	117	441	381	182	22	115	219	212	189	83	174	456	452	444	496	468	461	580	579	589	251	243	301	344	337	319	380	380	380	378	493	450	521	515	575	575	617	615	614	614	614	590	584	703	691	677	666	651	627	748	746	147	133	270	263	251	193	244	244	241	240	142	174
390.00000454762994	0	0	37	0	1607	3894	2247	8964	8283	8051	11150	6630	5265	4908	4948	1480	1263	1892	2479	2406	740	2620	2504	2505	15	2916	2367	2679	2322	2524	2418	2168	2233	2295	2201	2253	2013	1851	2173	2101	2051	1980	1940	1359	1601	1435	298	132	478	423	205	29	140	251	236	212	97	198	458	457	452	511	476	468	593	580	604	264	249	317	391	387	376	424	402	381	380	497	450	521	517	582	582	646	631	625	620	617	614	610	744	736	718	703	690	633	748	748	148	138	281	276	259	202	249	247	247	244	190	200
395.0000006563051	2	0	26	0	1618	3949	2297	9011	8342	8112	11213	6686	5334	4974	5036	1504	1290	1929	2517	2444	778	2672	2557	2548	22	2971	2433	2741	2387	2592	2479	2247	2310	2359	2272	2326	2086	1917	2260	2170	2129	2044	2006	1432	1688	1528	316	147	510	457	234	40	152	274	275	245	113	228	459	459	457	516	480	473	614	587	625	281	271	340	408	402	390	474	455	436	411	499	451	523	517	583	583	671	669	660	654	648	623	615	751	749	749	749	730	666	765	748	148	146	294	285	263	209	251	252	252	250	209	246
400.00000561419665	2	0	28	0	1617	3978	2338	9067	8397	8161	11273	6758	5398	5056	5114	1540	1321	1962	2565	2489	822	2717	2603	2598	25	3033	2495	2797	2451	2664	2546	2320	2375	2431	2341	2399	2164	1988	2355	2248	2210	2115	2085	1494	1797	1614	341	165	548	484	255	53	175	301	300	275	126	248	465	462	459	521	481	477	624	604	635	281	272	345	421	412	392	479	479	477	459	562	451	523	519	587	583	683	678	676	674	672	651	641	774	762	753	753	750	708	800	765	149	148	312	303	280	246	267	267	262	252	238	275
405.0000000027093	1	0	22	0	1628	4062	2391	9126	8442	8212	11325	6818	5475	5120	5189	1570	1354	2000	2609	2528	843	2769	2653	2643	21	3087	2561	2861	2513	2724	2614	2404	2450	2508	2407	2464	2235	2070	2427	2336	2295	2214	2163	1577	1871	1693	359	174	572	512	282	67	204	322	329	304	143	274	475	466	462	522	489	479	624	623	652	295	291	361	424	416	396	480	479	479	479	597	460	528	523	593	586	686	685	684	683	683	655	643	785	785	783	776	759	740	854	801	156	148	313	313	287	255	296	279	269	268	250	316
410.0000075331307	3	0	32	0	1622	4085	2439	9180	8496	8254	11378	6874	5542	5181	5247	1603	1387	2039	2661	2568	888	2820	2707	2678	25	3146	2616	2925	2570	2805	2676	2479	2529	2582	2483	2535	2294	2140	2497	2409	2388	2287	2247	1652	1991	1792	372	190	603	539	310	78	233	341	350	319	164	303	486	480	467	528	493	487	626	626	663	306	295	365	451	446	432	500	484	480	480	600	542	615	595	637	596	692	690	686	686	686	667	661	791	785	785	785	785	751	884	847	159	148	318	314	305	256	315	315	314	297	257	327
415.00001189586584	0	0	30	0	1623	4096	2473	9227	8550	8298	11446	6942	5615	5260	5326	1627	1425	2091	2702	2611	919	2872	2763	2726	30	3213	2671	2975	2628	2863	2739	2558	2604	2655	2562	2600	2359	2207	2583	2488	2478	2393	2322	1738	2072	1876	392	217	632	587	332	93	259	376	380	341	185	342	489	486	479	534	502	496	637	627	666	311	309	379	457	456	452	542	529	508	482	601	593	672	668	723	678	696	695	691	691	691	687	686	839	830	810	794	785	775	903	882	175	153	322	321	313	273	329	330	321	315	260	329
420.00000168924663	0	0	18	0	1631	4102	2516	9278	8598	8358	11504	6990	5696	5321	5408	1658	1456	2118	2739	2651	963	2924	2817	2778	30	3268	2728	3029	2693	2930	2802	2632	2692	2713	2633	2680	2438	2277	2668	2564	2561	2471	2402	1817	2155	1956	412	234	668	616	353	114	291	408	407	365	204	370	491	490	487	545	515	498	654	635	666	311	309	389	479	478	470	552	551	552	529	624	597	676	671	743	742	719	702	702	701	699	691	691	852	847	843	841	828	779	924	902	180	157	332	330	314	282	335	331	331	330	288	338
425.0000085822204	2	0	19	0	1629	4120	2566	9323	8643	8408	11564	7036	5746	5398	5480	1689	1490	2159	2779	2699	1014	2982	2862	2828	21	3330	2788	3088	2748	2985	2853	2697	2760	2790	2710	2761	2507	2343	2736	2646	2645	2553	2492	1895	2259	2046	433	246	699	652	380	129	323	441	437	400	227	399	496	491	489	554	521	503	666	652	679	315	309	389	481	481	476	575	566	552	532	657	600	680	673	745	745	790	760	742	727	719	701	697	857	857	855	851	849	798	934	926	183	170	334	334	320	293	354	351	348	337	298	365
430.00000199745773	2	0	26	0	1624	4158	2598	9369	8695	8457	11608	7092	5801	5472	5548	1720	1513	2197	2821	2742	1065	3042	2922	2880	30	3390	2851	3151	2805	3053	2914	2792	2825	2855	2784	2839	2570	2404	2823	2716	2743	2634	2567	1957	2334	2145	441	264	733	686	411	144	345	482	475	429	245	433	503	496	491	554	526	504	670	664	692	317	312	398	487	484	483	581	580	568	542	664	602	680	673	747	747	855	840	813	798	790	716	702	860	857	857	856	857	818	952	935	188	171	352	344	329	298	376	372	363	355	307	380
435.00000111225035	0	0	24	0	1624	4137	2668	9411	8740	8499	11647	7160	5859	5532	5602	1751	1542	2231	2869	2785	1113	3101	2966	2926	28	3440	2894	3217	2876	3125	2992	2872	2893	2917	2847	2901	2642	2466	2901	2806	2812	2707	2646	2048	2426	2240	459	282	762	731	443	161	377	513	508	455	268	473	509	505	494	558	526	508	673	671	704	327	323	401	500	500	491	589	585	572	546	674	617	699	681	748	747	861	862	860	847	828	718	703	868	867	863	862	857	823	970	949	188	171	356	353	335	298	383	383	383	378	346	425
440.00000481143604	0	0	18	0	1626	4169	2725	9462	8787	8526	11697	7221	5923	5592	5669	1781	1562	2268	2912	2826	1164	3156	3012	2971	28	3499	2950	3293	2928	3197	3061	2957	2965	3000	2915	2981	2700	2515	2961	2889	2894	2772	2710	2114	2509	2321	479	297	793	750	468	186	405	547	546	485	298	509	513	511	501	563	531	510	680	672	713	345	343	419	514	511	501	607	598	591	588	707	654	738	732	792	771	868	868	862	848	829	719	704	869	869	869	868	868	829	978	971	192	187	362	359	347	300	394	393	391	383	362	456
445.000002098024	1	0	23	0	1628	4164	2761	9513	8839	8566	11754	7287	5986	5654	5729	1807	1592	2306	2952	2870	1205	3218	3067	3025	40	3551	3009	3361	2984	3258	3136	3035	3043	3077	2977	3048	2750	2582	3043	2976	2976	2852	2796	2200	2598	2407	498	313	822	778	503	217	444	581	576	506	325	553	517	514	505	569	539	518	687	683	728	349	344	430	534	524	501	608	608	608	600	730	677	760	745	809	809	874	869	864	849	829	721	705	869	869	869	869	869	833	987	977	194	188	390	381	353	319	397	397	395	394	378	465
450.0000150531153	1	0	19	0	1635	4165	2820	9562	8889	8601	11792	7343	6050	5709	5811	1839	1619	2341	2991	2914	1244	3278	3123	3067	32	3608	3060	3410	3053	3331	3201	3102	3121	3149	3051	3112	2835	2658	3117	3031	3035	2933	2874	2285	2685	2492	513	331	851	809	535	237	474	624	609	543	354	596	523	518	509	572	546	531	693	687	739	357	355	434	535	527	515	609	609	609	608	750	718	807	793	856	830	899	883	869	852	832	722	705	872	872	872	869	869	846	989	986	196	192	407	400	359	322	410	401	398	398	392	481
455.0000016380222	1	0	15	0	1645	4152	2865	9609	8942	8644	11840	7391	6097	5778	5889	1856	1654	2378	3043	2963	1285	3325	3155	3110	29	3676	3113	3478	3115	3394	3278	3170	3222	3232	3119	3181	2890	2711	3190	3114	3110	3019	2939	2354	2774	2586	529	350	887	835	564	264	506	668	652	575	387	637	525	523	519	573	556	538	706	689	760	363	355	445	544	537	525	625	624	616	609	751	725	818	811	887	878	939	924	901	880	854	725	708	872	872	872	872	872	867	1014	987	197	194	422	414	375	330	427	427	423	409	393	487
460.0000041303997	1	0	19	0	1644	4148	2896	9653	8985	8701	11905	7436	6148	5844	5944	1891	1689	2414	3084	3004	1327	3386	3201	3171	39	3739	3159	3548	3177	3457	3339	3232	3297	3307	3215	3259	2984	2782	3267	3174	3184	3097	3008	2429	2869	2667	544	371	931	868	595	284	535	698	691	618	413	684	527	524	523	588	557	540	718	703	770	370	357	445	553	553	552	648	633	625	625	760	727	822	819	892	883	962	945	938	936	935	797	775	916	889	872	872	872	872	1042	1012	197	196	434	429	398	351	431	430	430	427	398	502
465.0000022825299	0	0	24	0	1638	4133	2973	9699	9026	8731	11961	7491	6209	5900	6005	1917	1721	2456	3130	3035	1389	3439	3249	3238	28	3815	3210	3613	3243	3525	3390	3318	3391	3375	3289	3327	3055	2841	3335	3236	3251	3163	3079	2508	2948	2749	561	387	961	917	625	306	574	727	727	658	436	713	538	529	525	589	562	553	725	713	780	371	363	453	553	553	553	666	665	655	628	774	748	846	833	907	903	1008	992	979	973	962	879	868	1004	979	943	917	889	872	1054	1040	205	197	435	436	414	358	446	443	444	433	413	513
470.0000029356549	1	0	17	0	1644	4151	2999	9749	9061	8775	12020	7528	6268	5965	6069	1950	1746	2492	3178	3083	1423	3495	3297	3288	37	3873	3280	3695	3310	3609	3457	3391	3465	3452	3382	3406	3112	2907	3397	3302	3329	3228	3142	2576	3025	2846	578	405	1000	954	655	335	618	768	771	702	464	749	540	537	532	592	567	559	732	725	788	373	363	456	561	562	562	668	667	666	666	801	764	862	854	936	922	1017	1015	1015	1016	1011	913	899	1054	1055	1034	1006	972	872	1057	1054	212	197	441	439	431	364	478	478	464	447	430	548
475.0000104910017	0	0	16	0	1645	4161	3040	9789	9105	8807	12064	7580	6319	6044	6137	1986	1773	2524	3225	3133	1462	3544	3346	3333	51	3938	3344	3753	3375	3683	3525	3474	3543	3537	3464	3474	3177	2982	3493	3384	3409	3297	3213	2647	3101	2922	590	431	1037	987	693	361	652	804	801	735	500	785	543	541	538	600	570	563	738	729	798	395	388	478	568	566	564	681	679	670	667	818	775	880	875	949	940	1039	1036	1022	1017	1017	999	989	1131	1108	1077	1055	1052	877	1063	1057	215	204	441	441	436	373	494	489	486	480	437	563
480.0000077393301	1	0	18	0	1639	4138	3105	9827	9141	8854	12109	7628	6378	6103	6215	2021	1798	2555	3264	3175	1514	3604	3407	3393	29	4005	3417	3820	3447	3756	3584	3554	3614	3607	3535	3549	3239	3053	3580	3471	3479	3378	3291	2730	3183	3008	607	443	1075	1023	724	398	679	832	846	777	537	829	545	544	541	604	573	575	748	736	802	401	399	490	589	580	569	681	681	681	681	821	777	880	875	965	964	1059	1046	1041	1041	1039	1017	1014	1191	1192	1162	1134	1090	878	1067	1063	215	212	453	445	440	400	502	503	503	495	458	580
485.0000010827877	1	0	17	0	1641	4136	3146	9870	9190	8888	12159	7678	6431	6149	6275	2050	1831	2590	3303	3209	1558	3646	3453	3442	43	4079	3485	3884	3514	3834	3657	3632	3693	3695	3614	3619	3304	3119	3659	3562	3557	3455	3366	2805	3272	3081	627	464	1099	1057	761	422	717	863	879	812	580	875	549	549	544	607	578	581	753	745	809	405	400	496	605	595	572	685	685	681	681	837	777	880	875	965	964	1077	1077	1076	1069	1062	1040	1040	1215	1209	1197	1194	1169	932	1069	1067	215	215	465	459	441	422	532	523	511	503	468	591
490.0000003401575	0	0	21	0	1635	4104	3206	9911	9231	8924	12214	7725	6491	6202	6324	2076	1861	2618	3352	3255	1608	3706	3505	3492	37	4145	3543	3949	3571	3907	3718	3708	3769	3753	3682	3679	3369	3191	3751	3650	3648	3537	3449	2884	3358	3158	640	485	1132	1091	795	457	742	905	914	843	607	931	551	549	548	610	589	583	761	753	815	407	401	496	606	597	586	699	688	686	685	839	785	885	881	972	970	1103	1094	1087	1081	1078	1054	1047	1230	1231	1225	1220	1209	1024	1122	1068	217	215	468	465	446	430	558	551	544	533	493	608
495.0000025774614	0	0	11	0	1645	4106	3274	9953	9275	8959	12256	7770	6543	6257	6382	2107	1893	2650	3400	3318	1643	3748	3550	3549	36	4201	3600	4015	3637	3972	3788	3778	3834	3817	3750	3756	3449	3259	3830	3745	3737	3629	3521	2970	3444	3237	662	502	1166	1129	821	478	780	940	959	890	635	965	552	551	548	614	591	586	765	755	828	416	404	498	610	602	590	704	702	702	687	844	793	890	881	973	972	1104	1104	1104	1104	1103	1058	1049	1233	1233	1233	1233	1231	1140	1215	1115	218	215	475	470	460	435	576	573	567	558	498	626
500.0000120993136	1	0	15	0	1647	4139	3311	9988	9310	9000	12294	7814	6615	6315	6448	2134	1919	2683	3450	3372	1692	3792	3607	3601	39	4249	3647	4086	3702	4042	3863	3858	3911	3893	3829	3835	3543	3348	3918	3827	3815	3727	3622	3035	3520	3320	680	521	1198	1171	850	501	823	991	1007	931	669	1008	557	554	551	616	593	589	768	759	835	420	404	499	617	617	617	723	708	705	702	852	794	890	886	978	973	1111	1106	1105	1105	1105	1076	1061	1243	1243	1234	1233	1233	1186	1338	1199	234	216	481	479	465	436	590	585	581	578	519	631
505.0000044065534	3	0	8	0	1657	4212	3382	10033	9349	9042	12345	7859	6666	6370	6502	2154	1943	2713	3492	3415	1727	3840	3665	3642	35	4312	3709	4159	3758	4102	3927	3942	3987	3956	3907	3910	3617	3440	3993	3913	3907	3825	3722	3098	3602	3398	695	533	1229	1197	880	532	860	1031	1042	970	701	1061	559	557	555	616	602	594	773	768	842	420	408	500	617	617	617	739	739	732	711	867	796	896	894	984	979	1115	1115	1115	1115	1115	1100	1094	1284	1266	1250	1243	1243	1190	1386	1326	260	217	489	486	471	439	594	593	593	591	535	660
510.0000021121929	0	0	10	0	1667	4262	3433	10081	9390	9082	12385	7907	6726	6424	6564	2189	1975	2747	3522	3450	1765	3881	3712	3697	38	4361	3762	4213	3812	4172	4011	4032	4055	4036	3976	3994	3700	3503	4085	4001	3993	3906	3814	3162	3679	3470	711	544	1258	1219	913	559	895	1070	1080	1013	733	1106	560	559	558	623	606	598	779	770	858	432	426	526	627	624	619	744	743	739	738	898	797	900	896	990	989	1120	1119	1119	1118	1116	1110	1104	1292	1288	1285	1285	1263	1190	1391	1386	280	224	492	491	479	446	600	599	594	594	536	666
515.0000037850072	0	0	13	0	1670	4271	3490	10118	9424	9120	12424	7947	6793	6486	6617	2219	2000	2778	3567	3484	1813	3934	3755	3743	35	4413	3831	4266	3871	4234	4067	4104	4142	4097	4057	4061	3788	3563	4163	4086	4088	3987	3895	3238	3757	3546	725	566	1297	1258	954	584	927	1104	1123	1048	762	1149	566	560	558	624	608	601	782	778	879	434	426	530	647	639	627	745	745	745	742	905	797	900	898	992	989	1124	1119	1119	1119	1119	1113	1106	1299	1299	1299	1293	1286	1237	1394	1390	287	233	492	492	486	455	610	609	602	600	590	715
520.0000042451649	0	0	11	0	1675	4297	3529	10164	9471	9153	12474	7995	6845	6518	6663	2257	2040	2816	3610	3529	1863	3972	3813	3793	50	4461	3883	4320	3935	4289	4120	4179	4204	4167	4139	4130	3862	3626	4259	4164	4164	4094	3973	3322	3851	3625	736	580	1328	1292	1001	618	970	1141	1158	1083	787	1197	571	568	558	624	610	609	794	781	885	436	427	530	650	650	647	754	752	745	745	910	797	900	898	998	997	1136	1128	1125	1125	1125	1119	1119	1320	1319	1304	1299	1297	1265	1438	1393	287	256	518	499	491	468	619	616	611	610	593	739
525.0000036246059	1	0	13	0	1671	4272	3591	10205	9500	9183	12506	8030	6891	6577	6719	2288	2069	2838	3653	3566	1924	4017	3861	3834	35	4520	3945	4380	3997	4353	4175	4264	4277	4219	4209	4191	3931	3700	4339	4242	4250	4182	4051	3400	3948	3727	750	602	1361	1318	1029	650	1003	1185	1190	1126	824	1241	573	572	566	628	615	612	809	790	890	442	428	530	650	650	650	779	769	755	752	916	800	904	900	1002	998	1139	1139	1139	1138	1138	1125	1122	1324	1323	1322	1321	1316	1265	1471	1433	289	285	547	522	492	471	642	635	627	619	596	746
530.0000047603986	0	0	10	0	1672	4289	3643	10246	9532	9218	12555	8067	6958	6610	6781	2311	2104	2876	3690	3609	1965	4070	3917	3870	40	4582	4009	4437	4057	4422	4232	4355	4351	4287	4277	4262	4020	3777	4419	4325	4336	4259	4145	3479	4025	3823	766	617	1390	1352	1057	680	1036	1232	1228	1157	872	1291	578	575	572	638	617	616	818	808	903	450	430	533	653	650	650	783	782	779	776	927	822	919	905	1002	1002	1148	1145	1139	1139	1139	1136	1127	1326	1326	1325	1324	1324	1265	1471	1470	296	286	564	562	496	471	644	644	644	643	603	747
535.0000129644588	1	0	13	0	1661	4279	3675	10273	9575	9257	12593	8117	7016	6658	6847	2330	2139	2908	3730	3656	2011	4124	3957	3923	43	4631	4067	4499	4105	4484	4295	4426	4437	4365	4346	4340	4099	3859	4493	4397	4415	4349	4216	3559	4128	3921	780	631	1420	1396	1089	713	1080	1268	1263	1190	910	1346	582	579	575	639	617	618	818	818	905	460	453	552	653	654	652	785	785	784	781	949	844	950	933	1012	1002	1155	1155	1151	1150	1148	1136	1127	1326	1326	1326	1326	1326	1281	1471	1471	302	288	565	565	521	485	644	644	644	644	607	747
540.0000007810853	1	0	16	0	1662	4275	3712	10306	9609	9284	12634	8161	7071	6703	6900	2356	2169	2943	3761	3682	2049	4175	4001	3956	45	4701	4120	4554	4158	4560	4355	4492	4505	4462	4413	4413	4163	3932	4572	4485	4485	4438	4295	3644	4218	4015	799	645	1454	1429	1125	743	1124	1314	1300	1227	942	1398	585	582	579	644	623	618	818	818	907	460	453	561	682	682	660	793	788	786	785	949	854	960	949	1037	1004	1159	1159	1157	1155	1155	1143	1136	1337	1334	1326	1326	1326	1288	1487	1471	302	295	568	568	560	488	652	644	644	644	628	763
545.0000076677046	1	0	16	0	1657	4277	3762	10340	9649	9316	12672	8197	7125	6764	6971	2388	2198	2977	3796	3720	2107	4219	4033	4003	38	4766	4176	4630	4208	4625	4409	4570	4567	4535	4491	4486	4243	4011	4648	4569	4578	4520	4369	3730	4295	4117	822	660	1486	1470	1164	773	1162	1359	1333	1261	982	1436	593	588	582	649	624	626	819	819	918	469	467	577	691	687	672	809	795	793	789	955	856	961	954	1057	1056	1159	1159	1158	1159	1159	1155	1156	1370	1370	1353	1342	1334	1290	1499	1485	303	302	587	584	565	495	668	668	667	651	643	815
550.0000031004491	1	0	14	0	1662	4273	3812	10379	9686	9342	12705	8230	7173	6820	7029	2415	2224	3007	3838	3749	2136	4256	4079	4050	45	4820	4226	4690	4268	4683	4460	4633	4641	4592	4559	4548	4321	4093	4719	4673	4668	4608	4443	3828	4393	4205	846	677	1515	1503	1200	806	1210	1406	1363	1305	1021	1484	595	593	589	651	624	631	828	819	925	469	467	577	703	697	674	811	811	811	800	956	860	967	958	1062	1059	1165	1159	1159	1159	1159	1159	1159	1379	1377	1373	1371	1368	1310	1503	1499	307	302	593	588	568	513	683	675	674	668	644	818
555.0000080018242	0	0	7	0	1670	4262	3845	10422	9724	9383	12749	8268	7221	6864	7085	2442	2255	3045	3869	3788	2166	4302	4125	4097	56	4863	4290	4767	4330	4747	4521	4716	4729	4660	4636	4610	4401	4152	4806	4738	4758	4690	4516	3911	4489	4303	867	697	1539	1547	1225	832	1241	1453	1409	1346	1056	1524	601	597	594	658	631	635	835	826	942	477	468	577	706	698	675	811	811	811	811	981	916	1033	1021	1094	1067	1214	1199	1189	1176	1167	1159	1159	1388	1388	1383	1381	1377	1340	1525	1503	308	302	600	597	581	522	690	690	690	683	660	819
560.0000155829995	3	0	7	0	1673	4216	3922	10465	9763	9414	12809	8293	7264	6921	7156	2469	2283	3078	3913	3828	2204	4346	4180	4143	43	4924	4349	4828	4399	4809	4573	4798	4810	4730	4702	4676	4468	4225	4892	4800	4828	4772	4602	4010	4577	4398	886	706	1581	1575	1260	865	1299	1491	1443	1386	1089	1573	608	601	598	662	639	645	838	834	954	486	472	578	708	700	688	826	813	811	811	988	956	1080	1072	1163	1134	1220	1218	1216	1215	1216	1176	1168	1392	1391	1391	1389	1387	1366	1549	1519	308	307	608	602	588	526	714	707	698	690	661	824
565.0000005524156	0	0	12	0	1672	4223	3963	10495	9792	9454	12861	8337	7311	6973	7214	2493	2321	3106	3955	3863	2247	4399	4230	4205	28	4984	4408	4893	4468	4869	4631	4867	4879	4814	4776	4745	4526	4309	4990	4875	4907	4853	4671	4083	4670	4489	910	725	1616	1607	1286	899	1335	1539	1478	1423	1127	1628	611	611	601	668	640	650	853	835	967	493	486	597	721	706	689	827	827	827	818	991	963	1083	1079	1188	1186	1230	1222	1220	1219	1220	1214	1210	1429	1418	1402	1393	1391	1367	1584	1548	314	308	613	610	596	526	715	715	715	713	671	836
570.0000017083815	1	0	6	0	1675	4236	4004	10531	9818	9490	12895	8370	7366	7009	7270	2518	2344	3143	3990	3902	2284	4449	4271	4259	39	5025	4464	4947	4518	4956	4700	4934	4932	4891	4832	4814	4599	4380	5075	4958	5002	4933	4746	4168	4755	4574	929	741	1647	1653	1315	929	1373	1589	1515	1452	1177	1677	614	613	611	671	644	657	861	838	969	493	486	597	729	714	690	830	829	829	827	1015	967	1089	1085	1193	1187	1291	1257	1239	1233	1230	1219	1220	1465	1458	1449	1435	1418	1388	1588	1583	316	308	616	613	602	540	715	715	715	715	678	842
575.0000011572895	0	0	9	0	1673	4211	4051	10563	9867	9522	12933	8417	7399	7062	7330	2537	2375	3174	4041	3936	2325	4493	4310	4299	39	5087	4520	4999	4584	5017	4778	5001	5018	4947	4896	4887	4650	4445	5156	5044	5081	5008	4823	4261	4844	4661	941	767	1678	1689	1343	961	1400	1631	1557	1495	1215	1718	619	618	613	680	648	658	862	845	969	493	486	597	731	714	690	832	830	830	830	1021	975	1096	1087	1199	1198	1342	1327	1310	1299	1286	1230	1226	1468	1468	1468	1466	1458	1398	1615	1588	323	312	616	616	610	541	724	718	715	715	695	846
580.00000456296	0	0	10	0	1673	4220	4103	10595	9905	9558	12982	8465	7435	7119	7387	2564	2403	3209	4079	3974	2358	4547	4347	4352	34	5135	4583	5061	4653	5078	4842	5084	5079	5020	4967	4958	4727	4501	5236	5123	5163	5073	4900	4351	4934	4749	961	784	1713	1727	1382	996	1432	1668	1602	1539	1254	1765	622	621	619	684	652	668	877	862	972	507	506	614	732	715	691	832	832	832	830	1023	1014	1144	1142	1228	1202	1352	1352	1352	1349	1342	1300	1291	1507	1492	1475	1469	1468	1436	1638	1614	323	312	616	616	613	541	739	739	736	727	700	873
585.0000005928239	4	0	8	0	1677	4219	4138	10634	9936	9585	13020	8499	7502	7172	7432	2588	2430	3243	4121	4014	2385	4591	4400	4401	50	5202	4640	5128	4720	5153	4909	5158	5153	5099	5034	5035	4802	4576	5308	5209	5245	5148	4980	4426	5031	4859	982	805	1760	1760	1427	1024	1471	1704	1640	1573	1291	1807	623	623	621	688	659	671	895	873	988	515	506	620	733	715	691	834	834	832	832	1023	1021	1153	1147	1250	1238	1364	1353	1352	1352	1352	1346	1339	1568	1560	1537	1512	1488	1465	1676	1637	329	320	624	620	616	563	739	739	739	739	704	873
590.0000088608862	0	0	12	0	1675	4229	4186	10661	9966	9607	13047	8534	7553	7214	7490	2608	2456	3285	4169	4051	2427	4633	4443	4445	41	5252	4714	5193	4771	5226	4980	5227	5223	5169	5107	5113	4890	4640	5399	5282	5305	5223	5058	4498	5123	4941	998	825	1797	1795	1455	1061	1516	1742	1678	1614	1323	1861	623	623	623	691	664	674	905	888	997	517	514	630	750	731	709	847	834	834	834	1024	1023	1157	1155	1280	1267	1373	1368	1366	1366	1365	1352	1350	1601	1600	1583	1570	1561	1469	1707	1675	339	320	629	629	616	595	745	740	740	740	726	909
595.0000062759572	1	0	12	0	1671	4230	4232	10697	9993	9640	13080	8580	7598	7267	7548	2639	2490	3323	4200	4088	2461	4675	4496	4487	54	5313	4764	5262	4832	5295	5042	5304	5316	5236	5189	5181	4956	4708	5484	5366	5400	5321	5150	4578	5221	5025	1010	845	1821	1830	1500	1089	1577	1785	1712	1652	1361	1906	625	623	623	691	669	678	911	901	998	518	515	631	767	757	743	867	851	848	836	1030	1023	1158	1155	1281	1280	1408	1400	1386	1379	1375	1363	1357	1607	1603	1601	1601	1597	1484	1713	1700	347	320	631	631	619	605	772	765	762	744	726	913
600.0000036820152	1	0	5	0	1679	4210	4281	10723	10032	9672	13116	8619	7652	7319	7598	2669	2514	3353	4242	4131	2502	4722	4536	4530	43	5366	4828	5321	4920	5363	5085	5386	5395	5308	5264	5264	5024	4780	5554	5457	5496	5397	5239	4661	5319	5121	1035	865	1858	1865	1532	1121	1610	1827	1754	1692	1407	1936	627	626	623	691	678	681	913	907	1003	518	516	634	772	771	769	898	888	871	857	1037	1027	1162	1158	1284	1281	1439	1424	1413	1410	1409	1378	1372	1631	1626	1612	1607	1603	1510	1728	1712	355	328	631	631	629	607	810	804	793	773	726	915
