>time	Ribosome	coli Pol	coli Pol-P	coli Pol-2.0	coli Pol-P-2.0	gp1	gp1-3.5	gp0.3	gp0.4	gp0.5	gp0.6A	gp0.7	gp1.1	gp1.2	gp1.3	gp1.4	gp1.5	gp1.6	gp1.7	gp1.8	gp2.0	gp2.5	gp2.8	gp3.0	gp3.5	gp3.8	gp4A	gp4.2	gp4.3	gp4.5	gp4.7	gp5.0	gp5.3	gp5.5	gp5.7	gp5.9	gp6.0	gp6.3	gp6.5	gp6.7	gp7	gp7.3	gp7.7	gp8	gp9	gp10A	gp11	gp12	gp13	gp14	gp15	gp16	gp17	gp17.5	gp18	gp18.5	gp19	gp19.5
0.01030663330754637	0	0	0	0	0	0	0	0	0	0	0	0	0	0	0	0	0	0	0	0	0	0	0	0	0	0	0	0	0	0	0	0	0	0	0	0	0	0	0	0	0	0	0	0	0	0	0	0	0	0	0	0	0	0	0	0	0	0
5.0082999531723775	0	0	0	0	0	0	0	0	0	0	0	0	0	0	0	0	0	0	0	0	0	0	0	0	0	0	0	0	0	0	0	0	0	0	0	0	0	0	0	0	0	0	0	0	0	0	0	0	0	0	0	0	0	0	0	0	0	0
10.00503647079482	0	0	0	0	0	0	0	0	0	0	0	0	0	0	0	0	0	0	0	0	0	0	0	0	0	0	0	0	0	0	0	0	0	0	0	0	0	0	0	0	0	0	0	0	0	0	0	0	0	0	0	0	0	0	0	0	0	0
15.013155825264535	0	0	0	0	0	0	0	0	0	0	0	0	0	0	0	0	0	0	0	0	0	0	0	0	0	0	0	0	0	0	0	0	0	0	0	0	0	0	0	0	0	0	0	0	0	0	0	0	0	0	0	0	0	0	0	0	0	0
20.000553958870878	0	0	0	0	0	0	0	0	0	0	0	0	0	0	0	0	0	0	0	0	0	0	0	0	0	0	0	0	0	0	0	0	0	0	0	0	0	0	0	0	0	0	0	0	0	0	0	0	0	0	0	0	0	0	0	0	0	0
25.00077224467281	0	0	0	0	0	0	0	0	0	0	0	0	0	0	0	0	0	0	0	0	0	0	0	0	0	0	0	0	0	0	0	0	0	0	0	0	0	0	0	0	0	0	0	0	0	0	0	0	0	0	0	0	0	0	0	0	0	0
30.000290497324954	0	0	0	0	0	0	0	234	0	0	0	0	0	0	0	0	0	0	0	0	0	0	0	0	0	0	0	0	0	0	0	0	0	0	0	0	0	0	0	0	0	0	0	0	0	0	0	0	0	0	0	0	0	0	0	0	0	0
35.000305586361186	0	0	0	0	0	0	0	1170	104	56	0	0	0	0	0	0	0	0	0	0	0	0	0	0	0	0	0	0	0	0	0	0	0	0	0	0	0	0	0	0	0	0	0	0	0	0	0	0	0	0	0	0	0	0	0	0	0	0
40.001575016557915	0	0	0	0	0	0	0	3744	780	392	0	0	0	0	0	0	0	0	0	0	0	0	0	0	0	0	0	0	0	0	0	0	0	0	0	0	0	0	0	0	0	0	0	0	0	0	0	0	0	0	0	0	0	0	0	0	0	0
45.000053834021124	0	0	0	0	0	0	0	7137	1872	952	530	0	0	0	0	0	0	0	0	0	0	0	0	0	0	0	0	0	0	0	0	0	0	0	0	0	0	0	0	0	0	0	0	0	0	0	0	0	0	0	0	0	0	0	0	0	0	0
50.00007413593024	0	0	0	0	0	0	0	12402	3224	2128	1484	0	0	0	0	0	0	0	0	0	0	0	0	0	0	0	0	0	0	0	0	0	0	0	0	0	0	0	0	0	0	0	0	0	0	0	0	0	0	0	0	0	0	0	0	0	0	0
55.000751357190765	0	0	0	0	0	0	0	18135	5876	4200	3127	0	0	0	0	0	0	0	0	0	0	0	0	0	0	0	0	0	0	0	0	0	0	0	0	0	0	0	0	0	0	0	0	0	0	0	0	0	0	0	0	0	0	0	0	0	0	0
60.00110265662935	0	0	0	0	0	0	0	24336	8476	6944	5459	0	0	0	0	0	0	0	0	0	0	0	0	0	0	0	0	0	0	0	0	0	0	0	0	0	0	0	0	0	0	0	0	0	0	0	0	0	0	0	0	0	0	0	0	0	0	0
65.00056069230288	0	0	0	0	0	0	0	33579	11804	10584	8162	0	0	0	0	0	0	0	0	0	0	0	0	0	0	0	0	0	0	0	0	0	0	0	0	0	0	0	0	0	0	0	0	0	0	0	0	0	0	0	0	0	0	0	0	0	0	0
70.0003093857284	0	0	0	0	0	0	0	43173	15600	13832	11024	718	0	0	0	0	0	0	0	0	0	0	0	0	0	0	0	0	0	0	0	0	0	0	0	0	0	0	0	0	0	0	0	0	0	0	0	0	0	0	0	0	0	0	0	0	0	0
75.00032333702946	0	0	0	0	0	0	0	53235	19708	17360	15317	3231	0	0	0	0	0	0	0	0	0	0	0	0	0	0	0	0	0	0	0	0	0	0	0	0	0	0	0	0	0	0	0	0	0	0	0	0	0	0	0	0	0	0	0	0	0	0
80.00032726945801	0	0	0	0	0	0	0	62244	23712	21504	19186	11847	0	0	0	0	0	0	0	0	0	0	0	0	0	0	0	0	0	0	0	0	0	0	0	0	0	0	0	0	0	0	0	0	0	0	0	0	0	0	0	0	0	0	0	0	0	0
85.00017123458247	0	0	0	0	0	0	0	74061	28756	25872	23691	22617	0	0	0	0	0	0	0	0	0	0	0	0	0	0	0	0	0	0	0	0	0	0	0	0	0	0	0	0	0	0	0	0	0	0	0	0	0	0	0	0	0	0	0	0	0	0
90.00042156212929	0	0	0	0	0	0	0	86346	33280	30632	29362	36618	0	0	0	0	0	0	0	0	0	0	0	0	0	0	0	0	0	0	0	0	0	0	0	0	0	0	0	0	0	0	0	0	0	0	0	0	0	0	0	0	0	0	0	0	0	0
95.00000671847985	0	0	0	0	0	0	0	98280	39208	36008	34609	57081	0	0	0	0	0	0	0	0	0	0	0	0	0	0	0	0	0	0	0	0	0	0	0	0	0	0	0	0	0	0	0	0	0	0	0	0	0	0	0	0	0	0	0	0	0	0
100.00001921126118	0	0	0	0	0	0	0	114075	44876	41944	40969	82929	0	0	0	0	0	0	0	0	0	0	0	0	0	0	0	0	0	0	0	0	0	0	0	0	0	0	0	0	0	0	0	0	0	0	0	0	0	0	0	0	0	0	0	0	0	0
105.00016708575272	0	0	0	0	0	0	0	128817	51532	48160	48389	107700	0	0	0	0	0	0	0	0	0	0	0	0	0	0	0	0	0	0	0	0	0	0	0	0	0	0	0	0	0	0	0	0	0	0	0	0	0	0	0	0	0	0	0	0	0	0
110.0000275809102	0	0	0	0	0	0	0	144963	58084	55160	54802	136061	0	0	0	0	0	0	0	0	0	0	0	0	0	0	0	0	0	0	0	0	0	0	0	0	0	0	0	0	0	0	0	0	0	0	0	0	0	0	0	0	0	0	0	0	0	0
115.00004764911124	0	0	0	0	0	0	0	164970	65676	63840	61586	169089	0	0	0	0	0	0	0	0	0	0	0	0	0	0	0	0	0	0	0	0	0	0	0	0	0	0	0	0	0	0	0	0	0	0	0	0	0	0	0	0	0	0	0	0	0	0
120.00029872175891	0	0	0	0	0	0	0	184392	73320	72184	69483	207502	0	0	0	0	0	0	0	0	0	0	0	0	0	0	0	0	0	0	0	0	0	0	0	0	0	0	0	0	0	0	0	0	0	0	0	0	0	0	0	0	0	0	0	0	0	0
125.00005288017378	0	0	0	0	0	0	0	204633	81484	79408	78334	241966	0	0	0	0	0	0	0	0	0	0	0	0	0	0	0	0	0	0	0	0	0	0	0	0	0	0	0	0	0	0	0	0	0	0	0	0	0	0	0	0	0	0	0	0	0	0
130.0001319996125	0	0	0	0	0	0	0	225342	90324	88480	87556	282892	0	0	0	0	0	0	0	0	0	0	0	0	0	0	0	0	0	0	0	0	0	0	0	0	0	0	0	0	0	0	0	0	0	0	0	0	0	0	0	0	0	0	0	0	0	0
135.0001231345564	0	0	0	0	0	8830	0	247923	98748	98224	95506	329921	0	0	0	0	0	0	0	0	0	0	0	0	0	0	0	0	0	0	0	0	0	0	0	0	0	0	0	0	0	0	0	0	0	0	0	0	0	0	0	0	0	0	0	0	0	0
140.00007831910548	0	0	0	0	0	25607	0	266877	108160	108080	104728	374078	210	0	0	0	0	0	0	0	0	0	0	0	0	0	0	0	0	0	0	0	0	0	0	0	0	0	0	0	0	0	0	0	0	0	0	0	0	0	0	0	0	0	0	0	0	0
145.00010688375895	0	0	0	0	0	48565	0	288990	118248	116536	114798	428287	1008	258	0	0	0	0	0	0	0	0	0	0	0	0	0	0	0	0	0	0	0	0	0	0	0	0	0	0	0	0	0	0	0	0	0	0	0	0	0	0	0	0	0	0	0	0
150.00000018401164	0	0	0	0	0	90949	0	311454	128076	127344	124974	483573	2226	1290	0	0	0	0	0	0	0	0	0	0	0	0	0	0	0	0	0	0	0	0	0	0	0	0	0	0	0	0	0	0	0	0	0	0	0	0	0	0	0	0	0	0	0	0
155.00000334192754	0	0	0	0	0	140397	0	336960	138944	137984	136316	546757	3990	2752	0	0	0	0	0	0	0	0	0	0	0	0	0	0	0	0	0	0	0	0	0	0	0	0	0	0	0	0	0	0	0	0	0	0	0	0	0	0	0	0	0	0	0	0
160.00003674353636	0	0	0	0	0	199558	0	360126	149708	148512	147340	608505	6090	5676	0	0	0	0	0	0	0	0	0	0	0	0	0	0	0	0	0	0	0	0	0	0	0	0	0	0	0	0	0	0	0	0	0	0	0	0	0	0	0	0	0	0	0	0
165.0001297774447	0	0	0	0	0	256953	0	384462	160420	160328	159424	681382	9114	11266	359	0	0	0	0	0	0	0	0	0	0	0	0	0	0	0	0	0	0	0	0	0	0	0	0	0	0	0	0	0	0	0	0	0	0	0	0	0	0	0	0	0	0	0
170.0000370092675	0	0	0	0	0	336423	0	411840	172796	173488	172727	750310	12852	17802	1077	51	29	0	0	0	0	0	0	0	0	0	0	0	0	0	0	0	0	0	0	0	0	0	0	0	0	0	0	0	0	0	0	0	0	0	0	0	0	0	0	0	0	0
175.0000652720039	0	0	0	0	0	412361	0	439803	184808	185416	184917	820674	16842	26230	5744	102	29	86	0	48	0	0	0	0	0	0	0	0	0	0	0	0	0	0	0	0	0	0	0	0	0	0	0	0	0	0	0	0	0	0	0	0	0	0	0	0	0	0
180.00004826251623	0	0	0	0	0	510374	0	467064	197496	198576	199810	897141	21546	35432	13642	408	116	344	0	288	132	0	0	0	0	0	0	0	0	0	0	0	0	0	0	0	0	0	0	0	0	0	0	0	0	0	0	0	0	0	0	0	0	0	0	0	0	0
185.0000214212241	0	0	0	0	0	604855	0	498186	210392	211288	214756	973608	26082	44118	24771	1275	348	1032	0	528	396	0	140	0	0	0	0	0	0	0	0	0	0	0	0	0	0	0	0	0	0	0	0	0	0	0	0	0	0	0	0	0	0	0	0	0	0	0
190.00001614378434	0	0	0	0	0	716996	0	527670	223496	225568	229861	1052229	31290	52546	43798	2499	667	1806	1182	1296	1188	232	700	149	0	0	0	0	0	0	0	0	0	0	0	0	0	0	0	0	0	0	0	0	0	0	0	0	0	0	0	0	0	0	0	0	0	0
195.00000536894754	0	0	0	0	0	828254	0	561132	236600	240576	245655	1135876	38850	62952	71441	3519	1392	3182	4137	2016	2574	696	1400	447	152	484	0	0	0	0	0	0	0	0	0	0	0	0	0	0	0	0	0	0	0	0	0	0	0	0	0	0	0	0	0	0	0	0
200.00002484755976	0	0	0	0	0	960704	0	594243	250536	255304	261131	1224908	47040	75938	104469	5865	2581	6794	7683	4416	5478	2784	3500	1639	1216	1573	0	448	280	89	0	0	0	0	0	0	0	0	0	0	0	0	0	0	0	0	0	0	0	0	0	0	0	0	0	0	0	0
205.00000016884286	0	0	0	0	0	1092271	0	626652	265772	270144	277455	1311427	54936	91676	151498	8619	3770	10750	13790	7584	8382	5336	5740	2980	3496	3267	0	1232	630	534	0	0	0	0	0	0	0	0	0	0	0	0	0	0	0	0	0	0	0	0	0	0	0	0	0	0	0	0
210.00002085373404	0	0	0	0	0	1261807	0	658827	281840	285824	292189	1408357	63714	109048	196732	11424	5481	16168	24625	11424	13530	12760	12180	7599	6688	5929	0	2464	2240	1602	675	0	0	0	0	0	0	0	0	0	0	0	0	0	0	0	0	0	0	0	0	0	0	0	0	0	0	0
215.00002446013644	0	0	0	0	0	1411034	0	695916	296140	300832	307824	1502056	72114	124786	241248	14280	6931	22790	41173	16848	19140	23896	18620	13708	14136	10890	0	6720	3920	5251	1755	0	118	0	70	0	0	0	0	0	0	0	0	0	0	0	0	0	0	0	0	0	0	0	0	0	0	0
220.00000617567153	0	0	0	0	0	1541718	0	729144	309036	314944	321445	1601140	78834	140782	296175	16575	8294	29240	60676	21120	25344	36888	28700	23244	20824	18271	0	10304	5670	9701	5670	0	590	204	490	318	0	37	0	0	0	0	0	0	0	0	0	0	0	0	0	0	0	0	0	0	0	0
225.00000168032614	0	0	0	0	0	1693594	0	758862	319280	324968	333158	1704173	85932	156520	359718	18819	9396	35518	79982	24912	30426	60784	41160	36505	31920	26499	1698	15680	8330	14774	11880	0	1770	1326	1190	795	0	333	84	89	0	0	0	0	0	0	0	0	0	0	0	0	0	0	0	0	0	0
230.00001114496257	0	0	0	0	0	1865779	0	781677	329940	335160	344500	1802898	92316	169334	435108	20859	10150	39904	101258	28848	35442	83288	52500	49170	43928	37510	4528	22176	12040	21093	17145	0	4484	3672	2660	1855	300	555	840	534	133	404	0	0	0	0	0	0	0	0	0	0	0	0	0	0	0	0
235.00001771318423	0	0	0	0	0	2039730	0	806247	338832	343728	353616	1914906	97986	180428	501164	23256	10933	45666	116427	32880	40854	101152	63000	58408	55024	47674	17546	30576	16520	27501	24840	0	7670	5814	4970	3339	1500	1184	2100	1691	798	1010	260	0	0	0	0	0	0	0	0	0	0	0	0	0	0	0
240.00000224603312	0	0	0	0	0	2238405	0	827190	347100	353080	362255	2002861	102816	190490	567938	25347	12122	50224	132975	36576	45672	121104	74480	72414	65816	57838	27734	39760	22050	35244	33345	0	12744	9588	7560	5194	3300	1813	3024	2670	3059	2424	1690	0	0	0	0	0	0	0	0	0	0	0	0	0	0	0
245.00003162045903	0	0	0	0	0	2441495	0	844506	353964	361368	370629	2076456	107688	200896	622506	27693	13311	54868	146568	40224	50094	140824	83580	83142	77520	68607	51506	48384	26880	43076	46170	0	17700	14586	10780	7685	7500	2849	4536	3827	4655	3535	3250	0	0	0	0	0	0	0	0	0	0	0	0	0	0	0
250.00001442601808	0	0	0	0	0	2644585	0	864630	361244	368368	378791	2148615	112434	211990	674561	29835	14500	60974	160949	43776	54714	160776	93380	95211	89528	79376	86032	57456	32410	52955	58995	7744	25252	20808	14910	10388	14400	3885	7140	5696	6517	4848	4680	0	0	0	0	0	0	0	0	0	0	0	0	0	0	0
255.00000350666372	0	0	0	0	0	2872399	0	882648	369200	375984	386847	2208209	117096	218784	727693	31671	15602	65446	177694	46992	58608	177944	102200	104449	99864	89056	122822	67648	37100	61410	69795	25344	33512	28050	20370	13409	25200	5587	9072	8366	9310	6666	7020	0	921	0	0	0	0	0	0	0	0	0	0	0	0	0
260.00000431954277	0	0	0	0	0	3101096	0	898443	374556	383096	393737	2274624	121380	225836	778671	33711	16675	70692	191287	50256	62766	193952	112700	115177	110352	99462	170932	74144	41790	69242	81945	47872	43306	35292	25690	17543	37800	7326	12936	11303	13167	9696	10400	1074	2763	345	196	0	0	0	0	0	0	0	0	0	0	0
265.00001948272245	0	0	0	0	0	3315665	0	913887	380380	389368	399885	2331705	125286	234178	820315	36210	17690	76196	206653	53808	67848	213904	122780	126650	120384	106722	216778	85904	45990	76540	94095	80256	52392	44166	31150	21200	52200	9250	17220	15842	18620	12120	16120	1611	5833	1035	784	0	0	0	0	0	0	0	0	0	0	0
270.00000473063443	0	0	0	0	0	3540830	0	927576	387036	395920	406669	2381606	129402	241316	860882	38250	18618	80926	221231	56352	72072	230376	131600	137080	130568	118217	259794	93520	50400	83660	105975	124608	62422	51408	36190	25811	69000	11433	21168	20826	23541	16564	20410	8055	9517	4140	1372	0	138	0	0	0	0	0	0	0	0	0
275.000003784575	0	0	0	0	0	3741271	0	941382	392756	402304	413082	2425763	133938	250088	900013	40392	19749	84796	234824	59664	76164	247544	140140	148851	140600	128018	308470	102704	54670	91759	115695	168256	72216	59874	41720	29203	89700	13505	25620	25454	29260	21109	27560	13425	15964	6555	1568	0	414	196	0	0	0	0	0	0	0	0
280.0000034730692	0	0	0	0	0	3898445	0	954252	398008	408688	419018	2467766	137718	258258	941298	42483	20706	89698	250781	63936	79794	260768	149660	158834	149416	137577	353184	111776	60270	99769	126900	220352	80948	67014	47600	33390	118500	15577	28980	30616	36708	26260	34840	22017	23025	11730	2156	0	1242	1176	0	0	0	0	0	0	0	0
285.0000024906665	0	0	0	0	0	4067981	0	967824	403520	415296	424901	2516590	141624	264622	976839	44268	21605	93568	264177	67008	85074	274920	158900	167178	157928	147378	391106	121968	65800	107779	138780	280896	91332	75276	52990	36888	142200	17612	33684	35867	43092	31916	41340	28461	32235	17250	3528	0	1932	2548	0	0	0	0	0	0	0	0
290.000003923614	0	0	0	0	0	4205729	0	977769	408512	420224	430996	2562542	144732	273652	1019919	45747	22562	97782	275406	70512	89034	289768	167300	176565	168872	156695	436952	132160	70420	115255	152550	356224	101480	82518	57890	39962	165000	19647	38136	41652	48013	36966	47320	40275	45436	28635	5292	0	3588	3920	0	0	0	0	0	0	0	0
295.00001863836036	0	0	0	0	0	4354073	0	988650	412568	425432	436561	2599878	147882	280618	1059768	47379	23577	102426	288014	73488	92070	304616	176540	184760	177840	166012	477704	141008	74760	122731	164295	427328	112454	89658	63980	43513	185100	22052	44772	46636	54796	43632	54340	55848	62935	43125	7056	0	5934	5684	0	0	0	0	0	0	0	0
300.0000027929501	0	0	0	0	0	4482108	0	998361	417144	430248	440907	2644394	151578	287240	1098899	49266	24360	106640	298849	76032	96228	322248	186620	194892	188176	173756	513362	150864	79940	131720	174420	482944	121894	97818	68880	47753	206400	25123	50064	52777	65170	51005	59540	81624	84118	64515	9996	0	8970	8820	0	0	0	0	0	0	0	0
305.00000014494543	0	0	0	0	0	4588951	0	1008540	421200	435008	445942	2688192	154476	293174	1134440	50745	25317	110424	311851	78912	99792	339648	195720	204577	197904	181137	565434	159488	84280	138840	184410	543488	131216	106080	75040	51781	233100	28009	58464	59452	75145	57974	67340	104715	102845	88320	12348	794	11730	13524	0	0	0	268	89	0	0	0
310.0000053485494	0	0	0	0	0	4706390	0	1019187	425516	439544	450341	2721938	158046	298592	1169981	52122	26013	114638	325050	81216	103554	353800	203140	212474	206568	189728	607318	169120	88830	145871	196020	604736	141482	113628	80290	56869	254100	30747	65184	65593	83125	66054	75790	131028	120958	109365	14896	1588	14766	17836	0	0	0	335	89	0	0	0
315.0000138450122	0	0	0	0	0	4824712	0	1029834	429728	443688	454422	2759633	161658	304612	1210548	53244	26738	119196	337264	84384	106722	369112	212240	221712	216296	198803	656560	179648	94570	152991	206280	671616	152338	121278	84700	61162	284400	33485	71232	71823	92435	73528	85540	155193	139378	127995	16268	4764	18630	20776	747	0	0	737	178	143	0	98
320.00001031785445	0	0	0	0	0	4927140	0	1038960	433576	447552	459033	2789789	164556	311062	1244294	55386	27492	121776	345341	86496	110550	386048	221340	230056	225416	208604	694482	188048	100380	161357	219105	725824	161778	128928	90790	64819	305400	36593	77112	79121	103075	82214	95680	188487	158719	149730	18620	9528	20976	24108	4482	0	0	1072	534	572	0	147
325.00000342741396	0	0	0	0	0	5004844	0	1046565	437372	451360	463008	2819945	168084	316050	1275168	56610	28217	125474	357161	88464	113322	398576	229460	237953	234688	218526	733536	196896	106260	169812	231930	789888	170392	138006	96180	69536	328800	39220	83748	84550	113848	88678	104780	214800	178981	168360	20776	15086	24012	27440	8964	0	0	1742	1157	1287	0	245
330.00000307529746	0	0	0	0	0	5106389	0	1055457	440544	455672	467142	2850819	170646	322930	1306042	58140	29058	129086	367996	90528	116622	414352	236180	248234	243808	227722	768628	204848	112070	177288	241380	852544	178888	146064	102480	73829	352200	41403	90300	91670	122626	94940	117000	241650	199243	191820	23912	20644	28014	31948	14940	0	0	2412	2136	2002	0	441
335.0000054297141	0	0	0	0	0	5196455	0	1063998	444340	459088	471276	2881334	173796	328778	1334403	59364	29783	132612	380801	93120	119922	430128	244720	255237	251560	236797	810512	212576	116900	184586	254205	914496	188800	154428	108920	77380	372600	43882	95760	98523	131537	102111	126100	277629	224417	211485	26852	30172	30774	37436	24651	0	3871	2613	2670	3146	0	735
340.0000071526323	0	0	0	0	0	5280340	0	1071135	448032	462840	475039	2906464	176484	333938	1366713	60741	30595	135794	390454	95328	122562	442424	251440	264773	260072	243936	848434	222208	121240	191617	265950	981376	199656	163200	114800	81620	389700	46250	101556	104575	140448	109686	133770	320589	255731	232530	30184	36524	33810	42532	41085	0	6636	3618	3471	5434	0	1029
345.00000899411174	0	0	0	0	0	5364225	0	1078857	451828	466088	478855	2934825	179550	338496	1393997	61965	31204	139406	401880	97680	125004	453792	257740	273117	268888	251801	892582	230384	126560	198737	276750	1037696	211102	173196	120820	86761	415200	48877	106680	109203	150290	116150	143520	356031	282440	261510	33516	42876	37122	47432	55278	0	12166	4623	4806	6292	1172	1911
350.00000842899914	0	0	0	0	0	5456057	0	1083888	454844	469168	481717	2959596	182238	343656	1425948	63597	32074	141728	410548	100272	128040	464928	267540	280567	278768	260997	938428	237664	131880	206480	287820	1102464	221132	181560	127050	92008	442500	51060	111468	114543	159999	121705	151840	394695	307614	292560	36456	50816	40158	53704	67230	0	18802	6365	6497	8008	1172	2548
355.00000010633437	0	0	0	0	0	5536410	0	1091142	457964	472808	485639	2982931	185262	348386	1455745	65229	32596	145168	422565	102336	131472	478616	274540	289358	287432	269346	985406	244272	136500	212621	299160	1172864	231870	190332	133000	96778	466200	53835	117600	119883	168245	128371	160160	433896	329411	319125	38808	60344	43608	58212	89640	0	27097	8844	8099	10582	2344	3479
360.00000945997994	0	0	0	0	0	5625593	0	1098630	461604	476280	488607	3006625	187488	353890	1481593	66351	33437	148608	430839	104400	134310	491608	281820	297404	295488	277211	1025592	252896	141190	219563	310095	1234112	240602	198492	137900	100912	486900	57091	125244	126113	177688	135441	170170	466116	350287	349485	41160	69872	47886	63700	109809	1318	34286	10385	9879	13299	7032	4802
365.00000007110816	0	0	0	0	0	5697999	0	1105182	464152	479248	491628	3028524	189798	359566	1511749	67269	34191	151446	442265	107232	137676	505992	290920	303513	304912	284592	1068042	260512	145600	228285	321975	1299584	249452	205326	143850	105947	509400	59681	132048	134390	187796	143723	177190	500484	374847	377430	46256	77018	50370	69972	117279	2636	43687	12194	12104	16445	12306	5684
370.0000053167985	0	0	0	0	0	5784533	0	1111032	467168	482440	495020	3051500	192528	364382	1539033	69003	34742	154714	451721	109296	140316	517592	298340	309622	311904	292094	1103134	269024	151550	234871	330615	1362240	257594	214098	148190	109604	537300	62308	139608	141510	198968	152409	189540	536463	404626	400890	49784	88134	52992	74676	129978	7908	56406	14204	14329	19591	16994	6909
375.000006946555	0	0	0	0	0	5851641	0	1117116	470340	485296	498253	3074117	194418	368080	1564163	70686	35670	157982	460389	111312	143154	532208	305760	317072	318288	301169	1133698	275856	155960	240745	340875	1426304	264084	222360	153580	113685	560100	65305	147504	148897	211603	159782	201500	573516	432563	429525	52528	96868	55890	79380	148653	18452	70784	16348	16020	21879	24026	8281
380.0000151531675	0	0	0	0	0	5908153	0	1123200	472888	488040	501168	3095298	196854	373842	1590370	71910	36076	162110	467481	113376	145398	544272	312480	324820	324064	309155	1172752	283584	160020	247420	349650	1492480	272226	230622	159460	117766	587400	67932	156072	156640	223839	168872	212290	600366	457430	460575	57428	106396	59340	85456	167328	30314	82397	18291	17800	25883	29886	9751
385.0000018071294	0	0	0	0	0	5971729	0	1129752	475852	490896	504348	3116120	199122	380550	1610833	73746	36830	164518	476149	115296	148170	555640	318920	331674	331360	315084	1218032	290976	165690	254896	359910	1555136	282256	238476	164850	121423	611700	70818	164556	163493	234612	177962	223080	637956	479841	490245	60564	119894	63756	90944	185256	40858	96775	20435	20292	28314	39262	11074
390.00000453161704	0	0	0	0	0	6034422	0	1135602	478556	494312	506945	3139455	201852	386054	1633809	74511	37555	168904	485211	117120	150414	567240	326340	339720	338960	322949	1262746	298592	171290	260681	370440	1616384	291696	247860	170940	125504	635400	73778	171108	169901	245119	188668	234260	669639	506243	513360	64092	135774	68034	95060	200196	55356	105623	21574	23763	31889	52740	12201
395.0000072747281	0	0	0	0	0	6091817	0	1144260	481936	497560	509966	3163149	204246	390440	1659298	75786	38309	172688	493091	118944	152922	577216	331800	346276	345496	330330	1304630	305648	175000	267178	380430	1682560	301136	255612	175140	130380	659700	76035	178500	176754	256025	197556	243360	705081	525891	535440	68012	146890	72588	100744	211401	77762	118895	23383	26077	34892	62116	14210
400.00000798660216	0	0	0	0	0	6142148	0	1151046	484224	500640	513093	3180740	206472	395084	1688018	77214	39237	176128	501562	120720	155100	585800	337820	353875	354616	337711	1347646	313264	179690	272874	389745	1748736	311166	264180	180390	134567	684300	78995	185556	185654	268527	207454	253630	737301	550451	558555	71736	159594	76590	106232	228582	104122	134932	24723	28302	37323	74422	15876
405.00000420900614	0	0	0	0	0	6196011	0	1157130	487240	503664	515637	3201921	209580	398438	1710994	78489	39788	179138	510230	122592	157542	598328	344680	359388	359936	343398	1382738	321552	184450	279193	402435	1809984	319780	271218	186340	139125	705900	81844	193872	193308	278369	215534	264810	781335	571020	586500	74480	173886	79212	112504	245016	129164	150416	25862	31773	40040	84970	17248
410.00000003875425	0	0	0	0	0	6237512	0	1163097	489476	505904	518234	3217717	212100	403082	1731816	79254	40571	182320	519686	124944	159456	610160	350560	365944	367080	350295	1417264	328608	188580	286758	412560	1876864	330282	279378	191870	142411	729900	84989	202608	200428	291004	223816	279370	828591	597115	614790	77616	186590	82524	117012	269667	147616	166453	27872	33553	44044	99034	18375
415.0000042644738	0	0	0	0	0	6294024	0	1168596	491712	507976	520778	3235308	214326	408070	1759818	80325	40977	185932	529142	127392	163416	620600	355600	371457	373768	357313	1454620	334880	193130	293166	421470	1930368	339604	286926	196350	146704	750000	87801	210084	207993	301910	232906	290940	879069	622903	638595	80752	196118	85974	123480	286101	180566	181384	30351	36490	47190	116028	19992
420.00000480729886	0	0	0	0	0	6340823	0	1175148	494052	511056	523958	3253258	216678	412370	1783512	81702	41963	188856	537810	129600	166716	630808	360920	377864	380000	364936	1489146	341600	197260	300108	431595	1989504	349162	295698	202370	152057	773400	90243	216468	215291	311353	240986	301340	918807	646235	668265	82908	208028	89838	130144	309258	205608	200186	31624	38092	51766	129506	21119
425.0000007321354	0	0	0	0	0	6392037	0	1180530	497016	513464	526555	3278388	218988	417616	1815463	83589	42804	191866	545099	131568	169686	642640	367640	383526	386992	371349	1528766	348208	201600	307050	440505	2039488	358484	304062	208390	155926	797100	92463	223356	222589	323323	248460	312260	964989	667418	697590	85848	225496	92736	135632	320463	231968	217329	34304	41207	56771	148844	22932
430.0000045213498	0	0	0	0	0	6445900	0	1186848	499668	516712	528728	3294184	220920	420712	1844183	85068	43413	195220	555343	133920	171600	653776	371980	390678	393072	378609	1561594	355488	205940	313992	449550	2112704	368396	311508	213570	159424	821700	94979	230160	228997	335958	256641	322660	1014393	687373	723465	89376	236612	95910	141316	341379	271508	231154	36984	43699	60918	162322	24451
435.0000055901069	0	0	0	0	0	6493582	0	1192464	502268	519400	531431	3314647	222978	425700	1870031	86598	44312	198316	565193	136320	174438	665376	380240	396936	399152	384054	1593290	362096	210000	318620	459810	2161984	377954	319974	218960	163929	847500	97236	236880	235761	346997	264620	332020	1052520	713468	750030	92708	243758	100326	146608	357066	299186	244426	39329	47437	66066	179902	26019
440.00000177242123	0	0	0	0	0	6555392	0	1197846	504816	521976	533922	3330443	225288	429398	1889776	88434	45124	201412	571694	138384	178398	676744	385700	404833	406296	392282	1630080	368480	213920	326007	467910	2234496	385270	327726	223300	167957	872700	99641	243936	240834	359765	274417	340860	1106220	744782	781425	95452	252492	103362	151900	376488	333454	263228	41406	50196	71643	188106	27342
445.0000007336487	0	0	0	0	0	6601308	0	1202292	507312	524776	536519	3352342	227724	433354	1917778	90168	45994	205454	582332	140640	180708	690664	392420	412134	413592	398816	1662908	374976	217630	331703	476550	2286592	393294	333642	228690	171296	895500	102490	250404	247687	369075	281487	351780	1152402	772719	811440	97804	267578	108192	158760	392922	365086	283136	43416	53044	76219	200998	29057
450.0000033584731	0	0	0	0	0	6654288	0	1208025	509184	527352	539328	3369574	230286	437654	1942908	91392	46719	208378	592773	142560	183414	700176	400260	418541	420888	407286	1696868	380912	221970	337844	485460	2352768	402852	342414	234010	175324	918600	104969	256452	253561	380912	290779	361010	1200732	807410	846285	101332	278694	111504	164836	420561	392764	303597	45761	55981	81081	217992	30870
455.00000201184184	0	0	0	0	0	6710800	0	1212237	511212	529200	541872	3388601	232470	441524	1960499	93228	47589	211732	601835	144672	186384	711312	408520	425693	428488	416361	1725168	389088	226310	344163	494505	2406976	411348	348228	239330	179935	947100	107300	263088	260770	390355	297243	371800	1245303	839645	873195	106232	290604	115920	171304	446706	417806	317975	48106	58295	85657	230884	32438
460.0000091116117	0	0	0	0	0	6763780	0	1218204	513500	531664	544469	3406551	234864	446082	1985270	94146	48517	215000	611094	146784	189552	723608	415800	433441	436544	422532	1761958	398160	229670	348880	505170	2463296	420080	353838	244020	183698	966600	109890	269304	268157	398069	304818	382200	1281819	866354	902175	110152	308072	119784	177968	467622	448120	334012	51188	61588	90519	247878	34839
465.0000027853456	0	0	0	0	0	6809696	0	1224171	515736	533792	547066	3423065	237132	450984	2009323	95574	49213	217494	619368	148224	192654	737064	422240	440593	445968	429913	1793088	405776	234710	354576	513135	2509760	430110	361182	248500	187196	990000	111888	275184	275455	408842	312696	391170	1320483	893677	935985	113484	324746	122958	184828	487791	495568	356132	54002	64970	94523	264872	36701
470.0000013447604	0	0	0	0	0	6853846	0	1228851	517140	535976	549610	3442092	239064	455456	2027632	97563	49967	220504	627248	150240	195690	748896	428540	448490	455544	439109	1827048	413168	239680	360806	523125	2573824	439432	367506	253470	190694	1012800	114811	282996	281685	417487	319766	401570	1366665	921000	970485	117208	339038	128340	189336	506466	527200	374381	56950	68886	99385	285968	38661
475.0000087841261	0	0	0	0	0	6903294	0	1234818	519688	538104	551624	3460401	240996	459068	2048454	99195	50866	222482	638083	151824	198198	760032	435260	456089	461472	448184	1857612	421680	244020	368104	531765	2641408	449344	375768	257250	194457	1034700	117475	289380	288182	427994	328048	412880	1397274	952314	1003260	121912	354918	132618	194824	525888	541698	395948	59563	71734	104104	302962	40572
480.0000093222448	0	0	0	0	0	6946561	0	1240785	521664	540120	554115	3478351	243222	462680	2071789	100419	51736	225320	646948	153696	200574	773024	441140	463688	468464	456533	1897798	428848	249480	375402	541350	2694912	459610	383622	262430	197796	1057800	119658	295848	294234	439831	336532	422240	1431642	981172	1030515	124460	370004	136068	200508	547551	562786	415303	62511	74315	108537	324058	42630
485.0000016936109	0	0	0	0	0	6986296	0	1246167	522964	542304	556500	3498096	245070	467066	2091534	101949	52432	228502	655025	155760	203742	783232	446600	469201	476368	465245	1935154	436464	252980	382967	552420	2749120	470348	390252	267610	201771	1076400	122507	302820	302689	450338	344511	431730	1470843	1006653	1064325	128184	381120	140208	205408	569214	591782	434658	65124	76540	113828	344568	44541
490.0000004054144	0	0	0	0	0	7024265	0	1251198	525148	544432	558726	3516764	247212	471280	2114151	103326	53128	230480	662708	157824	206316	792512	452760	477098	485032	471174	1970246	443856	258020	389642	562275	2811776	479434	398106	272580	206011	1102200	125097	311052	309898	460047	352389	444600	1512192	1035511	1088820	132104	393824	144072	211876	593118	624732	458990	67000	78676	119405	366836	46403
495.00000195845706	0	0	0	0	0	7060468	0	1255761	527072	546896	560740	3528970	249564	475322	2135332	104397	53795	233232	668421	159216	209550	803184	457240	484846	490960	476861	2009866	451024	262220	395783	572265	2860352	488638	405450	278110	209615	1126500	127465	317268	319065	471352	360469	454740	1549782	1060992	1121595	135240	407322	148626	216776	617769	672180	485534	69077	81880	124839	385588	48804
500.00000152021295	0	0	0	0	0	7107267	0	1259973	529308	549192	562913	3543330	252084	479278	2161180	105672	54752	235296	677877	161472	212124	812000	463820	491998	497648	484000	2047222	458640	267610	403971	581985	2915264	500438	413202	283010	213643	1150500	130203	324660	326452	483854	370064	464750	1586298	1087701	1151265	138376	420820	153870	221872	640179	698540	505442	71422	84728	129558	403168	51058
505.0000044937547	0	0	0	0	0	7149651	0	1263132	531128	550928	565086	3556613	253722	482804	2184515	106845	55622	237016	687333	162912	214764	822440	469700	497809	504336	490655	2080616	465024	272510	410290	591570	2971584	511412	420444	287490	218572	1175400	133237	331128	334907	493829	378346	474370	1635165	1114410	1183005	142296	438288	157044	230104	669312	730172	525350	74169	88110	135135	424264	53116
510.0000021773157	0	0	0	0	0	7197333	0	1267110	532740	552608	567259	3572768	255864	486674	2208927	107967	56405	239854	693834	164784	216744	831256	478520	504365	510112	498762	2120802	473536	276500	415274	601425	3022976	520144	427176	292740	222759	1201200	136456	338352	343095	505001	386628	487240	1678125	1142040	1212330	144256	454962	160218	234808	690228	772348	538622	77586	91759	141284	441258	55174
515.0000052316627	0	0	0	0	0	7252079	0	1271907	534924	554568	569432	3589282	258048	491490	2228672	109089	56927	242864	702108	166656	218856	837520	485660	511517	516800	505780	2154762	479808	280630	422305	609660	3077184	529230	435336	298270	226363	1224900	139823	347004	349592	519764	395617	498550	1727529	1174889	1246830	147588	466078	164496	240884	714132	822432	553000	80735	95230	146575	460010	57526
520.000003932606	0	0	0	0	0	7289165	0	1275768	536328	556640	571128	3604001	260568	496220	2245904	110568	57507	244498	708609	168720	221298	847496	489860	519712	521512	514492	2188156	487536	284620	428268	618840	3135616	537136	443904	303800	231080	1244100	142487	354816	356890	533064	404505	510250	1774785	1205282	1280985	150920	485134	168222	246568	735795	865926	576779	82477	98523	151151	478176	59290
525.0000006464602	0	0	0	0	0	7328017	0	1279863	537316	558488	573195	3620156	262206	500692	2261700	111792	58290	247164	713928	170736	224136	858864	497560	526417	528200	519574	2218154	494368	289380	433697	631665	3188416	545986	451758	308490	234843	1269600	145225	361704	364811	545034	414201	521040	1819893	1231991	1313070	155036	500220	173742	253036	752229	892286	596687	84420	100926	155870	495756	61495
530.0000010779484	0	0	0	0	0	7363337	0	1284075	539188	560504	576269	3635952	264306	504562	2282163	112914	59189	250604	724172	172416	226512	868144	504420	533122	535952	525745	2250982	501312	293860	440194	640035	3245440	555780	459204	312900	238818	1293900	148074	367500	372732	558600	421574	531180	1869834	1265761	1341015	158956	510542	178020	258916	769410	931826	620466	86162	104842	159731	518610	64092
535.0000079795989	0	0	0	0	0	7405721	0	1288404	541060	562856	578177	3654979	266112	507486	2302626	114036	59914	253098	732840	174816	228624	875800	510580	538635	544008	534457	2281546	508592	297290	446780	649485	3291904	565102	466854	318920	243588	1320000	150849	373884	381543	570703	430563	541190	1910109	1290628	1377240	163464	519276	182712	265580	794061	962140	640927	89043	107868	166166	536190	66199
540.000000964957	0	0	0	0	0	7448105	0	1293318	543504	565096	580562	3671134	267960	511958	2324525	115617	60813	256366	739735	177312	231066	889256	516460	545340	549024	541838	2310978	516096	301700	453277	657855	3353856	575132	474096	324730	247775	1339500	153328	381864	388930	583870	439552	551330	1954143	1321942	1409325	166208	528804	188232	270480	817965	993772	666365	91254	111517	171314	556700	67963
545.0000100869489	0	0	0	0	0	7484308	0	1297179	545532	567112	582417	3688007	269808	516086	2342116	116739	61741	258946	747812	179664	234300	900856	522760	551151	555408	549461	2338146	522704	305900	459863	667575	3420032	583982	482460	331030	252280	1368300	156177	389676	395249	596372	446622	562380	2006232	1350800	1440030	169540	545478	192924	277732	837387	1039902	682955	93666	115255	177892	570764	70462
550.0000085230112	0	0	0	0	0	7521394	0	1302210	547404	569968	584378	3700572	271530	520472	2365092	118218	62408	262214	755889	181200	236610	909904	528360	558750	563920	557810	2366446	528976	309890	466360	676215	3467200	594602	491232	336700	256043	1390800	158841	397824	403526	608342	453995	574340	2056173	1377816	1470735	172676	565328	198306	284004	859050	1080760	706734	95408	117658	182611	593618	72716
555.0000054936856	0	0	0	0	0	7573491	0	1305603	549016	571816	586498	3712419	274218	525718	2385914	119850	63249	264966	762193	183072	239052	920112	534240	565008	571216	566159	2399274	537152	314370	473480	685260	3520000	601682	500208	341460	259435	1413900	161579	403368	412337	617918	462479	583310	2095374	1404525	1501440	177772	576444	201480	290864	879966	1124254	729407	98222	120061	187330	614714	75313
560.0000006804197	0	0	0	0	0	7617641	0	1308528	550992	573720	588671	3727497	276402	528986	2404941	121176	64003	268062	767906	184896	241890	932408	539840	571117	578512	573903	2427574	545552	318990	479176	693090	3572096	611948	506430	347900	263251	1436100	164132	411852	419546	629888	470458	593190	2131890	1432769	1535595	181692	590736	207000	297920	893412	1165112	749315	101706	123443	193765	634638	77567
565.0000053389547	0	0	0	0	0	7658259	0	1313208	552500	575624	590579	3742216	278334	534748	2431866	122910	64844	271588	775392	186960	244596	944240	546840	577226	584896	582010	2455874	551488	322490	485762	701730	3631232	620444	514896	353500	267332	1459200	166574	418992	425153	640927	478437	603070	2176461	1461013	1569750	184632	608998	211968	304388	918063	1202016	769776	103917	127003	199628	657492	79772
570.0000061918281	0	0	0	0	0	7699760	0	1316718	554892	576968	592646	3753704	280056	538532	2454483	124491	65685	274340	783666	188544	247368	957000	552860	582739	593408	588423	2489268	557984	327320	492971	708615	3683328	629412	522852	357840	271360	1483800	168942	426720	432985	652099	487729	613340	2229087	1492020	1600110	188552	623290	215832	311836	946449	1241556	785260	107066	131275	203489	679174	82271
575.0000035620891	0	0	0	0	0	7740378	0	1321632	556504	578536	594766	3771654	281820	543090	2476741	126327	66555	277264	791152	190800	249942	966512	559720	590338	601008	595320	2513606	565488	331660	500269	717930	3738944	638852	530706	363510	275918	1510200	171273	433272	440194	662606	496617	622960	2269899	1521185	1628400	194824	637582	219144	316932	977076	1269234	804615	110550	135636	208208	702028	84427
580.0000083171045	0	0	0	0	0	7777464	0	1325493	558064	580664	596568	3783142	283710	547562	2492896	127551	67164	280016	797062	192912	252516	978344	566020	597937	607848	601249	2543604	573888	336630	506321	728595	3792448	648882	536316	368970	279999	1531800	173863	441252	447225	671650	503990	633490	2320377	1550964	1659795	198352	648698	224388	324380	1002474	1304820	821758	113163	138484	213356	723124	87024
585.0000019580264	0	0	0	0	0	7812784	0	1329939	559988	582736	598847	3795707	285726	551432	2514077	128673	67860	282338	807109	194640	254892	989016	572320	604195	614536	608872	2574734	579712	340690	513352	738315	3849472	657142	543252	374220	283762	1557300	175750	448896	454078	682955	511161	645970	2363337	1578287	1692915	202468	671724	229632	330064	1025631	1340406	847749	115977	142934	219362	744220	89131
590.0000005980527	0	0	0	0	0	7853402	0	1333332	561808	584528	600861	3810067	287532	555560	2532027	130356	68643	285348	814792	196032	257334	999920	577360	609261	621376	616253	2604166	585536	345590	520027	746550	3911424	665284	551922	378980	287631	1572900	178340	456372	461465	693861	518635	655850	2411130	1610215	1725345	205212	689986	235290	337512	1045800	1382582	869316	118657	145159	225797	762972	90993
595.0000090955876	0	0	0	0	0	7892254	0	1337778	563524	585816	603034	3826581	289464	559860	2554644	131121	69455	288358	823854	197568	259908	1010360	583940	617754	628976	623029	2633032	592368	349580	526079	754920	3957184	673898	560796	385490	291447	1595400	181041	462084	468496	705033	526109	665600	2450868	1636617	1759845	209524	704278	239982	345352	1063728	1424758	891989	121136	149075	231517	787584	93394
600.0000039911477	0	0	0	0	0	7922276	0	1341639	565500	587328	605207	3839505	291522	563644	2572235	132498	70093	291282	831734	199392	262350	1023584	587860	624310	635056	630047	2671520	599872	355040	532932	762615	4014912	682158	568956	390600	294945	1626000	183261	468132	477040	715008	535199	676520	2496513	1668238	1791240	213248	721746	243708	351624	1094355	1464298	915768	124285	151834	237237	812782	96187
