>time	Ribosome	coli Pol	coli Pol-P	coli Pol-2.0	coli Pol-P-2.0	gp1	gp1-3.5	gp0.3	gp0.4	gp0.5	gp0.6A	gp0.7	gp1.1	gp1.2	gp1.3	gp1.4	gp1.5	gp1.6	gp1.7	gp1.8	gp2.0	gp2.5	gp2.8	gp3.0	gp3.5	gp3.8	gp4A	gp4.2	gp4.3	gp4.5	gp4.7	gp5.0	gp5.3	gp5.5	gp5.7	gp5.9	gp6.0	gp6.3	gp6.5	gp6.7	gp7	gp7.3	gp7.7	gp8	gp9	gp10A	gp11	gp12	gp13	gp14	gp15	gp16	gp17	gp17.5	gp18	gp18.5	gp19	gp19.5	RNA: gp0.3	RNA: gp0.4	RNA: gp0.5	RNA: gp0.6A	RNA: gp0.7	RNA: gp1	RNA: gp1.1	RNA: gp1.2	RNA: gp1.3	RNA: gp1.4	RNA: gp1.5	RNA: gp1.6	RNA: gp1.7	RNA: gp1.8	RNA: gp2.0	RNA: gp2.5	RNA: gp2.8	RNA: gp3.0	RNA: gp3.5	RNA: gp3.8	RNA: gp4A	RNA: gp4.2	RNA: gp4.3	RNA: gp4.5	RNA: gp4.7	RNA: gp5.0	RNA: gp5.3	RNA: gp5.5	RNA: gp5.7	RNA: gp5.9	RNA: gp6.0	RNA: gp6.3	RNA: gp6.5	RNA: gp6.7	RNA: gp7	RNA: gp7.3	RNA: gp7.7	RNA: gp8	RNA: gp9	RNA: gp10A	RNA: gp11	RNA: gp12	RNA: gp13	RNA: gp14	RNA: gp15	RNA: gp16	RNA: gp17	RNA: gp17.5	RNA: gp18	RNA: gp18.5	RNA: gp19	RNA: gp19.5	NumColiPoly:	4	NumT7Poly	2	NumOfTimePoints:	121	NumOfProteins:	58	NumOfCoding	52
1.1282018630068532E-4	10000	1800	0	0	0	0	0	0	0	0	0	0	0	0	0	0	0	0	0	0	0	0	0	0	0	0	0	0	0	0	0	0	0	0	0	0	0	0	0	0	0	0	0	0	0	0	0	0	0	0	0	0	0	0	0	0	0	0	0	0	0	0	0	0	0	0	0	0	0	0	0	0	0	0	0	0	0	0	0	0	0	0	0	0	0	0	0	0	0	0	0	0	0	0	0	0	0	0	0	0	0	0	0	0	0	0	0	0	0	0
5.0030249053709746	10000	1800	0	0	0	0	0	0	0	0	0	0	0	0	0	0	0	0	0	0	0	0	0	0	0	0	0	0	0	0	0	0	0	0	0	0	0	0	0	0	0	0	0	0	0	0	0	0	0	0	0	0	0	0	0	0	0	0	0	0	0	0	0	0	0	0	0	0	0	0	0	0	0	0	0	0	0	0	0	0	0	0	0	0	0	0	0	0	0	0	0	0	0	0	0	0	0	0	0	0	0	0	0	0	0	0	0	0	0	0
10.000937542388801	10000	1793	0	0	0	0	0	0	0	0	0	0	0	0	0	0	0	0	0	0	0	0	0	0	0	0	0	0	0	0	0	0	0	0	0	0	0	0	0	0	0	0	0	0	0	0	0	0	0	0	0	0	0	0	0	0	0	0	0	0	0	0	0	0	0	0	0	0	0	0	0	0	0	0	0	0	0	0	0	0	0	0	0	0	0	0	0	0	0	0	0	0	0	0	0	0	0	0	0	0	0	0	0	0	0	0	0	0	0	0
15.003590347161236	10000	1784	0	0	0	0	0	0	0	0	0	0	0	0	0	0	0	0	0	0	0	0	0	0	0	0	0	0	0	0	0	0	0	0	0	0	0	0	0	0	0	0	0	0	0	0	0	0	0	0	0	0	0	0	0	0	0	0	0	0	0	0	0	0	0	0	0	0	0	0	0	0	0	0	0	0	0	0	0	0	0	0	0	0	0	0	0	0	0	0	0	0	0	0	0	0	0	0	0	0	0	0	0	0	0	0	0	0	0	0
20.00274025365909	9997	1779	0	0	0	0	0	0	0	0	0	0	0	0	0	0	0	0	0	0	0	0	0	0	0	0	0	0	0	0	0	0	0	0	0	0	0	0	0	0	0	0	0	0	0	0	0	0	0	0	0	0	0	0	0	0	0	0	0	0	0	0	0	0	0	0	0	0	0	0	0	0	0	0	0	0	0	0	0	0	0	0	0	0	0	0	0	0	0	0	0	0	0	0	0	0	0	0	0	0	0	0	0	0	0	0	0	0	0	0
25.001729626688697	9984	1771	0	0	0	0	0	0	0	0	0	0	0	0	0	0	0	0	0	0	0	0	0	0	0	0	0	0	0	0	0	0	0	0	0	0	0	0	0	0	0	0	0	0	0	0	0	0	0	0	0	0	0	0	0	0	0	0	2	0	0	0	0	0	0	0	0	0	0	0	0	0	0	0	0	0	0	0	0	0	0	0	0	0	0	0	0	0	0	0	0	0	0	0	0	0	0	0	0	0	0	0	0	0	0	0	0	0	0	0
30.000613978998295	9961	1767	0	0	0	0	0	3	1	0	0	0	0	0	0	0	0	0	0	0	0	0	0	0	0	0	0	0	0	0	0	0	0	0	0	0	0	0	0	0	0	0	0	0	0	0	0	0	0	0	0	0	0	0	0	0	0	0	10	0	0	0	0	0	0	0	0	0	0	0	0	0	0	0	0	0	0	0	0	0	0	0	0	0	0	0	0	0	0	0	0	0	0	0	0	0	0	0	0	0	0	0	0	0	0	0	0	0	0	0
35.00061601934783	9917	1754	0	0	0	0	0	13	4	1	0	0	0	0	0	0	0	0	0	0	0	0	0	0	0	0	0	0	0	0	0	0	0	0	0	0	0	0	0	0	0	0	0	0	0	0	0	0	0	0	0	0	0	0	0	0	0	0	16	3	2	0	0	0	0	0	0	0	0	0	0	0	0	0	0	0	0	0	0	0	0	0	0	0	0	0	0	0	0	0	0	0	0	0	0	0	0	0	0	0	0	0	0	0	0	0	0	0	0	0
40.00010791834209	9885	1749	0	0	0	0	0	36	14	8	2	0	0	0	0	0	0	0	0	0	0	0	0	0	0	0	0	0	0	0	0	0	0	0	0	0	0	0	0	0	0	0	0	0	0	0	0	0	0	0	0	0	0	0	0	0	0	0	23	10	6	3	0	0	0	0	0	0	0	0	0	0	0	0	0	0	0	0	0	0	0	0	0	0	0	0	0	0	0	0	0	0	0	0	0	0	0	0	0	0	0	0	0	0	0	0	0	0	0	0
45.00068854183353	9821	1743	0	0	0	0	0	62	31	16	8	0	0	0	0	0	0	0	0	0	0	0	0	0	0	0	0	0	0	0	0	0	0	0	0	0	0	0	0	0	0	0	0	0	0	0	0	0	0	0	0	0	0	0	0	0	0	0	27	21	10	9	0	0	0	0	0	0	0	0	0	0	0	0	0	0	0	0	0	0	0	0	0	0	0	0	0	0	0	0	0	0	0	0	0	0	0	0	0	0	0	0	0	0	0	0	0	0	0	0
50.0003900598081	9747	1736	0	0	0	0	0	90	68	36	27	0	0	0	0	0	0	0	0	0	0	0	0	0	0	0	0	0	0	0	0	0	0	0	0	0	0	0	0	0	0	0	0	0	0	0	0	0	0	0	0	0	0	0	0	0	0	0	34	29	19	16	0	0	0	0	0	0	0	0	0	0	0	0	0	0	0	0	0	0	0	0	0	0	0	0	0	0	0	0	0	0	0	0	0	0	0	0	0	0	0	0	0	0	0	0	0	0	0	0
55.00001027842866	9671	1725	0	0	0	0	0	133	103	70	54	0	0	0	0	0	0	0	0	0	0	0	0	0	0	0	0	0	0	0	0	0	0	0	0	0	0	0	0	0	0	0	0	0	0	0	0	0	0	0	0	0	0	0	0	0	0	0	43	31	28	25	0	0	0	0	0	0	0	0	0	0	0	0	0	0	0	0	0	0	0	0	0	0	0	0	0	0	0	0	0	0	0	0	0	0	0	0	0	0	0	0	0	0	0	0	0	0	0	0
60.000133907569925	9607	1714	0	0	0	0	0	195	141	104	92	0	0	0	0	0	0	0	0	0	0	0	0	0	0	0	0	0	0	0	0	0	0	0	0	0	0	0	0	0	0	0	0	0	0	0	0	0	0	0	0	0	0	0	0	0	0	0	48	37	33	31	0	0	0	0	0	0	0	0	0	0	0	0	0	0	0	0	0	0	0	0	0	0	0	0	0	0	0	0	0	0	0	0	0	0	0	0	0	0	0	0	0	0	0	0	0	0	0	0
65.00025901937465	9500	1703	0	0	0	0	0	247	184	145	127	0	0	0	0	0	0	0	0	0	0	0	0	0	0	0	0	0	0	0	0	0	0	0	0	0	0	0	0	0	0	0	0	0	0	0	0	0	0	0	0	0	0	0	0	0	0	0	53	42	38	42	3	0	0	0	0	0	0	0	0	0	0	0	0	0	0	0	0	0	0	0	0	0	0	0	0	0	0	0	0	0	0	0	0	0	0	0	0	0	0	0	0	0	0	0	0	0	0	0
70.00005385328187	9373	1687	5	0	0	0	0	312	240	200	187	0	0	0	0	0	0	0	0	0	0	0	0	0	0	0	0	0	0	0	0	0	0	0	0	0	0	0	0	0	0	0	0	0	0	0	0	0	0	0	0	0	0	0	0	0	0	0	65	50	47	52	23	0	0	0	0	0	0	0	0	0	0	0	0	0	0	0	0	0	0	0	0	0	0	0	0	0	0	0	0	0	0	0	0	0	0	0	0	0	0	0	0	0	0	0	0	0	0	0
75.000410171546	9241	1660	15	0	0	0	0	386	306	261	267	0	0	0	0	0	0	0	0	0	0	0	0	0	0	0	0	0	0	0	0	0	0	0	0	0	0	0	0	0	0	0	0	0	0	0	0	0	0	0	0	0	0	0	0	0	0	0	76	59	54	56	34	0	0	0	0	0	0	0	0	0	0	0	0	0	0	0	0	0	0	0	0	0	0	0	0	0	0	0	0	0	0	0	0	0	0	0	0	0	0	0	0	0	0	0	0	0	0	0
80.00005229138068	9126	1637	35	0	0	0	0	472	381	331	366	0	0	0	0	0	0	0	0	0	0	0	0	0	0	0	0	0	0	0	0	0	0	0	0	0	0	0	0	0	0	0	0	0	0	0	0	0	0	0	0	0	0	0	0	0	0	0	86	71	58	65	50	0	0	0	0	0	0	0	0	0	0	0	0	0	0	0	0	0	0	0	0	0	0	0	0	0	0	0	0	0	0	0	0	0	0	0	0	0	0	0	0	0	0	0	0	0	0	0
85.00006990758611	8967	1599	64	0	0	0	0	565	465	409	469	0	0	0	0	0	0	0	0	0	0	0	0	0	0	0	0	0	0	0	0	0	0	0	0	0	0	0	0	0	0	0	0	0	0	0	0	0	0	0	0	0	0	0	0	0	0	0	89	80	73	79	58	0	0	0	0	0	0	0	0	0	0	0	0	0	0	0	0	0	0	0	0	0	0	0	0	0	0	0	0	0	0	0	0	0	0	0	0	0	0	0	0	0	0	0	0	0	0	0
90.00000718863787	8838	1544	102	0	0	0	0	674	574	495	610	0	0	0	0	0	0	0	0	0	0	0	0	0	0	0	0	0	0	0	0	0	0	0	0	0	0	0	0	0	0	0	0	0	0	0	0	0	0	0	0	0	0	0	0	0	0	0	93	86	76	94	73	0	0	0	0	0	0	0	0	0	0	0	0	0	0	0	0	0	0	0	0	0	0	0	0	0	0	0	0	0	0	0	0	0	0	0	0	0	0	0	0	0	0	0	0	0	0	0
95.00001141435288	8641	1489	150	0	0	0	0	766	670	580	766	0	0	0	0	0	0	0	0	0	0	0	0	0	0	0	0	0	0	0	0	0	0	0	0	0	0	0	0	0	0	0	0	0	0	0	0	0	0	0	0	0	0	0	0	0	0	0	106	92	85	106	84	0	0	0	0	0	0	0	0	0	0	0	0	0	0	0	0	0	0	0	0	0	0	0	0	0	0	0	0	0	0	0	0	0	0	0	0	0	0	0	0	0	0	0	0	0	0	0
100.00008192318309	8491	1422	210	0	0	0	0	886	778	675	954	0	0	0	0	0	0	0	0	0	0	0	0	0	0	0	0	0	0	0	0	0	0	0	0	0	0	0	0	0	0	0	0	0	0	0	0	0	0	0	0	0	0	0	0	0	0	0	113	100	89	111	92	0	0	0	0	0	0	0	0	0	0	0	0	0	0	0	0	0	0	0	0	0	0	0	0	0	0	0	0	0	0	0	0	0	0	0	0	0	0	0	0	0	0	0	0	0	0	0
105.0002544867802	8283	1349	272	0	0	0	0	1012	891	774	1138	0	0	0	0	0	0	0	0	0	0	0	0	0	0	0	0	0	0	0	0	0	0	0	0	0	0	0	0	0	0	0	0	0	0	0	0	0	0	0	0	0	0	0	0	0	0	0	117	108	104	114	105	0	0	0	0	0	0	0	0	0	0	0	0	0	0	0	0	0	0	0	0	0	0	0	0	0	0	0	0	0	0	0	0	0	0	0	0	0	0	0	0	0	0	0	0	0	0	0
110.00002037814174	8086	1273	341	0	0	0	0	1150	1011	905	1351	0	0	0	0	0	0	0	0	0	0	0	0	0	0	0	0	0	0	0	0	0	0	0	0	0	0	0	0	0	0	0	0	0	0	0	0	0	0	0	0	0	0	0	0	0	0	0	124	114	111	127	112	0	0	0	0	0	0	0	0	0	0	0	0	0	0	0	0	0	0	0	0	0	0	0	0	0	0	0	0	0	0	0	0	0	0	0	0	0	0	0	0	0	0	0	0	0	0	0
115.00001647418769	7882	1180	433	0	0	0	0	1294	1156	1029	1591	0	0	0	0	0	0	0	0	0	0	0	0	0	0	0	0	0	0	0	0	0	0	0	0	0	0	0	0	0	0	0	0	0	0	0	0	0	0	0	0	0	0	0	0	0	0	0	135	124	113	132	120	0	0	0	0	0	0	0	0	0	0	0	0	0	0	0	0	0	0	0	0	0	0	0	0	0	0	0	0	0	0	0	0	0	0	0	0	0	0	0	0	0	0	0	0	0	0	0
120.00009132039058	7681	1078	526	0	0	0	0	1451	1311	1178	1847	1	0	0	0	0	0	0	0	0	0	0	0	0	0	0	0	0	0	0	0	0	0	0	0	0	0	0	0	0	0	0	0	0	0	0	0	0	0	0	0	0	0	0	0	0	0	0	139	127	124	140	127	0	0	0	0	0	0	0	0	0	0	0	0	0	0	0	0	0	0	0	0	0	0	0	0	0	0	0	0	0	0	0	0	0	0	0	0	0	0	0	0	0	0	0	0	0	0	0
125.00003763712274	7415	973	625	0	0	0	0	1609	1447	1319	2111	0	0	0	0	0	0	0	0	0	0	0	0	0	0	0	0	0	0	0	0	0	0	0	0	0	0	0	0	0	0	0	0	0	0	0	0	0	0	0	0	0	0	0	0	0	0	0	142	135	132	150	132	23	0	0	0	0	0	0	0	0	0	0	0	0	0	0	0	0	0	0	0	0	0	0	0	0	0	0	0	0	0	0	0	0	0	0	0	0	0	0	0	0	0	0	0	0	0	0
130.0002374250768	7199	848	739	0	0	1	0	1794	1602	1465	2408	0	0	0	0	0	0	0	0	0	0	0	0	0	0	0	0	0	0	0	0	0	0	0	0	0	0	0	0	0	0	0	0	0	0	0	0	0	0	0	0	0	0	0	0	0	0	0	146	142	138	156	142	53	0	0	0	0	0	0	0	0	0	0	0	0	0	0	0	0	0	0	0	0	0	0	0	0	0	0	0	0	0	0	0	0	0	0	0	0	0	0	0	0	0	0	0	0	0	0
135.00004701924135	6958	721	858	0	0	4	0	1964	1770	1633	2711	0	1	1	0	0	0	0	0	0	0	0	0	0	0	0	0	0	0	0	0	0	0	0	0	0	0	0	0	0	0	0	0	0	0	0	0	0	0	0	0	0	0	0	0	0	0	0	148	146	145	167	147	94	2	0	0	0	0	0	0	0	0	0	0	0	0	0	0	0	0	0	0	0	0	0	0	0	0	0	0	0	0	0	0	0	0	0	0	0	0	0	0	0	0	0	0	0	0	0
140.0000346030215	6714	582	990	0	0	16	0	2124	1944	1795	3054	0	7	2	0	0	0	0	0	0	0	0	0	0	0	0	0	0	0	0	0	0	0	0	0	0	0	0	0	0	0	0	0	0	0	0	0	0	0	0	0	0	0	0	0	0	0	0	155	149	146	174	159	126	6	2	0	0	0	0	0	0	0	0	0	0	0	0	0	0	0	0	0	0	0	0	0	0	0	0	0	0	0	0	0	0	0	0	0	0	0	0	0	0	0	0	0	0	0	0
145.00004947336762	6419	422	1142	0	0	44	0	2283	2107	1959	3426	1	23	9	0	0	0	0	0	0	0	0	0	0	0	0	0	0	0	0	0	0	0	0	0	0	0	0	0	0	0	0	0	0	0	0	0	0	0	0	0	0	0	0	0	0	0	0	162	156	153	176	169	137	14	7	0	0	0	0	0	0	0	0	0	0	0	0	0	0	0	0	0	0	0	0	0	0	0	0	0	0	0	0	0	0	0	0	0	0	0	0	0	0	0	0	0	0	0	0
150.00001622004194	6150	253	1300	0	0	77	0	2473	2282	2156	3786	1	46	21	0	0	0	0	0	0	0	0	0	0	0	0	0	0	0	0	0	0	0	0	0	0	0	0	0	0	0	0	0	0	0	0	0	0	0	0	0	0	0	0	0	0	0	0	172	160	158	180	175	148	22	13	0	0	0	0	0	0	0	0	0	0	0	0	0	0	0	0	0	0	0	0	0	0	0	0	0	0	0	0	0	0	0	0	0	0	0	0	0	0	0	0	0	0	0	0
155.00001055367136	5839	84	1464	0	0	116	0	2691	2476	2327	4160	8	94	41	0	0	0	0	0	0	0	0	0	0	0	0	0	0	0	0	0	0	0	0	0	0	0	0	0	0	0	0	0	0	0	0	0	0	0	0	0	0	0	0	0	0	0	0	177	168	164	188	177	162	39	23	0	0	0	0	0	0	0	0	0	0	0	0	0	0	0	0	0	0	0	0	0	0	0	0	0	0	0	0	0	0	0	0	0	0	0	0	0	0	0	0	0	0	0	0
160.00003722944462	5532	0	1542	0	0	164	0	2908	2663	2514	4465	104	159	79	0	0	0	0	0	0	0	0	0	0	0	0	0	0	0	0	0	0	0	0	0	0	0	0	0	0	0	0	0	0	0	0	0	0	0	0	0	0	0	0	0	0	0	0	182	173	169	199	185	173	55	48	6	0	0	0	0	0	0	0	0	0	0	0	0	0	0	0	0	0	0	0	0	0	0	0	0	0	0	0	0	0	0	0	0	0	0	0	0	0	0	0	0	0	0	0
165.0000863991775	5243	0	1536	0	0	242	0	3123	2865	2708	4698	297	227	134	1	0	0	0	0	0	0	0	0	0	0	0	0	0	0	0	0	0	0	0	0	0	0	0	0	0	0	0	0	0	0	0	0	0	0	0	0	0	0	0	0	0	0	0	190	178	175	207	189	177	60	61	7	0	0	0	0	0	0	0	0	0	0	0	0	0	0	0	0	0	0	0	0	0	0	0	0	0	0	0	0	0	0	0	0	0	0	0	0	0	0	0	0	0	0	0
170.000124059318	4878	0	1533	0	0	297	0	3323	3076	2916	4958	477	297	222	6	0	0	0	0	0	0	0	0	0	0	0	0	0	0	0	0	0	0	0	0	0	0	0	0	0	0	0	0	0	0	0	0	0	0	0	0	0	0	0	0	0	0	0	194	185	180	212	197	188	78	64	34	2	2	0	0	0	0	0	0	0	0	0	0	0	0	0	0	0	0	0	0	0	0	0	0	0	0	0	0	0	0	0	0	0	0	0	0	0	0	0	0	0	0	0
175.00000569117225	4462	0	1535	0	0	365	0	3521	3299	3109	5208	683	405	286	19	4	8	0	0	0	0	0	0	0	0	0	0	0	0	0	0	0	0	0	0	0	0	0	0	0	0	0	0	0	0	0	0	0	0	0	0	0	0	0	0	0	0	0	206	193	183	217	203	193	92	76	56	5	5	5	2	2	0	0	0	0	0	0	0	0	0	0	0	0	0	0	0	0	0	0	0	0	0	0	0	0	0	0	0	0	0	0	0	0	0	0	0	0	0	0
180.0000251479284	4048	0	1531	0	1	464	0	3760	3516	3334	5463	895	513	399	35	17	12	7	0	3	0	0	0	0	0	0	0	0	0	0	0	0	0	0	0	0	0	0	0	0	0	0	0	0	0	0	0	0	0	0	0	0	0	0	0	0	0	0	212	204	193	227	214	198	103	96	73	9	7	9	6	5	3	2	1	0	0	0	0	0	0	0	0	0	0	0	0	0	0	0	0	0	0	0	0	0	0	0	0	0	0	0	0	0	0	0	0	0	0	0
185.0000392491323	3597	0	1531	0	6	564	0	4017	3756	3550	5756	1100	642	505	71	26	22	16	2	12	0	0	0	0	0	0	0	0	0	0	0	0	0	0	0	0	0	0	0	0	0	0	0	0	0	0	0	0	0	0	0	0	0	0	0	0	0	0	215	212	204	235	220	202	121	106	102	10	9	14	14	11	9	8	7	3	3	0	0	0	0	0	0	0	0	0	0	0	0	0	0	0	0	0	0	0	0	0	0	0	0	0	0	0	0	0	0	0	0	0
190.00001150739647	3005	0	1510	0	23	672	0	4267	4009	3775	6022	1316	797	623	116	36	31	39	8	27	2	0	2	3	0	0	0	0	0	0	0	0	0	0	0	0	0	0	0	0	0	0	0	0	0	0	0	0	0	0	0	0	0	0	0	0	0	0	224	215	212	248	230	212	131	118	113	12	11	22	25	21	18	20	13	9	5	2	0	0	0	0	0	0	0	0	0	0	0	0	0	0	0	0	0	0	0	0	0	0	0	0	0	0	0	0	0	0	0	0
195.00009973112498	2313	0	1492	0	51	766	3	4506	4263	4022	6310	1559	960	748	183	57	49	63	20	51	0	4	13	8	1	3	0	0	0	0	0	0	0	0	0	0	0	0	0	0	0	0	0	0	0	0	0	0	0	0	0	0	0	0	0	0	0	0	229	225	217	254	235	221	151	132	123	20	16	24	33	28	27	34	18	17	13	7	2	2	0	1	0	0	0	0	0	0	0	0	0	0	0	0	0	0	0	0	0	0	0	0	0	0	0	0	0	0	0	0
200.00001073707122	1609	0	1449	0	88	888	10	4781	4521	4294	6599	1800	1140	918	262	82	70	85	51	95	0	18	29	24	0	6	0	1	1	1	0	0	0	0	0	0	0	0	0	0	0	0	0	0	0	0	0	0	0	0	0	0	0	0	0	0	0	0	253	233	226	262	246	233	162	153	135	26	17	29	44	38	35	45	39	29	22	24	15	6	2	1	0	0	0	0	0	0	0	0	0	0	0	0	0	0	0	0	0	0	0	0	0	0	0	0	0	0	0	0
205.00001567750144	747	0	1415	0	126	999	33	5061	4775	4544	6911	2029	1340	1095	359	116	103	119	90	147	0	54	57	48	0	28	0	8	3	3	1	0	0	0	0	0	0	0	0	0	0	0	0	0	0	0	0	0	0	0	0	0	0	0	0	0	0	0	257	241	226	269	253	237	183	170	154	31	22	36	54	48	41	53	52	49	42	46	31	13	5	5	2	0	0	0	0	0	0	0	0	0	0	0	0	0	0	0	0	0	0	0	0	0	0	0	0	0	0	0
210.0000004664168	110	0	1376	0	174	1113	62	5357	5046	4808	7239	2272	1561	1301	494	155	133	153	138	208	2	102	112	95	4	78	0	21	10	9	2	0	0	0	0	0	0	0	0	0	0	0	0	0	0	0	0	0	0	0	0	0	0	0	0	0	0	0	262	253	248	276	261	244	196	181	176	40	27	41	58	55	46	61	60	57	48	64	47	26	10	15	6	1	2	1	0	0	0	0	0	0	0	0	0	0	0	0	0	0	0	0	0	0	0	0	0	0	0	0
215.00000795588338	29	0	1310	0	244	1190	110	5661	5311	5062	7564	2516	1789	1497	627	206	177	195	207	279	4	160	191	158	8	142	0	52	27	29	6	0	2	0	0	1	0	0	0	0	0	0	0	0	0	0	0	0	0	0	0	0	0	0	0	0	0	0	267	259	257	297	265	256	212	199	189	45	40	68	78	77	64	73	64	63	60	78	67	58	36	48	22	5	4	3	1	2	0	1	0	0	0	0	0	0	0	0	0	0	0	0	0	0	0	0	0	0	0	0
220.00001171699907	15	0	1246	0	315	1277	166	5954	5549	5293	7834	2760	1975	1706	763	243	213	259	272	342	3	235	257	217	6	230	0	115	73	78	22	0	4	3	4	3	0	0	0	0	0	0	0	0	0	0	0	0	0	0	0	0	0	0	0	0	0	0	275	267	261	301	277	259	226	214	200	47	48	80	104	106	88	108	95	81	69	94	78	79	66	79	57	26	9	5	5	5	4	5	3	2	1	0	0	0	0	0	0	0	0	0	0	0	0	0	0	0	0	0
225.00000357544585	16	0	1173	0	386	1425	222	6181	5754	5475	8083	3032	2146	1879	959	281	248	318	353	424	5	311	323	280	5	310	4	183	118	144	59	0	7	8	6	5	0	2	2	3	0	0	0	0	0	0	0	0	0	0	0	0	0	0	0	0	0	0	276	276	270	313	293	270	236	226	218	54	49	86	119	115	96	125	125	119	87	107	90	98	88	94	85	55	28	20	20	15	8	6	5	5	3	4	2	0	0	0	0	0	0	0	0	0	0	0	0	0	0	0
230.00000379613047	9	0	1102	0	468	1535	274	6389	5931	5666	8327	3294	2314	2027	1125	318	285	386	437	503	4	391	393	351	5	378	10	245	176	214	109	0	14	14	9	17	0	7	6	6	1	2	0	0	0	0	0	0	0	0	0	0	0	0	0	0	0	0	286	280	277	320	300	283	244	235	232	56	54	96	127	127	117	137	128	129	121	140	107	115	113	130	115	90	64	49	44	42	20	18	17	17	6	5	4	2	0	0	0	0	0	0	0	0	0	0	0	0	0	0
235.00000530363187	10	0	1034	0	534	1658	327	6570	6096	5839	8516	3569	2461	2171	1326	348	315	431	522	578	8	485	467	428	8	450	26	321	247	281	175	0	34	34	29	44	2	17	10	12	5	4	2	0	0	0	0	0	0	0	0	0	0	0	0	0	0	0	291	285	281	325	304	289	257	238	251	62	58	102	136	137	125	157	160	149	129	163	126	137	135	146	131	104	98	92	95	94	45	32	42	38	31	22	17	4	2	0	0	0	0	0	0	0	0	0	0	0	0	0
240.00000153046227	6	0	989	0	589	1797	403	6749	6249	5984	8692	3820	2583	2310	1520	381	342	491	611	640	12	568	543	493	6	526	65	375	316	365	249	0	73	73	69	84	7	31	28	24	12	7	5	0	0	0	0	0	0	0	0	0	0	0	0	0	0	0	296	292	284	336	309	294	266	253	263	73	60	103	146	148	134	168	165	164	159	189	151	156	153	170	157	134	115	105	99	101	64	45	49	42	42	43	41	10	10	3	0	0	0	0	0	0	0	0	0	0	0	0
245.00000885608335	6	0	915	0	669	1927	468	6895	6390	6119	8873	4032	2705	2428	1676	412	379	543	691	711	5	660	627	565	13	615	118	458	379	425	326	1	122	131	121	131	16	55	53	37	25	12	10	0	0	0	0	0	0	0	0	0	0	0	0	0	0	0	304	297	293	341	320	303	272	264	274	79	76	126	152	150	140	187	176	174	166	201	164	168	163	187	176	157	147	145	143	141	79	68	83	68	52	47	44	22	18	10	1	0	0	0	0	0	0	0	0	0	0	0
250.0000164820778	11	0	863	0	724	2063	540	7070	6523	6243	9034	4231	2814	2535	1844	447	412	582	759	774	14	745	706	632	11	705	191	530	450	501	391	5	175	188	174	192	29	87	76	58	36	32	24	0	0	0	0	0	0	0	0	0	0	0	0	0	0	0	320	306	296	349	324	316	287	267	286	82	77	128	176	170	153	190	189	188	181	216	182	176	167	199	196	176	171	163	159	158	118	99	109	97	89	83	65	29	33	17	4	0	0	0	0	0	0	0	0	0	0	0
255.0000063331466	8	0	805	0	788	2259	606	7212	6650	6355	9163	4405	2928	2639	1995	491	449	645	832	831	12	842	780	692	17	792	257	625	524	589	462	13	234	254	238	256	60	118	109	91	69	51	40	0	1	0	0	0	0	0	0	0	0	0	0	0	0	0	329	319	303	354	333	320	293	281	300	99	92	141	182	175	154	201	200	195	189	232	194	203	195	204	199	200	196	192	186	185	131	115	153	145	128	114	98	32	44	30	8	2	1	0	0	0	0	0	0	0	0	0
260.0000078059684	5	0	747	0	841	2416	686	7335	6775	6480	9327	4581	3027	2770	2133	525	479	691	893	893	13	921	853	772	8	885	325	722	597	678	533	34	302	320	302	313	108	162	158	124	103	92	65	0	6	0	2	0	0	0	0	0	0	0	0	0	0	0	334	330	323	366	342	329	300	289	305	102	94	151	199	190	168	202	203	203	201	244	223	248	240	241	202	223	214	208	204	201	174	165	199	183	163	150	146	50	50	44	12	6	6	3	0	0	0	0	0	0	0	0
265.0000104031883	5	0	678	0	909	2609	748	7461	6874	6592	9457	4753	3145	2872	2269	558	515	751	975	964	13	1000	926	852	17	963	385	813	667	749	604	65	374	390	365	366	158	221	214	180	155	134	108	3	15	1	5	0	0	0	0	0	0	0	0	0	0	0	334	334	331	384	345	332	311	299	308	102	94	151	208	206	208	243	210	203	202	255	232	279	273	291	269	226	227	226	225	220	200	197	239	231	217	202	180	94	73	52	15	9	14	8	0	0	0	0	0	0	0	0
270.0000054578138	6	0	619	0	977	2764	806	7581	6970	6683	9587	4887	3237	2970	2403	597	551	796	1043	1032	25	1061	1003	918	22	1045	467	900	764	836	680	128	450	473	430	435	219	290	283	241	210	194	150	4	25	9	9	0	2	0	0	0	0	0	0	0	0	0	339	337	333	388	351	337	319	312	321	111	103	155	209	210	210	265	256	250	210	259	237	282	281	319	312	237	227	227	227	227	223	216	280	281	258	237	232	134	115	70	15	12	29	21	3	0	0	0	0	0	0	0
275.0000017445203	6	0	558	0	1035	2938	884	7684	7080	6791	9703	5003	3338	3072	2523	635	580	842	1099	1087	22	1134	1069	975	14	1116	554	1004	851	940	759	188	520	534	500	511	281	356	367	326	274	257	200	11	37	15	13	0	4	2	0	0	0	0	0	0	0	0	344	340	336	392	359	345	336	318	333	115	104	161	220	220	213	268	266	262	234	262	247	287	282	329	328	296	279	259	245	236	227	227	303	294	286	279	278	178	169	112	21	14	37	31	9	0	0	0	0	0	0	0
280.0000003561962	0	0	490	0	1103	3051	959	7777	7171	6875	9817	5134	3428	3162	2637	662	607	887	1167	1155	30	1214	1152	1047	9	1203	641	1099	933	1041	858	250	578	611	571	575	343	412	476	401	351	324	263	25	57	33	18	0	10	6	0	0	0	0	0	0	0	0	350	345	340	397	363	357	348	331	339	119	105	161	221	220	213	272	273	269	264	311	251	292	291	330	329	341	322	313	305	304	242	235	311	309	306	302	291	196	217	163	27	15	53	44	21	0	0	0	0	0	0	0
285.00000274974207	1	0	462	0	1135	3183	1014	7875	7247	6966	9924	5244	3535	3270	2735	693	635	934	1224	1217	46	1289	1234	1127	13	1264	728	1172	1013	1130	944	321	650	677	641	654	411	462	558	465	433	393	346	52	78	51	22	0	18	6	0	0	0	0	0	0	0	0	354	350	342	402	371	368	367	335	350	123	112	169	222	222	213	274	274	274	272	331	262	296	291	338	338	356	349	345	344	342	288	274	336	327	318	314	307	210	237	213	39	21	61	59	38	2	0	0	0	0	0	0
290.0000128893662	3	0	415	0	1187	3255	1089	7967	7329	7055	10023	5347	3613	3334	2857	720	656	974	1282	1278	50	1354	1306	1180	19	1351	832	1241	1096	1215	1044	391	739	742	726	726	469	521	627	549	498	486	425	78	108	72	28	0	29	16	0	0	0	0	0	0	0	0	357	355	346	404	380	376	376	356	362	125	116	181	233	225	213	276	276	275	273	333	265	299	292	338	338	360	359	358	356	356	299	289	380	371	356	342	325	211	254	234	52	31	81	75	45	6	0	0	0	0	0	0
295.00000173475985	3	0	362	0	1238	3347	1153	8065	7411	7138	10134	5461	3712	3429	2964	740	688	1005	1341	1325	48	1429	1371	1261	22	1413	915	1321	1165	1297	1126	459	839	828	815	807	539	585	715	634	590	554	504	116	146	98	36	1	39	30	0	0	0	0	0	0	0	0	359	360	354	407	388	387	395	372	373	127	117	181	245	236	215	277	277	276	275	336	273	303	292	338	338	374	369	365	363	361	334	330	416	402	379	381	370	227	259	253	57	45	93	87	60	8	1	1	1	0	0	0
300.0000037672471	3	0	320	0	1280	3374	1217	8154	7503	7216	10236	5547	3799	3516	3069	776	720	1052	1390	1378	56	1498	1423	1308	14	1495	993	1390	1238	1360	1205	541	921	911	909	898	600	651	800	717	669	622	588	153	209	136	43	1	59	49	0	0	0	0	0	0	0	0	363	360	360	418	392	399	413	391	382	139	124	181	245	237	215	277	277	277	277	343	289	326	320	365	345	381	377	377	376	376	359	363	470	453	428	419	404	275	275	259	62	51	111	103	73	17	6	4	1	1	0	0
305.0000007379927	4	0	273	0	1322	3446	1265	8219	7581	7289	10327	5656	3885	3595	3159	811	742	1099	1445	1443	70	1563	1490	1365	22	1567	1054	1468	1315	1435	1281	643	1005	972	978	966	680	729	895	803	757	706	665	218	260	184	50	1	74	70	0	0	0	0	0	0	0	0	371	364	360	422	397	403	424	410	386	146	135	202	264	261	250	284	277	277	277	345	291	329	324	368	367	385	383	383	382	382	375	376	484	479	475	468	438	324	322	269	63	56	130	125	89	45	11	10	8	8	1	0
310.00001362762424	2	0	253	0	1343	3492	1329	8284	7656	7348	10414	5753	3976	3688	3250	833	771	1135	1495	1502	95	1622	1551	1419	18	1636	1130	1538	1373	1520	1344	714	1083	1053	1053	1038	765	805	992	912	856	800	752	276	324	227	65	2	108	89	1	0	0	2	1	1	0	0	379	373	365	429	402	409	430	422	390	146	142	212	275	269	260	320	315	297	277	351	292	332	326	375	368	393	386	386	386	386	382	376	490	490	487	471	446	332	375	319	63	61	142	137	105	56	23	15	14	10	1	3
315.0000038855349	2	0	219	0	1379	3557	1384	8360	7729	7426	10498	5843	4053	3771	3337	872	798	1182	1557	1547	103	1686	1620	1475	13	1705	1200	1638	1431	1594	1412	811	1154	1116	1118	1105	850	878	1092	1010	972	874	839	333	369	266	81	3	124	115	2	0	0	5	2	1	0	0	393	379	376	434	407	414	441	429	408	152	144	212	286	286	277	343	326	319	311	364	326	381	352	380	375	414	419	406	399	395	386	382	494	492	490	472	448	350	387	370	67	62	157	153	122	63	46	46	39	22	8	14
320.0000050953921	2	0	172	0	1427	3620	1440	8435	7794	7484	10580	5917	4137	3853	3413	899	826	1217	1616	1601	107	1757	1673	1539	14	1778	1283	1709	1499	1654	1489	886	1223	1197	1191	1171	928	939	1178	1098	1057	972	931	405	435	316	96	7	149	139	2	0	0	7	2	1	0	4	404	398	380	444	409	417	456	439	431	154	144	214	287	288	287	354	348	347	334	403	354	421	414	453	415	422	420	420	420	419	398	385	505	504	504	488	461	382	408	387	77	63	159	158	138	80	65	60	59	49	15	23
325.00000068634665	2	0	155	0	1451	3664	1486	8522	7856	7551	10660	6002	4215	3938	3509	926	854	1247	1673	1656	132	1814	1731	1588	11	1850	1375	1770	1562	1735	1565	990	1304	1259	1270	1229	1002	1000	1268	1188	1142	1058	1012	495	492	360	107	15	173	167	12	0	1	12	11	3	0	8	409	403	397	450	412	421	460	454	453	167	146	214	289	291	290	364	363	361	349	432	363	423	418	469	463	431	429	426	422	421	402	386	509	506	507	505	504	409	441	407	80	66	159	159	154	85	80	80	79	69	25	27
330.0000012474654	3	0	125	0	1491	3709	1543	8588	7917	7607	10730	6098	4311	4018	3590	946	875	1293	1732	1702	135	1887	1789	1652	13	1915	1432	1841	1633	1816	1636	1090	1370	1337	1332	1302	1074	1061	1364	1266	1225	1148	1089	569	560	412	120	18	202	193	23	0	1	28	27	9	0	10	413	412	401	466	421	428	469	458	469	168	147	214	291	291	290	366	365	364	363	449	396	460	454	492	469	467	440	431	429	429	423	417	537	526	511	509	506	461	477	437	83	76	159	159	156	114	92	92	89	80	37	32
335.0000047160635	0	0	106	0	1516	3796	1592	8649	7976	7669	10806	6181	4403	4080	3683	976	905	1333	1776	1746	160	1955	1854	1713	14	1984	1511	1908	1693	1880	1725	1183	1436	1398	1406	1382	1146	1125	1444	1348	1318	1232	1157	642	625	457	134	24	228	227	35	0	4	44	36	14	0	17	418	414	410	471	425	433	483	465	484	195	193	254	304	298	290	371	369	367	366	452	407	470	465	509	508	526	517	492	479	466	430	424	553	552	542	541	523	502	528	477	88	77	180	173	159	136	111	99	92	93	56	68
340.00000148012106	1	0	123	0	1503	3836	1660	8727	8048	7728	10882	6265	4469	4150	3765	1005	933	1372	1819	1776	211	2008	1910	1779	20	2048	1583	1974	1758	1957	1795	1277	1516	1465	1483	1441	1223	1182	1531	1439	1401	1318	1224	739	703	530	144	34	256	254	49	0	6	60	50	24	0	27	424	419	413	479	429	436	492	484	496	198	195	268	346	333	297	375	375	374	370	456	418	487	477	533	521	539	531	527	525	526	481	465	575	558	549	553	552	509	582	530	96	80	182	183	159	145	150	144	130	113	74	76
345.0000019203403	1	0	98	0	1526	3916	1693	8795	8102	7778	10943	6341	4539	4217	3850	1033	970	1405	1870	1814	230	2065	1973	1839	25	2115	1653	2068	1833	2037	1859	1360	1602	1540	1554	1516	1291	1248	1603	1524	1474	1402	1302	820	772	589	157	48	282	277	67	0	12	81	63	34	0	33	434	426	418	481	438	439	504	491	504	204	196	271	348	336	309	377	377	376	374	463	451	527	516	565	537	575	563	550	542	538	504	493	621	611	596	581	559	540	600	579	104	91	197	189	172	150	165	161	159	153	78	104
350.00000382483637	0	0	90	0	1538	3951	1736	8857	8144	7850	11015	6417	4606	4303	3941	1059	995	1440	1913	1875	273	2126	2035	1897	29	2187	1717	2129	1910	2098	1940	1448	1668	1615	1631	1596	1368	1318	1681	1599	1542	1494	1382	903	836	661	173	58	315	295	87	0	23	94	87	46	0	48	436	434	432	491	450	441	509	504	513	211	204	279	355	341	327	410	384	377	377	468	457	543	539	597	588	589	586	578	574	574	514	496	628	628	626	623	608	552	642	603	116	101	215	202	181	150	181	173	169	165	100	118
355.0000023071242	0	0	68	0	1558	3980	1796	8919	8207	7918	11074	6494	4669	4388	4026	1081	1016	1486	1962	1919	299	2181	2089	1948	28	2251	1786	2200	1996	2180	2011	1549	1735	1687	1704	1667	1440	1379	1757	1683	1614	1559	1451	993	915	739	188	70	339	322	110	0	36	114	104	65	1	63	440	438	437	504	453	444	512	510	527	213	204	279	360	349	329	415	413	412	395	471	463	546	540	602	601	612	602	599	595	590	515	496	628	628	628	627	627	579	662	640	119	104	234	226	186	150	186	185	185	182	128	139
360.00000021515046	0	0	57	0	1569	4033	1863	8980	8254	7980	11147	6568	4728	4450	4103	1110	1041	1520	2001	1966	334	2241	2140	1999	19	2333	1862	2265	2067	2250	2095	1618	1812	1750	1761	1738	1496	1445	1844	1766	1697	1642	1542	1079	1001	815	203	84	372	346	135	0	46	127	123	81	4	82	446	444	440	510	476	453	526	511	534	216	204	279	362	352	340	424	415	415	413	505	464	546	540	602	602	660	643	634	616	600	515	496	628	628	628	627	628	623	694	663	129	116	247	239	206	150	195	193	192	187	137	174
365.00000581845705	2	0	52	0	1574	4070	1905	9045	8305	8036	11206	6633	4787	4507	4192	1137	1069	1546	2034	2002	366	2291	2191	2047	23	2393	1921	2334	2138	2332	2157	1690	1898	1818	1832	1815	1573	1500	1917	1834	1779	1723	1623	1177	1080	894	220	92	405	364	159	4	64	152	145	99	13	106	446	446	444	514	478	464	543	522	559	220	209	291	366	352	340	429	429	427	417	510	464	546	540	602	602	679	677	675	658	641	525	512	648	646	633	627	628	628	735	693	135	120	259	258	227	171	201	201	201	197	145	174
370.00001678839044	0	0	54	0	1571	4106	1954	9103	8347	8091	11263	6695	4860	4564	4272	1159	1089	1590	2084	2045	411	2348	2240	2114	19	2447	2005	2408	2196	2398	2240	1764	1984	1884	1913	1896	1653	1569	1990	1900	1866	1794	1705	1252	1152	967	236	104	435	390	182	9	78	183	161	126	27	126	449	447	446	518	485	471	563	534	566	232	225	308	379	373	361	430	430	429	429	522	482	569	551	602	602	681	683	681	677	679	563	541	666	654	648	648	646	628	753	738	144	130	264	262	240	176	208	206	206	203	168	193
375.00000206743874	1	0	39	0	1586	4148	2008	9155	8394	8145	11308	6767	4927	4627	4358	1188	1107	1618	2129	2098	444	2405	2295	2168	17	2510	2082	2480	2267	2456	2312	1828	2054	1955	1974	1963	1728	1641	2060	1979	1935	1874	1782	1324	1241	1034	250	119	463	421	204	12	98	206	180	146	39	157	452	449	447	520	491	480	579	558	582	253	242	333	418	408	387	459	446	431	430	525	487	581	578	641	621	686	687	685	684	684	641	633	735	714	685	670	655	629	768	755	155	133	274	272	259	199	240	238	232	209	199	239
380.0000202430148	0	0	44	0	1585	4181	2049	9187	8444	8200	11357	6841	4986	4696	4417	1216	1136	1653	2159	2141	478	2476	2351	2223	21	2560	2148	2556	2325	2518	2381	1916	2125	2047	2065	2022	1794	1705	2152	2061	2014	1942	1862	1399	1329	1124	273	132	489	442	225	22	119	233	204	166	51	175	461	453	449	522	500	484	587	575	589	259	253	336	431	417	387	475	473	468	454	539	488	586	579	645	643	691	689	687	687	687	651	646	787	788	766	740	709	632	778	769	157	137	278	274	262	211	246	242	242	241	206	252
385.0000009725291	1	0	41	0	1584	4202	2089	9239	8496	8253	11420	6895	5042	4755	4493	1244	1162	1694	2211	2180	522	2528	2402	2263	26	2633	2195	2627	2387	2586	2446	2008	2183	2126	2130	2103	1866	1773	2235	2145	2103	2007	1933	1488	1403	1226	289	145	515	469	250	29	140	260	226	193	71	203	467	460	453	526	504	490	589	584	591	261	254	345	433	418	393	478	475	475	474	575	515	619	600	651	643	717	698	694	691	691	686	687	826	814	794	788	788	653	781	778	160	154	297	281	274	223	278	277	265	247	219	260
390.00000786766435	0	0	37	0	1588	4183	2140	9288	8535	8292	11468	6954	5082	4821	4575	1273	1185	1734	2261	2224	552	2578	2462	2311	20	2684	2270	2687	2449	2644	2516	2105	2259	2212	2190	2162	1941	1841	2315	2218	2175	2094	2012	1566	1514	1312	311	155	541	505	281	45	164	293	249	214	92	226	471	470	461	531	512	499	589	589	598	261	254	346	437	427	405	484	484	484	476	577	535	639	635	704	672	739	737	731	725	718	693	691	836	836	834	828	811	656	806	781	161	155	319	307	274	251	294	292	291	281	226	275
395.0000035118707	1	0	29	0	1602	4212	2181	9356	8583	8340	11533	7010	5141	4888	4662	1296	1219	1783	2308	2269	583	2631	2502	2362	23	2737	2339	2767	2504	2707	2577	2177	2332	2303	2254	2229	2014	1898	2413	2299	2259	2186	2098	1646	1617	1398	331	177	577	534	302	65	185	331	276	240	117	253	479	473	466	535	517	508	605	589	609	261	254	348	451	451	451	515	491	484	484	591	537	641	635	705	705	740	740	740	740	739	711	700	849	842	840	837	836	693	810	806	162	160	324	320	282	261	329	317	310	297	237	277
400.00000595888923	0	0	35	0	1604	4230	2217	9406	8632	8390	11582	7066	5195	4948	4732	1320	1252	1824	2364	2318	633	2676	2554	2420	25	2792	2401	2831	2561	2788	2637	2248	2407	2373	2328	2297	2081	1960	2498	2380	2341	2288	2156	1722	1705	1469	349	192	602	564	330	77	199	365	307	264	144	280	481	478	472	544	520	510	613	595	624	261	254	349	456	456	454	548	545	526	501	591	556	670	656	721	705	769	753	744	741	740	715	709	871	865	857	848	843	776	848	810	164	161	333	324	310	263	355	350	342	330	265	309
405.00000699402676	2	0	34	0	1610	4265	2244	9455	8671	8436	11632	7120	5248	4995	4807	1351	1276	1860	2413	2353	664	2734	2601	2458	32	2857	2483	2911	2619	2845	2703	2343	2499	2435	2416	2381	2146	2037	2588	2461	2425	2358	2236	1798	1792	1555	362	200	628	599	356	94	230	395	340	299	162	312	484	481	477	548	523	516	625	610	659	265	254	350	457	457	456	558	555	550	548	637	588	709	704	764	736	808	801	790	778	769	729	723	875	874	872	871	866	795	934	846	164	162	339	337	319	274	367	366	366	357	268	313
410.0000063220648	1	0	33	0	1612	4295	2309	9497	8703	8477	11695	7188	5300	5058	4867	1377	1302	1900	2458	2402	715	2781	2642	2512	21	2923	2552	2975	2681	2904	2786	2426	2572	2521	2493	2460	2233	2105	2679	2546	2499	2435	2325	1875	1881	1630	378	213	663	627	382	111	257	430	379	325	180	339	490	486	479	555	526	526	636	624	662	265	254	350	459	459	456	560	560	559	557	666	597	715	709	782	776	814	810	810	810	809	756	746	912	913	892	880	874	811	957	922	176	164	344	344	324	277	381	374	369	367	302	345
415.00000515446516	1	0	31	0	1610	4361	2339	9540	8739	8526	11746	7249	5349	5116	4934	1396	1321	1939	2516	2455	753	2835	2696	2563	19	2970	2625	3055	2757	2973	2852	2513	2656	2592	2568	2545	2307	2175	2757	2623	2573	2493	2402	1943	1962	1706	395	236	699	649	414	124	282	464	408	364	205	371	494	492	486	557	527	528	645	632	668	287	284	365	460	460	457	563	563	563	560	674	630	754	733	795	784	845	834	828	820	817	762	754	925	925	920	913	909	854	975	956	196	164	350	347	337	289	391	390	389	381	333	370
420.0000169828793	0	0	28	0	1614	4381	2398	9576	8771	8565	11817	7299	5414	5176	4998	1417	1349	1974	2557	2488	791	2895	2745	2624	22	3052	2690	3105	2819	3035	2919	2583	2721	2663	2632	2622	2387	2248	2847	2725	2678	2586	2479	2016	2039	1791	415	252	724	676	445	151	313	488	439	386	234	401	502	499	492	563	531	534	653	645	673	291	289	382	495	488	464	566	565	563	563	677	649	769	765	847	833	888	872	862	855	846	773	758	926	926	926	925	925	876	1015	972	198	174	353	351	343	319	397	391	392	390	363	424
425.0000060721533	2	0	25	0	1617	4426	2441	9632	8810	8611	11858	7351	5469	5228	5054	1446	1375	1997	2596	2537	832	2956	2801	2655	35	3117	2751	3185	2898	3126	2989	2655	2788	2725	2710	2694	2459	2304	2925	2793	2750	2664	2556	2090	2113	1875	429	259	756	705	470	175	340	526	481	422	257	434	507	504	498	568	535	538	656	653	687	307	308	401	506	505	492	572	571	567	565	682	653	771	765	848	849	901	901	899	894	883	789	774	945	933	931	929	926	887	1050	1012	203	179	359	359	347	323	414	409	407	395	382	452
430.00000408706916	0	0	33	0	1623	4452	2499	9675	8861	8656	11903	7402	5508	5289	5107	1472	1393	2034	2642	2571	859	3011	2835	2710	28	3157	2809	3247	2969	3209	3060	2744	2855	2806	2786	2759	2536	2375	3005	2872	2838	2733	2645	2166	2208	1954	444	273	786	737	503	195	366	559	513	459	281	472	507	507	503	574	543	540	671	655	705	318	310	411	527	520	508	618	597	575	571	686	673	799	785	855	849	952	925	912	906	903	813	798	954	946	946	946	934	894	1063	1048	209	179	359	359	351	328	450	451	442	418	386	467
435.00000501951337	0	0	22	0	1635	4461	2550	9723	8897	8703	11942	7457	5556	5346	5166	1495	1417	2067	2690	2607	888	3065	2883	2750	29	3219	2866	3332	3036	3278	3138	2834	2947	2877	2865	2821	2615	2454	3078	2943	2905	2821	2724	2256	2291	2033	456	291	819	770	527	217	412	590	550	498	300	511	507	507	507	581	550	547	674	663	724	321	310	411	528	521	509	625	623	623	591	696	678	805	790	858	850	970	971	970	961	954	856	846	1000	988	969	957	946	916	1075	1064	220	185	366	359	357	341	453	453	451	449	400	476
440.00001116656955	2	0	27	0	1633	4472	2590	9768	8942	8735	11992	7508	5618	5391	5226	1523	1441	2099	2727	2648	944	3121	2941	2795	27	3263	2913	3394	3109	3349	3188	2891	3039	2952	2939	2895	2684	2515	3154	3026	2997	2898	2797	2344	2378	2104	470	300	849	799	556	239	446	628	583	533	339	548	508	508	507	582	559	558	687	673	740	326	311	411	528	528	526	641	629	627	625	732	682	807	800	885	871	973	972	972	971	961	884	863	1028	1028	1013	999	982	937	1099	1076	226	208	374	371	358	342	465	464	458	454	421	496
445.0000055017659	1	0	24	0	1637	4486	2649	9807	8982	8769	12037	7576	5677	5443	5280	1559	1469	2132	2773	2700	989	3171	2996	2840	14	3314	2962	3449	3175	3415	3258	2974	3118	3026	3016	2979	2765	2593	3229	3089	3092	2974	2882	2439	2462	2191	495	321	878	822	579	268	477	670	621	572	369	585	517	510	508	584	562	572	698	680	750	339	335	427	529	529	529	651	651	647	631	758	685	807	802	887	889	973	974	974	974	972	904	895	1057	1052	1035	1028	1026	963	1129	1096	226	220	416	399	359	346	479	481	477	469	452	549
450.00000833728865	1	0	22	0	1638	4517	2693	9837	9023	8817	12088	7625	5723	5498	5341	1582	1499	2164	2823	2739	1032	3230	3042	2886	26	3369	3026	3520	3235	3485	3313	3063	3190	3103	3091	3046	2831	2653	3307	3160	3172	3053	2958	2525	2541	2271	516	338	902	850	600	287	511	709	646	599	401	629	534	522	510	585	564	583	711	694	759	341	336	439	558	557	533	654	654	653	649	759	691	810	802	889	889	998	985	979	977	976	923	917	1095	1091	1075	1061	1049	984	1162	1130	229	224	420	420	370	348	484	482	482	482	458	557
455.0000042591519	0	0	20	0	1639	4502	2745	9887	9054	8860	12128	7673	5776	5555	5413	1606	1527	2201	2865	2774	1071	3275	3077	2941	20	3431	3092	3587	3313	3561	3379	3130	3280	3175	3176	3100	2912	2732	3413	3236	3243	3134	3036	2603	2654	2356	531	355	944	881	625	315	542	738	685	635	434	665	536	537	523	589	570	584	726	707	766	341	336	440	559	560	546	658	654	654	654	785	714	838	831	914	894	1020	1016	1011	1005	999	931	920	1101	1101	1101	1097	1090	988	1187	1161	237	224	421	421	396	354	488	488	488	486	474	565
460.00000258198935	1	0	14	0	1646	4543	2779	9922	9106	8904	12172	7720	5830	5608	5467	1630	1555	2231	2905	2814	1106	3334	3133	2993	30	3479	3158	3654	3370	3636	3446	3197	3358	3242	3246	3164	2989	2794	3509	3329	3321	3203	3115	2683	2757	2430	548	370	971	906	671	340	572	768	726	675	461	721	549	540	537	606	573	588	728	721	766	347	338	440	564	564	550	671	670	665	655	787	731	854	842	920	921	1023	1022	1023	1023	1023	993	980	1146	1125	1103	1101	1101	1009	1197	1189	243	227	425	422	418	360	490	488	488	488	482	595
465.0000007305109	1	0	17	0	1640	4531	2823	9966	9141	8947	12219	7769	5882	5665	5522	1660	1575	2273	2946	2849	1148	3387	3180	3029	30	3546	3215	3709	3427	3702	3500	3281	3435	3323	3327	3239	3058	2864	3586	3411	3402	3299	3195	2764	2848	2517	573	384	1004	934	705	363	613	804	771	714	499	768	550	549	542	614	581	591	738	728	769	348	345	452	577	573	567	676	673	670	671	799	749	882	881	964	941	1032	1025	1024	1023	1023	1021	1020	1215	1205	1172	1151	1125	1078	1226	1198	245	233	429	425	421	362	513	507	504	493	488	608
470.0000095003464	0	0	17	0	1637	4537	2860	10002	9180	8982	12267	7816	5942	5724	5581	1682	1599	2307	2983	2888	1185	3438	3234	3073	31	3618	3269	3756	3499	3765	3561	3349	3516	3393	3403	3312	3144	2922	3668	3499	3494	3375	3280	2839	2920	2612	589	406	1041	973	754	376	652	837	816	756	543	805	551	550	549	623	583	593	749	735	773	348	345	452	581	581	580	699	690	676	673	814	752	887	881	971	971	1061	1058	1045	1039	1035	1024	1021	1218	1218	1216	1212	1199	1090	1293	1221	246	240	442	435	423	365	522	521	521	514	488	621
475.000005589993	0	0	16	0	1640	4555	2923	10040	9213	9019	12310	7853	5987	5774	5639	1703	1623	2333	3021	2928	1228	3502	3275	3119	22	3682	3328	3829	3557	3832	3623	3434	3593	3475	3479	3385	3213	2997	3759	3582	3562	3455	3358	2924	3006	2686	611	417	1066	1002	781	403	686	868	854	788	579	854	560	553	550	629	584	595	760	746	799	368	362	458	582	582	580	713	710	700	682	827	755	888	881	971	971	1083	1072	1065	1063	1063	1036	1024	1223	1223	1223	1221	1218	1110	1308	1288	259	243	444	441	426	395	527	526	524	522	499	624
480.00001013872003	1	0	19	0	1646	4558	2957	10083	9258	9055	12354	7902	6039	5834	5705	1733	1649	2370	3069	2979	1271	3546	3319	3171	33	3737	3384	3895	3612	3904	3694	3503	3665	3545	3544	3454	3287	3058	3831	3644	3644	3545	3449	3001	3107	2769	626	434	1096	1032	808	436	725	901	885	835	614	900	562	562	553	630	586	596	765	757	814	373	369	481	609	606	590	714	714	712	684	829	755	888	881	971	971	1114	1113	1100	1090	1082	1038	1025	1223	1223	1223	1223	1223	1155	1333	1311	273	246	460	455	435	403	541	532	528	527	513	632
485.00000178267175	1	0	16	0	1655	4552	3025	10122	9297	9106	12390	7948	6081	5870	5773	1753	1673	2404	3110	3011	1307	3597	3357	3224	24	3787	3451	3952	3678	3974	3751	3591	3740	3613	3612	3530	3375	3133	3915	3725	3733	3620	3533	3067	3205	2846	648	445	1130	1061	844	466	762	934	906	875	649	941	562	562	562	636	591	601	771	762	830	387	372	481	614	614	603	736	730	714	686	830	757	895	886	971	971	1115	1115	1115	1115	1115	1048	1036	1227	1226	1226	1225	1223	1178	1376	1333	275	256	471	465	442	404	567	561	560	547	523	659
490.0000177917884	0	0	21	0	1657	4568	3065	10171	9347	9153	12438	7996	6143	5914	5834	1777	1701	2436	3146	3063	1354	3647	3396	3274	27	3844	3503	4006	3735	4040	3838	3664	3819	3681	3679	3604	3446	3208	3991	3803	3805	3699	3619	3137	3310	2935	665	465	1165	1087	879	490	798	964	951	909	683	985	565	562	562	642	606	602	778	770	842	392	380	483	614	614	614	749	749	743	724	845	757	896	891	976	971	1116	1116	1116	1116	1115	1084	1078	1272	1258	1243	1233	1226	1178	1409	1374	279	272	486	471	455	407	583	581	579	568	524	668
495.00000465010766	0	0	17	0	1664	4600	3108	10209	9385	9186	12473	8039	6194	5958	5902	1810	1728	2469	3186	3104	1386	3694	3442	3329	33	3903	3562	4070	3789	4091	3903	3751	3907	3757	3755	3681	3510	3272	4071	3880	3893	3769	3699	3222	3408	3017	687	486	1199	1124	901	530	836	1006	993	937	722	1024	569	568	562	642	615	610	778	777	855	392	381	496	629	628	616	762	762	752	749	899	758	898	891	976	971	1117	1116	1116	1116	1116	1086	1079	1285	1284	1285	1272	1256	1185	1419	1408	284	273	501	496	466	407	583	583	583	583	540	684
500.0000023530324	0	0	15	0	1669	4613	3145	10242	9412	9223	12515	8080	6242	6011	5963	1831	1759	2503	3226	3146	1421	3743	3490	3388	36	3948	3623	4130	3861	4159	3978	3827	3976	3845	3827	3745	3572	3340	4163	3965	3977	3842	3778	3302	3496	3094	709	500	1239	1168	925	555	868	1035	1031	981	775	1080	570	570	568	642	627	613	784	778	862	398	382	496	631	628	616	763	763	763	752	903	772	910	896	986	976	1117	1117	1117	1117	1117	1086	1079	1287	1285	1285	1285	1283	1235	1433	1419	289	277	505	503	474	424	588	587	587	586	542	691
505.0000051953891	0	0	14	0	1668	4587	3206	10268	9441	9254	12559	8131	6298	6060	6023	1862	1781	2538	3258	3177	1459	3807	3529	3424	26	4005	3679	4194	3913	4218	4047	3911	4046	3913	3900	3821	3641	3402	4256	4049	4063	3914	3872	3386	3592	3183	721	514	1276	1199	953	579	915	1075	1074	1021	815	1124	570	570	570	648	629	620	790	782	873	409	398	517	635	628	616	763	763	763	755	904	805	945	941	1020	1002	1119	1119	1118	1117	1117	1087	1080	1291	1290	1290	1287	1284	1244	1482	1434	290	284	524	519	497	425	595	592	590	588	543	691
510.00001008213746	0	0	8	0	1672	4578	3260	10293	9479	9291	12599	8170	6341	6119	6084	1886	1810	2576	3303	3221	1501	3864	3572	3475	28	4068	3727	4260	3965	4268	4115	3986	4138	3984	3981	3903	3721	3471	4342	4127	4151	3994	3952	3468	3686	3274	740	524	1302	1227	979	604	945	1114	1104	1048	846	1168	574	571	570	650	631	628	795	790	874	409	399	518	654	643	620	763	763	763	763	917	806	946	941	1035	1034	1126	1119	1119	1119	1119	1101	1093	1293	1292	1292	1292	1290	1275	1492	1482	297	289	533	532	503	439	619	619	616	595	574	720
515.0000025973908	0	0	17	0	1665	4596	3296	10335	9517	9328	12642	8204	6382	6182	6138	1909	1838	2607	3345	3269	1547	3912	3626	3526	36	4135	3785	4352	4025	4336	4181	4095	4195	4050	4055	3979	3811	3541	4417	4208	4224	4082	4027	3548	3777	3371	765	548	1341	1259	1023	627	975	1154	1141	1091	880	1210	577	576	572	652	641	632	802	793	889	409	401	522	656	650	638	770	765	763	763	919	823	967	955	1036	1035	1156	1142	1135	1131	1125	1119	1119	1337	1327	1309	1298	1292	1286	1534	1492	304	290	540	539	519	470	625	624	621	619	592	758
520.0000001379899	0	0	12	0	1670	4608	3345	10374	9557	9364	12684	8240	6437	6230	6200	1939	1867	2637	3392	3310	1595	3950	3679	3570	34	4202	3853	4407	4084	4412	4240	4173	4258	4116	4127	4058	3880	3608	4501	4292	4317	4154	4107	3617	3889	3457	785	574	1369	1291	1053	650	1019	1195	1175	1128	908	1259	580	579	576	656	642	639	808	805	896	414	401	525	667	666	661	786	782	771	771	921	870	1013	1001	1081	1059	1190	1181	1168	1160	1153	1133	1128	1344	1342	1339	1338	1324	1292	1562	1529	305	297	543	541	532	473	661	652	642	628	601	761
525.0000062342723	0	0	16	0	1669	4575	3400	10407	9590	9399	12732	8280	6485	6286	6258	1969	1893	2671	3430	3346	1639	3992	3731	3613	33	4249	3911	4483	4138	4481	4305	4252	4328	4182	4210	4141	3949	3683	4596	4393	4397	4231	4194	3704	3990	3556	803	598	1403	1325	1082	678	1056	1236	1209	1158	946	1299	585	582	579	660	642	651	828	806	901	418	402	525	667	667	662	811	804	789	783	934	904	1055	1042	1125	1104	1192	1191	1190	1190	1190	1161	1153	1375	1365	1354	1345	1344	1301	1568	1564	312	301	559	546	539	490	679	679	679	666	605	773
530.0000048630276	1	0	9	0	1673	4585	3446	10436	9623	9435	12783	8315	6525	6331	6319	1995	1915	2705	3475	3386	1668	4040	3773	3669	36	4309	3969	4555	4200	4548	4378	4330	4396	4263	4290	4217	4021	3750	4689	4460	4471	4313	4268	3783	4088	3627	820	611	1446	1353	1111	700	1102	1272	1249	1196	985	1339	588	585	583	661	644	657	838	827	902	418	404	525	667	667	667	817	812	812	789	950	921	1079	1077	1171	1147	1216	1202	1194	1193	1192	1190	1187	1410	1401	1384	1376	1366	1317	1578	1568	316	307	572	563	542	493	692	683	679	679	639	803
535.0000039319991	0	0	14	0	1677	4603	3490	10486	9653	9471	12814	8356	6570	6371	6385	2023	1944	2743	3517	3428	1699	4092	3826	3720	40	4369	4034	4627	4262	4623	4437	4409	4464	4328	4371	4286	4078	3816	4765	4553	4558	4392	4340	3864	4192	3725	839	625	1476	1388	1143	729	1135	1307	1291	1237	1019	1377	591	589	586	667	648	658	847	837	929	433	423	548	683	678	670	820	819	820	789	951	922	1083	1077	1172	1172	1260	1241	1227	1222	1216	1193	1193	1427	1425	1421	1411	1398	1326	1595	1578	316	312	577	572	548	494	700	700	700	692	651	823
540.0000133390866	0	0	19	0	1671	4586	3545	10518	9699	9510	12858	8392	6619	6412	6437	2055	1968	2781	3563	3474	1740	4127	3875	3756	32	4434	4088	4697	4328	4693	4522	4494	4534	4394	4434	4357	4147	3899	4832	4643	4631	4464	4412	3969	4290	3810	855	643	1508	1418	1174	754	1178	1347	1338	1293	1060	1442	594	592	591	669	651	660	852	849	936	433	423	548	694	694	692	827	819	820	818	971	922	1083	1077	1172	1172	1308	1297	1273	1262	1255	1218	1211	1440	1436	1433	1429	1425	1347	1601	1595	321	313	580	577	562	495	700	700	700	700	675	846
545.0000014540013	0	0	12	0	1681	4604	3590	10556	9735	9549	12907	8436	6668	6458	6503	2091	2001	2808	3599	3511	1768	4176	3914	3800	40	4481	4147	4770	4388	4766	4596	4562	4599	4450	4498	4428	4222	3957	4914	4716	4701	4532	4499	4053	4378	3918	875	658	1543	1448	1203	787	1212	1389	1367	1339	1099	1487	598	597	592	673	653	661	855	853	943	446	437	565	698	695	694	846	846	833	820	986	945	1104	1089	1173	1172	1334	1337	1327	1318	1312	1261	1259	1491	1476	1456	1444	1436	1389	1624	1601	322	316	589	581	570	503	700	700	700	700	693	884
550.0000004443347	1	0	13	0	1676	4580	3644	10587	9763	9587	12952	8469	6724	6516	6565	2129	2016	2830	3642	3544	1823	4225	3964	3853	33	4531	4205	4849	4445	4833	4647	4656	4664	4538	4579	4489	4273	4023	5007	4794	4781	4607	4587	4123	4473	4018	887	671	1577	1475	1237	816	1248	1429	1409	1377	1133	1534	598	598	597	674	658	668	860	855	951	447	438	567	712	712	712	854	852	850	846	1008	960	1123	1110	1188	1175	1338	1339	1339	1338	1338	1297	1291	1523	1512	1506	1491	1472	1431	1673	1622	322	319	596	597	577	503	712	711	702	700	693	884
555.0000035785094	1	0	9	0	1688	4583	3694	10626	9803	9617	12989	8503	6772	6567	6618	2156	2036	2863	3699	3580	1849	4267	4013	3903	26	4582	4269	4908	4505	4885	4709	4737	4734	4610	4645	4559	4343	4082	5102	4880	4862	4690	4667	4203	4565	4111	902	696	1623	1522	1267	840	1298	1466	1449	1418	1171	1578	599	599	598	679	662	674	865	863	964	448	441	567	715	715	715	872	872	861	852	1024	989	1157	1143	1223	1205	1339	1339	1339	1339	1339	1299	1293	1542	1542	1540	1527	1513	1441	1721	1671	328	321	596	597	581	504	712	714	713	712	694	885
560.0000021204025	1	0	15	0	1689	4599	3741	10655	9834	9649	13025	8549	6822	6615	6689	2184	2063	2899	3735	3623	1885	4322	4064	3951	35	4630	4320	4964	4570	4948	4796	4817	4816	4692	4716	4624	4414	4145	5185	4972	4929	4773	4746	4286	4652	4214	917	709	1650	1559	1289	861	1346	1507	1493	1457	1216	1629	606	603	599	680	663	679	869	865	983	469	457	588	727	721	716	875	875	872	872	1041	993	1163	1146	1225	1220	1344	1339	1339	1339	1339	1299	1293	1542	1542	1542	1542	1540	1465	1737	1714	335	321	597	597	596	504	714	714	714	714	696	888
565.000000715459	2	0	12	0	1697	4621	3782	10685	9867	9685	13055	8577	6870	6658	6746	2209	2097	2921	3769	3660	1916	4379	4112	3995	44	4688	4400	5031	4627	5008	4849	4889	4890	4766	4794	4711	4500	4224	5269	5066	5004	4862	4824	4363	4739	4319	942	726	1680	1588	1325	910	1379	1545	1541	1503	1255	1677	608	607	603	681	668	679	875	869	992	472	462	594	744	740	738	888	878	877	876	1052	1000	1167	1150	1231	1220	1373	1356	1346	1345	1345	1314	1307	1544	1542	1542	1542	1542	1515	1764	1736	344	327	603	597	596	505	714	714	714	714	713	914
570.0000132001051	0	0	4	0	1700	4603	3826	10710	9901	9719	13097	8615	6917	6709	6815	2233	2121	2963	3805	3702	1950	4423	4162	4044	37	4750	4448	5093	4703	5072	4915	4950	4965	4850	4887	4783	4562	4300	5348	5142	5084	4953	4921	4453	4814	4406	953	745	1719	1625	1358	936	1410	1577	1569	1546	1294	1731	608	607	608	686	669	679	875	872	1007	498	497	617	747	746	740	900	900	897	880	1060	1004	1167	1160	1258	1235	1388	1388	1382	1376	1369	1346	1346	1593	1578	1561	1550	1542	1542	1811	1759	349	335	615	606	597	521	714	714	714	714	714	922
575.0000090200185	0	0	15	0	1691	4605	3884	10733	9946	9747	13136	8645	6959	6755	6874	2259	2141	2991	3839	3725	2008	4481	4210	4096	28	4800	4496	5149	4750	5131	4990	5045	5042	4936	4971	4861	4626	4362	5442	5218	5181	5026	4999	4545	4912	4488	965	764	1753	1659	1399	971	1444	1615	1602	1588	1338	1782	612	609	608	690	673	680	877	877	1011	500	497	633	785	773	749	906	900	900	900	1070	1038	1207	1183	1266	1260	1389	1389	1388	1388	1388	1358	1349	1604	1603	1603	1593	1575	1542	1851	1808	354	344	623	621	597	556	723	721	715	714	714	925
580.00001114265	1	0	11	0	1700	4628	3919	10777	9973	9772	13178	8675	7002	6808	6933	2282	2177	3022	3868	3765	2035	4529	4265	4150	37	4858	4544	5224	4815	5202	5061	5136	5117	5006	5030	4934	4695	4425	5515	5298	5274	5109	5088	4644	4985	4586	984	779	1793	1690	1425	998	1487	1652	1643	1627	1383	1834	617	614	610	691	678	694	888	878	1027	510	500	633	787	773	749	911	911	908	901	1089	1061	1235	1221	1295	1270	1408	1398	1396	1390	1389	1388	1387	1640	1628	1613	1604	1604	1548	1852	1850	364	345	634	631	607	558	748	741	733	722	714	931
585.0000008971859	0	0	6	0	1701	4603	3955	10813	10001	9800	13220	8717	7051	6862	6990	2310	2203	3050	3911	3799	2072	4575	4303	4199	44	4909	4593	5291	4879	5277	5115	5216	5190	5092	5097	5019	4773	4501	5606	5375	5376	5208	5171	4718	5103	4674	1008	800	1821	1714	1459	1020	1527	1690	1679	1670	1424	1882	618	618	614	694	680	700	900	887	1031	516	501	636	797	793	772	916	913	913	910	1103	1069	1243	1227	1317	1304	1434	1430	1419	1412	1409	1393	1391	1657	1654	1652	1644	1626	1549	1858	1852	370	352	647	637	621	560	778	778	771	751	715	934
590.000000807179	1	0	13	0	1695	4558	4010	10847	10031	9838	13252	8752	7105	6914	7035	2339	2236	3076	3936	3830	2109	4620	4360	4248	34	4966	4654	5351	4949	5349	5196	5294	5249	5154	5176	5102	4845	4564	5691	5459	5454	5295	5237	4807	5222	4772	1027	821	1859	1751	1487	1049	1562	1729	1708	1708	1466	1936	622	619	618	699	681	708	921	899	1039	517	508	645	802	794	783	948	933	921	910	1104	1075	1251	1245	1348	1341	1448	1441	1439	1440	1437	1406	1400	1668	1666	1659	1659	1654	1576	1864	1858	370	359	647	647	632	589	780	778	778	778	727	938
595.000013162057	0	0	12	0	1693	4548	4043	10878	10063	9882	13298	8787	7149	6964	7092	2373	2253	3109	3973	3868	2146	4675	4415	4306	37	5023	4713	5409	5014	5423	5259	5367	5320	5223	5248	5182	4935	4627	5765	5541	5554	5378	5326	4896	5307	4874	1042	836	1904	1785	1515	1076	1610	1760	1737	1750	1515	1980	624	622	619	701	682	712	932	917	1041	518	508	645	808	808	799	955	955	952	939	1119	1103	1288	1276	1369	1352	1480	1470	1459	1454	1449	1438	1439	1693	1684	1670	1668	1666	1614	1904	1863	373	370	666	655	636	596	785	781	780	780	733	952
600.0000007965775	0	0	11	0	1695	4534	4092	10898	10097	9916	13337	8826	7207	7021	7147	2403	2275	3141	4010	3906	2193	4729	4460	4341	41	5085	4773	5463	5082	5489	5312	5428	5382	5290	5320	5258	5004	4695	5864	5621	5626	5460	5408	4974	5403	4957	1063	862	1935	1824	1540	1112	1652	1799	1773	1788	1552	2023	627	625	622	704	689	713	937	929	1049	520	510	645	808	808	808	986	970	956	955	1152	1103	1289	1278	1370	1360	1514	1500	1489	1484	1480	1454	1442	1718	1717	1713	1699	1683	1657	1943	1899	374	370	668	668	647	605	824	813	803	786	741	956
