>time	Ribosome	coli Pol	coli Pol-P	coli Pol-2.0	coli Pol-P-2.0	gp1	gp1-3.5	gp0.3	gp0.4	gp0.5	gp0.6A	gp0.7	gp1.1	gp1.2	gp1.3	gp1.4	gp1.5	gp1.6	gp1.7	gp1.8	gp2.0	gp2.5	gp2.8	gp3.0	gp3.5	gp3.8	gp4A	gp4.2	gp4.3	gp4.5	gp4.7	gp5.0	gp5.3	gp5.5	gp5.7	gp5.9	gp6.0	gp6.3	gp6.5	gp6.7	gp7	gp7.3	gp7.7	gp8	gp9	gp10A	gp11	gp12	gp13	gp14	gp15	gp16	gp17	gp17.5	gp18	gp18.5	gp19	gp19.5
9.691087374357224E-4	0	0	0	0	0	0	0	0	0	0	0	0	0	0	0	0	0	0	0	0	0	0	0	0	0	0	0	0	0	0	0	0	0	0	0	0	0	0	0	0	0	0	0	0	0	0	0	0	0	0	0	0	0	0	0	0	0	0
5.001086270424147	0	0	0	0	0	0	0	0	0	0	0	0	0	0	0	0	0	0	0	0	0	0	0	0	0	0	0	0	0	0	0	0	0	0	0	0	0	0	0	0	0	0	0	0	0	0	0	0	0	0	0	0	0	0	0	0	0	0
10.002949989742413	0	0	0	0	0	0	0	0	0	0	0	0	0	0	0	0	0	0	0	0	0	0	0	0	0	0	0	0	0	0	0	0	0	0	0	0	0	0	0	0	0	0	0	0	0	0	0	0	0	0	0	0	0	0	0	0	0	0
15.00208731959791	0	0	0	0	0	0	0	0	0	0	0	0	0	0	0	0	0	0	0	0	0	0	0	0	0	0	0	0	0	0	0	0	0	0	0	0	0	0	0	0	0	0	0	0	0	0	0	0	0	0	0	0	0	0	0	0	0	0
20.000822675843903	0	0	0	0	0	0	0	0	0	0	0	0	0	0	0	0	0	0	0	0	0	0	0	0	0	0	0	0	0	0	0	0	0	0	0	0	0	0	0	0	0	0	0	0	0	0	0	0	0	0	0	0	0	0	0	0	0	0
25.00258470506706	0	0	0	0	0	0	0	0	0	0	0	0	0	0	0	0	0	0	0	0	0	0	0	0	0	0	0	0	0	0	0	0	0	0	0	0	0	0	0	0	0	0	0	0	0	0	0	0	0	0	0	0	0	0	0	0	0	0
30.000447622278216	0	0	0	0	0	0	0	585	52	0	0	0	0	0	0	0	0	0	0	0	0	0	0	0	0	0	0	0	0	0	0	0	0	0	0	0	0	0	0	0	0	0	0	0	0	0	0	0	0	0	0	0	0	0	0	0	0	0
35.00035620765856	0	0	0	0	0	0	0	1287	416	0	0	0	0	0	0	0	0	0	0	0	0	0	0	0	0	0	0	0	0	0	0	0	0	0	0	0	0	0	0	0	0	0	0	0	0	0	0	0	0	0	0	0	0	0	0	0	0	0
40.001881570733886	0	0	0	0	0	0	0	2340	884	336	53	0	0	0	0	0	0	0	0	0	0	0	0	0	0	0	0	0	0	0	0	0	0	0	0	0	0	0	0	0	0	0	0	0	0	0	0	0	0	0	0	0	0	0	0	0	0	0
45.00010232847665	0	0	0	0	0	0	0	5031	1664	784	371	0	0	0	0	0	0	0	0	0	0	0	0	0	0	0	0	0	0	0	0	0	0	0	0	0	0	0	0	0	0	0	0	0	0	0	0	0	0	0	0	0	0	0	0	0	0	0
50.000327481919165	0	0	0	0	0	0	0	7956	2652	1792	954	0	0	0	0	0	0	0	0	0	0	0	0	0	0	0	0	0	0	0	0	0	0	0	0	0	0	0	0	0	0	0	0	0	0	0	0	0	0	0	0	0	0	0	0	0	0	0
55.00044745820624	0	0	0	0	0	0	0	12753	4160	2744	2014	0	0	0	0	0	0	0	0	0	0	0	0	0	0	0	0	0	0	0	0	0	0	0	0	0	0	0	0	0	0	0	0	0	0	0	0	0	0	0	0	0	0	0	0	0	0	0
60.00029833415365	0	0	0	0	0	0	0	17667	6032	4368	3604	0	0	0	0	0	0	0	0	0	0	0	0	0	0	0	0	0	0	0	0	0	0	0	0	0	0	0	0	0	0	0	0	0	0	0	0	0	0	0	0	0	0	0	0	0	0	0
65.00007730772833	0	0	0	0	0	0	0	24336	8268	6720	6201	0	0	0	0	0	0	0	0	0	0	0	0	0	0	0	0	0	0	0	0	0	0	0	0	0	0	0	0	0	0	0	0	0	0	0	0	0	0	0	0	0	0	0	0	0	0	0
70.00003076427201	0	0	0	0	0	0	0	30771	10608	9408	9169	1077	0	0	0	0	0	0	0	0	0	0	0	0	0	0	0	0	0	0	0	0	0	0	0	0	0	0	0	0	0	0	0	0	0	0	0	0	0	0	0	0	0	0	0	0	0	0
75.00024994460726	0	0	0	0	0	0	0	36504	13832	12320	12296	5026	0	0	0	0	0	0	0	0	0	0	0	0	0	0	0	0	0	0	0	0	0	0	0	0	0	0	0	0	0	0	0	0	0	0	0	0	0	0	0	0	0	0	0	0	0	0
80.00002678508682	0	0	0	0	0	0	0	45162	16640	16408	15529	9334	0	0	0	0	0	0	0	0	0	0	0	0	0	0	0	0	0	0	0	0	0	0	0	0	0	0	0	0	0	0	0	0	0	0	0	0	0	0	0	0	0	0	0	0	0	0
85.00037954423686	0	0	0	0	0	0	0	54522	20228	19992	19133	15437	0	0	0	0	0	0	0	0	0	0	0	0	0	0	0	0	0	0	0	0	0	0	0	0	0	0	0	0	0	0	0	0	0	0	0	0	0	0	0	0	0	0	0	0	0	0
90.0000196022004	0	0	0	0	0	0	0	63648	24180	24024	24327	26566	0	0	0	0	0	0	0	0	0	0	0	0	0	0	0	0	0	0	0	0	0	0	0	0	0	0	0	0	0	0	0	0	0	0	0	0	0	0	0	0	0	0	0	0	0	0
95.00009489403972	0	0	0	0	0	0	0	75465	28132	28896	28991	40926	0	0	0	0	0	0	0	0	0	0	0	0	0	0	0	0	0	0	0	0	0	0	0	0	0	0	0	0	0	0	0	0	0	0	0	0	0	0	0	0	0	0	0	0	0	0
100.00026091357071	0	0	0	0	0	0	0	85878	33696	34384	35033	61748	0	0	0	0	0	0	0	0	0	0	0	0	0	0	0	0	0	0	0	0	0	0	0	0	0	0	0	0	0	0	0	0	0	0	0	0	0	0	0	0	0	0	0	0	0	0
105.00013238212624	0	0	0	0	0	0	0	98514	39728	39592	40810	80416	0	0	0	0	0	0	0	0	0	0	0	0	0	0	0	0	0	0	0	0	0	0	0	0	0	0	0	0	0	0	0	0	0	0	0	0	0	0	0	0	0	0	0	0	0	0
110.00005272248413	0	0	0	0	0	0	0	111735	44772	45192	47647	107700	0	0	0	0	0	0	0	0	0	0	0	0	0	0	0	0	0	0	0	0	0	0	0	0	0	0	0	0	0	0	0	0	0	0	0	0	0	0	0	0	0	0	0	0	0	0
115.00016855795157	0	0	0	0	0	0	0	126243	49868	50176	54908	129240	0	0	0	0	0	0	0	0	0	0	0	0	0	0	0	0	0	0	0	0	0	0	0	0	0	0	0	0	0	0	0	0	0	0	0	0	0	0	0	0	0	0	0	0	0	0
120.00008087416482	0	0	0	0	0	0	0	141687	56108	56952	62911	164063	0	0	0	0	0	0	0	0	0	0	0	0	0	0	0	0	0	0	0	0	0	0	0	0	0	0	0	0	0	0	0	0	0	0	0	0	0	0	0	0	0	0	0	0	0	0
125.00005281738957	0	0	0	0	0	883	0	158418	62348	63448	70543	201040	0	0	0	0	0	0	0	0	0	0	0	0	0	0	0	0	0	0	0	0	0	0	0	0	0	0	0	0	0	0	0	0	0	0	0	0	0	0	0	0	0	0	0	0	0	0
130.0000369852933	0	0	0	0	0	1766	0	173511	69524	70616	78599	242325	0	0	0	0	0	0	0	0	0	0	0	0	0	0	0	0	0	0	0	0	0	0	0	0	0	0	0	0	0	0	0	0	0	0	0	0	0	0	0	0	0	0	0	0	0	0
135.00018190541218	0	0	0	0	0	7947	0	190359	76596	78344	86814	281456	42	0	0	0	0	0	0	0	0	0	0	0	0	0	0	0	0	0	0	0	0	0	0	0	0	0	0	0	0	0	0	0	0	0	0	0	0	0	0	0	0	0	0	0	0	0
140.00010003215385	0	0	0	0	0	18543	0	209313	84448	87080	95824	330280	168	86	0	0	0	0	0	0	0	0	0	0	0	0	0	0	0	0	0	0	0	0	0	0	0	0	0	0	0	0	0	0	0	0	0	0	0	0	0	0	0	0	0	0	0	0
145.00005129855694	0	0	0	0	0	37086	0	228033	92352	95592	104463	383053	672	344	0	0	0	0	0	0	0	0	0	0	0	0	0	0	0	0	0	0	0	0	0	0	0	0	0	0	0	0	0	0	0	0	0	0	0	0	0	0	0	0	0	0	0	0
150.00014941963025	0	0	0	0	0	56512	0	248391	100724	105168	115275	436903	1344	946	0	0	0	0	0	0	0	0	0	0	0	0	0	0	0	0	0	0	0	0	0	0	0	0	0	0	0	0	0	0	0	0	0	0	0	0	0	0	0	0	0	0	0	0
155.00002903445093	0	0	0	0	0	99779	0	267111	110500	113680	125398	490394	2436	2666	0	0	0	0	0	0	0	0	0	0	0	0	0	0	0	0	0	0	0	0	0	0	0	0	0	0	0	0	0	0	0	0	0	0	0	0	0	0	0	0	0	0	0	0
160.00000664723854	0	0	0	0	0	148344	0	286416	120380	122976	136846	543526	4704	4988	0	0	0	0	0	0	0	0	0	0	0	0	0	0	0	0	0	0	0	0	0	0	0	0	0	0	0	0	0	0	0	0	0	0	0	0	0	0	0	0	0	0	0	0
165.00009075441037	0	0	0	0	0	199558	0	307827	130156	133112	148294	597735	7308	8514	0	0	0	0	0	0	0	0	0	0	0	0	0	0	0	0	0	0	0	0	0	0	0	0	0	0	0	0	0	0	0	0	0	0	0	0	0	0	0	0	0	0	0	0
170.0000046089438	0	0	0	0	0	259602	0	329004	140764	143416	159424	661637	10374	13760	1436	51	58	0	0	0	0	0	0	0	0	0	0	0	0	0	0	0	0	0	0	0	0	0	0	0	0	0	0	0	0	0	0	0	0	0	0	0	0	0	0	0	0	0
175.00006719955397	0	0	0	0	0	340838	0	355095	151476	154896	171667	732001	13818	19006	5744	357	203	172	0	96	0	0	0	0	0	0	0	0	0	0	0	0	0	0	0	0	0	0	0	0	0	0	0	0	0	0	0	0	0	0	0	0	0	0	0	0	0	0
180.00001809766022	0	0	0	0	0	424723	0	379548	162916	167216	185341	796980	18900	26488	12565	714	348	602	0	480	198	0	0	0	0	0	0	0	0	0	0	0	0	0	0	0	0	0	0	0	0	0	0	0	0	0	0	0	0	0	0	0	0	0	0	0	0	0
185.0000722090125	0	0	0	0	0	517438	0	406107	174356	180096	199174	874524	23604	34314	21181	1275	435	1462	788	1104	792	0	140	0	0	0	0	0	0	0	0	0	0	0	0	0	0	0	0	0	0	0	0	0	0	0	0	0	0	0	0	0	0	0	0	0	0	0
190.00001426070185	0	0	0	0	0	602206	0	433368	186212	191632	212371	952068	29232	42914	34464	1785	696	1978	2167	1872	1848	1160	1820	149	304	121	0	0	0	0	0	0	0	0	0	0	0	0	0	0	0	0	0	0	0	0	0	0	0	0	0	0	0	0	0	0	0	0
195.00000295656588	0	0	0	0	0	719645	0	463905	199628	203448	228006	1024227	35322	53578	55286	2193	928	2322	4925	2736	2838	3712	4200	1639	2432	1452	0	0	0	0	0	0	0	0	0	0	0	0	0	0	0	0	0	0	0	0	0	0	0	0	0	0	0	0	0	0	0	0
200.0000026330673	0	0	0	0	0	849446	0	494091	212212	218736	242475	1108592	42504	65618	84365	3417	1189	3612	7880	3888	4554	8816	6720	4768	4864	3751	0	896	140	89	0	0	0	0	0	0	0	0	0	0	0	0	0	0	0	0	0	0	0	0	0	0	0	0	0	0	0	0
205.0000124909667	0	0	0	0	0	974832	0	525564	225888	231728	257527	1193316	50064	80410	119906	4284	1827	5074	10835	5712	6798	15776	11060	9536	8056	7381	0	2240	980	1068	135	0	0	0	0	0	0	0	0	0	0	0	0	0	0	0	0	0	0	0	0	0	0	0	0	0	0	0
210.00000577611962	0	0	0	0	0	1118761	0	554814	240032	246680	274646	1279835	57540	95632	163704	6477	2523	8084	15563	7776	9108	22040	15400	14155	12616	11616	0	5376	2870	3471	810	0	0	0	0	0	0	0	0	0	0	0	0	0	0	0	0	0	0	0	0	0	0	0	0	0	0	0
215.00001434225445	0	0	0	0	0	1260041	0	588978	256204	263368	291394	1371380	65898	112660	209297	8466	3596	11352	22261	10752	13068	31784	21280	18625	17328	16819	0	9184	5110	7298	3780	0	354	0	350	212	0	0	0	0	0	0	0	0	0	0	0	0	0	0	0	0	0	0	0	0	0	0
220.0000069091665	0	0	0	0	0	1435758	0	623142	269204	276920	307294	1462207	72576	127624	260634	11271	4930	15308	35263	13536	17424	41528	28560	24883	22648	23353	0	14224	8330	11303	8370	0	1652	714	840	636	0	185	0	0	0	0	0	0	0	0	0	0	0	0	0	0	0	0	0	0	0	0
225.00000134520786	0	0	0	0	0	1596464	0	654615	280644	288680	320332	1570266	79632	141040	313766	13260	6061	20038	48462	16224	21054	55448	38080	33972	31008	30250	3962	19600	10990	15397	13770	0	4012	3060	2030	1908	0	518	252	89	0	101	0	0	0	0	0	0	0	0	0	0	0	0	0	0	0	0
230.00001317650396	0	0	0	0	0	1750106	0	681525	290472	299600	332469	1679402	85806	154198	380181	14892	7018	24596	61858	19344	25476	74240	49140	42614	39824	37631	11320	25648	13580	20025	20115	0	7906	6528	4060	3021	0	1110	588	534	665	404	0	0	0	0	0	0	0	0	0	0	0	0	0	0	0	0
235.0000185219027	0	0	0	0	0	1947898	0	703989	299780	309064	343599	1781358	91980	166238	445519	17136	7772	28036	75648	22176	29700	94888	57820	53193	49248	46101	24338	30464	16520	23496	26190	0	12744	10302	6370	4876	2100	2405	2688	1780	1197	1313	390	0	0	0	0	0	0	0	0	0	0	0	0	0	0	0
240.00000472238776	0	0	0	0	0	2136860	0	726453	307892	318360	353457	1882596	96726	176472	513011	19023	8845	32078	90817	24768	33264	114840	67200	65709	60648	55781	49808	40656	19530	27501	31860	0	17346	14688	9170	6890	5700	3700	5292	4450	3192	3232	1690	0	0	0	0	0	0	0	0	0	0	0	0	0	0	0
245.00000640077008	0	0	0	0	0	2321407	0	746811	316160	326816	362944	1974500	102186	187308	574759	20502	9802	35346	103622	27408	36498	134560	78400	74947	69464	64977	74712	48608	23870	32307	37395	1408	22892	18870	11620	9116	11700	5106	8988	7298	6517	7474	5200	0	0	0	0	0	0	0	0	0	0	0	0	0	0	0
250.0000051052892	0	0	0	0	0	2537742	0	764361	324116	334544	371477	2045941	106764	196510	626814	22083	10527	39130	116033	30144	39468	153352	88340	85675	80712	75625	103012	58352	28560	38715	45630	11264	27376	23154	15470	11501	19800	7067	13608	10858	11571	11009	8580	0	0	0	0	0	0	0	0	0	0	0	0	0	0	0
255.00000338501312	0	0	0	0	0	2730236	0	782028	330304	342272	379904	2115228	111552	205540	672766	23970	11397	43086	125292	32928	42834	169592	99540	95360	90440	82764	138104	66640	32830	46725	53460	35200	34574	28560	18550	13833	29100	8584	18480	15664	17024	15554	15080	0	1535	0	0	0	0	0	0	0	0	0	0	0	0	0
260.00001059304583	0	0	0	0	0	2961582	0	797940	337376	348824	387165	2180925	115164	214570	724103	26214	12441	46698	137309	35568	45870	187688	108080	104002	100776	91960	172630	75712	38220	51976	63855	75328	40238	33660	22120	16271	45300	10101	23520	20025	24206	19998	19890	537	2149	345	0	0	0	0	0	0	0	0	0	0	0	0
265.0000015628406	0	0	0	0	0	3177034	0	813501	343928	354760	394585	2241596	118902	221536	767901	28101	13224	49708	146174	38256	49566	203000	117460	112942	111264	101761	206590	83104	43960	60075	75735	111936	48380	38760	26040	19663	60000	11877	28056	24119	32984	25654	25870	2685	4298	1380	0	0	0	0	0	0	0	0	0	0	0	0
270.00000060230803	0	0	0	0	0	3427806	0	828594	349804	361144	401210	2293292	122514	227556	809186	30141	13949	53062	157600	40752	53196	222952	126560	124862	120840	113014	248474	89488	48580	65415	86670	152768	56876	45696	30310	23691	70200	13986	32844	29637	39900	31209	32630	7518	9517	3450	392	0	0	0	0	0	0	0	0	0	0	0
275.0000103310763	0	0	0	0	0	3667099	0	840528	355576	367248	407570	2344270	126084	234264	852984	31977	14906	56674	169420	43248	56826	238960	136640	134100	129504	122089	285264	98224	54110	71912	97065	195008	65726	53142	35770	27295	84000	16169	38724	36045	48146	35451	40170	19332	16885	8970	1372	0	0	0	0	0	0	0	0	0	0	0
280.0000062918252	0	0	0	0	0	3864008	0	852930	361296	372232	413718	2396684	129066	242262	894269	34068	15863	59684	178876	45744	60852	253576	146580	143338	139992	131527	336770	106624	58520	79744	106110	235840	75402	59976	40670	30316	101400	18315	44772	43432	55860	42016	48750	35442	28858	14835	3528	0	0	0	0	0	0	0	0	0	0	0
285.0000330505806	0	0	0	0	0	4031778	0	865683	365872	376712	420025	2445508	132468	249400	932682	36108	16994	63296	189908	48240	63822	271904	155680	153023	149872	140239	382050	118160	63630	86775	115830	273152	84488	68136	45850	34026	119700	20609	52248	49573	66633	50096	58500	55848	42366	26910	5684	0	552	196	0	0	0	0	0	0	0	0
290.0000026015677	0	0	0	0	0	4187186	0	876213	370448	382816	426226	2491819	135408	254646	967146	37740	18183	65962	197985	51216	66264	285824	164780	162112	160816	149919	421670	127680	68180	94429	125145	316800	95108	75888	50890	37895	139500	22644	60228	58651	77273	57873	66170	78939	54339	38985	7840	0	1518	392	0	0	0	0	0	0	0	0
295.0000177065735	0	0	0	0	0	4343477	0	886743	375076	387072	431208	2535976	139104	261268	998738	39627	19169	70778	209411	54000	70290	297192	172620	171499	169176	159962	463554	135968	72030	101282	136215	376640	103958	82314	55860	42294	159600	25012	67284	66216	88578	68276	77610	111159	66312	50370	9800	0	2346	1176	0	0	0	0	0	0	0	0
300.0000110248877	0	0	0	0	0	4492704	0	897741	379184	392112	436296	2572594	142338	268492	1032125	41004	20097	73874	219261	56784	73062	311112	181300	183270	179360	168432	507702	145264	77910	107957	145395	433664	111510	90576	61670	46428	188700	27861	76860	72446	102676	77366	90350	140157	81355	62100	12740	0	3312	1960	0	0	0	0	0	0	0	0
305.00001816338914	0	0	0	0	0	4623388	0	909558	384436	396368	441066	2616392	146160	275200	1062999	42636	21025	77314	229111	58848	77088	326192	189000	192657	188328	177023	547322	154560	83510	115700	156195	492800	119534	98022	66430	50138	209100	30266	83412	79744	114114	86153	104390	170766	100389	78315	14896	0	4554	3724	0	0	0	0	0	0	0	0
310.00000565978996	0	0	0	0	0	4757604	0	919620	388336	400624	447108	2651574	149310	281650	1093873	44625	21924	81700	241916	62064	79926	341968	197400	201299	195776	185251	592602	164304	87640	123532	166995	553344	128856	105570	71610	53000	231900	32301	91140	87576	126483	96354	113100	198153	119116	97635	17836	0	5520	5292	0	0	0	0	0	0	0	0
315.00000032984946	0	0	0	0	0	4870628	0	930735	392392	404768	451984	2686756	152124	286896	1126542	46359	22620	84796	252554	64368	83556	357048	205380	210984	206264	194084	634486	174832	92260	129940	176715	622336	138650	114954	76370	57187	255300	34854	98616	95408	137655	104434	124020	237354	139071	121095	20188	3176	7866	7448	0	0	0	201	0	0	0	0
320.0000015726614	0	0	0	0	0	4980120	0	938925	395876	409248	456436	2720143	155736	294636	1154903	47481	23461	87720	261813	67104	85998	370968	213920	220073	215384	202796	675238	183680	97510	136882	186975	682176	147972	123522	82180	61427	280800	37407	104916	103507	151620	113019	136370	278703	155342	142830	23716	5558	10764	10388	0	0	0	402	178	143	0	0
325.0000035364894	0	0	0	0	0	5084314	0	948519	399308	413840	461047	2753530	158844	300914	1183982	48501	24012	90214	273633	69408	89628	388600	222040	230652	224504	211508	717688	191296	102200	144180	197235	744128	157294	131988	88340	65137	297900	39997	113988	111428	162659	121200	146900	322737	175297	169395	26264	15880	13386	13132	0	0	0	469	356	429	0	0
330.0000033838177	0	0	0	0	0	5183210	0	956709	403104	417368	465075	2784404	161406	306848	1213420	50184	24650	93396	283483	71520	91872	402752	231140	240039	233928	220583	760138	200032	106330	153525	207765	801152	168386	140964	93660	68582	324000	42106	121212	121663	174097	131704	157950	359790	198015	197340	29008	19850	15732	16464	1494	0	0	670	712	572	0	98
335.0000001328595	0	0	0	0	0	5275925	0	964314	406432	421176	469050	2814201	164262	313470	1246807	51816	25143	96492	294318	73536	95238	415744	239960	249128	242288	229295	790136	209552	111160	161446	218430	853248	175702	148206	98420	72981	346500	45436	128520	128783	185668	140592	169260	397917	224110	222180	31164	24614	18630	21168	5229	0	0	1340	1157	1716	0	392
340.00000079144536	0	0	0	0	0	5374821	0	971685	409708	424816	472495	2842203	167958	318544	1281989	52887	25839	98900	305153	75696	97482	430128	247100	257919	251712	236434	828058	216832	116690	168922	228420	915200	184198	157998	103600	76214	369600	48063	136584	137683	198702	149783	182260	445710	248363	247020	34496	28584	20424	25480	11205	0	553	2211	1869	3146	0	637
345.00000434785136	0	0	0	0	0	5464004	0	979758	412880	428120	475993	2874154	170856	324478	1307119	53856	26303	102168	312639	77808	100254	442192	254380	266114	261288	244178	865980	224000	122290	176309	237870	972928	192812	167280	108710	80666	394800	51097	144564	146049	209076	157964	194090	498873	271081	273585	37044	38112	23322	30968	16434	0	1106	2814	3115	4433	0	1127
350.0000057878374	0	0	0	0	0	5543474	0	986193	416884	431144	480180	2900720	174510	331444	1344455	55335	26883	104318	321504	79632	102432	453792	261660	274011	267368	252769	908996	230048	127190	182450	250020	1028544	201780	176052	115220	85065	419400	53983	151872	154059	221312	165438	206310	539685	293492	303600	39004	44464	26634	35672	23157	0	3318	3417	4183	6006	0	1323
355.00000385082836	0	0	0	0	0	5627359	0	992979	420524	433944	483731	2930158	176736	337808	1373175	56712	27637	106382	331551	81264	104874	465160	267960	281312	276184	260029	947484	236208	131670	188947	261225	1082752	211574	184110	120820	88828	439500	57128	160104	163137	231154	174427	217750	584256	322964	330855	43512	51610	30084	41160	35109	0	4977	4288	5429	7293	0	1715
360.0000004509347	0	0	0	0	0	5714776	0	999531	424424	437584	487388	2955647	179928	344086	1397228	57375	28072	109306	338840	83616	107250	475368	274820	286527	285152	267410	982010	242368	135660	195711	273105	1155264	221250	192780	126630	93810	461100	59718	167832	170524	243656	184729	228540	633123	348752	360180	46648	61138	33258	45276	48555	0	8848	5159	7209	9295	586	1813
365.0000001190875	0	0	0	0	0	5775703	0	1007019	427284	440328	490727	2981854	182868	350106	1423794	58548	28739	111284	347114	85248	109692	486968	281680	294275	292752	275396	1019932	248976	140000	202119	282015	1221440	229038	200736	132580	97096	484800	62419	176232	179869	256424	193920	240240	683601	375768	387780	49000	69872	35742	47432	58266	0	13272	6767	8722	12155	2344	2352
370.0000033918083	0	0	0	0	0	5853407	0	1012518	430976	443408	493907	3008061	186186	354922	1452873	59466	29261	113348	354600	86832	112596	502048	288120	301576	302328	282051	1061250	256480	144690	207548	292410	1280576	238950	207876	137690	101548	508200	64972	184380	187434	267330	203919	251420	733005	406161	418830	50960	77018	37950	51548	70218	0	21567	7638	10413	15158	5274	3430
375.00003383502406	0	0	0	0	0	5929345	0	1019070	433108	446600	496663	3037499	189294	360426	1475490	60537	29812	114810	361101	88608	114048	513184	294280	308132	310688	289674	1102568	263312	149030	212621	301725	1338304	248272	215934	143710	105258	534600	67710	192276	196423	280896	213413	262470	781335	432256	451260	55272	84958	41538	55272	84411	1318	27650	9447	11392	17160	12892	4704
380.00000529156335	0	0	0	0	0	6003517	0	1025739	435656	449792	500426	3061911	192318	365414	1499543	62016	30450	116702	368193	90288	116226	524784	300860	314539	317072	296692	1143320	271712	153440	218406	311040	1395328	257712	225624	148610	109763	558900	70411	200256	203454	292999	223917	276770	826443	458965	479550	58604	97662	44850	60564	98604	3954	37604	10452	12994	20449	20510	5831
385.0000022610127	0	0	0	0	0	6071508	0	1033461	438672	453488	503765	3087041	194964	372810	1526468	63393	31117	119368	375285	92064	118404	536152	305620	322287	324216	304315	1180676	281008	157570	225437	319275	1455168	265028	231744	153300	113420	580500	72446	209664	210930	304304	234219	287170	874773	491814	511635	62524	107984	48162	63896	112797	13180	49770	11725	14952	23738	27542	6664
390.00002755358616	0	0	0	0	0	6151861	0	1039545	441792	456624	506468	3110376	197778	378142	1558778	64821	31581	121776	381786	93648	120648	546128	311080	329290	329840	311333	1211806	288624	162820	232023	328185	1524160	273170	239904	158690	118190	609000	75295	217056	218851	318269	244420	300040	931158	522207	539580	64484	116718	50922	69580	126990	22406	59171	12931	16554	26884	35160	7889
395.00000906235067	0	0	0	0	0	6216320	0	1046331	444496	458472	509542	3131916	200718	383560	1594678	65841	32190	123410	388090	95328	121770	557264	318780	336293	336224	319077	1238974	296352	167230	238253	337770	1577664	282020	248982	163730	122165	629100	77848	225708	228463	331968	253207	312390	981099	548609	573390	68012	125452	53130	73304	143424	30314	69678	14204	18423	29744	46294	9359
400.0000043054629	0	0	0	0	0	6267534	0	1053351	447668	461048	513729	3151302	203448	388548	1619090	67269	33089	125990	396364	96864	124278	566544	324520	343594	343368	326095	1270670	304752	171710	246619	347085	1632576	290988	257142	169750	126246	650700	80216	233688	236384	344204	262600	324740	1022448	581151	608580	70560	137362	56304	78792	154629	39540	81291	15812	20114	32461	60358	10682
405.00000361420314	0	0	0	0	0	6315216	0	1059903	450164	464408	516750	3170688	206262	393536	1644938	68901	33553	129000	401092	98400	126324	576520	331520	350746	350816	332024	1306894	312368	176610	253472	358155	1691712	300546	265506	175910	130486	675600	82732	240912	245017	355908	270983	336310	1077222	611851	638595	74676	146096	61686	83496	168822	59310	90139	16951	22606	34606	70320	12054
410.0000016671319	0	0	0	0	0	6384973	0	1067391	452660	467712	519824	3194741	208446	398438	1669709	70023	34278	131064	407790	100176	128766	587192	336560	356557	359024	336985	1339722	319872	181510	260058	368415	1749440	311048	272952	180810	134355	693600	86284	249480	252493	367745	280477	346710	1126626	643472	673095	78596	158800	65964	88200	184509	71172	101752	18224	24030	38896	80868	13230
415.00001273855895	0	0	0	0	0	6447666	0	1073124	455572	470400	523375	3213768	210924	404114	1692685	70890	34916	133300	417443	101760	130812	595312	343560	362964	366472	343398	1377644	327488	185710	266021	377460	1807168	321078	280194	186410	139867	715500	88985	257880	259435	379582	289668	358540	1184622	677242	702765	82516	165946	68724	94276	200943	100168	115577	19229	25543	41327	92002	14896
420.000000304742	0	0	0	0	0	6497997	0	1079208	457600	473424	525654	3232436	212814	410650	1718892	72216	35554	135536	423944	103296	132726	606680	349860	370116	373008	349085	1412170	333984	190330	273586	385560	1862784	330282	290292	191380	143577	739500	91871	266616	269225	390488	298657	371930	1230804	707942	736230	86044	180238	72174	99960	222606	119938	126637	20703	27056	43615	106066	16219
425.0000109163797	0	0	0	0	0	6550977	0	1085994	459888	475664	529152	3253976	215586	416842	1742586	73593	36308	137944	430445	105264	135300	615032	355880	376672	381216	355256	1451224	340928	195440	280706	397440	1915584	338660	298554	196910	148135	760500	95053	274848	277502	401793	309969	386750	1281819	736493	772110	89180	195324	76314	105056	237546	135754	137144	22177	28569	46189	117786	17493
430.0000043530506	0	0	0	0	0	6605723	0	1090674	462540	478968	531749	3279824	217980	422346	1765562	75123	37120	139664	439310	106704	138402	625008	362740	383526	386840	361669	1477826	349552	199850	286402	405945	1971200	348690	307836	203210	152428	783900	97939	282492	285690	413098	320877	398710	1322094	765658	811440	91924	208028	79488	110544	251739	162114	148204	23517	30972	50193	130678	19061
435.0000042710806	0	0	0	0	0	6665767	0	1096056	464308	481096	534929	3297774	220290	427420	1793564	76449	37903	141814	445417	108288	140382	634288	367640	390231	395200	369292	1502730	358064	203980	292187	415935	2022592	358956	315690	208390	156509	808500	100899	290892	294145	422142	330068	411580	1369350	793595	846630	94080	223908	84318	116032	265932	196382	156499	25058	32485	54197	140640	20482
440.00000068077895	0	0	0	0	0	6713449	0	1101672	466908	483952	538056	3316801	223062	432752	1819053	77826	38599	143878	453888	109824	142890	644032	373660	395446	404168	374495	1536690	364560	209090	298239	425520	2076800	366744	322320	212380	161332	832800	103378	299796	302066	435841	338956	421460	1410162	822146	879060	97608	235024	88596	122696	277884	224060	168112	26800	34799	57486	152946	21952
445.00000042714163	0	0	0	0	0	6768195	0	1106586	469612	486696	541024	3337982	225666	437396	1846696	79611	39208	146200	460586	111264	145332	654472	379540	402002	410856	380908	1563292	371840	212940	304914	432945	2132416	375948	330072	217560	164936	855900	106708	307104	310343	448609	348248	432510	1452048	857451	919425	101920	246934	92598	127988	297306	259646	180278	29614	37736	62634	169940	23079
450.0000065214292	0	0	0	0	0	6814994	0	1112670	472056	489552	543674	3357368	227808	442986	1872903	80886	40136	149468	467087	112800	147774	665608	386540	407366	415872	386353	1596120	377664	216370	309987	441990	2181696	383972	339048	222880	169070	879300	109446	313908	317641	461377	355823	444080	1495008	888458	951855	105840	261226	96738	134456	323451	276780	194656	31691	41385	67067	179902	24696
455.00000610234474	0	0	0	0	0	6868857	0	1118754	474916	491904	546218	3375677	229824	448662	1896597	82059	40745	151618	475361	114912	150084	674192	391860	415710	422712	392282	1621590	383824	219660	315505	450900	2238720	392940	346596	228480	172727	901800	111962	321972	326185	472815	364610	458510	1543875	923149	991185	109564	277900	100464	140336	343620	296550	206269	33098	43966	72358	193966	26509
460.00000060881257	0	0	0	0	0	6928901	0	1124487	477100	494088	549504	3392550	232092	453650	1921727	83742	41267	154370	484226	116832	152130	684400	399700	421521	429248	400510	1647626	389984	223650	321201	458595	2303488	401672	354450	233800	177126	926100	114256	328860	333928	484652	373599	469040	1595964	956919	1026030	112112	295368	104604	146020	361548	317638	219541	35242	46369	76219	208616	28714
465.00000219494876	0	0	0	0	0	6977466	0	1129518	479752	496272	552578	3408705	234444	458810	1945062	85374	42050	157552	491121	119088	154572	696000	406560	428375	436088	408254	1671964	396592	227360	326007	466425	2362624	410286	361284	238910	180465	946200	116365	336168	341226	496755	382992	478660	1649127	986698	1055010	117208	307278	107364	152488	379476	338726	237790	36984	49395	80938	223266	30674
470.00000188629576	0	0	0	0	0	7033978	0	1133964	481676	498064	555440	3425219	236796	463970	1971269	86598	42514	160046	499198	120864	157014	707600	412720	436123	443384	415756	1700264	402976	231210	331614	473445	2419648	419726	368832	244580	184016	969900	118770	342888	348702	505400	390668	489450	1692087	1014328	1084680	121324	323158	111090	158564	395163	366404	257698	39061	52510	85085	233814	32585
475.0000032819679	0	0	0	0	0	7074596	0	1138644	483652	500640	558143	3446400	239274	468700	1990655	88026	43355	163142	508851	123168	159786	718968	418460	443722	450832	421322	1721206	411040	234570	336954	482355	2478080	427160	376482	250250	186984	992700	121323	350784	356445	515641	399455	502450	1735584	1044107	1118145	125636	333480	115506	163268	416079	390128	280371	40870	55269	89661	250222	34790
480.00001751125313	0	0	0	0	0	7132874	0	1144845	486564	502768	560316	3463273	241752	474634	2015426	89301	43761	165550	516140	124944	162954	728944	424620	450725	456000	429308	1746110	417312	237860	341938	490860	2528064	433886	384132	254170	190376	1016700	123987	359016	364455	527611	408444	512720	1779081	1073886	1151610	128576	354124	119232	169736	432513	424396	297514	43215	58295	92950	264286	36701
485.00000732351026	0	0	0	0	0	7184971	0	1150227	488748	505400	562277	3479787	244146	479622	2040556	90627	44428	168130	524414	126528	164802	741936	430780	458324	462992	435600	1784032	422800	241850	346388	499365	2586496	440376	390456	259070	193821	1035300	126466	365400	371575	538384	415918	524030	1823652	1107656	1187490	133476	370004	122958	173852	456417	450756	318528	45292	61143	96954	279522	38465
490.0000025286977	0	0	0	0	0	7228238	0	1154790	490204	507304	564397	3495224	246624	484352	2063891	91749	45211	170882	529930	128496	167244	750984	436240	468605	469528	442376	1812898	430304	245910	351817	507735	2644224	448400	399330	264250	197213	1054200	128760	373044	379496	550886	426119	533520	1874130	1135593	1222335	135828	386678	127788	179340	469116	483706	338436	47101	64525	101387	298274	40376
495.00000597521745	0	0	0	0	0	7280335	0	1158183	492440	509432	566994	3508507	249186	489254	2088303	93330	45878	173204	538204	130272	169686	763048	442820	474416	475304	449273	1846858	438032	250810	358225	515430	2694208	457958	406470	269290	200976	1072800	131276	379512	386705	561792	432280	542230	1922997	1165986	1261320	139356	404146	131376	186396	492273	515338	361109	49580	67818	105963	324058	41846
500.0000072899485	0	0	0	0	0	7323602	0	1162980	494676	511224	569485	3527175	251580	494672	2111279	94911	46545	175698	547069	131808	172194	774880	450660	481866	482904	457985	1876290	444528	256340	364188	525690	2749120	464330	414426	273980	204686	1097100	133570	386652	394092	571900	442077	554190	1965957	1196072	1292370	141904	417644	135930	192668	510948	554878	383229	51523	70399	110825	345154	43904
505.00000150668996	0	0	0	0	0	7373933	0	1167660	496548	513688	572294	3541535	253596	499660	2133178	96441	47415	178794	555934	133440	174240	783696	457380	488124	488832	464156	1914778	451696	260470	371308	533250	2795584	472944	420750	279370	208608	1114500	136197	392868	401924	582806	450157	564850	2011602	1224009	1320315	145432	429554	140484	197764	540081	589146	405349	54940	73959	114972	365664	45962
510.00002486884654	0	0	0	0	0	7408370	0	1172691	498836	515144	574838	3560203	256536	503530	2153641	97614	48053	181288	563617	135600	176286	795760	464520	494531	495976	472142	1951568	459200	265090	377538	542835	2847680	483210	427788	284130	212000	1132200	138047	400680	407887	595441	459146	576940	2060469	1257165	1347915	147196	439876	146694	205604	561744	624732	426916	57553	77252	119691	383244	47628
515.000002485412	0	0	0	0	0	7456935	0	1177605	501020	517440	576905	3575999	258846	507572	2171232	98481	48807	184212	571497	137184	179190	807360	470400	500938	504032	477829	1984396	466032	269990	384124	551745	2899072	491706	435336	289520	216081	1153800	140526	407568	415541	608741	467731	587730	2109873	1282953	1380345	150920	456550	150834	209916	583407	669544	450142	60434	79655	125268	404926	49735
520.0000039556708	0	0	0	0	0	7501085	0	1182636	502736	519456	578866	3590718	260988	513076	2190977	99552	49590	186104	578392	139296	181566	818032	475580	507941	511936	485936	2017224	471520	274190	389553	559575	2951168	500202	443088	294910	219685	1170600	143523	414456	422572	619913	477124	598650	2151759	1311197	1418985	154056	469254	156078	214620	602829	703812	468944	62712	82503	129987	419576	52038
525.0000012613941	0	0	0	0	0	7545235	0	1186731	504556	521752	581039	3605796	262962	518150	2207132	100419	50141	188340	586863	141360	184140	828936	482300	514199	519232	491018	2060240	476896	278040	396762	568755	2999744	508462	451350	300020	224296	1195800	146150	421848	430938	633745	483689	612300	2206533	1336064	1450035	157584	481958	159804	220892	628974	736762	483875	64454	84906	135421	437742	54145
530.0000063484913	0	0	0	0	0	7594683	0	1191645	506480	523880	583106	3624105	264936	520816	2232621	101388	50982	190576	593758	142992	186186	840536	490280	521351	525768	497189	2092502	484848	282520	402547	577935	3056064	515424	460122	304220	229172	1218300	149147	429912	438948	644651	493082	623740	2252715	1365843	1478670	161504	499426	162978	227164	658107	767076	500465	66330	87131	140426	460010	55223
535.0000048090025	0	0	0	0	0	7649429	0	1195974	508456	525728	585809	3639542	266280	524944	2255597	102714	51591	193328	601441	144528	188298	851440	497420	526715	531088	504570	2129858	492912	286930	408777	587520	3100416	522268	467568	309330	233624	1238400	151959	438900	446602	656621	503586	635830	2288694	1399613	1507995	165620	508160	166566	233632	672300	810570	518714	68742	90780	145574	484622	57281
540.0000115159711	0	0	0	0	0	7685632	0	1200771	510328	527968	588035	3656056	268212	529502	2280009	104091	52374	195134	609518	146544	190938	862344	504000	533271	536864	511588	2162686	500528	291410	416075	597375	3144064	532298	475830	314860	237705	1262700	154105	446292	453900	668857	514494	647400	2333802	1433383	1535940	167776	531186	171534	237552	702180	851428	535857	71020	93005	149578	501616	59535
545.000000319493	0	0	0	0	0	7728016	0	1205685	511940	529928	590102	3671493	269808	533888	2299036	105723	52983	197542	614246	147840	193248	874640	508900	539082	544160	516186	2193816	508928	296310	422661	606285	3198272	541148	483276	320250	242528	1280100	156621	454188	462711	681359	523483	657410	2380521	1455794	1564920	171500	546272	174708	245392	722349	888332	553000	72963	95497	153725	521540	61250
550.000008387584	0	0	0	0	0	7776581	0	1210950	514072	531720	592434	3685135	271908	538188	2322012	106590	53679	199520	621338	149472	195558	884616	515760	545787	550848	522841	2222682	516432	300510	428268	615870	3260224	551178	491436	324730	246980	1304700	159840	460824	469920	695457	532068	669370	2423481	1484345	1595970	174440	560564	178710	250292	743265	933144	570696	75509	99680	159302	539120	63259
555.0000025590439	0	0	0	0	0	7817199	0	1215630	515944	533904	594607	3703803	273714	542316	2344629	107967	54404	202272	628430	151152	197208	892736	520800	551002	557232	529133	2251548	522928	305060	434142	623835	3318656	559792	499392	330540	251538	1326000	162652	468888	479354	708757	539441	680680	2471811	1517194	1629780	177576	574856	182574	256368	769410	968730	594475	78457	103329	164021	556114	65219
560.0000151606644	0	0	0	0	0	7856934	0	1219608	517712	535976	596727	3719599	276108	546530	2372631	109242	54926	204164	633552	152736	198858	902016	526260	557707	563920	536030	2277584	528864	309750	439571	631800	3379904	568170	506022	334740	255566	1347600	165760	477960	487186	720328	549036	694200	2517456	1547894	1664625	181104	583590	186852	263228	795555	1001680	614936	81204	107156	169026	574866	67620
565.0000069950481	0	0	0	0	0	7901084	0	1223937	519584	537768	598529	3730010	278376	551346	2401351	110364	55535	206658	641038	155088	201498	913152	532140	563071	569392	542564	2305884	535808	314440	445534	639225	3433408	575840	513774	340410	259488	1370100	168424	485268	494217	732830	557520	707720	2564712	1573682	1693605	185416	593118	190302	267540	825435	1045174	637609	84286	110716	173745	593032	69286
570.0000013729795	0	0	0	0	0	7949649	0	1227447	521664	539840	601232	3742216	280770	555646	2421096	111435	56173	209754	647342	156720	203676	923824	537880	569329	576992	550550	2339278	544208	318780	452209	648675	3495360	584572	521118	346430	263834	1398000	170718	492744	502761	744933	566812	717860	2609820	1599470	1731555	187768	607410	194718	272636	850086	1080760	654752	86564	113475	178035	611784	71638
575.000003763655	0	0	0	0	0	7986735	0	1231308	523484	541464	603405	3760884	282786	559602	2442995	112710	56840	212162	653646	158304	206052	936120	542500	574693	583376	554543	2373804	550032	323470	458528	657585	3539712	593658	528768	352240	267650	1418700	173678	500892	510148	756903	575902	728650	2660835	1626179	1761915	190708	620908	197892	276948	873990	1121618	670236	89110	116857	183469	629364	73892
580.0000046867528	0	0	0	0	0	8034417	0	1237158	525564	543088	605843	3772013	284760	564418	2467766	114393	58058	215000	659162	159840	208428	946328	549920	580653	589760	560230	2400972	555632	327740	464580	664740	3605888	601800	536622	358050	271784	1442400	176638	509208	519582	767277	584386	739050	2717220	1656572	1797105	194040	632024	200928	283024	894159	1157204	692909	91455	119527	190333	648116	76293
585.0000045702888	0	0	0	0	0	8063556	0	1240668	527384	544824	608387	3788168	286692	567428	2490024	116076	58812	217924	666057	161616	210276	956072	556920	586762	598576	566764	2432102	563584	331240	469831	672030	3658688	611358	543252	363790	275865	1464600	179487	516348	527681	781641	593577	749840	2760717	1689728	1830570	197176	652668	204378	288904	921051	1200698	713923	93666	123443	195338	672142	78253
590.0000068310304	0	0	0	0	0	8106823	0	1245465	529152	546616	609871	3800374	288666	571900	2509769	117606	59624	220848	674134	163872	213378	968832	563640	593616	603440	572451	2458138	569968	335580	475883	680130	3717824	621506	550596	368900	279575	1482300	182114	522732	535958	792148	601960	761410	2810658	1721963	1867485	201096	664578	207966	295568	955413	1238920	732725	96413	126825	199771	692066	80507
595.000000007414	0	0	0	0	0	8158920	0	1248741	530920	548912	612097	3811862	290808	575598	2534181	119034	60146	223170	681620	166128	215952	978808	569240	601215	611496	580558	2494362	576576	339570	481668	689850	3764992	631064	557940	374570	283179	1502100	184889	530796	543345	801990	610141	774670	2855229	1752049	1903020	205408	677282	213072	301448	978570	1287686	755398	99361	130029	203918	714920	83251
600.0000069357214	0	0	0	0	0	8195123	0	1252485	532792	550648	614853	3824786	292698	579726	2553567	120768	61074	225750	690288	168480	219384	992264	575960	606430	617272	589270	2521530	583968	343420	487275	699165	3818496	638734	566508	379190	286624	1525800	187590	538692	552156	812364	618726	785720	2897115	1782749	1933725	209328	691574	218178	306544	1003968	1319318	775306	101103	133144	208780	733672	85309
