>time	Ribosome	coli Pol	coli Pol-P	coli Pol-2.0	coli Pol-P-2.0	gp1	gp1-3.5	gp0.3	gp0.4	gp0.5	gp0.6A	gp0.7	gp1.1	gp1.2	gp1.3	gp1.4	gp1.5	gp1.6	gp1.7	gp1.8	gp2.0	gp2.5	gp2.8	gp3.0	gp3.5	gp3.8	gp4A	gp4.2	gp4.3	gp4.5	gp4.7	gp5.0	gp5.3	gp5.5	gp5.7	gp5.9	gp6.0	gp6.3	gp6.5	gp6.7	gp7	gp7.3	gp7.7	gp8	gp9	gp10A	gp11	gp12	gp13	gp14	gp15	gp16	gp17	gp17.5	gp18	gp18.5	gp19	gp19.5	RNA: gp0.3	RNA: gp0.4	RNA: gp0.5	RNA: gp0.6A	RNA: gp0.7	RNA: gp1	RNA: gp1.1	RNA: gp1.2	RNA: gp1.3	RNA: gp1.4	RNA: gp1.5	RNA: gp1.6	RNA: gp1.7	RNA: gp1.8	RNA: gp2.0	RNA: gp2.5	RNA: gp2.8	RNA: gp3.0	RNA: gp3.5	RNA: gp3.8	RNA: gp4A	RNA: gp4.2	RNA: gp4.3	RNA: gp4.5	RNA: gp4.7	RNA: gp5.0	RNA: gp5.3	RNA: gp5.5	RNA: gp5.7	RNA: gp5.9	RNA: gp6.0	RNA: gp6.3	RNA: gp6.5	RNA: gp6.7	RNA: gp7	RNA: gp7.3	RNA: gp7.7	RNA: gp8	RNA: gp9	RNA: gp10A	RNA: gp11	RNA: gp12	RNA: gp13	RNA: gp14	RNA: gp15	RNA: gp16	RNA: gp17	RNA: gp17.5	RNA: gp18	RNA: gp18.5	RNA: gp19	RNA: gp19.5	NumColiPoly:	4	NumT7Poly	2	NumOfTimePoints:	121	NumOfProteins:	58	NumOfCoding	52
4.649616795899786E-4	10000	1800	0	0	0	0	0	0	0	0	0	0	0	0	0	0	0	0	0	0	0	0	0	0	0	0	0	0	0	0	0	0	0	0	0	0	0	0	0	0	0	0	0	0	0	0	0	0	0	0	0	0	0	0	0	0	0	0	0	0	0	0	0	0	0	0	0	0	0	0	0	0	0	0	0	0	0	0	0	0	0	0	0	0	0	0	0	0	0	0	0	0	0	0	0	0	0	0	0	0	0	0	0	0	0	0	0	0	0	0
5.001787884537861	10000	1800	0	0	0	0	0	0	0	0	0	0	0	0	0	0	0	0	0	0	0	0	0	0	0	0	0	0	0	0	0	0	0	0	0	0	0	0	0	0	0	0	0	0	0	0	0	0	0	0	0	0	0	0	0	0	0	0	0	0	0	0	0	0	0	0	0	0	0	0	0	0	0	0	0	0	0	0	0	0	0	0	0	0	0	0	0	0	0	0	0	0	0	0	0	0	0	0	0	0	0	0	0	0	0	0	0	0	0	0
10.015977516422998	10000	1795	0	0	0	0	0	0	0	0	0	0	0	0	0	0	0	0	0	0	0	0	0	0	0	0	0	0	0	0	0	0	0	0	0	0	0	0	0	0	0	0	0	0	0	0	0	0	0	0	0	0	0	0	0	0	0	0	0	0	0	0	0	0	0	0	0	0	0	0	0	0	0	0	0	0	0	0	0	0	0	0	0	0	0	0	0	0	0	0	0	0	0	0	0	0	0	0	0	0	0	0	0	0	0	0	0	0	0	0
15.000563075834918	10000	1787	0	0	0	0	0	0	0	0	0	0	0	0	0	0	0	0	0	0	0	0	0	0	0	0	0	0	0	0	0	0	0	0	0	0	0	0	0	0	0	0	0	0	0	0	0	0	0	0	0	0	0	0	0	0	0	0	0	0	0	0	0	0	0	0	0	0	0	0	0	0	0	0	0	0	0	0	0	0	0	0	0	0	0	0	0	0	0	0	0	0	0	0	0	0	0	0	0	0	0	0	0	0	0	0	0	0	0	0
20.001454847853434	9992	1783	0	0	0	0	0	0	0	0	0	0	0	0	0	0	0	0	0	0	0	0	0	0	0	0	0	0	0	0	0	0	0	0	0	0	0	0	0	0	0	0	0	0	0	0	0	0	0	0	0	0	0	0	0	0	0	0	0	0	0	0	0	0	0	0	0	0	0	0	0	0	0	0	0	0	0	0	0	0	0	0	0	0	0	0	0	0	0	0	0	0	0	0	0	0	0	0	0	0	0	0	0	0	0	0	0	0	0	0
25.003287113250952	9981	1774	0	0	0	0	0	0	0	0	0	0	0	0	0	0	0	0	0	0	0	0	0	0	0	0	0	0	0	0	0	0	0	0	0	0	0	0	0	0	0	0	0	0	0	0	0	0	0	0	0	0	0	0	0	0	0	0	0	0	0	0	0	0	0	0	0	0	0	0	0	0	0	0	0	0	0	0	0	0	0	0	0	0	0	0	0	0	0	0	0	0	0	0	0	0	0	0	0	0	0	0	0	0	0	0	0	0	0	0
30.000322661902366	9958	1768	0	0	0	0	0	8	3	0	0	0	0	0	0	0	0	0	0	0	0	0	0	0	0	0	0	0	0	0	0	0	0	0	0	0	0	0	0	0	0	0	0	0	0	0	0	0	0	0	0	0	0	0	0	0	0	0	6	3	0	0	0	0	0	0	0	0	0	0	0	0	0	0	0	0	0	0	0	0	0	0	0	0	0	0	0	0	0	0	0	0	0	0	0	0	0	0	0	0	0	0	0	0	0	0	0	0	0	0
35.00068570410446	9929	1757	0	0	0	0	0	18	12	1	0	0	0	0	0	0	0	0	0	0	0	0	0	0	0	0	0	0	0	0	0	0	0	0	0	0	0	0	0	0	0	0	0	0	0	0	0	0	0	0	0	0	0	0	0	0	0	0	11	6	3	0	0	0	0	0	0	0	0	0	0	0	0	0	0	0	0	0	0	0	0	0	0	0	0	0	0	0	0	0	0	0	0	0	0	0	0	0	0	0	0	0	0	0	0	0	0	0	0	0
40.00004433157217	9892	1750	0	0	0	0	0	31	21	7	4	0	0	0	0	0	0	0	0	0	0	0	0	0	0	0	0	0	0	0	0	0	0	0	0	0	0	0	0	0	0	0	0	0	0	0	0	0	0	0	0	0	0	0	0	0	0	0	19	7	5	3	0	0	0	0	0	0	0	0	0	0	0	0	0	0	0	0	0	0	0	0	0	0	0	0	0	0	0	0	0	0	0	0	0	0	0	0	0	0	0	0	0	0	0	0	0	0	0	0
45.00072900499909	9826	1741	0	0	0	0	0	51	43	18	10	0	0	0	0	0	0	0	0	0	0	0	0	0	0	0	0	0	0	0	0	0	0	0	0	0	0	0	0	0	0	0	0	0	0	0	0	0	0	0	0	0	0	0	0	0	0	0	25	18	10	9	0	0	0	0	0	0	0	0	0	0	0	0	0	0	0	0	0	0	0	0	0	0	0	0	0	0	0	0	0	0	0	0	0	0	0	0	0	0	0	0	0	0	0	0	0	0	0	0
50.0005631012678	9763	1732	0	0	0	0	0	79	73	39	30	0	0	0	0	0	0	0	0	0	0	0	0	0	0	0	0	0	0	0	0	0	0	0	0	0	0	0	0	0	0	0	0	0	0	0	0	0	0	0	0	0	0	0	0	0	0	0	33	23	18	16	0	0	0	0	0	0	0	0	0	0	0	0	0	0	0	0	0	0	0	0	0	0	0	0	0	0	0	0	0	0	0	0	0	0	0	0	0	0	0	0	0	0	0	0	0	0	0	0
55.000106975119955	9682	1726	0	0	0	0	0	115	103	60	51	0	0	0	0	0	0	0	0	0	0	0	0	0	0	0	0	0	0	0	0	0	0	0	0	0	0	0	0	0	0	0	0	0	0	0	0	0	0	0	0	0	0	0	0	0	0	0	38	30	25	26	0	0	0	0	0	0	0	0	0	0	0	0	0	0	0	0	0	0	0	0	0	0	0	0	0	0	0	0	0	0	0	0	0	0	0	0	0	0	0	0	0	0	0	0	0	0	0	0
60.00043193805028	9604	1713	0	0	0	0	0	161	144	97	96	0	0	0	0	0	0	0	0	0	0	0	0	0	0	0	0	0	0	0	0	0	0	0	0	0	0	0	0	0	0	0	0	0	0	0	0	0	0	0	0	0	0	0	0	0	0	0	42	36	34	35	0	0	0	0	0	0	0	0	0	0	0	0	0	0	0	0	0	0	0	0	0	0	0	0	0	0	0	0	0	0	0	0	0	0	0	0	0	0	0	0	0	0	0	0	0	0	0	0
65.00002501852866	9492	1710	0	0	0	0	0	216	186	137	135	0	0	0	0	0	0	0	0	0	0	0	0	0	0	0	0	0	0	0	0	0	0	0	0	0	0	0	0	0	0	0	0	0	0	0	0	0	0	0	0	0	0	0	0	0	0	0	53	41	39	43	0	0	0	0	0	0	0	0	0	0	0	0	0	0	0	0	0	0	0	0	0	0	0	0	0	0	0	0	0	0	0	0	0	0	0	0	0	0	0	0	0	0	0	0	0	0	0	0
70.00007873129677	9396	1688	8	0	0	0	0	289	234	195	201	0	0	0	0	0	0	0	0	0	0	0	0	0	0	0	0	0	0	0	0	0	0	0	0	0	0	0	0	0	0	0	0	0	0	0	0	0	0	0	0	0	0	0	0	0	0	0	59	49	41	48	29	0	0	0	0	0	0	0	0	0	0	0	0	0	0	0	0	0	0	0	0	0	0	0	0	0	0	0	0	0	0	0	0	0	0	0	0	0	0	0	0	0	0	0	0	0	0	0
75.0000282186802	9287	1667	24	0	0	0	0	362	299	248	279	0	0	0	0	0	0	0	0	0	0	0	0	0	0	0	0	0	0	0	0	0	0	0	0	0	0	0	0	0	0	0	0	0	0	0	0	0	0	0	0	0	0	0	0	0	0	0	63	57	49	54	40	0	0	0	0	0	0	0	0	0	0	0	0	0	0	0	0	0	0	0	0	0	0	0	0	0	0	0	0	0	0	0	0	0	0	0	0	0	0	0	0	0	0	0	0	0	0	0
80.00001750013223	9152	1635	43	0	0	0	0	444	366	305	367	0	0	0	0	0	0	0	0	0	0	0	0	0	0	0	0	0	0	0	0	0	0	0	0	0	0	0	0	0	0	0	0	0	0	0	0	0	0	0	0	0	0	0	0	0	0	0	74	61	58	64	50	0	0	0	0	0	0	0	0	0	0	0	0	0	0	0	0	0	0	0	0	0	0	0	0	0	0	0	0	0	0	0	0	0	0	0	0	0	0	0	0	0	0	0	0	0	0	0
85.00032006647054	9013	1595	75	0	0	0	0	530	437	378	484	0	0	0	0	0	0	0	0	0	0	0	0	0	0	0	0	0	0	0	0	0	0	0	0	0	0	0	0	0	0	0	0	0	0	0	0	0	0	0	0	0	0	0	0	0	0	0	84	69	63	70	55	0	0	0	0	0	0	0	0	0	0	0	0	0	0	0	0	0	0	0	0	0	0	0	0	0	0	0	0	0	0	0	0	0	0	0	0	0	0	0	0	0	0	0	0	0	0	0
90.00053283431612	8889	1553	108	0	0	0	0	627	537	465	605	0	0	0	0	0	0	0	0	0	0	0	0	0	0	0	0	0	0	0	0	0	0	0	0	0	0	0	0	0	0	0	0	0	0	0	0	0	0	0	0	0	0	0	0	0	0	0	93	83	71	77	65	0	0	0	0	0	0	0	0	0	0	0	0	0	0	0	0	0	0	0	0	0	0	0	0	0	0	0	0	0	0	0	0	0	0	0	0	0	0	0	0	0	0	0	0	0	0	0
95.0002327278004	8691	1501	155	0	0	0	0	734	632	555	746	1	0	0	0	0	0	0	0	0	0	0	0	0	0	0	0	0	0	0	0	0	0	0	0	0	0	0	0	0	0	0	0	0	0	0	0	0	0	0	0	0	0	0	0	0	0	0	98	93	85	85	74	0	0	0	0	0	0	0	0	0	0	0	0	0	0	0	0	0	0	0	0	0	0	0	0	0	0	0	0	0	0	0	0	0	0	0	0	0	0	0	0	0	0	0	0	0	0	0
100.00009855154684	8565	1432	219	0	0	0	0	845	756	648	919	0	0	0	0	0	0	0	0	0	0	0	0	0	0	0	0	0	0	0	0	0	0	0	0	0	0	0	0	0	0	0	0	0	0	0	0	0	0	0	0	0	0	0	0	0	0	0	105	96	88	97	80	0	0	0	0	0	0	0	0	0	0	0	0	0	0	0	0	0	0	0	0	0	0	0	0	0	0	0	0	0	0	0	0	0	0	0	0	0	0	0	0	0	0	0	0	0	0	0
105.00025956620422	8385	1366	277	0	0	0	0	964	869	749	1102	0	0	0	0	0	0	0	0	0	0	0	0	0	0	0	0	0	0	0	0	0	0	0	0	0	0	0	0	0	0	0	0	0	0	0	0	0	0	0	0	0	0	0	0	0	0	0	109	101	98	105	86	0	0	0	0	0	0	0	0	0	0	0	0	0	0	0	0	0	0	0	0	0	0	0	0	0	0	0	0	0	0	0	0	0	0	0	0	0	0	0	0	0	0	0	0	0	0	0
110.00039571782457	8194	1283	348	0	0	0	0	1094	989	860	1315	0	0	0	0	0	0	0	0	0	0	0	0	0	0	0	0	0	0	0	0	0	0	0	0	0	0	0	0	0	0	0	0	0	0	0	0	0	0	0	0	0	0	0	0	0	0	0	112	106	102	112	101	0	0	0	0	0	0	0	0	0	0	0	0	0	0	0	0	0	0	0	0	0	0	0	0	0	0	0	0	0	0	0	0	0	0	0	0	0	0	0	0	0	0	0	0	0	0	0
115.00003191240687	8063	1187	433	0	0	0	0	1225	1110	987	1555	0	0	0	0	0	0	0	0	0	0	0	0	0	0	0	0	0	0	0	0	0	0	0	0	0	0	0	0	0	0	0	0	0	0	0	0	0	0	0	0	0	0	0	0	0	0	0	116	111	104	118	111	0	0	0	0	0	0	0	0	0	0	0	0	0	0	0	0	0	0	0	0	0	0	0	0	0	0	0	0	0	0	0	0	0	0	0	0	0	0	0	0	0	0	0	0	0	0	0
120.00010479437262	7834	1109	508	0	0	0	0	1374	1249	1113	1748	0	0	0	0	0	0	0	0	0	0	0	0	0	0	0	0	0	0	0	0	0	0	0	0	0	0	0	0	0	0	0	0	0	0	0	0	0	0	0	0	0	0	0	0	0	0	0	126	117	111	121	114	0	0	0	0	0	0	0	0	0	0	0	0	0	0	0	0	0	0	0	0	0	0	0	0	0	0	0	0	0	0	0	0	0	0	0	0	0	0	0	0	0	0	0	0	0	0	0
125.00010323856633	7639	1010	596	0	0	0	0	1504	1395	1253	1992	0	0	0	0	0	0	0	0	0	0	0	0	0	0	0	0	0	0	0	0	0	0	0	0	0	0	0	0	0	0	0	0	0	0	0	0	0	0	0	0	0	0	0	0	0	0	0	132	121	119	126	121	0	0	0	0	0	0	0	0	0	0	0	0	0	0	0	0	0	0	0	0	0	0	0	0	0	0	0	0	0	0	0	0	0	0	0	0	0	0	0	0	0	0	0	0	0	0	0
130.00001681872587	7427	902	697	0	0	2	0	1659	1529	1400	2239	1	0	0	0	0	0	0	0	0	0	0	0	0	0	0	0	0	0	0	0	0	0	0	0	0	0	0	0	0	0	0	0	0	0	0	0	0	0	0	0	0	0	0	0	0	0	0	143	134	126	135	124	46	0	0	0	0	0	0	0	0	0	0	0	0	0	0	0	0	0	0	0	0	0	0	0	0	0	0	0	0	0	0	0	0	0	0	0	0	0	0	0	0	0	0	0	0	0	0
135.0001002608748	7184	781	811	0	0	7	0	1811	1718	1554	2525	0	0	0	0	0	0	0	0	0	0	0	0	0	0	0	0	0	0	0	0	0	0	0	0	0	0	0	0	0	0	0	0	0	0	0	0	0	0	0	0	0	0	0	0	0	0	0	147	138	136	147	133	97	1	0	0	0	0	0	0	0	0	0	0	0	0	0	0	0	0	0	0	0	0	0	0	0	0	0	0	0	0	0	0	0	0	0	0	0	0	0	0	0	0	0	0	0	0	0
140.00004431053577	6932	654	928	0	0	11	0	1975	1893	1692	2816	0	7	0	0	0	0	0	0	0	0	0	0	0	0	0	0	0	0	0	0	0	0	0	0	0	0	0	0	0	0	0	0	0	0	0	0	0	0	0	0	0	0	0	0	0	0	0	150	143	140	157	140	117	13	1	0	0	0	0	0	0	0	0	0	0	0	0	0	0	0	0	0	0	0	0	0	0	0	0	0	0	0	0	0	0	0	0	0	0	0	0	0	0	0	0	0	0	0	0
145.00013135368678	6661	517	1058	0	0	36	0	2142	2054	1864	3133	1	29	12	0	0	0	0	0	0	0	0	0	0	0	0	0	0	0	0	0	0	0	0	0	0	0	0	0	0	0	0	0	0	0	0	0	0	0	0	0	0	0	0	0	0	0	0	159	145	144	166	149	127	18	17	0	0	0	0	0	0	0	0	0	0	0	0	0	0	0	0	0	0	0	0	0	0	0	0	0	0	0	0	0	0	0	0	0	0	0	0	0	0	0	0	0	0	0	0
150.00004130870093	6442	378	1192	0	0	70	0	2330	2235	2040	3462	1	54	41	0	0	0	0	0	0	0	0	0	0	0	0	0	0	0	0	0	0	0	0	0	0	0	0	0	0	0	0	0	0	0	0	0	0	0	0	0	0	0	0	0	0	0	0	164	156	150	171	155	133	22	19	0	0	0	0	0	0	0	0	0	0	0	0	0	0	0	0	0	0	0	0	0	0	0	0	0	0	0	0	0	0	0	0	0	0	0	0	0	0	0	0	0	0	0	0
155.0000234727886	6169	233	1329	0	0	112	0	2517	2411	2219	3817	0	90	72	0	0	0	0	0	0	0	0	0	0	0	0	0	0	0	0	0	0	0	0	0	0	0	0	0	0	0	0	0	0	0	0	0	0	0	0	0	0	0	0	0	0	0	0	169	161	155	180	168	140	27	25	0	0	0	0	0	0	0	0	0	0	0	0	0	0	0	0	0	0	0	0	0	0	0	0	0	0	0	0	0	0	0	0	0	0	0	0	0	0	0	0	0	0	0	0
160.00000676701413	5847	77	1477	0	0	161	0	2702	2611	2399	4173	5	134	106	0	0	0	0	0	0	0	0	0	0	0	0	0	0	0	0	0	0	0	0	0	0	0	0	0	0	0	0	0	0	0	0	0	0	0	0	0	0	0	0	0	0	0	0	181	167	162	183	171	149	41	31	0	0	0	0	0	0	0	0	0	0	0	0	0	0	0	0	0	0	0	0	0	0	0	0	0	0	0	0	0	0	0	0	0	0	0	0	0	0	0	0	0	0	0	0
165.00001258094673	5507	0	1553	0	0	219	0	2912	2804	2584	4460	81	197	159	0	0	0	0	0	0	0	0	0	0	0	0	0	0	0	0	0	0	0	0	0	0	0	0	0	0	0	0	0	0	0	0	0	0	0	0	0	0	0	0	0	0	0	0	192	178	173	190	176	156	58	45	2	0	0	0	0	0	0	0	0	0	0	0	0	0	0	0	0	0	0	0	0	0	0	0	0	0	0	0	0	0	0	0	0	0	0	0	0	0	0	0	0	0	0	0
170.00001710651046	5199	0	1556	0	0	288	0	3118	3024	2773	4681	253	284	217	6	0	1	0	0	0	0	0	0	0	0	0	0	0	0	0	0	0	0	0	0	0	0	0	0	0	0	0	0	0	0	0	0	0	0	0	0	0	0	0	0	0	0	0	198	187	180	200	182	165	73	64	39	2	1	1	0	0	0	0	0	0	0	0	0	0	0	0	0	0	0	0	0	0	0	0	0	0	0	0	0	0	0	0	0	0	0	0	0	0	0	0	0	0	0	0
175.00002201405616	4774	0	1555	0	0	351	0	3343	3222	2988	4909	425	390	290	31	4	8	0	0	0	0	0	0	0	0	0	0	0	0	0	0	0	0	0	0	0	0	0	0	0	0	0	0	0	0	0	0	0	0	0	0	0	0	0	0	0	0	0	205	194	189	210	190	175	94	83	56	7	5	4	4	2	0	0	0	0	0	0	0	0	0	0	0	0	0	0	0	0	0	0	0	0	0	0	0	0	0	0	0	0	0	0	0	0	0	0	0	0	0	0
180.00003874151457	4261	0	1557	0	0	418	0	3556	3464	3210	5157	621	513	377	60	19	15	8	0	10	0	0	0	0	0	0	0	0	0	0	0	0	0	0	0	0	0	0	0	0	0	0	0	0	0	0	0	0	0	0	0	0	0	0	0	0	0	0	218	205	196	217	201	178	105	105	72	13	8	8	14	12	9	6	0	0	0	0	0	0	0	0	0	0	0	0	0	0	0	0	0	0	0	0	0	0	0	0	0	0	0	0	0	0	0	0	0	0	0	0
185.00002254392777	3684	0	1536	0	17	508	0	3801	3701	3445	5414	815	632	507	105	43	30	21	4	29	0	0	0	0	0	0	0	0	0	0	0	0	0	0	0	0	0	0	0	0	0	0	0	0	0	0	0	0	0	0	0	0	0	0	0	0	0	0	222	216	204	228	209	189	120	115	81	16	14	14	25	20	16	12	13	9	3	2	0	0	0	0	0	0	0	0	0	0	0	0	0	0	0	0	0	0	0	0	0	0	0	0	0	0	0	0	0	0	0	0
190.0000026280472	3055	0	1514	0	39	597	0	4050	3958	3695	5684	1011	778	640	145	65	55	39	22	60	0	1	3	1	0	0	0	0	0	0	0	0	0	0	0	0	0	0	0	0	0	0	0	0	0	0	0	0	0	0	0	0	0	0	0	0	0	0	229	218	216	238	219	198	132	124	108	20	17	23	33	30	28	30	22	13	14	11	0	0	0	0	0	0	0	0	0	0	0	0	0	0	0	0	0	0	0	0	0	0	0	0	0	0	0	0	0	0	0	0
195.0000112473001	2343	0	1485	0	70	688	7	4308	4232	3947	5968	1210	944	782	218	87	78	68	48	112	1	8	23	14	1	5	0	0	0	0	0	0	0	0	0	0	0	0	0	0	0	0	0	0	0	0	0	0	0	0	0	0	0	0	0	0	0	0	238	222	220	249	232	205	150	134	129	22	19	28	42	42	41	46	37	27	24	26	13	3	1	0	0	0	0	0	0	0	0	0	0	0	0	0	0	0	0	0	0	0	0	0	0	0	0	0	0	0	0	0
200.00000862404266	1510	0	1438	0	121	779	28	4610	4459	4220	6254	1419	1135	923	303	111	105	100	80	156	0	27	53	34	1	29	0	2	3	0	0	0	0	0	0	0	0	0	0	0	0	0	0	0	0	0	0	0	0	0	0	0	0	0	0	0	0	0	244	234	228	253	236	212	157	152	145	25	21	29	47	47	45	58	58	50	39	39	30	14	7	4	3	0	0	0	0	0	0	0	0	0	0	0	0	0	0	0	0	0	0	0	0	0	0	0	0	0	0	0
205.0000083174079	566	0	1391	0	176	872	53	4894	4743	4468	6549	1640	1318	1094	406	135	138	135	130	216	1	60	105	71	3	77	0	14	13	7	0	0	0	0	0	0	0	0	0	0	0	0	0	0	0	0	0	0	0	0	0	0	0	0	0	0	0	0	253	243	242	263	246	225	170	162	160	31	27	42	54	52	49	73	65	62	59	66	48	24	15	20	11	0	0	0	0	0	0	0	0	0	0	0	0	0	0	0	0	0	0	0	0	0	0	0	0	0	0	0
210.0000022523675	57	0	1330	0	239	920	94	5192	5009	4723	6847	1880	1523	1288	532	177	176	191	187	275	0	120	178	145	6	139	0	46	33	33	7	0	0	0	0	0	0	0	0	0	0	0	0	0	0	0	0	0	0	0	0	0	0	0	0	0	0	0	260	253	245	272	252	230	186	176	178	37	33	51	65	71	64	77	74	75	69	82	73	49	32	36	30	21	1	1	0	0	0	0	0	0	0	0	0	0	0	0	0	0	0	0	0	0	0	0	0	0	0	0
215.00000048163423	26	0	1262	0	311	980	164	5460	5267	4983	7117	2098	1721	1486	678	208	219	255	231	355	3	193	267	225	7	229	0	102	71	74	28	0	1	0	0	0	0	0	0	0	0	0	0	0	0	0	0	0	0	0	0	0	0	0	0	0	0	0	268	262	253	279	264	240	196	185	186	48	39	60	87	85	80	95	90	83	73	90	83	71	55	73	47	41	13	4	3	2	1	2	0	0	0	0	0	0	0	0	0	0	0	0	0	0	0	0	0	0	0	0
220.00000836006828	15	0	1189	0	381	1045	234	5731	5499	5196	7382	2352	1883	1684	848	250	255	308	314	431	7	279	338	320	12	321	0	172	122	136	64	0	1	6	4	2	0	0	0	0	0	0	0	0	0	0	0	0	0	0	0	0	0	0	0	0	0	0	275	269	262	291	271	248	213	195	195	60	48	78	99	95	83	110	108	100	89	109	91	90	78	88	78	71	39	28	29	30	4	4	5	4	2	0	0	0	0	0	0	0	0	0	0	0	0	0	0	0	0	0
225.00001589217325	19	0	1107	0	462	1133	307	5973	5717	5383	7598	2629	2046	1843	1020	292	288	367	397	490	6	374	416	398	10	389	4	235	181	212	113	0	24	21	29	19	0	6	1	0	0	0	0	0	0	0	0	0	0	0	0	0	0	0	0	0	0	0	281	276	264	301	276	259	218	215	207	63	50	79	110	111	110	123	113	113	111	137	107	113	106	125	96	93	59	52	49	49	31	25	28	15	7	5	2	0	0	0	0	0	0	0	0	0	0	0	0	0	0	0
230.0000053301137	8	0	1037	0	536	1219	361	6171	5896	5545	7801	2894	2185	1980	1214	336	327	410	478	550	4	474	505	471	14	472	24	319	246	279	175	0	55	54	63	37	0	25	9	5	0	2	0	0	0	0	0	0	0	0	0	0	0	0	0	0	0	0	293	281	275	308	280	269	229	219	222	68	63	94	122	116	113	142	146	135	116	149	127	126	117	142	138	109	100	82	87	84	47	44	49	48	34	32	16	4	0	0	0	0	0	0	0	0	0	0	0	0	0	0
235.00000008819168	11	0	985	0	596	1327	424	6352	6049	5699	8002	3159	2314	2108	1402	378	359	465	559	607	8	555	576	538	18	549	66	399	320	366	242	0	96	90	101	75	2	50	29	25	6	10	2	0	0	0	0	0	0	0	0	0	0	0	0	0	0	0	306	296	280	317	290	273	242	225	239	78	66	95	131	131	125	153	149	149	141	171	138	144	139	168	148	135	110	105	109	107	74	66	74	65	52	50	47	9	3	0	0	0	0	0	0	0	0	0	0	0	0	0
240.000003516937	6	0	910	0	672	1446	487	6525	6209	5842	8158	3395	2440	2238	1572	421	394	515	640	679	5	625	667	621	16	639	114	474	391	459	329	0	150	143	153	124	13	84	58	48	30	33	12	0	0	0	0	0	0	0	0	0	0	0	0	0	0	0	310	304	293	324	300	276	255	236	248	85	77	109	138	136	130	175	174	161	148	186	148	156	146	182	171	169	157	140	136	132	96	88	94	85	76	76	67	28	14	1	0	0	0	0	0	0	0	0	0	0	0	0
245.0000002099025	11	0	859	0	725	1600	553	6683	6341	5978	8317	3599	2559	2346	1729	453	430	559	710	730	4	713	736	706	19	725	193	555	454	534	404	1	218	205	207	171	37	123	92	73	53	56	32	0	0	0	0	0	0	0	0	0	0	0	0	0	0	0	319	311	307	341	304	287	261	250	256	89	83	115	147	148	136	181	181	178	177	204	154	165	157	192	181	199	178	175	170	167	136	120	136	132	112	103	87	53	39	15	1	0	0	0	0	0	0	0	0	0	0	0
250.00000058373698	9	0	823	0	773	1721	610	6843	6465	6117	8492	3771	2667	2467	1874	485	460	608	766	793	21	798	813	773	15	794	279	625	519	622	485	7	288	275	283	229	65	187	144	114	95	95	64	0	0	0	0	0	0	0	0	0	0	0	0	0	0	0	321	320	314	352	312	298	266	259	269	97	89	126	159	160	150	194	182	180	180	223	164	177	172	206	189	216	207	197	192	187	168	162	165	155	144	134	129	79	69	36	2	0	0	0	0	0	0	0	0	0	0	0
255.00000017649347	5	0	758	0	838	1915	670	6969	6586	6240	8644	3935	2762	2567	2010	521	500	639	818	855	14	874	882	849	15	871	350	677	579	698	561	39	354	337	356	283	116	245	196	159	142	125	97	0	1	0	0	0	0	0	0	0	0	0	0	0	0	0	328	324	319	361	316	302	271	267	278	107	102	130	166	166	160	197	198	195	188	229	173	182	175	209	204	224	220	220	216	211	194	193	209	213	189	167	152	93	101	69	7	1	4	0	0	0	0	0	0	0	0	0
260.0000054587555	8	0	698	0	892	2067	740	7076	6699	6376	8783	4067	2851	2663	2148	552	536	695	879	919	15	945	953	912	14	968	432	742	635	774	625	85	436	410	429	364	159	295	260	224	191	170	137	0	7	0	0	0	0	0	0	0	0	0	0	0	0	0	330	330	323	366	321	313	276	274	280	108	104	145	186	180	164	212	211	205	196	247	187	200	184	211	206	238	230	228	228	225	209	211	240	235	224	215	206	109	122	96	12	2	4	2	0	0	0	0	0	0	0	0
265.00000187703444	5	0	654	0	940	2237	797	7183	6815	6493	8898	4206	2944	2759	2280	595	570	725	944	980	23	1023	1020	975	19	1041	512	816	684	849	691	148	493	474	511	437	221	357	334	275	254	232	192	5	27	6	1	0	0	0	0	0	0	0	0	0	0	0	336	331	330	372	338	318	291	279	289	112	105	147	192	183	168	214	213	214	211	261	191	210	202	240	228	248	244	243	237	233	227	223	256	255	247	238	236	150	137	115	17	7	5	4	0	0	0	0	0	0	0	0
270.0000024015057	3	0	609	0	995	2411	849	7291	6910	6601	9019	4338	3027	2851	2411	628	598	769	1007	1047	22	1088	1092	1043	17	1107	594	938	744	915	758	217	560	550	582	512	285	433	398	360	321	297	263	11	55	17	3	0	2	0	0	0	0	0	0	0	0	0	344	338	332	379	350	322	314	287	300	113	105	147	193	192	186	225	214	214	213	270	209	238	228	255	244	258	252	251	250	249	233	236	271	268	267	256	255	186	174	138	20	11	16	12	4	0	0	0	0	0	0	0
275.0000028700258	5	0	562	0	1043	2525	921	7400	7006	6689	9131	4452	3132	2928	2526	660	631	809	1061	1100	25	1143	1156	1116	17	1174	670	1006	810	994	828	294	645	618	661	596	358	498	482	434	386	387	342	35	88	41	6	0	2	1	0	0	0	0	0	0	0	0	346	343	337	382	357	330	333	307	311	113	105	148	194	195	192	236	236	231	218	273	246	281	266	289	265	283	261	258	258	257	251	250	299	289	285	270	267	226	224	174	22	17	19	18	4	0	0	0	0	0	0	0
280.00000148570103	8	0	518	0	1091	2653	1000	7489	7095	6789	9262	4550	3214	3016	2642	691	654	855	1123	1149	32	1225	1228	1186	13	1257	756	1081	874	1087	907	375	722	695	733	673	434	555	561	505	468	467	409	68	125	70	9	0	5	4	0	0	0	0	0	0	0	0	350	346	345	392	366	337	351	328	317	115	105	148	196	196	195	251	246	235	236	299	262	299	295	337	316	300	300	298	298	286	257	256	307	306	303	300	290	233	270	216	33	19	36	24	15	0	0	0	0	0	0	0
285.0000100160183	4	0	465	0	1140	2763	1049	7585	7203	6863	9366	4666	3307	3111	2749	731	689	899	1167	1199	26	1286	1289	1247	12	1342	847	1166	951	1178	983	467	798	769	824	760	520	614	643	590	548	538	479	102	166	103	15	0	11	10	0	0	0	0	0	0	0	0	353	354	347	396	376	351	362	350	330	125	112	160	199	199	197	255	253	252	250	305	268	309	304	346	342	332	311	303	301	301	288	277	320	314	316	310	306	247	278	261	42	23	43	40	19	3	0	0	0	0	0	0
290.0000049033933	4	0	430	0	1176	2852	1095	7682	7300	6942	9459	4781	3391	3199	2839	762	716	942	1218	1250	35	1358	1363	1324	16	1421	920	1242	1031	1279	1059	558	868	843	894	836	596	690	718	678	625	622	546	139	214	146	23	0	23	14	0	0	0	0	0	0	0	0	364	355	354	400	380	356	369	361	337	125	115	160	212	212	201	264	259	257	254	324	296	342	327	357	345	373	351	340	332	327	292	280	331	333	330	325	316	294	294	278	48	34	53	48	26	6	0	0	0	0	0	0
295.00001301976295	2	0	387	0	1215	2928	1143	7774	7379	7034	9559	4877	3482	3286	2948	792	751	987	1281	1287	38	1421	1417	1387	23	1505	1002	1317	1087	1367	1148	656	949	922	972	907	667	752	787	751	700	707	623	189	278	184	34	0	32	24	0	0	0	0	0	0	0	0	372	369	357	407	381	364	381	368	342	128	125	173	214	213	201	267	263	264	262	330	308	360	360	395	361	405	397	384	377	372	301	282	340	340	339	334	333	311	364	292	51	40	63	54	39	8	8	6	2	0	0	0
300.0000045173555	5	0	354	0	1255	2991	1207	7866	7464	7114	9648	4975	3559	3377	3031	825	789	1036	1328	1346	43	1495	1476	1452	18	1571	1082	1398	1165	1464	1232	743	1034	1002	1056	976	732	838	854	833	770	786	702	247	337	236	45	0	44	30	0	0	0	0	0	0	0	0	375	374	364	415	388	371	396	379	359	130	126	173	230	229	208	270	267	268	264	332	319	376	373	421	411	410	407	396	385	375	316	314	374	364	344	342	341	319	385	358	53	46	69	65	48	18	12	12	11	10	0	0
305.00000628873977	3	0	318	0	1301	3067	1256	7951	7549	7196	9736	5068	3642	3450	3125	859	821	1077	1369	1395	45	1563	1534	1518	22	1648	1148	1472	1235	1554	1316	828	1116	1079	1140	1063	809	891	927	914	827	847	778	318	403	297	56	1	55	45	0	0	0	2	2	0	0	0	378	375	373	421	392	375	404	390	382	136	127	173	231	230	217	285	276	270	267	340	329	382	375	435	433	437	420	419	413	410	370	362	413	402	386	379	361	320	393	382	65	47	81	71	56	23	27	22	14	12	4	2
310.0000022586104	1	0	295	0	1328	3101	1311	8041	7610	7268	9821	5166	3731	3533	3223	890	840	1108	1427	1443	60	1625	1590	1576	20	1726	1216	1539	1310	1641	1412	927	1196	1172	1218	1132	901	963	998	1005	904	895	854	393	471	365	70	1	67	61	1	0	0	3	4	0	0	0	396	384	376	429	396	385	423	403	408	138	127	174	232	230	218	288	288	286	284	347	334	392	393	446	436	480	468	456	445	435	417	412	463	453	433	420	399	342	399	392	70	49	82	82	65	26	38	32	31	30	9	5
315.0000079160768	0	0	275	0	1356	3144	1360	8101	7682	7336	9899	5260	3816	3621	3333	920	863	1145	1483	1487	65	1684	1639	1629	19	1801	1295	1612	1381	1714	1501	1006	1288	1260	1294	1212	967	1022	1084	1077	965	982	922	461	558	438	79	5	81	76	5	0	0	11	10	3	0	2	400	397	385	433	399	395	438	421	423	148	129	174	238	235	223	290	289	288	287	365	343	410	407	466	445	498	491	485	482	481	435	428	493	494	488	468	447	365	434	398	71	58	89	84	69	39	46	46	41	38	13	12
320.00000101705257	1	0	250	0	1377	3193	1423	8196	7759	7405	9979	5344	3892	3699	3411	946	887	1176	1536	1537	90	1751	1700	1680	18	1875	1366	1687	1461	1789	1577	1094	1374	1340	1376	1299	1042	1097	1169	1165	1050	1064	994	534	636	516	90	9	94	93	5	0	0	16	16	7	0	4	404	399	397	446	403	400	441	433	438	171	168	207	244	235	223	295	295	292	290	368	348	412	408	469	464	508	505	504	500	498	449	441	519	514	498	498	492	388	458	433	75	68	113	94	81	42	50	50	48	47	31	42
325.0000051871477	3	0	206	0	1419	3248	1482	8268	7825	7471	10060	5442	3977	3776	3515	979	912	1210	1599	1571	93	1811	1751	1733	22	1939	1437	1742	1517	1875	1663	1168	1457	1428	1452	1393	1124	1167	1254	1258	1143	1145	1087	615	714	593	103	12	106	113	7	0	1	22	25	13	0	8	406	405	400	458	409	402	456	440	445	173	169	219	285	287	268	299	295	295	295	381	359	423	419	477	476	519	516	514	508	505	467	457	531	523	520	521	507	397	480	457	80	71	122	121	85	48	64	62	55	50	41	59
330.0000009840804	2	0	194	0	1434	3294	1535	8325	7905	7543	10133	5522	4052	3850	3611	1006	941	1252	1636	1612	109	1865	1802	1778	16	1995	1517	1801	1576	1953	1745	1263	1556	1522	1524	1478	1208	1242	1339	1326	1215	1226	1177	702	800	679	118	18	120	131	12	0	3	29	32	19	0	12	423	407	405	460	416	407	464	457	455	180	171	219	290	290	289	352	335	310	296	388	375	445	436	507	495	539	536	531	525	519	471	461	541	541	538	535	524	440	491	479	84	74	135	127	98	66	65	64	64	64	47	68
335.0000023520862	1	0	155	0	1471	3337	1570	8399	7973	7611	10219	5597	4115	3913	3697	1037	966	1282	1686	1659	122	1915	1852	1822	17	2051	1577	1867	1639	2024	1817	1346	1636	1608	1622	1566	1279	1313	1429	1422	1296	1319	1262	774	891	754	128	25	138	147	19	0	5	42	42	26	0	22	428	424	408	463	426	411	469	463	464	203	195	235	298	294	290	371	366	363	342	418	384	450	444	517	508	555	546	539	539	538	508	502	564	551	541	541	540	481	534	492	89	77	148	141	123	80	85	75	66	65	52	76
340.00000216315954	3	0	144	0	1485	3368	1621	8479	8036	7668	10299	5669	4173	3982	3792	1068	999	1311	1738	1695	155	1958	1905	1877	18	2126	1648	1935	1702	2099	1898	1438	1715	1707	1703	1659	1337	1391	1530	1530	1388	1406	1335	855	973	832	137	36	158	167	27	0	10	47	49	36	0	34	432	426	427	474	432	418	470	470	478	204	201	254	325	323	300	371	371	370	369	463	384	450	444	517	515	582	569	559	553	553	537	534	611	598	579	566	549	496	574	527	93	84	160	150	128	88	109	108	103	83	56	88
345.0000062269421	0	0	113	0	1514	3438	1668	8534	8101	7726	10364	5765	4243	4055	3867	1103	1031	1350	1785	1745	166	2007	1963	1928	16	2188	1715	2004	1756	2176	1971	1533	1810	1786	1768	1735	1434	1471	1626	1629	1478	1486	1412	934	1051	922	151	43	173	190	42	0	17	59	59	45	2	46	433	433	428	487	436	426	486	470	490	215	206	259	333	332	328	401	378	370	371	472	393	462	458	522	518	593	594	593	590	582	550	539	628	628	617	612	592	500	586	570	100	88	166	160	141	95	126	124	121	108	67	110
350.0000024700712	1	0	104	0	1528	3453	1725	8600	8168	7776	10447	5843	4314	4123	3938	1135	1058	1385	1822	1789	202	2065	2020	1971	20	2246	1791	2070	1823	2251	2056	1638	1892	1871	1841	1821	1517	1542	1704	1715	1552	1569	1502	1014	1136	993	162	57	195	206	54	0	30	82	70	57	3	56	434	433	433	488	451	433	497	475	506	219	208	263	338	338	337	415	411	411	385	478	431	507	495	544	532	600	601	600	595	593	565	548	637	633	628	629	627	522	588	585	107	91	179	171	151	106	139	134	132	127	83	118
355.0000033225436	0	0	83	0	1548	3460	1777	8664	8234	7845	10520	5918	4381	4184	4025	1170	1078	1419	1868	1839	236	2124	2073	2027	21	2305	1857	2130	1883	2318	2133	1741	1970	1950	1921	1902	1596	1628	1799	1798	1642	1653	1605	1094	1207	1068	176	67	219	225	66	0	37	97	86	74	9	70	439	435	433	492	462	441	517	482	523	224	211	269	343	343	340	427	426	419	412	506	437	512	507	583	574	608	606	605	604	603	575	566	646	644	640	637	633	601	617	588	111	98	185	180	164	110	155	156	152	137	91	127
360.0000289141793	1	0	81	0	1554	3483	1828	8735	8290	7903	10573	5975	4455	4243	4115	1204	1108	1443	1917	1886	272	2193	2119	2085	25	2372	1932	2211	1953	2392	2191	1831	2051	2035	2006	1977	1677	1705	1869	1887	1742	1737	1691	1180	1284	1133	194	80	240	246	79	0	49	108	102	93	20	84	443	440	436	494	468	446	537	503	533	243	224	270	351	351	341	429	428	427	427	534	440	524	522	589	583	625	614	610	610	609	603	605	697	684	660	649	643	628	704	615	111	100	187	187	171	111	167	166	164	155	103	144
365.00000474145617	3	0	71	0	1570	3564	1874	8790	8350	7950	10632	6030	4538	4313	4200	1230	1137	1478	1962	1934	306	2251	2165	2130	28	2436	1991	2290	2028	2472	2256	1931	2121	2098	2097	2051	1746	1770	1958	1973	1841	1810	1773	1264	1372	1209	206	97	265	267	94	1	56	134	122	114	24	103	443	443	441	498	469	458	552	526	539	254	247	302	370	364	347	434	429	428	428	543	453	529	525	605	588	669	653	636	630	628	610	610	719	714	708	699	678	632	741	693	118	102	189	188	182	124	169	169	168	166	107	152
370.0000198924725	1	0	59	0	1576	3650	1938	8857	8414	8004	10699	6097	4600	4378	4266	1263	1167	1511	2011	1989	346	2309	2218	2195	31	2509	2053	2366	2083	2535	2329	2029	2202	2179	2179	2124	1840	1840	2034	2048	1932	1881	1861	1357	1443	1298	225	106	292	286	105	1	75	155	149	130	33	117	444	444	443	503	477	464	567	547	543	260	255	307	389	382	367	435	435	434	429	550	463	535	525	606	600	681	681	679	676	672	631	630	730	725	725	720	712	643	743	737	137	103	189	188	187	158	177	172	170	170	159	223
375.0000153290931	1	0	58	0	1573	3644	1998	8915	8465	8063	10762	6162	4669	4439	4340	1285	1195	1555	2048	2040	391	2376	2268	2249	25	2582	2112	2426	2145	2607	2391	2116	2281	2256	2256	2201	1898	1910	2116	2121	2020	1962	1945	1429	1525	1391	233	124	310	309	123	6	94	180	164	158	42	139	446	444	444	503	487	473	582	562	545	260	260	328	408	396	373	457	450	437	435	557	465	539	533	616	614	689	686	684	681	681	659	651	753	750	747	735	725	697	761	741	144	117	194	189	187	164	219	201	186	178	168	253
380.00000019321647	0	0	46	0	1590	3644	2058	8986	8518	8127	10819	6224	4732	4491	4401	1320	1221	1597	2092	2082	420	2432	2321	2311	23	2641	2173	2493	2205	2685	2462	2200	2364	2325	2336	2287	1995	1988	2196	2220	2098	2035	2024	1524	1613	1479	246	139	335	336	150	11	108	202	193	176	50	177	461	452	444	504	491	478	588	578	553	261	260	330	417	412	400	470	461	461	441	559	471	548	541	622	616	701	700	698	696	691	662	654	773	771	771	756	750	722	822	761	145	133	217	214	188	178	245	243	234	218	170	258
385.0000069265626	0	0	44	0	1594	3661	2114	9039	8571	8177	10864	6273	4809	4563	4472	1357	1250	1634	2132	2127	462	2469	2373	2375	16	2709	2244	2551	2264	2737	2526	2288	2441	2403	2412	2354	2072	2036	2274	2306	2184	2130	2106	1613	1700	1564	259	154	359	360	166	17	123	226	213	197	65	200	465	462	454	505	494	482	597	586	573	266	261	332	421	415	402	493	493	479	464	584	472	551	541	624	624	717	709	707	703	700	694	687	804	787	776	776	771	730	864	823	158	145	250	232	191	186	252	246	245	244	176	261
390.00000247519955	0	0	37	0	1613	3723	2157	9101	8622	8219	10922	6343	4868	4620	4551	1380	1275	1671	2185	2167	485	2521	2415	2433	19	2779	2305	2620	2315	2799	2602	2370	2502	2485	2477	2425	2147	2099	2371	2396	2261	2209	2191	1693	1784	1656	278	173	383	382	185	27	142	253	235	225	83	219	465	465	462	517	497	487	599	593	597	268	261	332	424	416	402	495	495	492	493	610	483	561	548	629	628	719	719	719	719	719	704	702	824	821	817	806	785	745	869	863	169	145	252	253	209	186	273	273	267	256	216	300
395.0000058775251	0	0	46	0	1618	3721	2213	9166	8667	8277	10970	6405	4927	4683	4621	1418	1299	1702	2227	2209	524	2577	2471	2487	16	2854	2384	2674	2376	2872	2660	2468	2563	2545	2545	2499	2229	2186	2451	2489	2341	2292	2288	1777	1876	1741	300	183	404	413	203	36	164	282	261	245	101	243	479	467	465	524	500	491	599	598	620	274	262	337	424	421	409	498	496	494	495	622	522	598	579	637	629	732	729	724	722	719	718	712	843	839	839	830	822	774	898	868	174	151	262	258	231	187	285	283	278	273	217	315
400.00000710578274	0	0	29	0	1635	3734	2249	9213	8714	8332	11015	6467	4989	4747	4691	1444	1325	1737	2274	2241	553	2626	2525	2532	30	2926	2454	2737	2428	2935	2721	2545	2629	2627	2626	2589	2308	2253	2547	2570	2417	2365	2362	1858	1960	1820	312	201	434	428	222	45	185	300	285	271	119	271	482	481	470	525	504	493	605	605	638	289	283	352	430	431	424	518	502	498	497	627	564	641	629	698	664	739	732	733	732	732	718	712	851	849	848	847	840	780	932	895	177	155	263	263	251	188	292	293	286	285	230	317
405.00000052278386	3	0	41	0	1625	3783	2285	9258	8783	8388	11068	6518	5052	4805	4763	1471	1349	1768	2314	2302	607	2681	2576	2597	32	2977	2520	2800	2496	3008	2773	2638	2712	2688	2693	2662	2373	2317	2633	2649	2516	2461	2442	1934	2054	1892	328	211	457	458	244	57	205	321	320	299	145	300	485	485	481	532	504	497	609	605	654	290	286	362	455	455	445	533	523	520	510	632	600	690	678	755	721	741	740	739	739	739	722	716	855	853	851	851	849	819	941	929	181	160	274	273	257	198	298	298	298	295	242	339
410.0000074386247	1	0	38	0	1633	3759	2345	9292	8823	8431	11116	6584	5113	4857	4835	1505	1372	1805	2366	2347	631	2724	2626	2661	22	3035	2586	2874	2554	3080	2833	2728	2776	2763	2784	2740	2456	2383	2719	2731	2601	2531	2537	2021	2134	1987	343	227	490	485	271	65	230	348	354	319	169	323	487	485	485	541	505	501	610	607	667	299	288	364	464	464	457	553	540	533	528	656	602	693	692	779	776	786	759	748	744	742	723	717	858	858	858	856	853	842	982	940	184	162	288	277	263	210	301	301	301	298	251	347
415.00000574469846	0	0	26	0	1643	3799	2400	9342	8867	8485	11175	6629	5180	4917	4910	1535	1397	1839	2413	2384	672	2769	2674	2715	30	3105	2645	2942	2611	3144	2906	2809	2847	2840	2844	2796	2538	2462	2803	2815	2672	2604	2626	2107	2234	2083	359	238	514	509	295	75	254	382	386	338	188	355	492	489	485	547	510	505	612	610	680	308	297	374	467	466	458	561	555	554	533	675	605	695	692	779	779	840	817	804	795	783	741	737	863	858	858	858	858	845	1010	976	185	178	295	290	273	214	321	314	310	302	293	398
420.00000846281216	1	0	43	0	1629	3854	2444	9393	8919	8547	11224	6689	5235	4970	4981	1567	1434	1880	2459	2434	723	2834	2715	2764	27	3168	2705	3004	2690	3212	2982	2879	2926	2899	2916	2867	2611	2527	2886	2896	2746	2686	2719	2193	2323	2172	373	249	534	534	314	94	292	419	416	356	207	388	497	493	491	549	520	511	619	612	689	327	316	393	482	479	474	565	562	561	553	676	611	697	692	781	779	883	868	854	845	837	781	772	910	901	881	868	858	849	1018	1009	199	183	323	312	280	254	325	325	324	323	301	426
425.00000418622903	1	0	45	0	1626	3878	2474	9438	8962	8583	11275	6743	5291	5016	5058	1599	1462	1914	2489	2458	772	2893	2763	2810	34	3227	2764	3083	2757	3272	3072	2975	2992	2968	3000	2941	2683	2606	2949	2980	2838	2771	2797	2278	2395	2258	392	267	558	575	329	117	318	448	448	378	229	437	505	498	493	555	526	515	631	618	699	341	332	405	498	492	479	585	582	568	564	707	637	732	717	793	781	901	899	896	884	873	794	784	921	921	915	914	901	852	1029	1018	200	185	326	325	291	260	335	327	325	325	310	430
430.0000032924568	0	0	31	0	1637	3833	2548	9477	9012	8643	11324	6790	5329	5082	5123	1627	1488	1953	2522	2509	809	2947	2815	2869	23	3294	2824	3149	2825	3337	3144	3062	3067	3046	3086	3004	2756	2654	3020	3073	2918	2845	2876	2369	2483	2349	403	277	590	595	348	138	347	479	478	402	256	490	506	506	499	559	527	520	632	621	700	341	333	412	518	517	495	586	586	586	569	713	681	779	766	843	816	902	901	897	885	875	819	813	959	951	934	923	921	857	1034	1029	204	193	329	329	309	264	382	382	371	341	316	430
435.00000508476944	2	0	21	0	1645	3861	2586	9520	9066	8684	11378	6850	5387	5150	5193	1654	1511	1984	2563	2546	837	3005	2860	2919	32	3355	2890	3220	2886	3409	3213	3145	3146	3115	3163	3087	2818	2721	3109	3143	2996	2918	2952	2437	2582	2433	426	297	616	623	364	155	367	498	509	427	283	531	507	506	506	566	536	527	638	625	701	341	333	412	522	522	508	607	596	586	584	735	712	820	804	872	838	911	909	909	905	905	857	851	985	973	959	959	945	860	1034	1034	206	193	329	329	324	275	391	386	381	382	324	449
440.00001057492676	0	0	24	0	1640	3850	2618	9553	9110	8732	11432	6902	5446	5215	5257	1682	1542	2004	2615	2584	877	3053	2915	2958	34	3421	2949	3280	2952	3491	3268	3234	3222	3202	3237	3149	2891	2795	3189	3233	3058	3005	3049	2520	2679	2527	441	310	647	648	399	173	396	528	542	451	311	570	511	507	506	572	544	535	657	633	710	344	334	412	523	523	511	622	620	612	588	738	713	823	819	918	903	943	929	920	914	912	904	899	1031	1021	997	986	969	897	1036	1034	206	194	329	329	327	283	402	401	398	394	341	460
445.0000031518899	1	0	21	0	1643	3853	2667	9604	9145	8778	11486	6960	5500	5273	5325	1707	1570	2039	2661	2626	927	3111	2970	3007	27	3489	2996	3351	3019	3565	3343	3312	3300	3278	3288	3221	2968	2864	3269	3314	3143	3078	3142	2603	2767	2606	459	331	674	676	435	199	423	557	572	480	334	610	522	513	507	572	548	546	678	645	713	346	335	412	523	523	511	623	623	622	619	751	723	834	829	922	919	973	966	956	949	943	916	915	1065	1058	1049	1035	1014	898	1072	1036	206	199	337	329	329	288	420	417	412	401	351	470
450.00000354311663	1	0	25	0	1637	3899	2713	9643	9196	8820	11538	7012	5558	5329	5407	1734	1594	2073	2690	2667	974	3170	3023	3070	32	3541	3058	3414	3084	3626	3416	3394	3380	3375	3360	3294	3042	2932	3358	3412	3215	3165	3211	2690	2858	2693	483	345	698	698	458	226	457	590	614	505	361	648	524	522	516	573	551	553	689	658	719	356	354	441	532	523	511	625	625	625	623	778	739	853	848	938	928	1032	1016	996	979	974	948	944	1093	1086	1073	1065	1059	923	1075	1070	206	203	344	342	329	309	424	423	423	422	369	499
455.0000001485532	0	0	16	0	1640	3890	2759	9677	9235	8855	11598	7055	5605	5384	5467	1772	1618	2104	2736	2695	1007	3222	3077	3119	22	3606	3120	3495	3150	3692	3490	3471	3450	3446	3439	3380	3130	2996	3429	3508	3311	3255	3299	2750	2946	2774	497	361	725	723	487	248	496	619	642	538	391	687	527	524	522	587	559	559	700	671	721	359	354	441	553	553	551	628	625	625	625	783	752	865	857	938	933	1051	1053	1050	1045	1036	986	979	1135	1128	1107	1097	1086	961	1105	1075	210	203	355	353	329	315	455	444	428	424	384	510
460.0000064294228	1	0	29	0	1628	3912	2805	9710	9272	8895	11636	7096	5656	5446	5531	1801	1645	2136	2772	2731	1059	3272	3135	3170	29	3677	3178	3564	3204	3774	3573	3544	3518	3523	3531	3452	3205	3078	3520	3594	3411	3352	3377	2823	3043	2867	511	381	759	747	505	267	521	657	674	574	424	724	527	527	524	590	562	566	708	689	721	360	358	448	557	556	554	671	671	643	625	788	763	887	883	973	952	1064	1058	1056	1054	1053	1006	994	1148	1148	1141	1135	1122	970	1147	1099	210	205	369	356	343	316	458	456	458	457	423	556
465.0000017916698	1	0	29	0	1629	3967	2851	9759	9314	8941	11686	7134	5706	5505	5589	1828	1672	2167	2812	2765	1083	3329	3188	3225	30	3749	3232	3635	3277	3851	3636	3639	3600	3606	3601	3535	3283	3152	3612	3692	3489	3433	3461	2913	3134	2956	524	400	787	774	531	298	551	698	719	619	449	770	528	528	527	591	569	569	717	705	733	363	359	450	567	567	558	672	672	671	668	815	771	890	884	986	962	1068	1067	1067	1067	1064	1031	1025	1186	1174	1157	1148	1146	999	1159	1139	213	210	372	371	353	316	465	463	463	458	427	578
470.0000083006847	2	0	21	0	1638	3970	2888	9795	9356	8981	11723	7174	5762	5577	5648	1850	1698	2191	2849	2810	1114	3391	3244	3273	40	3812	3295	3704	3348	3933	3699	3727	3686	3689	3691	3616	3364	3227	3698	3783	3574	3518	3555	2986	3223	3041	541	414	811	807	569	324	580	735	753	644	474	820	542	532	528	593	573	572	735	713	739	369	360	451	567	567	565	681	672	672	672	840	785	914	910	1024	999	1085	1075	1068	1068	1068	1055	1051	1199	1195	1187	1172	1146	1032	1191	1158	221	210	375	375	357	329	475	473	471	469	458	607
475.0000018528197	0	0	22	0	1643	4004	2925	9840	9395	9024	11776	7218	5820	5638	5707	1871	1725	2222	2881	2844	1160	3457	3286	3320	39	3880	3346	3767	3415	4009	3766	3825	3768	3765	3771	3699	3453	3310	3787	3865	3656	3596	3633	3065	3309	3133	557	433	842	844	594	347	614	773	794	679	499	858	553	546	534	594	574	574	742	728	753	370	362	451	568	568	566	681	681	681	674	844	818	936	922	1028	1025	1098	1098	1097	1090	1084	1068	1068	1240	1241	1226	1205	1179	1083	1222	1190	226	213	379	375	371	338	478	477	477	476	463	624
480.00001472426396	0	0	18	0	1651	4000	2989	9882	9428	9078	11819	7260	5874	5680	5754	1901	1748	2263	2928	2894	1188	3506	3332	3372	31	3951	3396	3840	3493	4071	3845	3909	3863	3843	3838	3784	3528	3400	3883	3951	3739	3668	3722	3142	3403	3216	578	454	858	877	624	370	648	809	829	702	533	906	557	557	548	606	577	583	746	740	769	372	362	458	576	575	566	686	686	681	681	853	840	967	960	1061	1041	1140	1130	1110	1105	1102	1075	1068	1245	1246	1245	1245	1238	1131	1272	1219	233	220	388	382	375	345	501	501	497	481	472	633
485.0000140655166	2	0	23	0	1646	4054	3018	9925	9473	9115	11862	7304	5925	5739	5813	1930	1775	2293	2973	2933	1231	3557	3376	3417	46	4012	3451	3906	3571	4163	3921	4001	3945	3933	3917	3857	3612	3473	3979	4040	3837	3753	3809	3229	3488	3298	594	470	886	909	655	386	697	846	863	742	565	944	557	557	557	616	588	586	748	745	783	378	363	458	578	577	566	686	686	686	686	860	844	975	971	1084	1066	1168	1164	1158	1149	1143	1083	1070	1246	1247	1247	1247	1246	1185	1330	1271	245	224	394	392	375	346	514	515	511	503	477	641
490.00000382305205	0	0	16	0	1658	4060	3085	9967	9521	9155	11905	7345	5977	5780	5880	1965	1800	2326	3015	2986	1263	3611	3428	3470	32	4068	3515	3967	3633	4232	3994	4080	4018	4018	4013	3930	3691	3550	4070	4123	3928	3827	3896	3311	3577	3388	611	489	912	942	677	416	734	875	895	780	588	981	568	558	557	624	591	588	754	749	810	390	380	477	582	581	568	687	687	686	686	863	847	976	971	1089	1090	1181	1174	1169	1167	1167	1093	1073	1247	1247	1247	1247	1247	1198	1378	1323	252	227	394	394	381	359	520	520	517	514	489	650
495.00000634397566	1	0	20	0	1662	4084	3119	10005	9555	9192	11935	7390	6033	5847	5940	1995	1837	2357	3052	3022	1301	3666	3481	3504	43	4134	3557	4028	3705	4303	4072	4155	4088	4097	4095	4015	3760	3621	4154	4231	4014	3903	3982	3388	3671	3488	627	510	941	965	701	438	770	906	929	822	620	1030	572	569	562	624	593	590	757	757	821	413	411	505	610	599	580	691	687	687	687	864	860	991	986	1104	1095	1209	1202	1197	1190	1185	1128	1119	1277	1263	1247	1247	1247	1198	1394	1371	264	227	394	394	392	362	521	521	520	520	502	655
500.00000867315197	1	0	20	0	1669	4092	3174	10046	9597	9253	11982	7429	6077	5885	6001	2023	1859	2389	3102	3060	1328	3710	3536	3548	31	4190	3616	4095	3763	4370	4149	4232	4162	4179	4175	4088	3837	3693	4242	4319	4106	3999	4075	3465	3764	3560	638	525	965	996	732	465	800	938	974	847	648	1083	574	573	569	633	594	598	760	758	830	415	413	515	643	623	587	703	700	697	688	867	862	995	989	1108	1105	1237	1236	1226	1216	1211	1189	1183	1359	1334	1302	1280	1261	1213	1399	1394	275	248	420	400	394	364	535	533	530	521	503	676
505.00000294684077	0	0	23	0	1674	4083	3206	10088	9642	9278	12033	7471	6146	5929	6061	2061	1881	2425	3140	3099	1361	3775	3587	3589	38	4243	3673	4155	3831	4438	4235	4313	4239	4257	4252	4169	3905	3782	4331	4392	4194	4093	4150	3563	3858	3666	653	536	1007	1032	752	489	836	974	1016	871	683	1124	578	576	573	636	595	604	776	761	843	417	413	515	654	638	612	709	709	708	689	867	865	1000	994	1109	1108	1249	1242	1239	1237	1238	1218	1213	1387	1371	1365	1359	1329	1237	1420	1399	275	255	428	426	394	373	539	539	535	535	520	705
510.00000400930537	1	0	15	0	1686	4105	3231	10133	9683	9308	12079	7511	6196	5983	6125	2094	1902	2467	3179	3147	1392	3814	3622	3635	39	4308	3742	4227	3904	4506	4315	4390	4325	4341	4329	4246	3999	3852	4423	4470	4289	4170	4241	3645	3936	3746	669	548	1051	1056	776	516	875	1012	1055	905	721	1168	579	579	576	640	608	610	804	768	853	417	413	515	655	638	614	737	729	714	689	870	866	1000	994	1114	1114	1259	1256	1256	1254	1251	1239	1238	1420	1412	1403	1389	1369	1256	1449	1419	278	271	437	434	401	384	542	539	539	539	528	711
515.0000117135285	0	0	16	0	1679	4094	3294	10168	9719	9350	12133	7559	6251	6035	6179	2118	1930	2496	3223	3191	1430	3871	3664	3671	33	4364	3804	4295	3970	4569	4389	4469	4400	4421	4407	4341	4072	3936	4520	4552	4360	4248	4324	3740	4036	3851	690	561	1080	1077	797	538	912	1045	1090	947	757	1212	581	582	579	646	620	613	815	799	866	417	413	515	656	638	614	737	738	738	730	905	867	1004	1001	1117	1114	1262	1261	1261	1261	1261	1254	1250	1434	1430	1427	1424	1411	1345	1465	1446	284	275	464	456	428	394	564	559	554	544	535	728
520.0000004235292	3	0	17	0	1677	4096	3324	10202	9759	9391	12162	7603	6303	6091	6242	2143	1962	2525	3267	3238	1461	3923	3707	3705	45	4429	3865	4369	4030	4659	4455	4561	4478	4506	4487	4437	4145	4011	4607	4639	4443	4345	4405	3823	4125	3937	711	583	1112	1105	825	561	944	1072	1124	980	796	1250	583	582	582	646	625	618	815	813	879	429	416	515	660	643	618	738	738	738	738	929	876	1015	1010	1129	1124	1268	1266	1262	1262	1262	1261	1260	1454	1454	1447	1434	1429	1377	1559	1464	289	278	470	467	435	394	578	577	574	568	539	736
525.0000050192571	0	0	17	0	1669	4100	3374	10243	9798	9433	12206	7645	6355	6135	6291	2173	2002	2555	3312	3268	1507	3971	3760	3748	37	4482	3932	4428	4094	4719	4526	4648	4556	4600	4576	4497	4213	4088	4718	4746	4539	4425	4504	3899	4223	4031	727	601	1148	1131	855	583	977	1103	1159	1024	841	1297	591	583	582	648	625	622	818	816	881	429	416	515	660	651	638	757	743	738	738	930	898	1041	1025	1139	1134	1272	1270	1270	1268	1268	1262	1262	1461	1456	1456	1454	1454	1400	1601	1546	293	282	472	470	453	394	601	601	596	581	547	742
530.0000042717719	5	0	15	0	1670	4107	3429	10287	9828	9473	12248	7688	6412	6195	6347	2194	2032	2598	3361	3305	1549	4021	3805	3803	34	4540	4000	4506	4154	4772	4587	4741	4637	4684	4653	4585	4295	4170	4794	4818	4635	4530	4582	3986	4324	4125	757	616	1174	1151	881	604	1016	1136	1196	1062	875	1346	593	590	584	649	635	631	826	817	881	429	416	515	661	652	640	767	767	766	749	932	922	1066	1061	1169	1158	1281	1278	1275	1274	1272	1269	1267	1470	1470	1465	1461	1456	1415	1623	1601	318	287	472	472	466	400	609	606	605	604	564	762
535.0000044584302	0	0	13	0	1670	4102	3472	10326	9865	9497	12290	7725	6458	6245	6391	2223	2057	2641	3392	3352	1590	4069	3853	3847	44	4599	4044	4570	4217	4836	4661	4821	4699	4781	4738	4656	4366	4258	4873	4904	4724	4603	4673	4078	4395	4212	777	630	1210	1184	905	621	1051	1181	1234	1103	915	1398	597	595	588	654	638	635	832	824	889	434	422	515	666	666	653	771	771	767	767	961	923	1072	1061	1173	1167	1291	1289	1282	1281	1281	1273	1273	1480	1478	1474	1471	1470	1427	1643	1625	328	292	474	472	470	400	613	613	613	609	593	772
540.0000116409084	0	0	11	0	1677	4111	3526	10371	9896	9544	12322	7765	6514	6298	6439	2248	2079	2665	3438	3386	1623	4120	3906	3878	41	4660	4124	4625	4270	4910	4725	4909	4774	4873	4821	4741	4443	4336	4970	4984	4805	4690	4781	4153	4483	4300	799	650	1239	1213	937	654	1088	1211	1273	1145	950	1441	601	597	590	655	641	638	840	832	910	457	440	539	687	680	668	800	783	771	771	965	930	1075	1069	1202	1185	1319	1305	1298	1294	1292	1281	1276	1482	1482	1482	1482	1477	1437	1660	1640	328	306	487	480	472	413	615	614	613	612	605	806
545.0000039325058	1	0	18	0	1680	4103	3578	10408	9934	9569	12358	7802	6561	6356	6490	2266	2101	2691	3483	3432	1654	4168	3940	3919	36	4708	4168	4688	4324	4968	4789	4982	4853	4947	4889	4825	4506	4406	5058	5069	4893	4782	4875	4244	4565	4406	816	665	1271	1242	970	674	1125	1242	1316	1182	989	1469	614	606	596	659	645	644	845	840	938	473	454	542	693	684	672	803	803	799	775	974	949	1101	1092	1210	1201	1331	1321	1319	1319	1320	1296	1293	1492	1482	1482	1482	1482	1471	1671	1658	330	326	511	502	472	437	615	615	615	615	613	823
550.0000074596378	0	0	13	0	1687	4096	3616	10432	9965	9609	12390	7849	6620	6392	6552	2290	2130	2713	3523	3466	1677	4218	3982	3960	42	4771	4233	4759	4367	5041	4860	5073	4933	5018	4965	4903	4596	4483	5137	5161	4993	4884	4959	4328	4682	4501	825	691	1307	1276	990	701	1168	1283	1361	1210	1013	1517	620	616	608	664	646	651	850	844	945	477	469	571	693	684	672	808	808	803	803	1005	966	1118	1103	1231	1231	1348	1338	1331	1332	1331	1320	1320	1525	1514	1502	1499	1482	1482	1713	1671	331	328	540	537	480	454	635	631	622	615	613	828
555.000020249071	0	0	16	0	1680	4085	3662	10472	9995	9641	12421	7887	6674	6439	6601	2327	2160	2745	3566	3516	1725	4268	4033	3998	42	4827	4286	4831	4418	5101	4939	5143	5011	5080	5048	4976	4680	4553	5210	5242	5081	4968	5040	4409	4792	4606	847	708	1332	1308	1023	717	1203	1307	1390	1263	1043	1568	625	621	615	677	649	654	862	849	946	477	469	572	706	697	685	811	811	810	806	1008	978	1135	1129	1265	1250	1368	1367	1362	1355	1348	1332	1326	1539	1539	1536	1529	1511	1482	1724	1711	334	330	545	542	503	468	659	660	650	637	615	832
560.0000000829866	0	0	5	0	1693	4076	3703	10507	10020	9679	12455	7933	6726	6484	6671	2366	2195	2784	3601	3551	1746	4323	4083	4057	47	4884	4347	4910	4480	5163	5002	5216	5077	5148	5117	5048	4760	4632	5282	5331	5150	5068	5113	4496	4888	4711	868	723	1363	1334	1056	739	1238	1342	1436	1299	1080	1620	629	625	621	685	649	655	864	859	949	477	469	573	708	699	687	825	824	813	810	1014	1002	1167	1151	1271	1266	1392	1383	1373	1367	1367	1344	1337	1548	1539	1538	1539	1539	1482	1724	1723	341	331	551	548	533	473	688	679	669	660	622	833
565.0000044401887	2	0	13	0	1684	4045	3742	10537	10053	9722	12492	7979	6764	6539	6727	2398	2220	2813	3646	3588	1788	4376	4137	4114	35	4937	4401	4974	4537	5225	5065	5305	5161	5213	5191	5120	4839	4716	5362	5429	5232	5153	5207	4587	4965	4792	885	744	1396	1367	1087	765	1273	1382	1472	1337	1113	1672	629	629	625	691	655	657	868	863	956	486	478	573	709	700	687	826	826	825	814	1019	1009	1174	1168	1305	1290	1421	1408	1400	1399	1396	1348	1338	1554	1553	1550	1551	1539	1484	1724	1724	344	334	559	552	542	473	698	694	691	687	636	834
570.0000013192871	1	0	11	0	1691	4062	3770	10565	10084	9757	12531	8011	6810	6585	6798	2410	2243	2850	3684	3632	1815	4413	4171	4153	45	4995	4472	5052	4602	5296	5141	5384	5241	5303	5257	5204	4906	4787	5469	5515	5324	5244	5284	4675	5064	4895	907	766	1421	1401	1116	787	1315	1417	1511	1368	1148	1718	630	629	629	693	655	662	868	868	968	499	492	598	726	712	689	826	826	826	826	1038	1012	1174	1168	1306	1308	1438	1437	1436	1433	1425	1354	1340	1554	1553	1554	1554	1554	1498	1725	1724	344	342	572	568	548	478	706	703	703	700	654	863
575.0000026437294	0	0	15	0	1686	4042	3827	10601	10119	9793	12560	8044	6859	6639	6857	2441	2264	2881	3714	3663	1856	4458	4217	4191	33	5053	4536	5119	4674	5357	5222	5461	5311	5389	5335	5299	4991	4852	5551	5611	5412	5341	5378	4773	5172	5017	926	786	1451	1443	1150	809	1342	1449	1539	1409	1185	1761	640	630	629	698	659	670	871	870	980	499	492	601	732	714	690	826	826	826	826	1042	1012	1176	1169	1308	1308	1463	1452	1443	1439	1439	1372	1355	1566	1555	1554	1554	1554	1498	1744	1725	344	344	581	578	552	503	709	708	708	708	680	896
580.000003168358	0	0	10	0	1692	4063	3857	10633	10154	9833	12593	8080	6915	6681	6914	2466	2288	2917	3756	3703	1887	4498	4260	4239	36	5122	4590	5185	4742	5434	5294	5531	5394	5470	5405	5370	5070	4927	5633	5700	5487	5427	5468	4860	5279	5119	941	800	1485	1464	1188	841	1382	1499	1572	1437	1223	1821	640	639	630	700	668	679	877	870	984	499	492	601	736	727	714	832	830	826	826	1043	1018	1179	1172	1314	1312	1483	1483	1481	1471	1466	1407	1395	1588	1577	1569	1568	1555	1517	1748	1745	346	344	588	585	566	509	720	713	710	709	684	906
585.0000043490073	2	0	12	0	1691	4051	3886	10670	10192	9866	12632	8124	6945	6742	6958	2497	2319	2950	3807	3745	1935	4551	4303	4294	53	5187	4649	5245	4812	5510	5362	5603	5468	5547	5504	5440	5135	5002	5710	5773	5566	5508	5547	4943	5375	5193	962	820	1521	1493	1218	866	1431	1533	1604	1477	1255	1869	641	640	636	700	676	689	893	876	996	501	492	604	770	771	761	871	857	840	831	1045	1032	1197	1190	1324	1314	1485	1484	1483	1483	1483	1472	1467	1677	1659	1619	1593	1575	1553	1777	1748	348	344	597	591	577	535	743	742	733	719	708	918
590.0000008312472	1	0	10	0	1692	4053	3937	10709	10231	9894	12667	8166	6996	6791	7023	2530	2339	2983	3856	3772	1983	4607	4338	4347	46	5241	4699	5315	4862	5595	5426	5680	5550	5628	5578	5526	5211	5072	5788	5859	5661	5615	5641	5019	5452	5301	976	832	1557	1530	1239	892	1473	1574	1642	1517	1284	1916	645	642	640	706	687	696	908	887	1005	501	492	604	774	775	774	915	896	875	836	1050	1035	1207	1206	1340	1334	1492	1489	1485	1485	1485	1483	1483	1711	1706	1691	1677	1651	1558	1815	1773	348	345	603	602	584	544	748	743	743	743	710	939
595.000003074745	1	0	14	0	1685	4095	3985	10754	10263	9933	12695	8198	7066	6834	7076	2557	2366	3014	3893	3823	2022	4641	4383	4398	42	5288	4757	5374	4936	5662	5510	5748	5626	5711	5654	5612	5294	5132	5857	5955	5759	5699	5727	5133	5536	5401	1000	854	1584	1560	1268	915	1503	1608	1685	1562	1308	1961	652	644	642	711	692	699	920	897	1005	501	492	604	779	778	777	919	917	901	875	1078	1039	1212	1206	1352	1342	1497	1496	1496	1495	1492	1485	1485	1715	1714	1714	1714	1705	1579	1819	1815	353	348	607	606	591	558	776	776	765	749	729	956
600.0000009771838	0	0	14	0	1682	4101	4024	10786	10296	9956	12735	8230	7103	6883	7133	2587	2391	3052	3930	3870	2059	4685	4429	4452	46	5350	4818	5435	4997	5722	5586	5841	5714	5795	5741	5678	5376	5216	5947	6044	5855	5784	5811	5212	5630	5497	1015	876	1619	1594	1289	943	1548	1635	1731	1594	1340	2004	656	655	644	714	697	703	924	914	1005	501	492	604	780	780	780	925	922	922	918	1124	1039	1212	1206	1352	1352	1518	1514	1504	1500	1497	1496	1492	1721	1718	1718	1715	1715	1601	1839	1819	357	348	615	610	602	568	790	789	788	778	730	970
