>time	Ribosome	coli Pol	coli Pol-P	coli Pol-2.0	coli Pol-P-2.0	gp1	gp1-3.5	gp0.3	gp0.4	gp0.5	gp0.6A	gp0.7	gp1.1	gp1.2	gp1.3	gp1.4	gp1.5	gp1.6	gp1.7	gp1.8	gp2.0	gp2.5	gp2.8	gp3.0	gp3.5	gp3.8	gp4A	gp4.2	gp4.3	gp4.5	gp4.7	gp5.0	gp5.3	gp5.5	gp5.7	gp5.9	gp6.0	gp6.3	gp6.5	gp6.7	gp7	gp7.3	gp7.7	gp8	gp9	gp10A	gp11	gp12	gp13	gp14	gp15	gp16	gp17	gp17.5	gp18	gp18.5	gp19	gp19.5
0.007168579772659275	0	0	0	0	0	0	0	0	0	0	0	0	0	0	0	0	0	0	0	0	0	0	0	0	0	0	0	0	0	0	0	0	0	0	0	0	0	0	0	0	0	0	0	0	0	0	0	0	0	0	0	0	0	0	0	0	0	0
5.004406035891584	0	0	0	0	0	0	0	0	0	0	0	0	0	0	0	0	0	0	0	0	0	0	0	0	0	0	0	0	0	0	0	0	0	0	0	0	0	0	0	0	0	0	0	0	0	0	0	0	0	0	0	0	0	0	0	0	0	0
10.006919870861262	0	0	0	0	0	0	0	0	0	0	0	0	0	0	0	0	0	0	0	0	0	0	0	0	0	0	0	0	0	0	0	0	0	0	0	0	0	0	0	0	0	0	0	0	0	0	0	0	0	0	0	0	0	0	0	0	0	0
15.007535648032297	0	0	0	0	0	0	0	0	0	0	0	0	0	0	0	0	0	0	0	0	0	0	0	0	0	0	0	0	0	0	0	0	0	0	0	0	0	0	0	0	0	0	0	0	0	0	0	0	0	0	0	0	0	0	0	0	0	0
20.001304764805813	0	0	0	0	0	0	0	0	0	0	0	0	0	0	0	0	0	0	0	0	0	0	0	0	0	0	0	0	0	0	0	0	0	0	0	0	0	0	0	0	0	0	0	0	0	0	0	0	0	0	0	0	0	0	0	0	0	0
25.000597197920175	0	0	0	0	0	0	0	0	0	0	0	0	0	0	0	0	0	0	0	0	0	0	0	0	0	0	0	0	0	0	0	0	0	0	0	0	0	0	0	0	0	0	0	0	0	0	0	0	0	0	0	0	0	0	0	0	0	0
30.00010085096057	0	0	0	0	0	0	0	819	52	0	0	0	0	0	0	0	0	0	0	0	0	0	0	0	0	0	0	0	0	0	0	0	0	0	0	0	0	0	0	0	0	0	0	0	0	0	0	0	0	0	0	0	0	0	0	0	0	0
35.00015683773364	0	0	0	0	0	0	0	2457	416	112	0	0	0	0	0	0	0	0	0	0	0	0	0	0	0	0	0	0	0	0	0	0	0	0	0	0	0	0	0	0	0	0	0	0	0	0	0	0	0	0	0	0	0	0	0	0	0	0
40.000291249593616	0	0	0	0	0	0	0	4329	1248	728	106	0	0	0	0	0	0	0	0	0	0	0	0	0	0	0	0	0	0	0	0	0	0	0	0	0	0	0	0	0	0	0	0	0	0	0	0	0	0	0	0	0	0	0	0	0	0	0
45.00044681966548	0	0	0	0	0	0	0	7488	2184	1512	954	0	0	0	0	0	0	0	0	0	0	0	0	0	0	0	0	0	0	0	0	0	0	0	0	0	0	0	0	0	0	0	0	0	0	0	0	0	0	0	0	0	0	0	0	0	0	0
50.00112265634421	0	0	0	0	0	0	0	10530	4004	2520	2279	0	0	0	0	0	0	0	0	0	0	0	0	0	0	0	0	0	0	0	0	0	0	0	0	0	0	0	0	0	0	0	0	0	0	0	0	0	0	0	0	0	0	0	0	0	0	0
55.000309842361126	0	0	0	0	0	0	0	15444	5668	4088	4081	0	0	0	0	0	0	0	0	0	0	0	0	0	0	0	0	0	0	0	0	0	0	0	0	0	0	0	0	0	0	0	0	0	0	0	0	0	0	0	0	0	0	0	0	0	0	0
60.000290620466394	0	0	0	0	0	0	0	21060	7748	5992	6731	0	0	0	0	0	0	0	0	0	0	0	0	0	0	0	0	0	0	0	0	0	0	0	0	0	0	0	0	0	0	0	0	0	0	0	0	0	0	0	0	0	0	0	0	0	0	0
65.00010572406396	0	0	0	0	0	0	0	27846	10192	8232	9116	0	0	0	0	0	0	0	0	0	0	0	0	0	0	0	0	0	0	0	0	0	0	0	0	0	0	0	0	0	0	0	0	0	0	0	0	0	0	0	0	0	0	0	0	0	0	0
70.00014284996365	0	0	0	0	0	0	0	35685	13104	10752	11872	1436	0	0	0	0	0	0	0	0	0	0	0	0	0	0	0	0	0	0	0	0	0	0	0	0	0	0	0	0	0	0	0	0	0	0	0	0	0	0	0	0	0	0	0	0	0	0
75.00026296556098	0	0	0	0	0	0	0	43641	16796	13888	15635	6821	0	0	0	0	0	0	0	0	0	0	0	0	0	0	0	0	0	0	0	0	0	0	0	0	0	0	0	0	0	0	0	0	0	0	0	0	0	0	0	0	0	0	0	0	0	0
80.00040846839099	0	0	0	0	0	0	0	51831	20124	17416	20034	15796	0	0	0	0	0	0	0	0	0	0	0	0	0	0	0	0	0	0	0	0	0	0	0	0	0	0	0	0	0	0	0	0	0	0	0	0	0	0	0	0	0	0	0	0	0	0
85.00008162019465	0	0	0	0	0	0	0	61659	23816	21224	25069	30156	0	0	0	0	0	0	0	0	0	0	0	0	0	0	0	0	0	0	0	0	0	0	0	0	0	0	0	0	0	0	0	0	0	0	0	0	0	0	0	0	0	0	0	0	0	0
90.00008802253772	0	0	0	0	0	0	0	72072	28132	25088	29786	45593	0	0	0	0	0	0	0	0	0	0	0	0	0	0	0	0	0	0	0	0	0	0	0	0	0	0	0	0	0	0	0	0	0	0	0	0	0	0	0	0	0	0	0	0	0	0
95.00040713756206	0	0	0	0	0	0	0	83421	32604	29288	35192	66056	0	0	0	0	0	0	0	0	0	0	0	0	0	0	0	0	0	0	0	0	0	0	0	0	0	0	0	0	0	0	0	0	0	0	0	0	0	0	0	0	0	0	0	0	0	0
100.00052540929137	0	0	0	0	0	0	0	93483	37076	34384	41022	85442	0	0	0	0	0	0	0	0	0	0	0	0	0	0	0	0	0	0	0	0	0	0	0	0	0	0	0	0	0	0	0	0	0	0	0	0	0	0	0	0	0	0	0	0	0	0
105.00076996562606	0	0	0	0	0	0	0	103896	41964	39088	47011	110213	0	0	0	0	0	0	0	0	0	0	0	0	0	0	0	0	0	0	0	0	0	0	0	0	0	0	0	0	0	0	0	0	0	0	0	0	0	0	0	0	0	0	0	0	0	0
110.00024325654542	0	0	0	0	0	0	0	118404	46852	44520	52523	136420	0	0	0	0	0	0	0	0	0	0	0	0	0	0	0	0	0	0	0	0	0	0	0	0	0	0	0	0	0	0	0	0	0	0	0	0	0	0	0	0	0	0	0	0	0	0
115.00019694729447	0	0	0	0	0	0	0	133965	53040	50288	59360	168012	0	0	0	0	0	0	0	0	0	0	0	0	0	0	0	0	0	0	0	0	0	0	0	0	0	0	0	0	0	0	0	0	0	0	0	0	0	0	0	0	0	0	0	0	0	0
120.00023416556097	0	0	0	0	0	0	0	148005	59488	56728	68052	200681	0	0	0	0	0	0	0	0	0	0	0	0	0	0	0	0	0	0	0	0	0	0	0	0	0	0	0	0	0	0	0	0	0	0	0	0	0	0	0	0	0	0	0	0	0	0
125.00017325099166	0	0	0	0	0	883	0	162864	65572	63280	76267	235863	0	0	0	0	0	0	0	0	0	0	0	0	0	0	0	0	0	0	0	0	0	0	0	0	0	0	0	0	0	0	0	0	0	0	0	0	0	0	0	0	0	0	0	0	0	0
130.00013534887506	0	0	0	0	0	5298	0	178191	72436	70168	84906	270327	0	0	0	0	0	0	0	0	0	0	0	0	0	0	0	0	0	0	0	0	0	0	0	0	0	0	0	0	0	0	0	0	0	0	0	0	0	0	0	0	0	0	0	0	0	0
135.00004624985135	0	0	0	0	0	18543	0	194337	79664	78400	93545	312689	42	0	0	0	0	0	0	0	0	0	0	0	0	0	0	0	0	0	0	0	0	0	0	0	0	0	0	0	0	0	0	0	0	0	0	0	0	0	0	0	0	0	0	0	0	0
140.00015403499955	0	0	0	0	0	44150	0	210483	86840	86016	102343	356487	504	172	0	0	0	0	0	0	0	0	0	0	0	0	0	0	0	0	0	0	0	0	0	0	0	0	0	0	0	0	0	0	0	0	0	0	0	0	0	0	0	0	0	0	0	0
145.00002989047715	0	0	0	0	0	79470	0	227331	95108	94528	111989	408183	1386	774	0	0	0	0	0	0	0	0	0	0	0	0	0	0	0	0	0	0	0	0	0	0	0	0	0	0	0	0	0	0	0	0	0	0	0	0	0	0	0	0	0	0	0	0
150.00001200939866	0	0	0	0	0	117439	0	244881	102388	102872	121635	460956	3108	2150	0	0	0	0	0	0	0	0	0	0	0	0	0	0	0	0	0	0	0	0	0	0	0	0	0	0	0	0	0	0	0	0	0	0	0	0	0	0	0	0	0	0	0	0
155.00000835731393	0	0	0	0	0	171302	0	266292	110604	111216	132341	514806	4662	5332	0	0	0	0	0	0	0	0	0	0	0	0	0	0	0	0	0	0	0	0	0	0	0	0	0	0	0	0	0	0	0	0	0	0	0	0	0	0	0	0	0	0	0	0
160.00011643179067	0	0	0	0	0	226048	0	287469	119704	120064	143206	573323	7350	9632	0	0	0	0	0	0	0	0	0	0	0	0	0	0	0	0	0	0	0	0	0	0	0	0	0	0	0	0	0	0	0	0	0	0	0	0	0	0	0	0	0	0	0	0
165.0000235477664	0	0	0	0	0	299337	0	306774	129220	130312	155343	635430	10920	14276	0	0	0	0	0	0	0	0	0	0	0	0	0	0	0	0	0	0	0	0	0	0	0	0	0	0	0	0	0	0	0	0	0	0	0	0	0	0	0	0	0	0	0	0
170.0000266381901	0	0	0	0	0	384988	0	329121	138320	140336	166950	694306	14112	21070	2513	0	0	0	0	0	0	0	0	0	0	0	0	0	0	0	0	0	0	0	0	0	0	0	0	0	0	0	0	0	0	0	0	0	0	0	0	0	0	0	0	0	0	0
175.00002574858894	0	0	0	0	0	467990	0	351702	148044	150360	178451	761080	18186	29240	11129	255	87	0	0	0	0	0	0	0	0	0	0	0	0	0	0	0	0	0	0	0	0	0	0	0	0	0	0	0	0	0	0	0	0	0	0	0	0	0	0	0	0	0
180.000060184144	0	0	0	0	0	563354	0	375336	158236	160832	190323	830008	22428	37668	25848	765	406	172	0	240	66	0	0	0	0	0	0	0	0	0	0	0	0	0	0	0	0	0	0	0	0	0	0	0	0	0	0	0	0	0	0	0	0	0	0	0	0	0
185.0000144419028	0	0	0	0	0	662250	0	399906	170300	172984	204633	907193	27594	45322	47388	1377	754	516	394	720	396	0	0	0	0	0	0	0	0	0	0	0	0	0	0	0	0	0	0	0	0	0	0	0	0	0	0	0	0	0	0	0	0	0	0	0	0	0
190.00001972347098	0	0	0	0	0	770859	0	427752	182884	184744	217353	976839	32970	54180	74313	3009	1363	2408	1970	1344	1254	232	280	0	0	0	0	0	0	0	0	0	0	0	0	0	0	0	0	0	0	0	0	0	0	0	0	0	0	0	0	0	0	0	0	0	0	0
195.00000765070413	0	0	0	0	0	887415	0	457353	195780	196840	231769	1048639	39312	66220	101956	4896	2291	5676	4531	3120	3102	1856	1820	1043	608	1331	0	0	0	0	0	0	0	0	0	0	0	0	0	0	0	0	0	0	0	0	0	0	0	0	0	0	0	0	0	0	0	0
200.0000317041573	0	0	0	0	0	991609	0	487188	209560	209160	246026	1134799	46452	78432	138574	7344	3103	8858	10835	4848	5412	4640	3920	3725	2736	2662	0	448	0	89	0	0	0	0	0	0	0	0	0	0	0	0	0	0	0	0	0	0	0	0	0	0	0	0	0	0	0	0
205.00000192222114	0	0	0	0	0	1102867	0	515736	223444	223104	260972	1215933	54180	92192	178782	9282	4524	12986	18321	7488	9306	9976	10360	8493	5472	5203	0	1792	350	445	0	0	0	0	0	0	0	0	0	0	0	0	0	0	0	0	0	0	0	0	0	0	0	0	0	0	0	0
210.000025189431	0	0	0	0	0	1244147	0	543465	236912	236264	277349	1316812	61992	107070	219708	12291	6148	17888	29156	11040	15114	23200	20580	16390	12616	9680	0	4816	2380	2492	405	0	0	0	0	0	0	0	0	0	0	0	0	0	0	0	0	0	0	0	0	0	0	0	0	0	0	0
215.00000137650846	0	0	0	0	0	1412800	0	573534	249028	249368	292242	1406921	69090	122120	264224	14943	7076	23822	43734	15312	21054	38280	33180	27863	22648	18876	0	9296	5110	5696	3780	0	0	0	70	53	0	0	0	0	0	0	0	0	0	0	0	0	0	0	0	0	0	0	0	0	0	0
220.0000034199879	0	0	0	0	0	1551431	0	600561	259220	260064	303902	1503133	74634	135278	326331	17340	8120	28896	63434	19392	26268	59856	49560	42912	34048	27467	0	16016	8820	10502	9045	0	472	408	350	159	0	0	0	0	0	0	0	0	0	0	0	0	0	0	0	0	0	0	0	0	0	0
225.00001024545602	0	0	0	0	0	1712137	0	625248	269100	269472	314396	1599345	79968	147834	386284	19023	9106	33540	82346	22800	30822	83288	62440	57216	48336	37631	566	24080	12740	17622	16065	0	1534	1428	1050	1060	0	111	168	0	0	0	0	0	0	0	0	0	0	0	0	0	0	0	0	0	0	0
230.00000065105445	0	0	0	0	0	1884322	0	647244	277004	277648	323459	1696993	85050	156692	458443	21114	10150	38442	102637	26112	36036	112056	77000	70775	58824	47190	6226	32704	17430	24920	24975	0	4484	3876	2940	2385	0	259	420	356	266	303	130	0	0	0	0	0	0	0	0	0	0	0	0	0	0	0
235.00000727447474	0	0	0	0	0	2072401	0	665262	284180	286216	331515	1801103	90090	167012	528807	23103	11107	43860	119382	29856	40062	135488	89600	84036	73720	56991	19810	41888	21910	33909	33885	0	8142	6732	5460	4187	300	555	1512	1068	931	606	520	0	0	0	0	0	0	0	0	0	0	0	0	0	0	0
240.00000760681985	0	0	0	0	0	2295800	0	683163	291460	294168	340684	1884750	95634	176902	587324	25296	12006	48676	134748	33120	45342	156600	102200	97148	88160	68365	34526	50512	26390	41652	43470	0	14868	11526	8330	6996	2700	1221	3696	3026	2660	1717	1170	0	0	0	0	0	0	0	0	0	0	0	0	0	0	0
245.00000251014185	0	0	0	0	0	2503305	0	698607	297700	301056	348316	1956550	100170	186190	636148	27030	12934	52288	153660	36816	49434	179336	116200	109962	98952	78771	70750	58800	31990	50107	53595	704	22538	17034	12740	9805	6900	2109	6048	5696	5453	3939	2470	0	0	0	0	0	0	0	0	0	0	0	0	0	0	0
250.00000142639286	0	0	0	0	0	2712576	0	715572	303368	307440	355418	2018298	104790	194446	682100	29223	14007	55986	168238	39408	53064	200680	126980	123521	113696	89782	107540	69776	37520	57583	63315	5632	29854	24378	17080	12985	15000	3700	9240	9167	9044	6464	5070	0	0	0	0	0	0	0	0	0	0	0	0	0	0	0
255.00000876743053	0	0	0	0	0	2932443	0	729846	309920	313544	362467	2078251	108738	202272	720154	30702	15051	60888	182028	42672	56826	219008	138880	133504	124032	100672	153952	82320	41720	65059	75735	21120	37878	32028	21280	16271	25500	5772	13608	13439	14231	10201	8710	0	307	0	0	0	0	0	0	0	0	0	0	0	0	0
260.00000029838577	0	0	0	0	0	3145246	0	743067	314964	319928	369251	2135332	112224	211044	766465	32181	16066	64672	195227	45744	60786	238728	150220	144679	135432	110231	196968	92960	46900	73692	88425	49984	45430	38148	26460	19398	41700	7585	18312	18868	21014	14342	13910	537	1228	0	392	0	0	0	0	0	0	0	0	0	0	0
265.00000277362625	0	0	0	0	0	3394252	0	757575	320372	325696	375558	2176258	116088	218096	813135	34629	16994	68972	206062	48048	64548	262856	157360	156450	145768	120153	245644	101920	51800	81257	99765	86592	53808	47226	32340	23797	60300	9842	24612	24831	28329	19998	20800	2148	2456	345	980	0	0	0	0	0	0	0	0	0	0	0
270.00000286678227	0	0	0	0	0	3613236	0	769860	326196	330960	381865	2222569	119448	224460	848676	36465	18009	73100	220246	50736	67452	278632	167720	166433	156408	128018	294320	113904	56700	89000	110295	131648	63956	54774	38080	27984	76500	11766	29652	29815	35644	26664	27560	6444	11359	2415	1372	0	138	0	0	0	0	0	0	0	0	0
275.00000579074776	0	0	0	0	0	3807496	0	781209	330824	336672	388596	2267444	122640	232544	882063	38352	19140	78002	233642	53616	71412	295336	178780	176416	168112	138303	342996	123872	63910	98167	122040	188672	73868	62424	43820	31376	94500	13727	34944	35155	43624	32118	34450	14499	20262	7590	2352	0	828	196	0	0	0	0	0	0	0	0
280.0000030465212	0	0	0	0	0	3962021	0	793728	335816	341880	394373	2310883	125622	238994	913655	40596	19894	82646	242310	56688	76098	308792	186900	186995	177232	147862	388842	135856	69580	106355	134325	239360	83308	69360	49070	35404	116700	15836	40572	41652	52402	37976	42250	27387	31007	16560	3332	0	1656	980	0	0	0	0	0	0	0	0
285.00000228746734	0	0	0	0	0	4127142	0	804258	340288	346808	400468	2349655	129192	246218	948478	42024	20851	87376	256494	59520	79926	324568	194880	195786	187416	157179	446008	144256	75180	115611	147690	296384	92394	76602	54040	39114	138000	18241	47796	49217	60914	44137	50050	46182	42980	26565	4900	0	3312	1176	0	0	0	0	0	0	0	0
290.00000149303855	0	0	0	0	0	4272837	0	814788	344500	351008	407093	2393453	132216	253184	984019	43452	21692	91590	266738	62208	82764	336168	204260	204875	196384	165649	487326	154336	80500	122820	159840	342144	101834	85578	59570	43672	159300	20683	54936	57761	70091	51005	59930	64440	57409	37260	6664	0	4830	2744	0	0	0	0	0	0	0	0
295.0000040731614	0	0	0	0	0	4401755	0	826137	348712	355712	411863	2425763	135030	259462	1018124	44727	22562	95288	280528	65136	86064	348000	211540	214411	205808	172788	533738	163408	85470	129940	171315	403392	110330	93636	65660	49078	177600	23458	61572	64258	79534	61105	70590	91827	76136	51405	8232	0	7314	5096	0	0	0	0	0	0	0	0
300.00000004792247	0	0	0	0	0	4511247	0	834327	353236	360136	417746	2458791	138138	266170	1056178	46206	23229	98298	291954	67632	88902	367720	220920	222904	213408	181500	588640	170576	89670	138751	182385	471680	120950	102408	72520	53371	199500	26418	69636	71912	90440	69690	80210	129417	93021	70380	9408	0	9108	7056	0	0	0	0	0	0	0	0
305.0000014544767	0	0	0	0	0	4626920	0	842283	356980	363832	422834	2494691	140994	271932	1094591	47379	24041	101738	301804	70512	92862	383960	230580	232142	223896	188276	626562	179312	95130	144536	192780	529408	131334	110670	79240	57823	220800	29415	76356	79210	99883	78073	89830	153582	116046	94875	11956	1588	11040	9996	0	0	0	134	89	0	0	0
310.00000505322237	0	0	0	0	0	4725816	0	850707	360828	367976	426703	2529514	143430	277178	1128337	49062	25027	105952	316185	72960	95766	402520	240100	241976	233168	198561	664484	187376	99610	151211	202095	587840	140892	119340	84350	62752	244800	32486	82824	87220	110523	87062	100620	186339	137229	119715	13720	4764	14352	13720	0	0	0	201	89	0	0	0
315.00000034613345	0	0	0	0	0	4825595	0	858429	364000	372064	431367	2561465	146496	282940	1158493	50898	25636	109134	326429	75024	99198	416672	249900	251661	243808	207273	714292	193760	103880	159755	211545	655424	149742	126480	88970	67151	272400	35039	90216	94518	121961	94940	111540	215337	154421	141105	16072	7146	16422	17052	747	0	0	469	445	429	0	98
320.0000151737263	0	0	0	0	0	4926257	0	867789	366964	376264	436296	2591980	149856	287584	1186136	52836	26622	112832	337067	77040	102828	432216	258860	260750	254752	216953	749950	202272	108500	166964	222345	710336	159418	134742	94150	71285	302100	37333	97104	102884	132069	103929	121290	257760	176525	160080	19012	11910	19044	21168	5229	0	0	871	1424	1001	0	196
325.0000074745613	0	0	0	0	0	5029568	0	877032	370552	379960	440112	2619264	152460	294464	1215574	54468	27405	116014	347311	79632	105864	447296	268100	269690	262352	225907	786174	211568	114730	174084	231660	781440	168622	143004	99400	75737	326400	40256	103908	110004	142842	112211	132470	296424	198936	182505	21168	17468	22218	23912	7470	0	0	1809	1869	2145	0	245
330.00000713170954	0	0	0	0	0	5115219	0	886860	373672	383656	443080	2652651	155736	300054	1241063	55896	28130	118250	356176	81744	108768	462376	275380	278928	269496	234014	828624	219520	119280	182005	241650	860992	176528	152694	104720	80189	347100	42735	111216	116857	154413	119988	142350	329718	225338	203205	23912	23820	24840	27440	10458	0	1659	3082	3026	3289	0	392
335.00000132528237	0	0	0	0	0	5211466	0	893646	376948	387016	447585	2684602	158298	306504	1272296	57171	29145	122464	365632	84144	111870	477688	283220	290103	279224	242000	863716	228592	123830	189748	252045	918016	185850	158406	110250	84217	373800	45584	118188	125223	166117	127563	152880	375363	248056	226665	26852	29378	28290	31752	17928	0	3871	4020	4183	4576	0	539
340.0000000853403	0	0	0	0	0	5287404	0	902187	379704	390376	450659	2712245	160860	312094	1297785	58905	29841	125130	375482	86736	115632	490680	291900	298149	286216	250470	903336	237664	129710	197491	264870	975040	194582	166566	115290	87662	395100	48026	124236	132788	177821	136249	164710	421545	269546	249780	29596	42082	32844	36652	26145	0	10507	4891	6052	6864	0	1225
345.00000220377774	0	0	0	0	0	5354512	0	908973	382980	393120	453998	2734503	163212	318028	1328300	60129	30653	128656	386908	88848	118272	504600	298760	306195	294728	258819	948616	245952	133840	205590	275805	1025728	205438	174420	121030	92485	417000	50505	131628	140531	190722	145440	177060	466653	294720	274275	31752	50816	35466	39592	37350	0	12166	6231	7743	8151	1758	2058
350.00000007384466	0	0	0	0	0	5426918	0	915642	385528	396816	457814	2767531	165438	323618	1355584	61914	31349	131236	395576	91344	121770	513880	307300	314241	303848	265716	987104	253568	139440	212799	285255	1082752	214996	182988	126840	95771	441000	53317	139188	146761	200830	152611	187070	510150	316824	298080	34104	61932	39744	44296	46314	0	16590	6901	9434	9867	3516	3038
355.0000012359352	0	0	0	0	0	5505505	0	922194	388544	399336	461630	2787994	167958	328520	1381432	63546	31726	134590	406214	93264	125004	526408	315420	321542	311752	271887	1027856	262080	143220	219029	293895	1146816	224436	190536	133140	99428	464400	55796	146580	155394	213465	159580	196690	559017	344761	321885	37828	69872	44022	48216	55278	0	23779	8375	11125	11869	6446	3920
360.0000042669716	0	0	0	0	0	5595571	0	929214	391456	402808	464704	2813124	170142	333766	1406203	65382	32219	137084	414094	95424	128832	540792	322700	330333	320264	277937	1066344	271040	147840	225704	303075	1197504	235646	198696	139230	103191	489000	58238	153384	161802	222642	167963	205530	596607	371163	351210	41552	81782	47196	50960	68724	1318	34286	9983	13350	15301	10548	4459
365.00000143642745	0	0	0	0	0	5678573	0	935415	394056	405776	467354	2843639	172368	339786	1433846	66810	32828	139406	421777	96864	131274	558192	331380	338379	328624	285802	1104832	277536	152600	232557	311580	1260160	245912	205734	144690	107166	517800	60828	160776	170079	233681	175740	216320	640641	397565	381915	44296	92104	51198	56252	79929	2636	43687	11591	15397	18876	16408	5488
370.0000032531577	0	0	0	0	0	5768639	0	941031	396604	408464	470110	2864820	174636	345290	1459335	68289	33379	142588	430839	99168	134442	572112	340340	347170	337288	293183	1133132	285152	156730	239143	322245	1320000	254172	215220	149310	111300	537600	63714	167832	176932	244321	186345	226460	686823	425809	412275	48216	104808	53820	59976	96363	10544	51982	13601	17533	22308	21096	6762
375.0000078088843	0	0	0	0	0	5841928	0	946881	398840	411712	472919	2892822	178038	350450	1483747	69564	34162	145340	438916	100848	136884	582552	347200	354173	346560	301895	1163130	292320	161070	245551	329400	1377728	261252	221544	154980	115434	558600	66230	174972	184319	254695	195132	237640	726024	450983	440910	50372	118306	56580	64484	108315	18452	61936	15678	19580	25740	29300	7889
380.00000039322674	0	0	0	0	0	5924930	0	952146	401492	414904	475675	2911131	180642	356212	1508159	71145	34887	148264	447190	103200	139128	596936	356020	360133	353856	309639	1197656	299936	165830	252048	339930	1440384	269866	228990	158550	119038	581100	68894	184044	192151	266399	204727	248820	768984	482604	469545	53312	124658	60444	71344	126243	32950	75761	17353	22428	28600	41020	8820
385.0000197545037	0	0	0	0	0	5993804	0	957528	404456	418096	478537	2932312	182532	361286	1530417	72573	35409	150156	456449	104880	142032	612480	361200	369073	360696	315205	1231050	307104	170170	258189	350325	1510784	278716	236742	163100	123278	604200	71965	191268	199449	278635	214322	258700	806574	503173	498180	54488	137362	62928	76440	138942	48766	87374	18894	25365	32032	49224	10682
390.0000044519092	0	0	0	0	0	6060029	0	963378	406536	420840	480763	2955647	185640	366446	1554829	73644	36308	153940	464526	107376	144804	625472	367640	376374	368448	322828	1272934	314832	175210	264241	361260	1578368	287212	243678	168770	127094	628800	74481	199332	207459	288876	222200	269750	841479	530189	522675	56840	150066	65688	82516	161352	63264	102858	21239	28302	37180	60944	12250
395.0000028642234	0	0	0	0	0	6110360	0	968526	409032	423472	482989	2981136	188622	372724	1587139	75327	37178	157810	472012	109152	146850	641480	375900	382185	377264	329120	1301234	323568	179550	270827	371520	1637504	296298	251430	173740	130486	650700	76553	209160	213689	298186	231088	278720	884439	559354	555105	59388	160388	69138	88984	178533	77762	117236	23249	30438	40898	72078	13867
400.00000224400196	0	0	0	0	0	6167755	0	973206	411164	426552	485427	3001240	191100	377712	1610474	76602	37845	161164	479104	111120	149292	653544	382760	389635	384104	335654	1333496	330736	183400	277680	381915	1686784	306092	258876	178990	134355	672900	79624	215208	221788	311353	238360	290160	922029	584835	580635	63896	176268	73140	93688	196461	93578	133273	25594	32930	44616	81454	15435
405.0000060179302	0	0	0	0	0	6236629	0	980460	414076	428904	488077	3021344	193704	381668	1637040	77826	38686	164690	488954	113136	152394	669088	390040	396936	391096	344124	1367456	337904	188160	285423	392715	1736064	313762	265302	183820	138065	693900	82510	222348	228374	321727	247046	300430	960156	609702	610995	67228	187384	77280	100548	212148	109394	149310	27939	35333	48763	96690	16856
410.00000051458875	0	0	0	0	0	6291375	0	985608	416208	431424	491098	3040012	196308	386484	1659657	78846	39266	166668	495455	114816	154638	684400	397600	405280	398240	351384	1400850	345296	192850	290496	402300	1790272	321668	272136	188510	141934	711600	85322	230244	235761	332899	255328	310440	1003653	636411	639285	71736	202470	80454	105644	233064	134436	168112	30016	38448	51051	114270	18669
415.00000302421427	0	0	0	0	0	6363781	0	990405	418912	433832	493324	3056167	198870	391472	1678325	80682	40165	169936	502350	116160	156618	695768	404320	410942	405536	359733	1437640	352464	196630	296726	411615	1856448	329338	279276	194110	147022	733500	88319	237972	243326	346598	264923	322920	1050372	667725	669990	74872	214380	84870	111524	246510	158160	191338	31557	41474	55198	130678	20580
420.00000283089526	0	0	0	0	0	6421176	0	995670	420992	437360	496133	3078784	201348	395686	1706686	81498	40861	172258	509245	117600	159456	707368	410340	418243	413896	365904	1475562	359744	200060	302511	420525	1914880	336418	286926	199220	151421	756300	90687	244860	253027	359499	272094	334750	1097628	692592	699660	77812	230260	89010	117208	265185	195064	210140	33500	44678	60346	152360	22148
425.00000072800896	0	0	0	0	0	6478571	0	1001520	423852	439936	498200	3099606	203868	401362	1730739	82620	41673	175784	516731	119040	161898	717344	417340	424203	422256	372317	1509522	366576	204680	308118	429030	1976128	343970	293658	205450	155025	777300	93462	253092	260770	371336	281790	348270	1142199	724213	731055	81536	243758	92598	122500	278631	221424	227283	35644	47615	64493	162908	23961
430.0000059319756	0	0	0	0	0	6528902	0	1006785	425828	442568	500320	3116120	206850	406694	1755510	83844	42543	178364	527172	121728	164868	728480	424760	430759	427728	378730	1544048	373520	208250	313992	438075	2030336	352230	300288	211540	158841	796500	96718	260736	269047	381444	289769	359190	1189455	752150	761070	85456	257256	97290	128968	295065	238558	242767	38391	50997	69212	178730	25627
435.0000004736643	0	0	0	0	0	6579233	0	1012986	427700	444472	502705	3130839	209286	412198	1773460	85323	43268	180772	536628	123936	167442	742168	430920	435825	435328	385264	1571216	378448	212100	320489	446310	2086656	362378	307734	215950	162551	816600	99604	268044	276256	393680	298152	369460	1231341	779166	785910	89180	270754	101154	134064	311499	254374	262122	41272	54468	76219	197482	26901
440.00000477545143	0	0	0	0	0	6633096	0	1018251	429884	446208	505726	3153097	211596	416498	1797513	87006	43877	183352	548448	126096	170346	751912	437360	441934	441408	391919	1600648	384944	216300	326808	454410	2131008	371464	314568	221410	166420	836400	102009	274008	284800	403389	306535	383110	1272690	811708	813165	91924	286634	105156	141708	333162	280734	282583	44153	57761	80366	210374	27881
445.00000422560385	0	0	0	0	0	6681661	0	1023165	432120	448616	507369	3170329	214494	420798	1819771	88230	44602	186792	558692	128208	172920	762120	445620	448639	447184	399058	1630646	391104	220780	332237	463185	2176768	378662	321912	227150	169653	854100	104858	280812	293522	413896	315322	395590	1318335	843022	843180	95060	297750	109848	147392	353331	293914	301938	46163	59897	85228	232056	29008
450.0000008145818	0	0	0	0	0	6743471	0	1028547	433888	451080	509754	3190792	216090	423808	1842747	89862	45269	190318	568148	130176	175164	774184	452060	456685	454632	405350	1661776	396368	224840	337310	472230	2230272	387984	329052	231350	172621	876600	107744	288624	299663	425999	324008	404820	1362369	876792	880440	98980	309660	113436	153272	372006	318956	317975	48173	62745	89804	247878	30674
455.00001773502885	0	0	0	0	0	6792919	0	1032525	435760	453152	512245	3209101	218106	429656	1866082	91392	46168	194016	579574	132192	177474	788800	459480	463688	461472	411279	1684416	402192	228270	342561	481950	2281664	396952	335274	236950	176596	895800	110260	295260	308296	437703	332290	415350	1411773	902887	912525	101920	327128	119232	159152	386946	347952	336224	50987	65682	95238	261942	32585
460.0000005285184	0	0	0	0	0	6842367	0	1037322	437580	455616	514418	3228128	220794	434558	1890494	92412	46719	196940	590803	133824	180510	799472	466760	471734	469680	419023	1727998	412944	232540	347189	487215	2336576	406864	342516	242270	180253	915300	112480	301224	316662	447944	339966	426400	1455270	931131	946680	107016	347772	122820	165032	414585	382220	351708	53332	68619	100815	280694	34300
465.0000027632063	0	0	0	0	0	6895347	0	1041885	440128	457912	517439	3243924	223356	439030	1910239	94401	47473	199864	597501	135648	182952	809448	475160	477545	476368	426888	1761392	419440	236740	351995	496395	2397824	413118	348330	246960	183592	938700	114959	308448	324583	458983	347945	435240	1504674	963673	976350	111524	366034	126960	171892	433260	412534	367192	55275	71111	107393	306478	36505
470.00001004300253	0	0	0	0	0	6941263	0	1046214	442052	460376	519771	3259720	225918	445222	1935010	95625	48314	202702	606760	137808	185460	820352	484120	487677	483664	434027	1794220	426272	241570	357691	504090	2455552	422676	355368	251650	186931	959400	117142	315252	332148	470554	355116	447200	1546023	994680	1011540	116424	377944	132342	176792	458658	432304	394289	57620	74404	112541	324644	38269
475.00000346671146	0	0	0	0	0	6994243	0	1051011	444288	462448	522103	3274439	228312	450038	1963371	96849	49010	205454	615625	139488	188430	833808	490700	496170	492480	440198	1828180	434448	245140	364277	511785	2506944	431526	361284	256060	190111	981000	119251	322140	341137	480396	363398	458640	1587909	1024766	1046730	120540	386678	136620	182084	475839	465254	416962	59831	77697	118833	342224	40817
480.0000034128676	0	0	0	0	0	7043691	0	1056159	445848	464464	523905	3296338	230496	456230	1988501	98328	49996	208378	623899	141024	192390	847960	498400	504365	499776	447458	1856480	442064	250600	370329	519480	2565376	438370	367710	261170	193344	1003800	121582	328692	348168	492233	371074	470860	1631406	1057615	1077090	124264	397000	140898	186592	496008	496886	436870	62645	81880	123123	361562	43561
485.0000103369278	0	0	0	0	0	7091373	0	1061541	447928	466480	525760	3313570	233016	460100	2006092	99756	50895	211646	631779	143376	194898	860720	506800	510921	507832	455565	1889308	449456	255290	377271	527985	2613248	446630	373626	266000	196630	1022700	123802	335916	356712	501543	380467	481780	1671681	1081254	1107105	127988	414468	145866	193844	515430	520610	455119	65191	84995	127270	384416	45815
490.00000752566746	0	0	0	0	0	7143470	0	1066572	449644	468720	528304	3331520	235410	464658	2028709	101031	51591	214398	642417	145056	198528	874872	513660	519861	516192	463672	1919306	456624	258720	383234	537435	2657600	454772	379950	270620	199651	1043700	126540	342888	364633	513247	387840	494260	1716789	1103358	1139535	131516	425584	149454	199528	535599	556196	477792	67804	88199	132847	404340	47922
495.0000017319086	0	0	0	0	0	7188503	0	1070082	451672	471240	530265	3343367	238098	470076	2050967	102510	52345	217064	650691	147120	201432	889952	519820	529099	523184	471537	1954964	463344	263550	389108	546750	2706880	462206	388212	275030	203520	1061400	128390	348348	371397	524685	395920	503230	1761897	1133444	1170930	135240	437494	152904	205016	558009	589146	502677	69881	91314	138853	423678	49784
500.0000035461196	0	0	0	0	0	7235302	0	1074060	453128	473592	531643	3356650	240324	472828	2071430	104244	53041	220418	661132	148800	204336	904104	526820	538635	530784	479039	1984962	471520	267820	396673	554850	2749824	470584	396576	280210	206594	1083900	130795	355824	377716	534394	403596	513500	1808079	1162916	1200600	138376	444640	156216	210896	576684	616824	524244	72829	95586	145717	440086	52185
505.00000058781893	0	0	0	0	0	7273271	0	1077921	454480	475888	534770	3373882	242550	477128	2094047	105519	53853	223170	668224	150096	207438	917096	535080	546085	537624	484847	2005338	480144	272370	403081	563760	2793472	479316	404940	285670	211576	1102500	133089	361956	384925	544103	410565	521950	1849428	1189625	1232340	142688	465284	160770	217364	599841	657682	553000	76447	99324	150007	463526	54635
510.0000001179788	0	0	0	0	0	7313006	0	1081548	456508	478072	536784	3392191	245112	481944	2112356	107151	54694	225664	675710	152544	209286	929160	542780	551747	544160	489687	2039298	487984	275870	409400	572805	2846976	486986	411672	290990	215498	1123200	135457	369180	391778	554743	417736	530270	1890777	1219711	1265805	145628	478782	165876	222460	623745	690632	574567	79060	102973	156156	482278	56742
515.0000097645406	0	0	0	0	0	7353624	0	1086111	458276	479640	538692	3408705	247296	487104	2137845	108528	55419	227384	684969	154848	211200	940760	551040	559048	550392	496826	2077220	495936	279860	414295	582930	2904704	495718	417996	295400	219367	1147500	138380	376908	398364	566447	424301	538850	1940718	1245192	1301685	148372	490692	170430	227360	652131	734126	600005	81405	108046	163163	506304	58506
520.0000003050615	0	0	0	0	0	7398657	0	1090323	460252	482104	541236	3423065	248892	491920	2156513	109803	55999	229878	693834	156480	213972	950736	558460	566200	557536	504328	2107784	504224	284690	419457	593055	2958912	505040	426666	300790	223448	1168200	141562	383964	406908	578550	432381	548210	1980456	1275278	1331700	151508	506572	174432	233044	668565	774984	616042	84085	112407	169741	531502	61054
525.0000036189987	0	0	0	0	0	7441924	0	1095354	462020	483840	543303	3435630	251454	496220	2178053	111027	56724	232802	701714	158160	217074	961176	564060	573203	564984	511830	2142876	511504	288260	424352	602910	3012416	513418	434418	306460	228218	1188000	144485	391608	416698	591052	439855	557830	2016435	1300759	1356540	154644	523246	178848	238924	693216	811888	642586	86497	115878	174889	554942	63357
530.0000034389615	0	0	0	0	0	7492255	0	1100619	463528	485464	545476	3450708	253596	500692	2195644	112302	57710	235726	708806	160272	219846	973240	570360	580504	571520	518606	2181930	519792	293090	432540	611280	3075776	522622	442476	311150	232405	1209300	147334	399504	423284	602357	448844	568490	2057247	1329924	1390350	158760	537538	182988	246176	714879	859336	665812	88708	119349	180180	576038	65366
535.0000055973451	0	0	0	0	0	7531990	0	1104129	465192	487144	548179	3465068	255486	506196	2215748	113883	58493	238908	718459	161568	223014	985536	578620	585719	578664	526350	2216456	526400	297360	438859	621945	3140544	530764	450636	315910	236115	1236900	150405	406728	430671	613662	458540	580320	2102355	1357554	1421745	161308	551036	186576	250880	737289	884378	687379	90785	122642	188045	600064	67375
540.0000018706627	0	0	0	0	0	7572608	0	1108341	466700	488880	550299	3477633	257628	511012	2239442	115515	59392	242090	726536	163392	225654	996672	584080	592573	582920	532037	2248718	533344	301980	445267	631665	3198272	538552	459102	321300	240143	1260900	152995	415128	439037	624302	469044	592800	2134575	1383342	1455210	164836	565328	190302	255780	767169	925236	713370	93398	127270	194766	621160	69531
545.000022970066	0	0	0	0	0	7607045	0	1113138	468520	490672	552366	3489839	259812	515570	2260623	117300	60175	244756	734022	164976	228822	1008272	591640	598533	590672	539176	2276452	539616	306880	451230	639495	3256000	547520	467976	326620	244118	1284600	155548	422016	446869	637203	477932	603590	2167869	1411279	1484535	169148	578826	193476	260876	791820	952914	734384	96011	130830	202488	641670	71246
550.0000125509013	0	0	0	0	0	7643248	0	1116882	470288	492744	554168	3502404	261996	518408	2277137	118677	60813	247852	742296	167280	231528	1019176	597240	606430	595536	546678	2310978	548464	311570	457193	646380	3308096	555190	475524	332360	248623	1304400	158545	429576	454434	650636	487729	616200	2214051	1441365	1516620	172284	594706	197754	267148	814977	1000362	754845	99026	134657	207779	663352	73353
555.000003596034	0	0	0	0	0	7687398	0	1120041	471900	494704	556182	3519277	264264	521934	2302626	119901	61451	250346	748994	169008	233904	1029616	603820	612837	602528	553817	2342674	556192	315280	463690	657045	3354560	565456	483582	337750	252333	1328100	160987	436548	460931	660877	496213	627640	2261844	1469916	1549050	176400	612968	201204	271852	833652	1031994	770882	102041	138217	211640	677416	75754
560.0000069876714	0	0	0	0	0	7723601	0	1122966	473928	496384	557401	3536509	266364	525632	2321294	121023	62176	252926	757859	171120	236148	1042608	610260	619393	609064	561924	2361918	564144	319970	470009	665685	3405952	573834	492048	343140	255990	1351200	163947	444948	469653	673645	503788	638820	2302119	1495090	1582170	178752	631230	206586	275968	853821	1083396	788578	104989	141065	217789	700856	78204
565.0000043487577	0	0	0	0	0	7770400	0	1126476	476320	497840	560475	3548356	268128	529330	2344629	122859	62727	256022	765148	172560	238656	1053976	617960	628035	615752	569305	2390784	571088	325290	476061	676080	3462976	582684	500208	348600	260495	1371000	166648	452088	478286	681359	513585	651560	2355282	1528860	1616670	181496	650286	210864	282044	879219	1118982	811251	107334	144892	223223	724882	80850
570.000004247013	0	0	0	0	0	7804837	0	1131390	478504	499520	562065	3563793	270312	533630	2365092	124185	63336	258172	772240	174096	241758	1066040	625520	634144	624112	574629	2422480	577136	330050	481490	685125	3516480	592478	509796	354200	264894	1392300	169275	459816	486029	693994	524493	660920	2392872	1559253	1651515	185024	663784	214590	286748	896400	1154568	830606	110617	148541	231374	743634	83153
575.0000012648169	0	0	0	0	0	7848104	0	1135368	480220	501200	563443	3579948	272748	537930	2386273	125766	64119	260322	780514	175776	244200	1076712	631960	640700	631864	581284	2458704	583744	334390	487453	691740	3571392	600266	516936	358610	269558	1410000	172235	466788	493950	704102	532775	673140	2444961	1591488	1678770	188356	676488	217902	293608	916569	1205970	856597	112895	151745	238810	763558	85946
580.0000096901064	0	0	0	0	0	7888722	0	1138878	481572	503328	565351	3592872	274554	542574	2404223	127245	64931	263504	788985	177504	246642	1089240	639520	647107	639312	589149	2487570	591136	339430	492615	700245	3634048	607464	524382	363860	273109	1432500	174714	473592	501782	714742	541562	684840	2492754	1622495	1717065	191688	686810	222456	299684	939726	1258690	877058	115575	154059	243958	786998	87906
585.00000136442	0	0	0	0	0	7920510	0	1142856	483392	505512	566676	3607232	277074	546444	2421096	128469	65714	266170	795683	179088	248820	1101072	646520	653961	646760	595925	2517002	599760	343140	498578	709425	3692480	616668	533358	368830	277137	1456800	177526	479892	510415	725382	551460	697190	2546991	1657800	1754670	195412	701896	226734	305172	953919	1291640	899731	119193	158064	249392	811610	90503
590.0000048507989	0	0	0	0	0	7954947	0	1146951	484848	507360	568902	3621233	278838	550314	2443354	130254	66526	269094	801593	181200	251196	1111048	653800	659772	655728	603064	2547566	606032	347620	504541	716850	3745984	627878	540804	374010	281430	1481700	180264	487452	517624	737352	560146	707460	2582433	1689728	1784340	200116	714600	230874	310072	974088	1328544	927381	121471	161357	255970	835050	92610
595.0000053698169	0	0	0	0	0	7994682	0	1150110	486304	509040	570333	3637388	280140	554270	2462022	131937	67338	271760	809473	182880	252978	1124272	659400	667818	662416	608267	2578696	613424	351540	511038	725895	3799488	634958	549780	378700	285776	1508100	182188	493752	526435	750918	568832	719290	2630226	1724419	1814700	203056	727304	235014	314972	992016	1369402	949501	124419	165540	261690	860248	94717
600.0000057271086	0	0	0	0	0	8037949	0	1153971	488020	511000	572241	3650671	281946	557280	2477818	133212	68005	274598	817353	185088	256344	1135640	664720	676758	669408	614922	2611524	621376	355040	516823	734670	3850880	643336	557328	383600	290016	1529400	184778	501732	533110	765016	576912	732290	2673186	1754812	1851960	206976	749536	240534	323204	1008450	1403670	974939	127903	169456	266695	877242	97902
