>time	Ribosome	coli Pol	coli Pol-P	coli Pol-2.0	coli Pol-P-2.0	gp1	gp1-3.5	gp0.3	gp0.4	gp0.5	gp0.6A	gp0.7	gp1.1	gp1.2	gp1.3	gp1.4	gp1.5	gp1.6	gp1.7	gp1.8	gp2.0	gp2.5	gp2.8	gp3.0	gp3.5	gp3.8	gp4A	gp4.2	gp4.3	gp4.5	gp4.7	gp5.0	gp5.3	gp5.5	gp5.7	gp5.9	gp6.0	gp6.3	gp6.5	gp6.7	gp7	gp7.3	gp7.7	gp8	gp9	gp10A	gp11	gp12	gp13	gp14	gp15	gp16	gp17	gp17.5	gp18	gp18.5	gp19	gp19.5
0.026256393356104888	0	0	0	0	0	0	0	0	0	0	0	0	0	0	0	0	0	0	0	0	0	0	0	0	0	0	0	0	0	0	0	0	0	0	0	0	0	0	0	0	0	0	0	0	0	0	0	0	0	0	0	0	0	0	0	0	0	0
5.00656677530937	0	0	0	0	0	0	0	0	0	0	0	0	0	0	0	0	0	0	0	0	0	0	0	0	0	0	0	0	0	0	0	0	0	0	0	0	0	0	0	0	0	0	0	0	0	0	0	0	0	0	0	0	0	0	0	0	0	0
10.007641806958556	0	0	0	0	0	0	0	0	0	0	0	0	0	0	0	0	0	0	0	0	0	0	0	0	0	0	0	0	0	0	0	0	0	0	0	0	0	0	0	0	0	0	0	0	0	0	0	0	0	0	0	0	0	0	0	0	0	0
15.00316300406762	0	0	0	0	0	0	0	0	0	0	0	0	0	0	0	0	0	0	0	0	0	0	0	0	0	0	0	0	0	0	0	0	0	0	0	0	0	0	0	0	0	0	0	0	0	0	0	0	0	0	0	0	0	0	0	0	0	0
20.00221796603015	0	0	0	0	0	0	0	0	0	0	0	0	0	0	0	0	0	0	0	0	0	0	0	0	0	0	0	0	0	0	0	0	0	0	0	0	0	0	0	0	0	0	0	0	0	0	0	0	0	0	0	0	0	0	0	0	0	0
25.000382446700936	0	0	0	0	0	0	0	0	0	0	0	0	0	0	0	0	0	0	0	0	0	0	0	0	0	0	0	0	0	0	0	0	0	0	0	0	0	0	0	0	0	0	0	0	0	0	0	0	0	0	0	0	0	0	0	0	0	0
30.00072441776041	0	0	0	0	0	0	0	1053	104	0	0	0	0	0	0	0	0	0	0	0	0	0	0	0	0	0	0	0	0	0	0	0	0	0	0	0	0	0	0	0	0	0	0	0	0	0	0	0	0	0	0	0	0	0	0	0	0	0
35.00132140309239	0	0	0	0	0	0	0	2223	364	56	0	0	0	0	0	0	0	0	0	0	0	0	0	0	0	0	0	0	0	0	0	0	0	0	0	0	0	0	0	0	0	0	0	0	0	0	0	0	0	0	0	0	0	0	0	0	0	0
40.00027065087776	0	0	0	0	0	0	0	4563	1040	392	106	0	0	0	0	0	0	0	0	0	0	0	0	0	0	0	0	0	0	0	0	0	0	0	0	0	0	0	0	0	0	0	0	0	0	0	0	0	0	0	0	0	0	0	0	0	0	0
45.00005367762754	0	0	0	0	0	0	0	7371	1612	1288	689	0	0	0	0	0	0	0	0	0	0	0	0	0	0	0	0	0	0	0	0	0	0	0	0	0	0	0	0	0	0	0	0	0	0	0	0	0	0	0	0	0	0	0	0	0	0	0
50.00056180322091	0	0	0	0	0	0	0	10647	2912	2856	1537	0	0	0	0	0	0	0	0	0	0	0	0	0	0	0	0	0	0	0	0	0	0	0	0	0	0	0	0	0	0	0	0	0	0	0	0	0	0	0	0	0	0	0	0	0	0	0
55.000106391348986	0	0	0	0	0	0	0	14625	4888	4480	2862	0	0	0	0	0	0	0	0	0	0	0	0	0	0	0	0	0	0	0	0	0	0	0	0	0	0	0	0	0	0	0	0	0	0	0	0	0	0	0	0	0	0	0	0	0	0	0
60.00013650455416	0	0	0	0	0	0	0	21762	7280	6552	5035	0	0	0	0	0	0	0	0	0	0	0	0	0	0	0	0	0	0	0	0	0	0	0	0	0	0	0	0	0	0	0	0	0	0	0	0	0	0	0	0	0	0	0	0	0	0	0
65.00054762093755	0	0	0	0	0	0	0	27963	9724	8624	7473	0	0	0	0	0	0	0	0	0	0	0	0	0	0	0	0	0	0	0	0	0	0	0	0	0	0	0	0	0	0	0	0	0	0	0	0	0	0	0	0	0	0	0	0	0	0	0
70.00020534722657	0	0	0	0	0	0	0	35334	12636	12040	10971	1077	0	0	0	0	0	0	0	0	0	0	0	0	0	0	0	0	0	0	0	0	0	0	0	0	0	0	0	0	0	0	0	0	0	0	0	0	0	0	0	0	0	0	0	0	0	0
75.00001132221584	0	0	0	0	0	0	0	44343	15808	15960	14575	3949	0	0	0	0	0	0	0	0	0	0	0	0	0	0	0	0	0	0	0	0	0	0	0	0	0	0	0	0	0	0	0	0	0	0	0	0	0	0	0	0	0	0	0	0	0	0
80.00002788173494	0	0	0	0	0	0	0	54171	19812	20104	18391	11488	0	0	0	0	0	0	0	0	0	0	0	0	0	0	0	0	0	0	0	0	0	0	0	0	0	0	0	0	0	0	0	0	0	0	0	0	0	0	0	0	0	0	0	0	0	0
85.00000291187754	0	0	0	0	0	0	0	64350	24544	24080	23055	22617	0	0	0	0	0	0	0	0	0	0	0	0	0	0	0	0	0	0	0	0	0	0	0	0	0	0	0	0	0	0	0	0	0	0	0	0	0	0	0	0	0	0	0	0	0	0
90.0000419308937	0	0	0	0	0	0	0	76401	29536	28728	27772	32310	0	0	0	0	0	0	0	0	0	0	0	0	0	0	0	0	0	0	0	0	0	0	0	0	0	0	0	0	0	0	0	0	0	0	0	0	0	0	0	0	0	0	0	0	0	0
95.00009558081709	0	0	0	0	0	0	0	86463	35100	33656	34079	49542	0	0	0	0	0	0	0	0	0	0	0	0	0	0	0	0	0	0	0	0	0	0	0	0	0	0	0	0	0	0	0	0	0	0	0	0	0	0	0	0	0	0	0	0	0	0
100.00004101169078	0	0	0	0	0	0	0	98397	39364	38304	40280	71082	0	0	0	0	0	0	0	0	0	0	0	0	0	0	0	0	0	0	0	0	0	0	0	0	0	0	0	0	0	0	0	0	0	0	0	0	0	0	0	0	0	0	0	0	0	0
105.00015305643629	0	0	0	0	0	0	0	110682	43784	43736	46693	93340	0	0	0	0	0	0	0	0	0	0	0	0	0	0	0	0	0	0	0	0	0	0	0	0	0	0	0	0	0	0	0	0	0	0	0	0	0	0	0	0	0	0	0	0	0	0
110.00003895376912	0	0	0	0	0	0	0	123318	49140	49504	53689	121342	0	0	0	0	0	0	0	0	0	0	0	0	0	0	0	0	0	0	0	0	0	0	0	0	0	0	0	0	0	0	0	0	0	0	0	0	0	0	0	0	0	0	0	0	0	0
115.00004672542707	0	0	0	0	0	0	0	137124	55224	55440	60685	155088	0	0	0	0	0	0	0	0	0	0	0	0	0	0	0	0	0	0	0	0	0	0	0	0	0	0	0	0	0	0	0	0	0	0	0	0	0	0	0	0	0	0	0	0	0	0
120.00001279401451	0	0	0	0	0	0	0	153621	61932	60872	68476	187398	0	0	0	0	0	0	0	0	0	0	0	0	0	0	0	0	0	0	0	0	0	0	0	0	0	0	0	0	0	0	0	0	0	0	0	0	0	0	0	0	0	0	0	0	0	0
125.0000202498903	0	0	0	0	0	0	0	169767	69576	67536	76267	224375	0	0	0	0	0	0	0	0	0	0	0	0	0	0	0	0	0	0	0	0	0	0	0	0	0	0	0	0	0	0	0	0	0	0	0	0	0	0	0	0	0	0	0	0	0	0
130.00005131827928	0	0	0	0	0	883	0	187200	76960	75432	84270	262788	0	0	0	0	0	0	0	0	0	0	0	0	0	0	0	0	0	0	0	0	0	0	0	0	0	0	0	0	0	0	0	0	0	0	0	0	0	0	0	0	0	0	0	0	0	0
135.00005940709573	0	0	0	0	0	13245	0	206271	85280	83608	93121	299765	84	0	0	0	0	0	0	0	0	0	0	0	0	0	0	0	0	0	0	0	0	0	0	0	0	0	0	0	0	0	0	0	0	0	0	0	0	0	0	0	0	0	0	0	0	0
140.0000447207794	0	0	0	0	0	35320	0	224757	93444	91784	104145	343563	252	86	0	0	0	0	0	0	0	0	0	0	0	0	0	0	0	0	0	0	0	0	0	0	0	0	0	0	0	0	0	0	0	0	0	0	0	0	0	0	0	0	0	0	0	0
145.000005529946	0	0	0	0	0	64459	0	245817	101764	100240	113632	395259	924	516	0	0	0	0	0	0	0	0	0	0	0	0	0	0	0	0	0	0	0	0	0	0	0	0	0	0	0	0	0	0	0	0	0	0	0	0	0	0	0	0	0	0	0	0
150.00001540275306	0	0	0	0	0	106843	0	265707	109616	109480	125557	444083	1554	946	0	0	0	0	0	0	0	0	0	0	0	0	0	0	0	0	0	0	0	0	0	0	0	0	0	0	0	0	0	0	0	0	0	0	0	0	0	0	0	0	0	0	0	0
155.00001445818708	0	0	0	0	0	156291	0	287352	118716	119336	137111	497933	2814	2580	0	0	0	0	0	0	0	0	0	0	0	0	0	0	0	0	0	0	0	0	0	0	0	0	0	0	0	0	0	0	0	0	0	0	0	0	0	0	0	0	0	0	0	0
160.00002842162021	0	0	0	0	0	212803	0	310401	128908	129080	148188	555014	4746	4902	0	0	0	0	0	0	0	0	0	0	0	0	0	0	0	0	0	0	0	0	0	0	0	0	0	0	0	0	0	0	0	0	0	0	0	0	0	0	0	0	0	0	0	0
165.00002104160694	0	0	0	0	0	275496	0	332982	139360	138768	160431	611377	7854	9546	0	0	0	0	0	0	0	0	0	0	0	0	0	0	0	0	0	0	0	0	0	0	0	0	0	0	0	0	0	0	0	0	0	0	0	0	0	0	0	0	0	0	0	0
170.00002474854458	0	0	0	0	0	353200	0	358020	150696	149744	172886	681741	10710	14104	2513	0	0	0	0	0	0	0	0	0	0	0	0	0	0	0	0	0	0	0	0	0	0	0	0	0	0	0	0	0	0	0	0	0	0	0	0	0	0	0	0	0	0	0
175.00000710430626	0	0	0	0	0	441500	0	383760	162188	161616	186825	754259	14658	21070	7539	204	174	258	0	48	0	0	0	0	0	0	0	0	0	0	0	0	0	0	0	0	0	0	0	0	0	0	0	0	0	0	0	0	0	0	0	0	0	0	0	0	0	0
180.00003723407545	0	0	0	0	0	528917	0	411255	173264	173712	202142	821033	19404	28380	17950	663	261	602	0	432	396	0	0	0	0	0	0	0	0	0	0	0	0	0	0	0	0	0	0	0	0	0	0	0	0	0	0	0	0	0	0	0	0	0	0	0	0	0
185.0000645919438	0	0	0	0	0	640175	0	438633	187200	186424	217141	903603	24654	36808	33746	1326	493	1118	197	1104	1056	0	0	0	0	0	0	0	0	0	0	0	0	0	0	0	0	0	0	0	0	0	0	0	0	0	0	0	0	0	0	0	0	0	0	0	0	0
190.00000877713777	0	0	0	0	0	747018	0	468702	199628	199752	231292	984019	29946	46526	48106	2295	812	2236	1773	2208	2508	464	1260	447	0	0	0	0	0	0	0	0	0	0	0	0	0	0	0	0	0	0	0	0	0	0	0	0	0	0	0	0	0	0	0	0	0	0
195.00002315333924	0	0	0	0	0	860925	0	494442	211900	213920	247775	1065512	36078	58480	73236	3213	1334	4128	5910	3600	4092	2784	3220	2384	1672	1331	0	0	0	0	0	0	0	0	0	0	0	0	0	0	0	0	0	0	0	0	0	0	0	0	0	0	0	0	0	0	0	0
200.00001778561398	0	0	0	0	0	1001322	0	524394	224120	228368	263039	1148800	42294	68886	102674	4437	2175	6278	12017	4992	6534	5568	8120	5364	3800	3630	0	336	280	267	0	0	0	0	0	0	0	0	0	0	0	0	0	0	0	0	0	0	0	0	0	0	0	0	0	0	0	0
205.00004983652624	0	0	0	0	0	1135538	0	555867	236964	241920	278303	1237473	50064	84452	138574	5865	2842	8084	19109	8544	8778	15080	12460	10877	8512	7018	0	2128	1610	1513	0	0	0	0	0	0	0	0	0	0	0	0	0	0	0	0	0	0	0	0	0	0	0	0	0	0	0	0
210.00002602637343	0	0	0	0	0	1278584	0	589095	250224	255080	295422	1339788	58716	98900	181654	7905	3422	11954	26595	11568	13134	26448	17780	17731	13832	12947	0	5376	2800	3026	675	0	0	0	0	0	0	0	0	0	0	0	0	0	0	0	0	0	0	0	0	0	0	0	0	0	0	0
215.0000038412264	0	0	0	0	0	1432226	0	621153	265408	268968	310474	1445693	67452	116616	225093	9486	4118	15996	38218	15120	18018	37816	24500	26522	19456	19481	0	11088	5390	6141	3105	0	118	102	140	159	0	0	0	0	0	0	0	0	0	0	0	0	0	0	0	0	0	0	0	0	0	0
220.00000882525015	0	0	0	0	0	1603528	0	651222	276952	280952	324360	1553034	74424	131580	280020	11526	5104	19608	51811	18048	22704	52896	35140	36952	28272	26983	0	18256	8260	10680	7290	0	1298	918	700	477	0	111	0	0	0	0	0	0	0	0	0	0	0	0	0	0	0	0	0	0	0	0
225.0000156636053	0	0	0	0	0	1766000	0	679068	287300	292208	335755	1656785	81606	146372	336024	13158	6090	23736	67571	21696	27126	71456	46900	46488	37696	35090	4528	23744	11480	15664	14040	0	3186	2448	1400	1219	0	370	252	178	0	0	0	0	0	0	0	0	0	0	0	0	0	0	0	0	0	0
230.00002707141957	0	0	0	0	0	1947898	0	700947	296400	301840	347097	1756946	87192	159444	398490	15045	6931	26832	83331	24672	30888	90944	57680	56620	48336	44649	14716	29792	14980	21093	20385	0	5664	4488	3570	2332	0	962	924	623	399	505	0	0	0	0	0	0	0	0	0	0	0	0	0	0	0	0
235.0000002375781	0	0	0	0	0	2134211	0	723294	304408	311136	356637	1865364	93702	172000	471726	16728	7917	30788	96530	27792	34650	111592	69160	67795	58368	53966	36790	38752	17990	27323	29160	0	10030	7446	6300	4505	2400	1924	2352	1424	1596	808	650	0	0	0	0	0	0	0	0	0	0	0	0	0	0	0
240.0000113853375	0	0	0	0	0	2332886	0	745173	312416	319256	366601	1959422	98490	184126	537423	18615	9048	35346	107168	30432	38742	126208	80080	77033	68248	63525	67920	46480	21490	32129	36045	0	15222	12342	9100	6519	5100	2701	4368	3649	3724	2020	1820	0	0	0	0	0	0	0	0	0	0	0	0	0	0	0
245.0000048615308	0	0	0	0	0	2529795	0	765414	319228	327768	374816	2029427	103404	194962	602402	20961	10092	39904	120761	33696	42504	144072	87920	89400	77672	73084	94522	55328	27230	38270	44550	704	22184	16830	11760	9222	9900	3996	7140	6230	6251	4343	3770	0	0	0	0	0	0	0	0	0	0	0	0	0	0	0
250.0000043300927	0	0	0	0	0	2756726	0	783549	325676	334936	382395	2097637	108528	203734	653380	23001	10933	43000	132187	36528	45936	161240	98140	99532	89224	83006	129048	62720	31990	45301	53595	7040	28674	22236	15540	11872	19500	5698	10584	9167	9044	7171	7150	0	0	0	0	0	0	0	0	0	0	0	0	0	0	0
255.0000031090148	0	0	0	0	0	2984540	0	799812	332644	341936	389709	2163334	112980	213280	705435	24735	11832	46784	143613	39168	49236	179800	108220	109664	98496	92444	171498	71680	36050	52243	63450	19712	33866	27744	18900	14628	32400	7511	14952	13350	15029	10807	10530	0	614	0	0	0	0	0	0	0	0	0	0	0	0	0
260.00000345272156	0	0	0	0	0	3229131	0	814671	338052	348208	396970	2227236	117348	222224	759644	26418	12673	50568	154054	41808	52998	199520	118020	120690	110200	102003	211684	80752	40460	59274	73575	53504	41064	33456	22820	17967	45000	8880	19320	17889	21945	15352	14300	0	3377	345	196	0	0	0	0	0	0	0	0	0	0	0
265.00002315786924	0	0	0	0	0	3475488	0	829413	344292	354200	404443	2283240	121212	230566	805237	28101	13543	53836	166268	44160	57090	219936	128100	134994	121752	112651	252436	89600	45430	65593	83430	88000	49206	41412	27720	21677	62100	10545	22932	23140	28462	19998	21320	2148	5219	2415	588	0	0	0	0	0	0	0	0	0	0	0
270.00000080627086	0	0	0	0	0	3719196	0	843570	349596	361200	410591	2332064	125244	240800	845086	29223	14471	57362	175133	46704	60654	236408	138600	143487	131328	123057	293754	97776	49840	73514	92610	126720	57584	49164	33110	24910	72900	12099	28644	27590	36309	25048	27170	8592	8596	4830	980	0	0	0	0	0	0	0	0	0	0	0
275.0000066456836	0	0	0	0	0	3925818	0	855387	355472	366800	417110	2384837	129192	249142	894987	32028	15225	60716	185180	49200	63558	253112	147980	155258	141816	133947	337902	107520	55580	81702	103680	172480	67614	56304	37940	28938	89100	14060	33600	33820	42427	30502	34580	17184	11973	10695	1568	0	138	196	0	0	0	0	0	0	0	0
280.00001275274496	0	0	0	0	0	4124493	0	868257	361140	372232	424318	2433302	133308	257226	936272	33660	15805	64844	193060	51696	67122	270512	156940	164049	148656	144111	375258	115584	60690	88733	115695	223168	75048	62424	43190	32542	111900	15725	39144	38804	50806	36764	42120	26850	16885	12420	1960	0	552	392	0	0	0	0	0	0	0	0
285.0000091364404	0	0	0	0	0	4289614	0	881712	366496	377496	431526	2477459	137466	266170	975403	35904	16559	67940	203895	54240	69762	283272	165620	172840	157624	154033	421104	126448	65730	97811	129330	270336	85314	70176	49280	36358	132900	17760	44016	46458	58919	43430	49140	45108	31007	20700	2744	0	1380	980	0	0	0	0	0	0	0	0
290.00000465675885	0	0	0	0	0	4442373	0	892827	371488	383376	437038	2518385	141792	274340	1014893	37689	17371	71466	213548	56112	72336	300904	175000	182227	164160	163592	464686	134064	71890	105465	141480	316800	95462	79050	54600	40810	155100	19980	49224	53133	68096	50298	55640	63903	43287	27945	5292	0	2208	1568	0	0	0	0	0	0	0	0
295.00000943726053	0	0	0	0	0	4592483	0	905112	376116	388584	442709	2562542	146076	282252	1058691	39372	18038	74734	224383	58320	75174	313664	183540	190124	173432	171215	517324	142912	76300	114098	152955	375936	106318	87618	60690	44997	177000	22570	55020	58829	75677	57469	64870	89142	58944	41400	7840	0	3312	2156	0	0	0	0	0	0	0	0
300.0000031499435	0	0	0	0	0	4712571	0	915876	381212	393176	448592	2603827	149478	290250	1094950	40851	19053	78604	232263	60816	77550	325496	191940	198319	179056	178233	560340	150640	81900	121663	166050	423808	116112	96798	66780	49926	198600	25123	61152	66216	86450	65448	75400	110085	78285	62100	9996	0	5520	2940	0	0	0	0	0	0	0	0
305.00000276134705	0	0	0	0	0	4824712	0	924885	384904	397432	453309	2639009	153006	297904	1131568	43095	20184	82474	242901	62640	79728	336864	199500	205471	187416	188034	603356	159040	86520	130118	177795	485056	127086	106080	72870	54696	221100	28157	67284	72446	97489	72215	85670	139620	96091	80730	11760	794	7728	4704	0	0	0	0	0	0	0	0
310.00000719611086	0	0	0	0	0	4949215	0	934713	389012	401408	458556	2679935	156954	305558	1162083	44421	20938	85484	249008	64896	83160	350088	207060	211729	194560	193963	647504	166432	91700	138128	187110	541376	138886	113832	78750	59095	243900	30673	74928	79566	107464	79992	95940	165933	112669	102810	13524	3176	9522	6860	0	0	0	201	89	0	0	0
315.00000096739075	0	0	0	0	0	5048111	0	944541	393692	405328	463538	2717271	161028	312438	1199419	45951	21866	89870	257085	66672	85866	363544	214620	220669	203072	201344	688822	172816	96880	144447	196425	601920	148444	123726	84210	63070	267900	33263	81984	86953	118237	87466	104780	190098	135387	122820	16660	3970	12558	9604	0	0	0	536	267	0	0	0
320.00000410816284	0	0	0	0	0	5152305	0	953433	397644	409696	468414	2756402	164598	319318	1232088	47634	22620	92622	266344	69216	89298	373752	220500	229013	209608	209572	722782	180320	101920	151389	206280	663872	157884	131478	90510	67098	303000	36186	88452	92916	129276	94031	114400	211578	156570	140415	18620	4764	14214	14112	2988	0	0	871	534	429	0	98
325.00000121433254	0	0	0	0	0	5265329	0	963378	401232	413672	471859	2791225	168462	327402	1269783	48654	23432	96664	275406	72192	92268	383960	228060	236016	215384	217074	769194	187376	105630	158687	215190	735680	167796	140148	96880	71391	330900	39257	95340	100481	137123	100697	123370	245409	181130	163530	21756	7146	17250	18816	4482	0	0	1273	979	1001	0	294
330.00001426699873	0	0	0	0	0	5376587	0	971334	405080	417872	476470	2828202	171948	335228	1302811	50439	24302	99416	284862	73968	94908	397648	235900	244509	223136	225060	811078	195440	109060	164917	223155	804672	177826	149940	102550	76214	354900	41477	102312	107423	146699	108575	132730	288906	202927	190095	23912	22232	19320	21756	8964	0	1106	1608	1869	2145	0	539
335.00000951484	0	0	0	0	0	5481664	0	979875	408252	421064	480710	2859794	175686	344860	1337993	52020	25085	102512	294515	75888	98142	410408	242900	252555	230584	230747	847868	201264	113330	172215	231525	878592	188328	156366	109200	79606	377100	44548	108444	114365	157605	115746	143910	325422	226873	214590	25872	28584	21942	24108	12699	0	2212	2613	2670	3432	0	1127
340.00000188591537	0	0	0	0	0	5597337	0	988299	411996	425208	484261	2900361	179298	351654	1370303	53499	25897	105780	302395	78000	100254	424328	249620	261048	238488	238733	880696	208320	117390	180225	241380	936320	197414	162690	114100	82945	400200	47397	115668	122197	168245	122513	153790	366771	245907	243225	27440	35730	24564	28028	17928	0	4424	3082	3916	4719	0	1421
345.0000027726208	0	0	0	0	0	5690935	0	996840	416104	429520	488024	2933030	182238	358706	1403331	54570	26506	109048	309881	80352	102894	437784	257040	267753	245024	247082	908430	217280	123060	186010	249885	1007424	206264	170646	120120	87397	421500	49876	121716	129762	178353	131704	165100	414027	270467	264270	31164	38906	28014	31164	26145	0	6083	4489	5429	6006	0	1911
350.0000070899874	0	0	0	0	0	5788065	0	1004328	418964	433048	491999	2965699	185178	366016	1437077	55845	27521	111370	320322	82128	105666	451704	264880	275352	253384	254947	943522	224560	126420	192596	260820	1070784	214878	178500	125860	90630	447300	52614	128688	137060	190722	138370	173810	458598	299325	289110	34692	46846	31326	37436	38844	0	8295	5427	6408	7579	1758	2254
355.0000130277192	0	0	0	0	0	5888727	0	1012869	422552	435848	495709	2989034	188706	372036	1471541	57324	28536	115498	328399	84336	108570	467480	273000	281163	259616	262691	975784	231280	130690	198826	269595	1134848	223610	187068	130690	94340	466800	55389	135072	143824	202027	148369	183690	496188	322657	321195	37240	54786	35466	42140	52290	0	16037	5963	7476	9438	2344	2646
360.0000050150056	0	0	0	0	0	5968197	0	1020357	426088	439656	500055	3019549	191604	378830	1503851	58650	29493	120228	336870	86304	111012	477456	279020	289507	268736	272734	1007480	239792	135590	205501	280395	1200320	233994	195738	135660	98262	488100	57868	141120	151122	213199	157863	194870	539148	347524	345690	39984	61932	38226	46256	59013	0	23226	7035	8633	11583	4102	3430
365.00000139426743	0	0	0	0	0	6040603	0	1026792	428948	443184	503023	3045397	195216	385796	1539392	60282	30218	123926	347705	88272	114312	488592	288120	296063	275272	279026	1040308	248528	140630	212354	290115	1270016	244024	202470	141260	102449	512700	60569	147000	159221	224105	166044	205920	584256	368093	370875	43120	70666	40986	50764	74700	1318	28756	7973	9879	13585	8204	3920
370.0000044919981	0	0	0	0	0	6120073	0	1033812	432016	445872	506150	3074476	198492	391644	1577446	61965	31059	126420	355585	90528	117612	497872	294700	304705	283024	285681	1076532	256368	145810	218940	302400	1329152	252284	209508	146090	107272	528900	63455	154896	167765	236075	173215	216970	625068	389276	395715	45864	80988	44298	56056	92628	3954	35945	9581	12282	15730	13478	4361
375.00000722621263	0	0	0	0	0	6201309	0	1040832	435084	449624	509383	3097452	201474	396546	1605089	62985	31726	129344	364056	92544	119988	509936	300020	312006	290472	291247	1108794	261520	150080	226683	314550	1377728	261960	217056	151550	111618	552600	66304	161868	175597	247779	182406	227630	670176	413222	422970	48804	92104	48438	61936	105327	10544	43134	10452	13261	17732	19338	4998
380.00000327822005	0	0	0	0	0	6271949	0	1048086	438256	452816	512298	3121146	204540	402394	1638476	64719	32422	132268	371148	94224	122628	520840	306740	319456	296856	298386	1144452	268464	155260	233892	324540	1446720	270220	224808	157150	115911	581700	68783	169932	183429	258818	190183	239070	708303	442387	450570	50176	102426	52164	66052	120267	14498	50323	11792	15041	20163	26370	5831
385.00001067638857	0	0	0	0	0	6351419	0	1054521	441428	455392	515213	3149866	207102	408070	1663606	66045	33350	135708	380604	96384	125466	530120	314300	325714	301872	303589	1177280	276304	159530	239588	334260	1508672	278834	232254	163450	119515	601200	71743	176988	191617	269857	197859	250250	752874	469096	483345	53508	115924	56580	70168	136701	17134	59171	13065	16554	22737	33988	6419
390.0000022894657	0	0	0	0	0	6425591	0	1061658	443976	457968	518817	3171765	209958	413488	1693762	67830	34046	138632	388681	98736	128040	541952	319900	333313	309472	309881	1203316	284480	163730	245729	342360	1574144	286622	240618	168770	123437	627300	74259	184212	199093	282891	205232	262210	793149	495805	513705	55860	127834	60168	75656	154629	34268	68572	14874	18779	25025	42192	7154
395.00002157689266	0	0	0	0	0	6491816	0	1067859	446784	460544	521149	3194382	213024	418476	1722123	69360	34771	142330	399713	100848	130416	553552	326620	340316	316160	315568	1239540	291536	167860	252315	351405	1643136	295472	247962	174230	126617	648900	76923	191100	207281	294728	215534	273000	833424	524356	545445	59388	141332	64032	79772	172557	50084	83503	15678	20648	27170	51568	7987
400.0000023767295	0	0	0	0	0	6565988	0	1074996	449280	463008	524594	3215204	216636	423034	1753356	71196	35496	145340	408775	102720	133320	563064	334320	346276	323456	323675	1276896	298928	172060	258100	361530	1702272	303614	256734	178780	130221	674700	79624	199164	215291	305900	223816	283790	873162	555670	575115	63308	148478	66792	85260	185256	67218	92351	16817	22962	30459	60944	9212
405.0000143562062	0	0	0	0	0	6640160	0	1079442	451880	465416	527933	3237821	219408	428366	1782794	72777	36250	147920	416458	105120	135696	576056	341040	354918	329992	330330	1306328	306096	176400	263173	370170	1757888	310694	264792	184450	134673	698400	82362	205716	222856	317072	233815	293670	912900	583607	605820	67424	158006	70380	90944	201690	83034	102858	17889	25009	33033	75008	10584
410.000001054914	0	0	0	0	0	6707268	0	1085175	454324	467992	531219	3254335	221256	434472	1806847	74715	37120	149812	425914	106800	138204	590440	347340	363411	336680	337590	1336892	311584	180530	270916	379080	1826176	320724	273564	191030	138701	723600	85100	212184	228819	327978	242602	302510	960693	612465	635145	69972	169122	73692	97216	224100	102804	113365	18693	27056	35321	87314	12005
415.00000542171483	0	0	0	0	0	6763780	0	1092078	457652	470064	534081	3278029	223818	439546	1835208	76551	37758	152048	435764	109056	140976	599024	356300	371010	342912	343882	1372550	318192	184450	278036	387315	1880384	328866	280194	196140	141722	746100	87912	219660	236028	340214	251692	313690	1002042	640095	663090	73108	178650	77142	102900	236799	122574	121107	21038	29014	38610	97276	13328
420.00000204538475	0	0	0	0	0	6820292	0	1097460	460148	472584	536784	3296697	226842	445136	1859620	77877	38454	154284	445220	110976	144210	612016	363160	378311	350360	351747	1398020	324240	188370	283198	398925	1938112	337598	287742	201110	145326	768900	90613	226632	243059	351120	259469	324480	1047687	664041	700005	77028	189766	81282	107800	255474	144980	131061	22713	31595	41041	106066	14455
425.00000551780585	0	0	0	0	0	6870623	0	1104480	462228	474600	539328	3315006	229740	450554	1886186	79560	39295	157380	454479	112704	146784	624776	369880	385463	357352	358039	1425754	330960	193690	289161	409725	1998656	348100	296208	207480	149937	791700	93462	232260	250446	362691	267246	334230	1093332	696276	738300	80360	204852	86112	113680	275643	168704	142674	24254	34265	43472	122474	15876
430.00001024186423	0	0	0	0	0	6914773	0	1109160	464932	477288	542455	3331520	232386	455456	1921727	80988	39933	159358	461177	114288	149094	636376	375760	393360	365408	363121	1466506	339024	197260	294145	419850	2063424	357776	303756	212940	154124	813600	95904	241164	257477	375193	275730	345410	1141662	727897	772455	83496	221526	89148	119560	293571	196382	152628	25996	37647	47190	132436	17101
435.0000045122628	0	0	0	0	0	6970402	0	1113723	467376	479640	545582	3350547	235158	460014	1952242	82467	40629	162024	469845	115968	152328	646816	380940	400363	370576	369776	1495372	345520	202230	302066	428220	2118336	367452	312120	217980	157304	836700	99012	248052	265665	387296	283103	356590	1179789	754913	803505	87808	234230	93288	125244	315981	210880	169218	27336	39249	51051	144156	18179
440.00000126668033	0	0	0	0	0	7030446	0	1119690	469560	481992	548338	3366702	237174	465518	1979167	83436	41296	164776	476740	117696	154704	658416	388080	406323	379544	375463	1526502	352912	207480	307940	437265	2173952	379016	319464	223510	161067	862500	101269	255108	273497	397537	291789	366730	1222212	779473	829725	90944	246140	96738	131124	336150	249102	186361	29011	41919	54912	155876	19600
445.0000006144961	0	0	0	0	0	7091373	0	1125657	471588	484848	550935	3389678	239694	470850	2006092	84813	41934	168302	485605	119712	157542	668392	393680	411240	386384	382118	1556500	360528	212170	314081	449280	2221824	387630	325380	228830	165148	883200	103711	262668	281863	407911	299465	380120	1260876	805261	862500	93100	262020	101982	135436	358560	271508	199633	31021	44767	59488	167010	21364
450.0000064725087	0	0	0	0	0	7145236	0	1131273	474604	486752	553691	3412295	242340	475150	2029068	86190	42775	171828	495258	121632	160116	676976	401380	417945	392008	388652	1590460	370048	215810	319866	457920	2277440	397188	334152	233940	169547	906900	106301	269136	288805	417753	307040	388440	1290948	836882	894585	97608	273136	105570	143668	378729	300504	216223	33500	47882	64064	180488	23030
455.00000293566586	0	0	0	0	0	7194684	0	1136304	476892	489216	556288	3434194	244608	480396	2053839	87618	43355	175698	502941	124032	162624	688576	407400	425991	398544	393492	1622722	377328	219730	325028	465615	2335872	406392	340578	238770	173946	931500	108891	275100	296103	428127	314312	399490	1336056	867582	927705	100548	281870	111504	147784	395163	322910	238343	35108	50463	67067	189864	24745
460.00000423747287	0	0	0	0	0	7263558	0	1141101	478920	491680	559203	3453580	247254	484008	2076456	89352	44196	179052	512003	125424	165594	698088	413980	433292	407512	399542	1654984	386176	223440	330724	473715	2399936	413826	348840	244300	176861	952800	111296	281652	304469	439299	323099	410280	1384923	893370	955995	103488	292192	115368	154056	410103	355860	257145	36850	52866	72072	205100	26852
465.000001356731	0	0	0	0	0	7329783	0	1146834	481676	494480	561906	3475838	250110	489340	2100150	90882	45066	181976	520671	127296	168300	708296	419720	439848	415112	406318	1691774	392896	227780	336509	482625	2449216	421614	356490	248920	181207	974100	114515	288624	313013	448210	331078	420940	1432179	924377	984285	107800	307278	118680	160328	432513	394082	272629	38525	55625	75647	219164	28567
470.0000035420887	0	0	0	0	0	7386295	0	1151748	483860	497224	564715	3488403	252630	493898	2122049	92718	45936	185244	526778	129456	171072	720592	426160	446553	421952	413215	1723470	399616	231630	341048	492480	2499904	431762	364344	254520	184864	997500	117401	295848	320133	457919	339663	431080	1478361	955691	1018095	110544	323158	122958	164640	448947	427032	291984	40937	58473	79365	235572	29841
475.0000012493241	0	0	0	0	0	7439275	0	1156428	486096	499520	568001	3506712	254772	499574	2145384	94809	46545	187910	535249	131424	173316	731264	433020	454748	430160	421564	1758562	406896	235550	348079	500715	2555520	440494	372402	259350	188203	1018200	119658	303744	326719	468958	347036	442390	1522932	985470	1049835	112896	335068	127236	170716	469863	450756	313551	42746	60787	84227	253152	32095
480.0000053391127	0	0	0	0	0	7488723	0	1162161	487968	501648	570810	3527534	256620	505422	2168719	96084	47502	191264	541159	133392	175824	743096	439740	461751	436696	428824	1789126	413616	239610	354398	509760	2607616	448636	380868	264740	193132	1047000	122581	309624	335085	479465	355722	451620	1566429	1016477	1080195	116228	343008	130824	177184	493020	492932	330694	45359	63546	90376	265458	33516
485.00000382600683	0	0	0	0	0	7536405	0	1167075	490204	504056	573142	3544766	259056	510324	2192772	97563	48343	194188	548842	135312	178398	754232	447020	468903	444296	435479	1826482	422128	244020	361073	518805	2667456	457132	387804	269920	196895	1066500	125245	317016	344341	492366	364105	462800	1606167	1047484	1110555	120540	359682	134826	183652	518418	523246	349496	48307	65682	94523	285968	36113
490.0000020604201	0	0	0	0	0	7588502	0	1173042	492596	507080	575527	3561280	261324	515398	2215748	99042	49184	197972	556525	137136	180444	766528	453040	476055	451896	442376	1850254	428400	247870	367392	528120	2711808	465864	395658	275590	200711	1086600	128094	324240	350749	503006	371377	473720	1653960	1074500	1138500	125244	370798	138828	189140	543069	545652	369957	50786	68975	99671	301790	37436
495.00000231556476	0	0	0	0	0	7629120	0	1178541	494624	509152	578230	3575999	263802	519956	2240160	100419	50054	201584	564602	138720	183480	777200	460040	482760	460256	449636	1883648	436352	251860	373177	535950	2772352	475304	403206	281890	205004	1107000	130240	331296	356445	514444	381174	482820	1689402	1099674	1169895	127792	385090	143796	195804	564732	593100	388206	52394	71378	105105	318784	39053
500.00000209076035	0	0	0	0	0	7682100	0	1184274	496548	511896	580880	3588923	266028	524944	2266726	101949	50895	205282	574058	140784	186648	787176	465640	490508	466640	456170	1921570	444640	255850	379496	545535	2828672	483682	410856	286860	208449	1130100	133163	338436	364099	524153	390062	494390	1738806	1129146	1205430	129752	394618	149730	202076	587142	626050	409220	54203	74493	110110	331090	41013
505.0000037541485	0	0	0	0	0	7730665	0	1187901	498576	514080	583053	3605796	268380	530362	2287189	103275	51562	208808	583711	142752	188826	796920	474320	498107	473480	463067	1952700	452256	259350	386171	555660	2892032	491234	417180	290990	211735	1155900	135864	345744	371130	537985	398344	504400	1782303	1161688	1233375	132496	408116	153456	206976	606564	652410	428575	56146	77786	115258	354530	42728
510.00000030575103	0	0	0	0	0	7771283	0	1193517	501176	516432	585279	3621233	270774	536468	2307293	104754	52432	211732	589818	144624	191268	807128	479220	504812	480168	471053	1993452	458528	264110	393914	566190	2939200	499258	425034	295610	215604	1182300	138232	353304	380297	549290	405919	516490	1818282	1191467	1261320	135044	416850	157734	213248	631215	695904	452354	58558	79922	121121	376798	44492
515.00000797072	0	0	0	0	0	7821614	0	1199133	503204	518504	587876	3637747	272370	541628	2330269	106335	53244	214140	595728	147072	194436	817800	485800	512113	487008	476740	2022884	466144	268240	400233	575505	2994112	507990	431664	300930	219367	1203600	141007	359184	387239	560728	413797	528060	1861242	1220325	1295820	137984	434318	161184	217364	652131	739398	472815	60702	83660	125554	396722	46501
520.0000029791323	0	0	0	0	0	7851636	0	1203813	504608	520688	590102	3653543	274344	546960	2352886	107763	54143	217064	602229	148944	196746	828704	492940	518222	493088	483516	2048354	472080	272860	406196	585225	3049024	516840	439722	306950	223554	1222500	143301	365652	395516	571767	421574	539240	1903128	1249490	1332390	141120	449404	165600	223440	668565	778938	497147	63181	87576	130845	417232	47971
525.0000100753191	0	0	0	0	0	7891371	0	1209546	506844	522424	591692	3667544	276696	551346	2379093	109293	54955	221278	610897	150624	199386	841464	498960	525076	499016	490413	2087408	478800	277130	411892	594270	3101120	524982	446964	311990	228112	1240500	146298	371784	402814	582274	429755	548990	1940718	1281725	1365510	144256	461314	169740	230104	693216	811888	518161	65861	90068	136136	438328	50029
530.0000035891646	0	0	0	0	0	7930223	0	1214460	508560	524664	594077	3685494	279300	556248	2402428	110823	55709	223772	617595	152160	201960	853064	504980	530887	506160	496100	2111746	484624	281960	418389	603990	3154624	536428	455940	316890	231133	1261200	149147	379428	409756	595175	437734	560040	1983678	1308127	1398630	147980	475606	174294	236180	722349	851428	534751	68541	93183	141999	450634	52234
535.000000201718	0	0	0	0	0	7979671	0	1218555	510276	526792	596833	3701290	281484	559774	2422891	112149	56637	226954	626066	154176	204468	863968	509880	538337	512240	502271	2142876	492800	286860	424263	614250	3210944	544688	463896	321510	235214	1281300	151922	388080	417855	606480	444198	570830	2033082	1337599	1432785	150136	488310	178020	242648	748494	896240	556871	71087	96654	149006	469386	54831
540.0000009893173	0	0	0	0	0	8014108	0	1222650	512304	529032	599430	3719599	284088	563816	2444431	113730	57536	230050	635325	155952	207504	872552	515620	545191	518016	507837	2183062	498736	291200	431027	622485	3261632	553184	471546	326480	239666	1302600	154438	395556	425509	617253	451167	580710	2084634	1365229	1462455	153664	497838	182436	248724	776880	922600	578991	73432	99769	154726	488724	57477
545.0000007153164	0	0	0	0	0	8058258	0	1226394	513916	530936	601550	3733600	286482	567600	2462740	115005	58203	232630	644781	158016	210738	880904	523320	551598	524248	515097	2213626	506576	295260	436189	632070	3323584	563332	479706	332080	244277	1322400	157250	401940	434409	627760	460257	592540	2134038	1394701	1495230	157780	513718	187542	256564	803772	955550	600558	75911	103685	160303	507476	59388
550.0000018187376	0	0	0	0	0	8094461	0	1231191	516048	532504	603670	3751191	288708	571298	2483921	116535	58986	235296	652267	159888	213048	889952	529060	557409	529112	521268	2250416	513632	299390	442419	640305	3373568	572182	487560	336980	248146	1347900	159766	409584	444288	640129	469347	603330	2180757	1422945	1532490	160132	522452	190854	262444	828423	979274	621572	78591	106800	166166	532674	61495
555.0000008625755	0	0	0	0	0	8133313	0	1234116	517972	534912	606585	3768423	290808	576028	2504743	118014	59682	238478	659950	161856	215952	899464	536060	562326	534432	526955	2284376	520912	303240	448738	647865	3432704	580206	495720	342580	251485	1368600	162800	417060	450785	651567	478639	615420	2226402	1449961	1572855	163268	536744	196512	268912	855315	1018814	642033	81673	110894	171171	550254	63504
560.0000039204248	0	0	0	0	0	8160686	0	1238913	519844	536816	608546	3782065	292740	580586	2530232	119493	60204	241058	669209	163728	218328	908512	542500	568733	541272	531674	2304752	527184	307020	454701	656505	3486208	590944	503676	347760	256096	1392000	165686	423612	458795	663404	487628	626340	2269362	1480968	1605630	165620	547066	200100	274008	874737	1066262	667471	84487	113742	177034	570764	65856
565.0000046567291	0	0	0	0	0	8196006	0	1244646	522028	539000	610613	3795348	295092	585316	2552849	121023	61248	243208	676695	165552	220770	918488	546980	575587	547504	537966	2333052	533008	311850	460397	667305	3543936	599912	509898	353990	259647	1413000	168868	430836	469119	672182	497223	637910	2312322	1506756	1640475	169344	562946	206034	281260	901629	1108438	691250	87234	117747	182468	595376	68012
570.0000021130669	0	0	0	0	0	8247220	0	1248624	523484	540792	612892	3809708	297444	589874	2574030	122400	62089	246132	683196	167616	223344	928000	553420	583931	554040	544137	2355692	539728	315630	466271	674730	3594624	609470	517140	359170	263516	1436400	171717	439068	476951	680827	505606	648700	2360115	1533772	1670145	173656	574856	211002	286944	927774	1147978	712817	89579	121752	187330	613542	69874
575.0000012983166	0	0	0	0	0	8292253	0	1251666	524992	542976	614641	3823350	300006	594346	2594134	123828	63075	249056	691667	169776	225654	937976	559720	591977	560576	550913	2385690	547456	319620	471878	682560	3644608	616432	523464	364000	267650	1455000	174418	446376	485940	693861	514797	659230	2411130	1566314	1705335	176988	584384	215970	294392	951678	1174338	736043	92192	124956	192621	638740	72226
580.0000038235897	0	0	0	0	0	8331105	0	1255761	527020	544824	616655	3839505	302526	600280	2617469	125715	64264	251636	700729	171408	228426	950040	565320	598980	566808	558173	2412292	553504	323330	477040	691470	3687552	625990	531930	369110	271784	1479600	176712	453264	493416	706762	522978	668720	2456775	1590567	1739490	180124	596294	219972	299684	976329	1221786	761481	95140	128427	198627	661594	74676
585.000004851855	0	0	0	0	0	8368191	0	1258920	528580	547176	618881	3850993	305046	605010	2644035	127194	64960	254560	709003	172944	231528	960016	571620	605089	573344	564949	2440026	562240	327320	482647	700785	3747392	634368	540498	374710	275494	1503000	179931	459900	501248	717801	529745	681330	2502420	1616662	1772265	183260	612968	223560	306152	997245	1256054	781942	97820	131275	203775	685620	76979
590.0000030810482	0	0	0	0	0	8409692	0	1261728	530400	548856	621160	3864635	306768	609224	2665575	128673	66062	258344	717474	174624	234102	970688	578620	610900	579424	570394	2470590	569520	331240	487987	710235	3806528	642274	547536	379750	278886	1523700	182891	466788	508635	729505	537926	691470	2544306	1645520	1805730	187180	626466	228390	311836	1022643	1304820	812357	100098	133411	209781	712576	79331
595.0000023631421	0	0	0	0	0	8448544	0	1265823	531908	550704	623280	3882944	309330	614040	2686397	130356	66990	260322	724369	176160	237402	979736	584920	617456	586264	575234	2497758	575568	335930	493149	720225	3860736	650770	556308	386190	282543	1543800	185444	473256	515933	742938	548026	703690	2583507	1678676	1840230	190120	644728	234186	319088	1053270	1343042	831712	102644	136793	216645	732500	81242
600.0000079662849	0	0	0	0	0	8491811	0	1271673	533676	553448	624711	3892996	311472	617824	2710091	131733	67860	262902	733234	177936	239910	988088	592480	624459	593712	581405	2527190	582288	339780	499824	729675	3917056	660918	563346	392000	286889	1566300	187960	480900	522697	753445	558934	714480	2632374	1708455	1873005	192472	655844	238188	324576	1076427	1378628	853279	104855	140976	221650	758284	83545
