>time	Ribosome	coli Pol	coli Pol-P	coli Pol-2.0	coli Pol-P-2.0	gp1	gp1-3.5	gp0.3	gp0.4	gp0.5	gp0.6A	gp0.7	gp1.1	gp1.2	gp1.3	gp1.4	gp1.5	gp1.6	gp1.7	gp1.8	gp2.0	gp2.5	gp2.8	gp3.0	gp3.5	gp3.8	gp4A	gp4.2	gp4.3	gp4.5	gp4.7	gp5.0	gp5.3	gp5.5	gp5.7	gp5.9	gp6.0	gp6.3	gp6.5	gp6.7	gp7	gp7.3	gp7.7	gp8	gp9	gp10A	gp11	gp12	gp13	gp14	gp15	gp16	gp17	gp17.5	gp18	gp18.5	gp19	gp19.5	RNA: gp0.3	RNA: gp0.4	RNA: gp0.5	RNA: gp0.6A	RNA: gp0.7	RNA: gp1	RNA: gp1.1	RNA: gp1.2	RNA: gp1.3	RNA: gp1.4	RNA: gp1.5	RNA: gp1.6	RNA: gp1.7	RNA: gp1.8	RNA: gp2.0	RNA: gp2.5	RNA: gp2.8	RNA: gp3.0	RNA: gp3.5	RNA: gp3.8	RNA: gp4A	RNA: gp4.2	RNA: gp4.3	RNA: gp4.5	RNA: gp4.7	RNA: gp5.0	RNA: gp5.3	RNA: gp5.5	RNA: gp5.7	RNA: gp5.9	RNA: gp6.0	RNA: gp6.3	RNA: gp6.5	RNA: gp6.7	RNA: gp7	RNA: gp7.3	RNA: gp7.7	RNA: gp8	RNA: gp9	RNA: gp10A	RNA: gp11	RNA: gp12	RNA: gp13	RNA: gp14	RNA: gp15	RNA: gp16	RNA: gp17	RNA: gp17.5	RNA: gp18	RNA: gp18.5	RNA: gp19	RNA: gp19.5	NumColiPoly:	4	NumT7Poly	2	NumOfTimePoints:	121	NumOfProteins:	58	NumOfCoding	52
0.01341142271799856	10000	1800	0	0	0	0	0	0	0	0	0	0	0	0	0	0	0	0	0	0	0	0	0	0	0	0	0	0	0	0	0	0	0	0	0	0	0	0	0	0	0	0	0	0	0	0	0	0	0	0	0	0	0	0	0	0	0	0	0	0	0	0	0	0	0	0	0	0	0	0	0	0	0	0	0	0	0	0	0	0	0	0	0	0	0	0	0	0	0	0	0	0	0	0	0	0	0	0	0	0	0	0	0	0	0	0	0	0	0	0
5.001144773052223	10000	1800	0	0	0	0	0	0	0	0	0	0	0	0	0	0	0	0	0	0	0	0	0	0	0	0	0	0	0	0	0	0	0	0	0	0	0	0	0	0	0	0	0	0	0	0	0	0	0	0	0	0	0	0	0	0	0	0	0	0	0	0	0	0	0	0	0	0	0	0	0	0	0	0	0	0	0	0	0	0	0	0	0	0	0	0	0	0	0	0	0	0	0	0	0	0	0	0	0	0	0	0	0	0	0	0	0	0	0	0
10.00252348182355	10000	1796	0	0	0	0	0	0	0	0	0	0	0	0	0	0	0	0	0	0	0	0	0	0	0	0	0	0	0	0	0	0	0	0	0	0	0	0	0	0	0	0	0	0	0	0	0	0	0	0	0	0	0	0	0	0	0	0	0	0	0	0	0	0	0	0	0	0	0	0	0	0	0	0	0	0	0	0	0	0	0	0	0	0	0	0	0	0	0	0	0	0	0	0	0	0	0	0	0	0	0	0	0	0	0	0	0	0	0	0
15.037204037085779	10000	1787	0	0	0	0	0	0	0	0	0	0	0	0	0	0	0	0	0	0	0	0	0	0	0	0	0	0	0	0	0	0	0	0	0	0	0	0	0	0	0	0	0	0	0	0	0	0	0	0	0	0	0	0	0	0	0	0	0	0	0	0	0	0	0	0	0	0	0	0	0	0	0	0	0	0	0	0	0	0	0	0	0	0	0	0	0	0	0	0	0	0	0	0	0	0	0	0	0	0	0	0	0	0	0	0	0	0	0	0
20.000265856255965	9998	1783	0	0	0	0	0	0	0	0	0	0	0	0	0	0	0	0	0	0	0	0	0	0	0	0	0	0	0	0	0	0	0	0	0	0	0	0	0	0	0	0	0	0	0	0	0	0	0	0	0	0	0	0	0	0	0	0	0	0	0	0	0	0	0	0	0	0	0	0	0	0	0	0	0	0	0	0	0	0	0	0	0	0	0	0	0	0	0	0	0	0	0	0	0	0	0	0	0	0	0	0	0	0	0	0	0	0	0	0
25.000350022620314	9994	1778	0	0	0	0	0	0	0	0	0	0	0	0	0	0	0	0	0	0	0	0	0	0	0	0	0	0	0	0	0	0	0	0	0	0	0	0	0	0	0	0	0	0	0	0	0	0	0	0	0	0	0	0	0	0	0	0	0	0	0	0	0	0	0	0	0	0	0	0	0	0	0	0	0	0	0	0	0	0	0	0	0	0	0	0	0	0	0	0	0	0	0	0	0	0	0	0	0	0	0	0	0	0	0	0	0	0	0	0
30.00039844297179	9978	1769	0	0	0	0	0	2	0	0	0	0	0	0	0	0	0	0	0	0	0	0	0	0	0	0	0	0	0	0	0	0	0	0	0	0	0	0	0	0	0	0	0	0	0	0	0	0	0	0	0	0	0	0	0	0	0	0	5	0	0	0	0	0	0	0	0	0	0	0	0	0	0	0	0	0	0	0	0	0	0	0	0	0	0	0	0	0	0	0	0	0	0	0	0	0	0	0	0	0	0	0	0	0	0	0	0	0	0	0
35.000591960999124	9949	1764	0	0	0	0	0	4	2	1	0	0	0	0	0	0	0	0	0	0	0	0	0	0	0	0	0	0	0	0	0	0	0	0	0	0	0	0	0	0	0	0	0	0	0	0	0	0	0	0	0	0	0	0	0	0	0	0	7	2	2	0	0	0	0	0	0	0	0	0	0	0	0	0	0	0	0	0	0	0	0	0	0	0	0	0	0	0	0	0	0	0	0	0	0	0	0	0	0	0	0	0	0	0	0	0	0	0	0	0
40.00028577268723	9902	1756	0	0	0	0	0	17	11	6	0	0	0	0	0	0	0	0	0	0	0	0	0	0	0	0	0	0	0	0	0	0	0	0	0	0	0	0	0	0	0	0	0	0	0	0	0	0	0	0	0	0	0	0	0	0	0	0	20	7	3	1	0	0	0	0	0	0	0	0	0	0	0	0	0	0	0	0	0	0	0	0	0	0	0	0	0	0	0	0	0	0	0	0	0	0	0	0	0	0	0	0	0	0	0	0	0	0	0	0
45.000017833431464	9841	1744	0	0	0	0	0	38	27	19	3	0	0	0	0	0	0	0	0	0	0	0	0	0	0	0	0	0	0	0	0	0	0	0	0	0	0	0	0	0	0	0	0	0	0	0	0	0	0	0	0	0	0	0	0	0	0	0	25	17	9	4	0	0	0	0	0	0	0	0	0	0	0	0	0	0	0	0	0	0	0	0	0	0	0	0	0	0	0	0	0	0	0	0	0	0	0	0	0	0	0	0	0	0	0	0	0	0	0	0
50.00103747972554	9803	1739	0	0	0	0	0	70	64	34	15	0	0	0	0	0	0	0	0	0	0	0	0	0	0	0	0	0	0	0	0	0	0	0	0	0	0	0	0	0	0	0	0	0	0	0	0	0	0	0	0	0	0	0	0	0	0	0	31	24	17	11	0	0	0	0	0	0	0	0	0	0	0	0	0	0	0	0	0	0	0	0	0	0	0	0	0	0	0	0	0	0	0	0	0	0	0	0	0	0	0	0	0	0	0	0	0	0	0	0
55.000160504702365	9721	1729	0	0	0	0	0	100	95	63	32	0	0	0	0	0	0	0	0	0	0	0	0	0	0	0	0	0	0	0	0	0	0	0	0	0	0	0	0	0	0	0	0	0	0	0	0	0	0	0	0	0	0	0	0	0	0	0	40	30	21	20	0	0	0	0	0	0	0	0	0	0	0	0	0	0	0	0	0	0	0	0	0	0	0	0	0	0	0	0	0	0	0	0	0	0	0	0	0	0	0	0	0	0	0	0	0	0	0	0
60.00007104769526	9641	1716	0	0	0	0	0	142	136	93	67	0	0	0	0	0	0	0	0	0	0	0	0	0	0	0	0	0	0	0	0	0	0	0	0	0	0	0	0	0	0	0	0	0	0	0	0	0	0	0	0	0	0	0	0	0	0	0	45	36	29	31	0	0	0	0	0	0	0	0	0	0	0	0	0	0	0	0	0	0	0	0	0	0	0	0	0	0	0	0	0	0	0	0	0	0	0	0	0	0	0	0	0	0	0	0	0	0	0	0
65.00021174835365	9550	1709	0	0	0	0	0	191	179	132	108	0	0	0	0	0	0	0	0	0	0	0	0	0	0	0	0	0	0	0	0	0	0	0	0	0	0	0	0	0	0	0	0	0	0	0	0	0	0	0	0	0	0	0	0	0	0	0	49	43	36	37	0	0	0	0	0	0	0	0	0	0	0	0	0	0	0	0	0	0	0	0	0	0	0	0	0	0	0	0	0	0	0	0	0	0	0	0	0	0	0	0	0	0	0	0	0	0	0	0
70.00037692557504	9441	1698	1	0	0	0	0	252	229	184	161	0	0	0	0	0	0	0	0	0	0	0	0	0	0	0	0	0	0	0	0	0	0	0	0	0	0	0	0	0	0	0	0	0	0	0	0	0	0	0	0	0	0	0	0	0	0	0	57	48	45	45	10	0	0	0	0	0	0	0	0	0	0	0	0	0	0	0	0	0	0	0	0	0	0	0	0	0	0	0	0	0	0	0	0	0	0	0	0	0	0	0	0	0	0	0	0	0	0	0
75.00053947200561	9336	1686	2	0	0	0	0	324	281	247	216	0	0	0	0	0	0	0	0	0	0	0	0	0	0	0	0	0	0	0	0	0	0	0	0	0	0	0	0	0	0	0	0	0	0	0	0	0	0	0	0	0	0	0	0	0	0	0	66	56	50	57	19	0	0	0	0	0	0	0	0	0	0	0	0	0	0	0	0	0	0	0	0	0	0	0	0	0	0	0	0	0	0	0	0	0	0	0	0	0	0	0	0	0	0	0	0	0	0	0
80.00000564726088	9207	1663	17	0	0	0	0	396	349	311	300	0	0	0	0	0	0	0	0	0	0	0	0	0	0	0	0	0	0	0	0	0	0	0	0	0	0	0	0	0	0	0	0	0	0	0	0	0	0	0	0	0	0	0	0	0	0	0	75	62	58	62	43	0	0	0	0	0	0	0	0	0	0	0	0	0	0	0	0	0	0	0	0	0	0	0	0	0	0	0	0	0	0	0	0	0	0	0	0	0	0	0	0	0	0	0	0	0	0	0
85.00019408182189	9069	1622	46	0	0	0	0	482	416	386	409	0	0	0	0	0	0	0	0	0	0	0	0	0	0	0	0	0	0	0	0	0	0	0	0	0	0	0	0	0	0	0	0	0	0	0	0	0	0	0	0	0	0	0	0	0	0	0	83	69	66	74	54	0	0	0	0	0	0	0	0	0	0	0	0	0	0	0	0	0	0	0	0	0	0	0	0	0	0	0	0	0	0	0	0	0	0	0	0	0	0	0	0	0	0	0	0	0	0	0
90.00027577269086	8908	1581	81	0	0	0	0	572	495	473	533	0	0	0	0	0	0	0	0	0	0	0	0	0	0	0	0	0	0	0	0	0	0	0	0	0	0	0	0	0	0	0	0	0	0	0	0	0	0	0	0	0	0	0	0	0	0	0	90	78	74	82	66	0	0	0	0	0	0	0	0	0	0	0	0	0	0	0	0	0	0	0	0	0	0	0	0	0	0	0	0	0	0	0	0	0	0	0	0	0	0	0	0	0	0	0	0	0	0	0
95.00051658275663	8764	1522	127	0	0	0	0	679	591	568	686	0	0	0	0	0	0	0	0	0	0	0	0	0	0	0	0	0	0	0	0	0	0	0	0	0	0	0	0	0	0	0	0	0	0	0	0	0	0	0	0	0	0	0	0	0	0	0	99	87	82	90	76	0	0	0	0	0	0	0	0	0	0	0	0	0	0	0	0	0	0	0	0	0	0	0	0	0	0	0	0	0	0	0	0	0	0	0	0	0	0	0	0	0	0	0	0	0	0	0
100.00000500140919	8556	1464	174	0	0	0	0	780	683	679	838	0	0	0	0	0	0	0	0	0	0	0	0	0	0	0	0	0	0	0	0	0	0	0	0	0	0	0	0	0	0	0	0	0	0	0	0	0	0	0	0	0	0	0	0	0	0	0	104	95	90	105	88	0	0	0	0	0	0	0	0	0	0	0	0	0	0	0	0	0	0	0	0	0	0	0	0	0	0	0	0	0	0	0	0	0	0	0	0	0	0	0	0	0	0	0	0	0	0	0
105.0003756704917	8363	1395	235	0	0	0	0	898	802	783	1028	1	0	0	0	0	0	0	0	0	0	0	0	0	0	0	0	0	0	0	0	0	0	0	0	0	0	0	0	0	0	0	0	0	0	0	0	0	0	0	0	0	0	0	0	0	0	0	110	101	97	113	94	0	0	0	0	0	0	0	0	0	0	0	0	0	0	0	0	0	0	0	0	0	0	0	0	0	0	0	0	0	0	0	0	0	0	0	0	0	0	0	0	0	0	0	0	0	0	0
110.00007670074717	8184	1308	315	0	0	0	0	1016	911	905	1262	0	0	0	0	0	0	0	0	0	0	0	0	0	0	0	0	0	0	0	0	0	0	0	0	0	0	0	0	0	0	0	0	0	0	0	0	0	0	0	0	0	0	0	0	0	0	0	117	111	104	126	103	0	0	0	0	0	0	0	0	0	0	0	0	0	0	0	0	0	0	0	0	0	0	0	0	0	0	0	0	0	0	0	0	0	0	0	0	0	0	0	0	0	0	0	0	0	0	0
115.00000723044182	7955	1230	385	0	0	0	0	1160	1034	1020	1468	0	0	0	0	0	0	0	0	0	0	0	0	0	0	0	0	0	0	0	0	0	0	0	0	0	0	0	0	0	0	0	0	0	0	0	0	0	0	0	0	0	0	0	0	0	0	0	125	119	109	131	116	0	0	0	0	0	0	0	0	0	0	0	0	0	0	0	0	0	0	0	0	0	0	0	0	0	0	0	0	0	0	0	0	0	0	0	0	0	0	0	0	0	0	0	0	0	0	0
120.00014149687318	7791	1124	484	0	0	0	0	1321	1180	1159	1724	0	0	0	0	0	0	0	0	0	0	0	0	0	0	0	0	0	0	0	0	0	0	0	0	0	0	0	0	0	0	0	0	0	0	0	0	0	0	0	0	0	0	0	0	0	0	0	130	124	115	141	129	0	0	0	0	0	0	0	0	0	0	0	0	0	0	0	0	0	0	0	0	0	0	0	0	0	0	0	0	0	0	0	0	0	0	0	0	0	0	0	0	0	0	0	0	0	0	0
125.0000313900574	7559	1018	586	0	0	0	0	1465	1326	1290	1996	0	0	0	0	0	0	0	0	0	0	0	0	0	0	0	0	0	0	0	0	0	0	0	0	0	0	0	0	0	0	0	0	0	0	0	0	0	0	0	0	0	0	0	0	0	0	0	135	129	122	147	137	0	0	0	0	0	0	0	0	0	0	0	0	0	0	0	0	0	0	0	0	0	0	0	0	0	0	0	0	0	0	0	0	0	0	0	0	0	0	0	0	0	0	0	0	0	0	0
130.00000224648664	7334	898	697	0	0	0	0	1611	1471	1454	2286	1	0	0	0	0	0	0	0	0	0	0	0	0	0	0	0	0	0	0	0	0	0	0	0	0	0	0	0	0	0	0	0	0	0	0	0	0	0	0	0	0	0	0	0	0	0	0	135	132	126	153	147	29	0	0	0	0	0	0	0	0	0	0	0	0	0	0	0	0	0	0	0	0	0	0	0	0	0	0	0	0	0	0	0	0	0	0	0	0	0	0	0	0	0	0	0	0	0	0
135.00000964171142	7100	763	824	0	0	2	0	1762	1615	1602	2592	0	0	0	0	0	0	0	0	0	0	0	0	0	0	0	0	0	0	0	0	0	0	0	0	0	0	0	0	0	0	0	0	0	0	0	0	0	0	0	0	0	0	0	0	0	0	0	142	132	129	160	151	54	0	0	0	0	0	0	0	0	0	0	0	0	0	0	0	0	0	0	0	0	0	0	0	0	0	0	0	0	0	0	0	0	0	0	0	0	0	0	0	0	0	0	0	0	0	0
140.00002739310514	6806	644	940	0	0	9	0	1929	1775	1739	2888	1	1	0	0	0	0	0	0	0	0	0	0	0	0	0	0	0	0	0	0	0	0	0	0	0	0	0	0	0	0	0	0	0	0	0	0	0	0	0	0	0	0	0	0	0	0	0	149	140	135	163	155	116	2	0	0	0	0	0	0	0	0	0	0	0	0	0	0	0	0	0	0	0	0	0	0	0	0	0	0	0	0	0	0	0	0	0	0	0	0	0	0	0	0	0	0	0	0	0
145.00002836178152	6573	490	1087	0	0	28	0	2104	1930	1904	3237	0	12	2	0	0	0	0	0	0	0	0	0	0	0	0	0	0	0	0	0	0	0	0	0	0	0	0	0	0	0	0	0	0	0	0	0	0	0	0	0	0	0	0	0	0	0	0	150	146	143	169	159	136	10	4	0	0	0	0	0	0	0	0	0	0	0	0	0	0	0	0	0	0	0	0	0	0	0	0	0	0	0	0	0	0	0	0	0	0	0	0	0	0	0	0	0	0	0	0
150.00000613132548	6313	311	1256	0	0	63	0	2280	2095	2053	3613	0	32	11	0	0	0	0	0	0	0	0	0	0	0	0	0	0	0	0	0	0	0	0	0	0	0	0	0	0	0	0	0	0	0	0	0	0	0	0	0	0	0	0	0	0	0	0	156	151	146	181	167	142	21	10	0	0	0	0	0	0	0	0	0	0	0	0	0	0	0	0	0	0	0	0	0	0	0	0	0	0	0	0	0	0	0	0	0	0	0	0	0	0	0	0	0	0	0	0
155.0000812419911	6045	138	1419	0	0	107	0	2465	2264	2234	4009	3	77	30	0	0	0	0	0	0	0	0	0	0	0	0	0	0	0	0	0	0	0	0	0	0	0	0	0	0	0	0	0	0	0	0	0	0	0	0	0	0	0	0	0	0	0	0	166	154	151	187	170	156	40	29	0	0	0	0	0	0	0	0	0	0	0	0	0	0	0	0	0	0	0	0	0	0	0	0	0	0	0	0	0	0	0	0	0	0	0	0	0	0	0	0	0	0	0	0
160.00001111915242	5772	2	1548	0	0	158	0	2642	2441	2410	4356	36	129	79	0	0	0	0	0	0	0	0	0	0	0	0	0	0	0	0	0	0	0	0	0	0	0	0	0	0	0	0	0	0	0	0	0	0	0	0	0	0	0	0	0	0	0	0	172	160	154	192	177	162	52	44	0	0	0	0	0	0	0	0	0	0	0	0	0	0	0	0	0	0	0	0	0	0	0	0	0	0	0	0	0	0	0	0	0	0	0	0	0	0	0	0	0	0	0	0
165.00003968143477	5382	0	1545	0	0	219	0	2822	2641	2607	4563	213	204	128	0	0	0	0	0	0	0	0	0	0	0	0	0	0	0	0	0	0	0	0	0	0	0	0	0	0	0	0	0	0	0	0	0	0	0	0	0	0	0	0	0	0	0	0	179	170	159	197	185	166	65	63	0	0	0	0	0	0	0	0	0	0	0	0	0	0	0	0	0	0	0	0	0	0	0	0	0	0	0	0	0	0	0	0	0	0	0	0	0	0	0	0	0	0	0	0
170.0000350411194	5023	0	1538	0	0	282	0	3018	2857	2798	4772	397	297	211	1	0	0	0	0	0	0	0	0	0	0	0	0	0	0	0	0	0	0	0	0	0	0	0	0	0	0	0	0	0	0	0	0	0	0	0	0	0	0	0	0	0	0	0	183	178	171	203	189	177	73	71	19	0	0	0	0	0	0	0	0	0	0	0	0	0	0	0	0	0	0	0	0	0	0	0	0	0	0	0	0	0	0	0	0	0	0	0	0	0	0	0	0	0	0	0
175.00000964591217	4683	0	1542	0	0	363	0	3236	3065	2998	5028	580	387	294	7	0	0	0	0	0	0	0	0	0	0	0	0	0	0	0	0	0	0	0	0	0	0	0	0	0	0	0	0	0	0	0	0	0	0	0	0	0	0	0	0	0	0	0	191	182	178	217	197	182	82	74	55	0	0	0	0	0	0	0	0	0	0	0	0	0	0	0	0	0	0	0	0	0	0	0	0	0	0	0	0	0	0	0	0	0	0	0	0	0	0	0	0	0	0	0
180.0000087630866	4370	0	1545	0	0	446	0	3452	3255	3209	5291	778	497	377	27	2	1	0	0	0	0	0	0	0	0	0	0	0	0	0	0	0	0	0	0	0	0	0	0	0	0	0	0	0	0	0	0	0	0	0	0	0	0	0	0	0	0	0	194	191	183	218	206	188	88	87	74	3	3	2	1	2	0	0	0	0	0	0	0	0	0	0	0	0	0	0	0	0	0	0	0	0	0	0	0	0	0	0	0	0	0	0	0	0	0	0	0	0	0	0
185.00006196578389	3957	0	1546	0	0	525	0	3678	3467	3427	5549	991	596	488	55	6	12	5	0	3	0	0	0	0	0	0	0	0	0	0	0	0	0	0	0	0	0	0	0	0	0	0	0	0	0	0	0	0	0	0	0	0	0	0	0	0	0	0	197	196	189	225	216	192	105	99	87	5	6	6	7	3	2	3	0	0	0	0	0	0	0	0	0	0	0	0	0	0	0	0	0	0	0	0	0	0	0	0	0	0	0	0	0	0	0	0	0	0	0	0
190.00002453746646	3518	0	1545	0	7	636	0	3907	3680	3651	5825	1211	727	596	107	19	19	12	2	15	0	0	0	0	0	0	0	0	0	0	0	0	0	0	0	0	0	0	0	0	0	0	0	0	0	0	0	0	0	0	0	0	0	0	0	0	0	0	207	198	192	234	221	203	119	108	101	10	6	7	17	14	12	9	3	1	1	0	0	0	0	0	0	0	0	0	0	0	0	0	0	0	0	0	0	0	0	0	0	0	0	0	0	0	0	0	0	0	0	0
195.00003713146415	3033	0	1530	0	23	755	0	4154	3900	3870	6106	1412	879	730	183	36	29	17	9	41	0	0	1	0	0	0	0	0	0	0	0	0	0	0	0	0	0	0	0	0	0	0	0	0	0	0	0	0	0	0	0	0	0	0	0	0	0	0	220	205	196	239	225	210	141	121	114	20	11	8	22	20	18	13	10	9	8	4	0	0	0	0	0	0	0	0	0	0	0	0	0	0	0	0	0	0	0	0	0	0	0	0	0	0	0	0	0	0	0	0
200.0000032102912	2317	0	1515	0	43	886	1	4394	4147	4100	6399	1644	1037	857	286	69	57	26	32	62	0	5	10	6	0	2	0	0	0	0	0	0	0	0	0	0	0	0	0	0	0	0	0	0	0	0	0	0	0	0	0	0	0	0	0	0	0	0	227	220	209	246	234	216	155	144	127	31	25	24	35	25	22	29	24	20	14	19	6	2	0	0	0	0	0	0	0	0	0	0	0	0	0	0	0	0	0	0	0	0	0	0	0	0	0	0	0	0	0	0
205.00001093967325	1482	0	1479	0	77	1000	15	4658	4395	4336	6680	1846	1210	1019	369	118	96	55	55	102	0	19	21	24	2	16	0	0	0	1	0	0	0	0	0	0	0	0	0	0	0	0	0	0	0	0	0	0	0	0	0	0	0	0	0	0	0	0	231	227	221	257	240	225	165	161	142	43	37	41	54	48	38	37	31	30	28	36	28	9	3	5	3	0	0	0	0	0	0	0	0	0	0	0	0	0	0	0	0	0	0	0	0	0	0	0	0	0	0	0
210.00000052648588	638	0	1411	0	147	1118	39	4936	4667	4588	6979	2078	1390	1209	483	165	146	108	89	175	2	38	54	60	3	53	0	8	8	8	2	0	0	0	0	0	0	0	0	0	0	0	0	0	0	0	0	0	0	0	0	0	0	0	0	0	0	0	232	230	227	269	243	238	181	173	156	45	44	56	73	67	62	56	43	39	33	49	42	24	10	12	9	0	0	0	0	0	0	0	0	0	0	0	0	0	0	0	0	0	0	0	0	0	0	0	0	0	0	0
215.00002761526494	51	0	1333	0	226	1224	78	5220	4935	4840	7282	2319	1600	1396	589	224	197	179	139	260	2	75	103	99	2	116	0	37	25	21	9	0	0	0	0	0	0	0	0	0	0	0	0	0	0	0	0	0	0	0	0	0	0	0	0	0	0	0	244	232	232	278	251	240	196	183	163	49	47	65	90	81	82	92	71	59	50	59	55	45	28	38	23	13	1	1	0	0	0	0	0	0	0	0	0	0	0	0	0	0	0	0	0	0	0	0	0	0	0	0
220.00000036372032	25	0	1253	0	307	1310	126	5483	5152	5069	7593	2567	1796	1597	715	276	242	249	228	348	3	122	174	148	2	173	0	89	63	67	19	0	1	0	0	0	0	0	0	0	0	0	0	0	0	0	0	0	0	0	0	0	0	0	0	0	0	0	260	243	233	282	266	248	212	202	172	52	51	74	100	98	92	105	97	87	76	87	66	57	57	63	46	27	10	8	6	5	0	1	0	0	0	0	0	0	0	0	0	0	0	0	0	0	0	0	0	0	0	0
225.0000212192219	14	0	1168	0	389	1428	182	5751	5355	5275	7825	2830	1982	1781	874	314	282	321	316	426	3	200	264	218	5	240	0	142	119	115	56	0	5	4	6	7	0	0	0	0	0	0	0	0	0	0	0	0	0	0	0	0	0	0	0	0	0	0	268	252	242	284	273	254	225	212	202	56	51	78	114	107	101	116	111	112	109	120	80	77	75	83	66	57	26	22	17	16	4	8	8	7	1	0	0	0	0	0	0	0	0	0	0	0	0	0	0	0	0	0
230.00000573333386	12	0	1089	0	473	1557	256	5950	5548	5440	8038	3082	2155	1932	1049	350	318	392	415	498	6	305	355	302	10	320	0	202	172	186	101	0	14	14	15	23	0	5	1	0	0	0	0	0	0	0	0	0	0	0	0	0	0	0	0	0	0	0	279	261	245	294	277	259	233	227	210	62	62	88	126	121	111	125	124	122	118	142	100	85	77	97	87	81	56	47	45	43	15	18	27	21	14	12	8	0	0	0	0	0	0	0	0	0	0	0	0	0	0	0
235.00003537886806	4	0	1023	0	546	1664	322	6142	5718	5605	8236	3340	2298	2078	1238	386	356	444	507	571	8	404	434	388	11	406	11	255	218	249	143	0	44	38	43	52	0	19	13	8	2	4	0	0	0	0	0	0	0	0	0	0	0	0	0	0	0	0	287	270	251	301	280	262	236	234	216	66	64	97	138	137	122	141	134	130	127	154	122	116	109	120	102	95	85	76	75	72	37	27	37	36	32	29	19	2	0	0	0	0	0	0	0	0	0	0	0	0	0	0
240.00000333603893	7	0	966	0	605	1725	408	6332	5863	5775	8425	3594	2431	2234	1438	420	390	501	596	641	14	478	527	454	7	495	35	319	275	323	208	0	81	76	80	88	1	38	34	17	13	15	4	0	0	0	0	0	0	0	0	0	0	0	0	0	0	0	293	282	271	313	288	271	248	239	229	69	65	102	150	149	147	151	146	147	139	166	141	139	127	142	131	113	99	91	91	92	65	55	54	48	38	40	37	13	5	0	0	0	0	0	0	0	0	0	0	0	0	0
245.0000011393456	7	0	879	0	695	1833	469	6516	6020	5927	8585	3797	2558	2359	1620	457	422	550	678	711	11	569	606	532	15	588	86	382	337	395	266	0	131	119	123	126	7	76	60	39	30	28	13	0	0	0	0	0	0	0	0	0	0	0	0	0	0	0	305	291	287	329	291	279	262	246	244	75	66	104	155	156	151	180	174	166	148	189	153	159	154	178	168	137	123	116	113	110	82	71	91	88	78	61	51	24	16	5	0	0	0	0	0	0	0	0	0	0	0	0
250.00001734900928	8	0	827	0	750	2004	543	6676	6158	6064	8751	3989	2681	2474	1792	499	447	596	760	776	17	648	687	617	12	675	149	463	409	477	343	0	181	178	176	179	20	104	95	68	42	51	28	0	0	0	0	0	0	0	0	0	0	0	0	0	0	0	313	303	294	345	302	291	279	260	256	78	70	112	160	159	154	188	186	183	175	211	169	186	177	200	183	174	151	141	141	135	109	94	110	109	100	91	82	34	29	20	2	0	0	0	0	0	0	0	0	0	0	0
255.00000590176538	5	0	764	0	823	2134	613	6817	6274	6194	8901	4153	2793	2583	1946	527	478	643	839	839	11	731	771	693	10	742	216	552	470	562	410	10	246	240	218	221	42	141	135	107	79	80	50	0	0	0	0	0	0	0	0	0	0	0	0	0	0	0	320	308	301	356	308	299	284	276	266	80	79	124	170	170	158	191	190	190	188	225	185	202	197	228	214	205	187	168	168	167	135	124	148	134	126	114	104	58	43	27	5	0	0	0	0	0	0	0	0	0	0	0
260.00000314681756	1	0	704	0	887	2263	679	6954	6397	6299	9051	4301	2898	2693	2080	559	504	687	900	902	14	827	853	755	12	837	290	632	547	642	485	23	304	298	280	283	87	196	185	146	118	132	84	0	5	0	0	0	0	0	0	0	0	0	0	0	0	0	325	312	301	357	315	303	301	281	280	88	80	129	185	180	161	198	194	191	190	235	196	212	208	239	232	231	218	212	212	205	166	158	194	190	163	151	139	95	79	42	9	4	1	0	0	0	0	0	0	0	0	0
265.00000088622727	6	0	649	0	940	2421	752	7081	6504	6418	9185	4447	2995	2805	2232	591	530	732	971	962	15	906	923	830	12	907	390	706	617	725	557	64	370	356	342	346	131	241	242	213	154	173	124	0	13	0	1	0	0	0	0	0	0	0	0	0	0	0	335	321	302	358	321	303	302	299	285	93	86	137	196	185	163	202	202	199	192	241	197	213	209	240	235	260	248	232	226	224	192	180	213	209	198	200	188	117	128	74	12	7	5	1	0	0	0	0	0	0	0	0
270.0000056297729	10	0	605	0	981	2608	818	7194	6618	6533	9305	4592	3095	2917	2355	618	563	773	1049	1016	33	977	993	895	15	995	481	793	686	804	634	123	457	424	423	420	180	304	307	276	217	229	165	4	33	10	2	0	0	0	0	0	0	0	0	0	0	0	342	333	316	359	332	307	302	302	290	93	91	139	203	191	163	202	202	202	202	256	213	248	233	247	235	275	274	261	257	254	231	224	264	248	224	220	208	147	150	125	20	9	11	9	0	0	0	0	0	0	0	0
275.00000341930894	1	0	560	0	1024	2804	889	7285	6725	6645	9423	4733	3196	3003	2472	648	592	809	1121	1073	36	1049	1063	959	10	1084	571	876	751	888	713	180	538	499	502	481	235	372	378	341	297	298	235	16	50	20	7	0	5	0	0	0	0	0	0	0	0	0	346	344	331	376	343	313	311	303	296	105	97	148	213	193	163	202	202	202	202	260	240	284	278	286	265	280	280	278	279	277	260	251	294	284	278	268	243	180	178	152	38	13	17	13	1	0	0	0	0	0	0	0
280.00000380896523	5	0	508	0	1081	2962	937	7383	6830	6737	9533	4856	3281	3100	2576	681	622	854	1193	1127	27	1121	1123	1011	14	1172	647	950	827	978	793	248	621	588	579	567	291	444	456	423	355	356	299	31	77	27	11	0	7	0	0	0	0	0	0	0	0	0	349	348	345	393	354	316	317	306	315	113	102	161	225	203	173	206	202	202	202	263	257	300	286	308	304	280	280	280	281	279	270	255	305	304	302	298	280	188	210	178	40	21	25	17	10	0	0	0	0	0	0	0
285.00000798677144	3	0	473	0	1117	3090	993	7485	6923	6842	9652	4969	3362	3187	2668	706	651	903	1272	1179	31	1178	1178	1074	15	1239	719	1032	902	1090	867	310	696	668	657	636	362	508	552	508	434	422	372	54	109	46	19	0	15	4	0	0	0	0	0	0	0	0	362	351	347	404	359	329	327	310	328	114	111	172	227	209	184	213	213	212	204	267	262	307	305	343	320	310	296	286	283	281	273	262	315	314	305	304	304	210	233	212	43	34	47	28	16	0	0	0	0	0	0	0
290.00000371823427	1	0	415	0	1175	3192	1056	7583	7010	6927	9760	5060	3445	3285	2772	734	680	938	1334	1244	31	1240	1230	1128	11	1311	809	1120	980	1190	933	397	778	746	732	707	420	581	640	588	509	508	451	83	150	79	31	0	24	6	0	0	0	0	0	0	0	0	372	365	351	406	365	340	346	323	347	122	113	174	250	238	222	236	221	213	212	281	264	310	307	354	354	349	337	327	316	311	277	268	323	316	316	315	315	217	263	233	56	39	59	55	20	0	0	0	0	0	0	0
295.0000006077133	2	0	367	0	1224	3280	1101	7667	7104	7022	9863	5172	3527	3354	2881	755	710	979	1398	1296	43	1298	1292	1172	13	1384	888	1194	1056	1285	1008	494	849	830	802	777	508	633	724	669	596	575	522	127	198	121	40	0	33	14	0	0	0	0	0	0	0	0	378	374	361	413	367	351	366	338	354	124	113	175	252	243	230	278	264	251	227	287	267	319	316	363	355	377	362	353	353	351	305	290	335	326	324	325	316	261	269	262	58	43	76	66	31	3	0	0	0	0	0	0
300.00000387541377	4	0	318	0	1268	3323	1158	7774	7180	7109	9978	5271	3605	3431	2975	788	737	1015	1470	1347	49	1346	1339	1230	16	1449	961	1253	1124	1366	1107	575	921	905	876	866	591	708	795	742	663	647	594	176	266	169	50	0	46	27	0	0	0	0	0	0	0	0	385	381	374	427	375	362	377	358	358	137	126	177	253	244	232	282	281	279	270	326	278	332	329	375	366	406	395	386	380	376	343	345	409	393	353	338	325	298	309	272	61	51	89	83	54	17	2	1	0	0	0	0
305.00000178105955	5	0	292	0	1290	3423	1206	7866	7254	7198	10065	5375	3691	3507	3074	818	757	1057	1533	1394	71	1396	1398	1292	14	1525	1037	1326	1190	1455	1202	659	1006	981	943	936	652	791	861	814	744	731	666	229	332	228	69	1	66	40	0	0	0	0	0	0	0	0	390	387	381	434	381	370	391	374	364	147	143	205	258	247	232	283	284	282	282	363	301	350	344	393	380	412	409	407	407	408	379	378	435	427	416	409	387	324	366	306	63	53	96	94	64	21	22	17	14	3	0	0
310.000002039176	4	0	234	0	1342	3506	1264	7951	7340	7269	10160	5487	3787	3580	3170	851	781	1106	1601	1456	77	1451	1467	1351	10	1598	1107	1406	1265	1544	1274	741	1098	1069	1024	1024	725	865	954	891	826	795	735	303	400	272	79	2	85	59	0	0	0	1	0	0	0	0	390	390	389	444	395	373	412	393	366	152	145	211	279	265	234	283	284	284	284	366	305	356	352	398	398	420	422	417	414	413	405	406	474	467	454	439	430	337	393	362	75	61	111	104	85	27	22	22	22	22	0	0
315.00000035597117	2	0	205	0	1370	3551	1314	8026	7424	7341	10257	5590	3871	3657	3254	884	810	1140	1666	1496	99	1514	1519	1407	10	1682	1187	1459	1334	1634	1345	836	1180	1157	1113	1102	805	945	1039	978	907	886	811	352	467	335	91	5	106	75	0	0	0	4	2	0	0	0	395	390	389	451	406	383	426	401	375	154	151	220	281	268	234	285	285	285	285	368	343	403	378	410	405	440	438	426	423	422	413	411	498	496	486	476	468	393	406	394	92	63	117	110	95	43	32	30	28	22	14	5
320.00000943903956	4	0	167	0	1416	3602	1364	8098	7496	7429	10341	5689	3943	3723	3342	912	842	1185	1726	1545	106	1577	1569	1462	11	1752	1251	1532	1394	1713	1413	925	1263	1241	1184	1183	884	1031	1115	1071	1000	979	880	428	523	395	108	7	124	91	1	0	0	7	4	4	0	0	404	397	390	454	413	392	440	413	399	158	157	225	286	268	234	285	285	285	285	372	365	433	430	486	439	456	456	448	445	441	423	423	503	500	498	497	497	411	470	407	97	69	128	127	101	66	49	48	43	32	19	25
325.0000134657	2	0	165	0	1426	3672	1408	8176	7563	7496	10434	5755	4028	3799	3432	953	860	1230	1766	1589	133	1625	1627	1530	14	1812	1324	1616	1469	1789	1502	1001	1345	1327	1249	1268	969	1109	1209	1151	1091	1078	969	506	597	450	123	12	138	112	4	0	0	16	13	9	0	3	411	411	397	457	419	394	450	438	425	163	157	226	293	270	234	285	285	285	285	374	372	435	431	487	487	466	458	459	459	458	445	441	530	524	519	507	500	480	498	464	101	88	149	136	113	75	60	53	53	49	25	31
330.0000099501741	0	0	144	0	1453	3708	1441	8257	7644	7562	10513	5841	4108	3877	3514	982	882	1263	1823	1635	145	1671	1675	1574	22	1882	1393	1699	1550	1863	1572	1108	1424	1397	1323	1344	1044	1187	1303	1235	1168	1175	1056	589	682	514	134	20	156	139	8	0	0	25	18	11	0	4	413	413	411	465	433	400	452	449	440	170	157	228	298	284	258	285	285	285	285	376	372	437	436	494	489	502	477	466	467	467	458	458	555	548	531	532	525	497	569	497	114	95	165	159	130	80	97	92	85	63	40	45
335.0000103851586	2	0	120	0	1489	3790	1514	8321	7697	7632	10598	5926	4175	3946	3591	1014	900	1300	1876	1684	171	1719	1729	1621	15	1943	1454	1769	1618	1958	1657	1199	1487	1483	1402	1428	1133	1259	1387	1328	1257	1245	1145	653	766	593	146	25	185	157	14	0	0	40	21	16	0	14	415	414	413	480	441	409	462	450	454	178	163	234	302	293	279	320	308	292	285	376	372	438	436	498	495	551	547	526	510	502	467	466	570	561	559	557	545	508	604	563	125	97	172	166	137	84	119	111	104	97	50	75
340.0000175298678	1	0	103	0	1515	3845	1549	8372	7758	7697	10654	6000	4251	4031	3678	1041	921	1341	1928	1728	193	1770	1765	1668	17	2016	1529	1846	1683	2024	1737	1302	1575	1569	1473	1509	1220	1325	1479	1403	1340	1326	1230	725	866	663	160	37	213	179	19	0	5	51	41	31	0	18	417	415	414	482	449	415	473	457	473	182	174	250	320	308	283	339	333	327	315	390	374	441	437	499	498	561	557	552	553	551	509	500	591	577	571	571	562	520	620	601	143	110	179	171	159	97	135	126	125	119	76	80
345.0000090935806	0	0	85	0	1529	3912	1597	8439	7819	7759	10725	6072	4313	4097	3749	1072	948	1375	1978	1769	229	1811	1812	1709	25	2069	1581	1912	1751	2111	1793	1403	1668	1659	1544	1577	1302	1386	1564	1467	1455	1420	1322	790	948	742	184	45	240	208	27	0	7	68	60	41	0	30	420	417	415	486	458	424	492	468	482	190	183	252	323	316	296	348	341	341	338	426	377	451	448	504	499	568	567	565	562	561	546	538	635	624	607	599	579	557	633	617	153	122	202	192	166	105	145	143	139	137	101	130
350.0000003847226	1	0	85	0	1530	3940	1651	8477	7889	7815	10799	6135	4371	4164	3830	1097	976	1411	2014	1809	261	1868	1867	1751	18	2129	1650	1969	1819	2183	1860	1496	1764	1732	1628	1650	1361	1473	1644	1558	1545	1501	1399	847	1040	837	203	59	262	236	39	0	15	87	77	59	1	51	435	421	417	488	460	429	501	483	498	198	186	262	325	317	304	363	355	354	342	439	405	472	458	511	510	574	573	573	571	570	562	561	684	676	651	642	620	566	672	637	163	145	208	203	173	117	160	158	157	145	121	145
355.0000024676352	1	0	82	0	1535	4009	1682	8549	7953	7862	10879	6208	4433	4232	3917	1121	999	1443	2057	1850	297	1914	1911	1808	13	2188	1716	2046	1882	2260	1922	1583	1841	1825	1710	1705	1444	1545	1737	1649	1648	1587	1480	941	1143	916	223	70	285	259	57	0	27	113	96	79	5	77	441	437	421	490	465	435	506	499	517	208	202	282	339	325	305	369	368	363	361	457	415	484	479	540	523	580	577	576	575	575	572	571	701	691	683	685	679	581	682	671	168	153	223	223	190	126	168	166	161	156	138	184
360.000000916763	0	0	67	0	1548	4031	1730	8607	8007	7922	10947	6278	4493	4289	3986	1154	1020	1477	2109	1886	337	1958	1952	1852	15	2241	1789	2116	1938	2341	1984	1667	1911	1899	1781	1787	1510	1624	1814	1748	1729	1656	1559	1030	1234	1003	243	85	315	279	79	0	42	136	110	102	9	94	447	444	437	500	472	444	526	508	533	220	209	282	349	340	324	370	370	369	369	470	418	490	486	545	542	595	593	584	580	580	576	573	709	706	704	706	690	604	696	681	173	157	243	235	202	146	177	178	177	167	150	195
365.0000023088549	5	0	51	0	1558	4055	1766	8666	8058	7979	11011	6342	4563	4357	4047	1183	1043	1516	2146	1924	366	2001	2003	1910	12	2300	1849	2164	1988	2405	2047	1753	1980	1963	1856	1859	1584	1702	1897	1831	1830	1737	1655	1108	1348	1082	264	100	340	320	99	0	56	157	136	120	14	111	454	447	441	512	481	456	536	524	540	226	210	282	350	341	328	394	384	372	370	474	419	492	486	548	549	616	601	596	594	595	583	581	720	720	713	710	707	614	718	693	175	166	268	252	219	155	200	190	185	177	160	221
370.0000043767872	2	0	54	0	1555	4097	1792	8737	8112	8028	11073	6406	4617	4415	4126	1208	1070	1557	2178	1963	404	2055	2054	1958	18	2359	1918	2240	2042	2466	2114	1837	2038	2022	1921	1920	1657	1786	1976	1924	1911	1827	1742	1189	1439	1159	283	115	373	356	117	1	73	177	152	143	20	133	459	457	446	515	485	473	549	535	544	229	212	282	350	341	329	398	397	397	381	481	427	500	486	548	549	634	632	627	622	616	595	595	749	739	728	722	720	649	732	717	178	168	271	271	238	160	224	219	216	201	173	225
375.0000030376508	1	0	54	0	1552	4138	1827	8805	8181	8078	11133	6486	4689	4481	4204	1234	1093	1580	2245	2006	463	2103	2105	2011	26	2408	1975	2326	2099	2522	2193	1938	2117	2084	1987	1995	1748	1853	2065	2011	1998	1921	1832	1264	1517	1249	303	125	395	386	138	2	92	202	171	173	32	160	466	461	450	519	490	478	563	548	554	240	238	306	363	353	340	401	398	398	398	508	452	523	508	554	549	642	637	634	634	634	608	602	759	759	756	752	739	712	770	732	185	171	273	273	256	170	234	233	230	224	176	227
380.00000324274276	2	0	41	0	1561	4159	1871	8871	8246	8126	11183	6550	4763	4535	4272	1260	1129	1614	2323	2048	495	2157	2158	2053	19	2460	2040	2388	2158	2588	2249	2009	2179	2162	2041	2071	1823	1923	2142	2091	2067	2004	1926	1354	1600	1324	330	140	431	410	157	4	126	228	194	196	48	190	466	461	451	523	493	480	572	560	564	243	239	327	423	414	390	428	412	401	400	509	458	535	529	585	561	646	645	645	644	643	617	610	767	765	763	763	758	719	846	765	185	171	277	277	271	209	242	237	236	235	194	255
385.00000245294274	1	0	35	0	1567	4224	1915	8933	8309	8176	11246	6598	4830	4587	4344	1286	1155	1655	2359	2096	538	2208	2202	2095	18	2522	2117	2455	2211	2648	2335	2095	2259	2230	2112	2154	1896	1996	2227	2175	2144	2104	2020	1434	1684	1402	349	163	454	441	184	10	156	250	226	218	61	218	467	461	451	524	496	484	581	572	573	243	239	328	436	427	415	475	453	432	405	514	462	541	534	598	595	647	647	646	646	646	644	643	803	797	779	769	766	736	859	838	195	175	279	278	273	224	269	261	255	246	198	256
390.00001336634887	2	0	38	0	1572	4262	1957	8983	8367	8215	11310	6661	4892	4649	4413	1308	1178	1694	2402	2143	586	2257	2247	2135	23	2578	2165	2520	2265	2701	2397	2181	2335	2297	2195	2215	1974	2054	2306	2263	2224	2184	2089	1511	1771	1476	375	180	487	473	210	18	186	276	248	244	78	252	475	468	456	524	505	486	587	578	577	244	241	331	442	442	436	501	488	474	452	545	464	547	543	607	602	661	651	648	648	648	646	644	816	814	814	805	794	736	873	858	206	179	286	284	276	240	307	297	292	270	236	304
395.00000091448396	1	0	40	0	1572	4299	1994	9027	8409	8258	11351	6716	4967	4721	4481	1332	1200	1725	2449	2190	634	2307	2298	2186	15	2634	2208	2581	2324	2770	2477	2249	2396	2358	2276	2281	2042	2125	2391	2353	2294	2257	2174	1599	1876	1559	397	196	515	513	226	38	206	311	271	261	96	271	478	476	469	531	513	493	591	590	594	247	241	334	442	442	441	513	512	509	488	593	486	570	558	617	604	700	690	677	672	665	648	647	820	819	818	816	814	760	874	872	206	189	305	294	278	263	326	326	325	304	246	312
400.0000002334247	1	0	22	0	1585	4292	2036	9072	8456	8311	11399	6776	5025	4781	4562	1353	1223	1753	2504	2243	666	2347	2340	2238	18	2699	2263	2635	2380	2837	2541	2340	2465	2415	2342	2350	2110	2191	2495	2429	2376	2341	2256	1686	1976	1631	420	219	538	536	253	58	240	333	312	288	115	311	479	478	477	544	519	501	611	590	611	253	242	334	445	444	443	518	516	513	495	606	512	589	572	624	619	709	705	701	702	702	661	654	826	823	823	821	819	776	901	873	209	197	318	309	282	273	359	353	340	326	273	328
405.00001980531385	0	0	27	0	1577	4324	2084	9115	8507	8355	11453	6815	5094	4833	4638	1379	1251	1792	2553	2293	734	2390	2390	2287	23	2757	2314	2690	2434	2900	2603	2396	2527	2484	2403	2424	2168	2240	2580	2512	2468	2424	2342	1753	2065	1729	444	242	564	577	283	77	258	370	338	329	143	329	486	481	478	553	521	509	634	608	615	253	242	334	445	445	445	526	525	520	516	635	548	629	604	645	619	715	709	710	710	710	664	654	830	829	827	827	823	811	925	897	209	206	325	320	292	274	382	381	370	362	302	360
410.00000359607935	2	0	24	0	1580	4359	2132	9170	8550	8397	11514	6875	5154	4898	4716	1405	1276	1829	2591	2332	762	2435	2436	2343	27	2824	2380	2754	2496	2963	2658	2466	2606	2543	2476	2491	2252	2295	2660	2589	2541	2497	2416	1839	2156	1817	462	259	596	597	311	94	289	403	373	357	156	368	506	491	481	554	524	522	649	633	618	259	243	334	448	448	447	527	526	526	526	649	606	695	682	739	689	730	731	727	722	718	673	665	845	835	831	831	830	822	961	926	221	209	344	336	309	278	385	384	384	384	308	371
415.0000076982874	1	0	23	0	1584	4353	2195	9223	8586	8443	11571	6926	5218	4964	4774	1423	1303	1866	2622	2375	808	2490	2481	2388	16	2885	2441	2819	2555	3027	2720	2546	2676	2624	2556	2565	2311	2349	2744	2664	2611	2572	2480	1929	2247	1910	492	289	626	635	340	111	308	439	397	405	178	407	507	508	492	560	524	525	667	645	630	267	258	349	448	448	448	532	532	532	527	657	622	713	706	775	764	732	731	731	731	731	679	668	849	848	848	846	837	827	980	958	227	209	344	344	319	281	388	387	386	386	312	371
420.00000455937345	1	0	31	0	1575	4360	2238	9268	8621	8492	11622	6967	5285	5023	4852	1453	1338	1896	2673	2416	847	2544	2532	2428	24	2935	2494	2882	2620	3083	2778	2617	2737	2700	2612	2625	2370	2408	2816	2750	2686	2646	2558	2033	2346	2005	514	307	659	674	375	125	341	485	427	434	199	440	514	508	508	572	526	531	675	665	637	276	272	368	479	470	451	535	536	532	531	661	631	718	710	786	778	804	773	750	741	735	683	676	862	856	853	852	848	831	987	981	239	216	347	345	337	282	403	399	398	389	349	401
425.0000013419129	1	0	32	0	1576	4392	2279	9312	8668	8533	11666	7014	5334	5075	4913	1471	1357	1936	2706	2459	879	2600	2586	2488	30	3002	2556	2943	2699	3143	2851	2701	2809	2770	2671	2697	2436	2474	2900	2825	2765	2725	2633	2111	2434	2092	527	326	694	711	406	145	372	524	460	471	227	479	522	517	509	584	532	536	684	673	647	284	280	377	495	485	473	554	541	536	536	665	640	727	715	792	789	879	859	832	817	801	737	725	894	883	868	862	858	835	1004	988	242	218	354	348	343	297	415	412	410	404	383	446
430.00000799025037	0	0	18	0	1599	4430	2336	9371	8709	8574	11715	7067	5401	5125	4978	1501	1379	1967	2760	2509	907	2657	2639	2530	26	3057	2607	3015	2760	3211	2908	2768	2881	2840	2750	2761	2496	2532	2970	2897	2845	2796	2708	2194	2532	2183	546	352	722	742	431	160	395	559	477	500	248	522	523	521	517	588	546	537	694	679	660	299	295	382	508	508	494	571	563	564	548	673	660	758	741	804	794	897	893	887	879	867	788	771	939	929	910	898	880	836	1011	1003	244	231	373	360	345	307	417	415	415	415	396	474
435.0000070553991	2	0	33	0	1583	4426	2386	9417	8755	8623	11775	7117	5453	5180	5060	1533	1400	1998	2808	2543	964	2706	2681	2583	25	3107	2661	3069	2811	3281	2963	2850	2956	2912	2825	2837	2564	2616	3060	2968	2924	2863	2783	2278	2612	2276	569	374	754	769	463	182	431	601	529	535	268	569	531	526	522	595	555	540	696	694	699	307	296	394	527	521	496	587	586	582	565	690	663	767	759	836	813	910	904	896	884	871	814	807	991	970	957	942	928	864	1012	1010	247	233	375	374	349	322	444	440	431	419	401	481
440.0000023478248	1	0	27	0	1589	4417	2430	9444	8805	8670	11827	7176	5546	5234	5122	1555	1424	2031	2870	2578	1000	2764	2737	2625	25	3170	2721	3139	2863	3354	3026	2934	3027	2990	2900	2908	2624	2677	3138	3036	3009	2936	2863	2367	2695	2362	587	396	793	789	489	206	470	634	570	571	299	600	538	535	526	599	559	541	696	696	713	313	305	404	531	522	510	597	588	588	586	710	673	778	777	844	838	916	913	903	892	881	819	810	1007	1005	1002	998	970	886	1044	1012	249	234	375	375	358	339	445	445	445	444	407	496
445.0000118464341	1	0	27	0	1584	4446	2468	9484	8854	8714	11871	7205	5604	5289	5181	1577	1456	2058	2916	2610	1054	2814	2780	2669	22	3226	2774	3193	2928	3423	3087	3006	3110	3072	2972	2993	2687	2747	3217	3108	3071	3016	2940	2442	2796	2458	604	410	825	820	520	225	510	671	609	596	328	640	542	541	535	603	566	545	696	696	724	321	311	404	532	523	511	609	606	603	589	728	677	781	779	857	852	933	925	909	898	886	826	816	1016	1017	1016	1009	1005	932	1070	1046	249	236	376	375	372	340	471	469	461	444	420	500
450.0000009176974	2	0	19	0	1594	4436	2534	9518	8905	8762	11930	7249	5653	5356	5246	1594	1480	2099	2959	2657	1078	2868	2835	2723	18	3282	2838	3262	3000	3504	3152	3090	3182	3144	3039	3060	2761	2817	3283	3200	3150	3086	3016	2530	2882	2537	635	436	851	851	545	263	554	700	650	634	370	684	546	545	538	614	579	552	699	696	738	333	322	424	557	554	546	617	614	613	600	729	692	796	791	877	865	960	960	935	919	903	829	816	1018	1018	1018	1018	1018	984	1123	1067	252	240	377	377	372	347	490	489	487	472	428	513
455.00000720562355	0	0	18	0	1610	4467	2557	9562	8955	8801	11975	7293	5705	5415	5316	1626	1499	2135	2995	2707	1095	2914	2889	2774	34	3326	2894	3323	3051	3562	3210	3158	3266	3219	3108	3127	2827	2882	3362	3272	3232	3171	3084	2618	2954	2616	655	465	887	885	582	286	586	731	686	676	412	721	549	548	544	615	586	558	707	697	754	350	335	424	561	562	562	659	641	625	614	759	712	817	802	878	877	979	971	951	939	928	849	835	1036	1027	1022	1018	1018	1008	1181	1121	262	249	402	384	375	352	503	497	494	491	444	540
460.00000107818664	1	0	23	0	1619	4486	2600	9603	8992	8848	12023	7339	5745	5465	5378	1648	1527	2164	3041	2744	1129	2957	2941	2821	31	3384	2959	3387	3128	3650	3279	3217	3345	3279	3188	3205	2891	2931	3438	3351	3319	3261	3178	2704	3036	2721	677	486	915	913	605	310	617	756	716	721	450	762	553	550	548	622	592	559	716	706	773	350	336	437	573	575	564	670	670	665	646	776	735	847	843	919	895	987	974	952	941	929	871	858	1064	1054	1047	1037	1025	1018	1211	1179	270	251	413	408	377	364	519	514	510	505	468	551
465.00000037643997	0	0	22	0	1624	4518	2663	9650	9034	8899	12055	7377	5808	5520	5464	1673	1555	2197	3082	2778	1177	3006	2983	2861	24	3434	3014	3441	3193	3725	3332	3282	3429	3343	3264	3273	2957	2999	3534	3427	3413	3333	3272	2786	3125	2795	697	505	939	949	634	337	671	789	762	760	489	795	559	553	551	626	598	561	717	715	781	352	336	438	578	578	576	671	671	669	670	817	744	854	850	926	916	1000	995	975	955	942	872	859	1072	1070	1068	1066	1055	1021	1228	1211	286	258	423	422	382	374	531	523	521	519	493	607
470.0000034942829	3	0	17	0	1629	4519	2730	9699	9071	8937	12093	7434	5871	5580	5541	1702	1588	2226	3113	2825	1204	3045	3028	2919	23	3492	3077	3499	3256	3791	3391	3366	3507	3419	3322	3348	3017	3047	3623	3513	3499	3410	3334	2855	3222	2889	716	523	974	978	665	365	704	831	804	790	518	835	567	562	553	630	601	569	724	717	791	352	336	438	578	578	578	687	685	675	671	819	759	871	862	942	928	1022	998	977	964	954	872	859	1072	1072	1072	1072	1071	1022	1228	1226	289	269	428	423	405	375	550	544	541	532	506	614
475.0000028863507	2	0	14	0	1638	4516	2763	9734	9111	8981	12144	7473	5922	5627	5611	1741	1615	2255	3152	2873	1227	3087	3081	2967	27	3551	3124	3590	3317	3856	3455	3449	3564	3482	3372	3406	3075	3110	3705	3591	3567	3474	3398	2934	3329	2973	731	552	1006	1007	693	394	744	869	839	824	548	884	571	567	564	633	608	574	739	724	806	369	360	458	584	580	578	689	688	687	686	829	772	886	883	971	956	1043	1022	996	976	963	898	891	1090	1079	1072	1072	1072	1052	1229	1227	290	275	445	440	421	376	567	566	566	552	516	616
480.0000087556074	1	0	25	0	1625	4512	2803	9765	9147	9021	12182	7514	5964	5668	5688	1763	1637	2278	3196	2905	1274	3135	3133	3009	28	3609	3176	3653	3380	3924	3515	3524	3635	3563	3457	3489	3143	3176	3780	3669	3649	3556	3481	2997	3423	3046	764	569	1036	1040	717	424	775	911	883	861	579	931	572	571	568	644	618	575	751	735	814	393	378	481	614	609	598	691	691	688	688	839	773	887	884	972	972	1050	1025	1004	993	981	910	896	1114	1113	1104	1093	1078	1072	1262	1229	290	278	452	445	423	376	569	569	569	566	540	657
485.00000125380154	1	0	19	0	1634	4531	2839	9824	9191	9056	12217	7551	6016	5718	5762	1788	1661	2304	3245	2939	1312	3185	3181	3066	31	3660	3240	3721	3437	4002	3585	3608	3710	3659	3540	3567	3223	3235	3851	3726	3721	3619	3556	3079	3511	3138	780	589	1066	1081	748	457	811	945	926	914	618	969	572	572	571	647	620	579	757	746	820	395	384	490	626	626	626	713	704	691	691	841	787	901	890	976	974	1080	1048	1026	1010	1001	934	921	1131	1121	1119	1116	1114	1072	1285	1258	291	278	455	453	438	395	574	572	572	570	555	669
490.00000612157163	2	0	20	0	1636	4551	2877	9865	9234	9100	12260	7594	6074	5770	5827	1820	1691	2337	3284	2975	1361	3229	3228	3108	35	3713	3294	3784	3502	4064	3644	3687	3782	3731	3604	3636	3308	3304	3925	3798	3796	3689	3642	3166	3608	3231	795	616	1095	1111	777	486	849	992	956	945	660	1026	577	573	572	652	624	589	763	757	831	396	384	490	638	638	627	741	736	722	693	844	810	924	909	984	978	1114	1109	1094	1080	1067	983	970	1177	1163	1145	1135	1121	1090	1285	1285	302	289	467	457	446	412	580	576	576	575	569	707
495.000002545198	2	0	19	0	1634	4525	2937	9907	9270	9133	12303	7652	6124	5824	5890	1836	1721	2367	3326	3018	1400	3271	3272	3173	27	3768	3350	3847	3556	4138	3722	3768	3855	3814	3677	3721	3378	3371	3979	3885	3889	3765	3717	3244	3677	3331	818	636	1119	1141	800	506	883	1029	991	977	698	1072	582	577	573	652	626	601	768	763	845	403	392	490	638	638	628	747	742	740	738	885	831	951	941	1017	995	1119	1119	1118	1117	1116	1069	1057	1268	1238	1196	1179	1158	1092	1304	1285	304	290	488	484	454	420	608	599	590	581	571	720
500.0000008326352	3	0	16	0	1636	4494	2981	9948	9314	9168	12349	7691	6168	5871	5952	1864	1741	2404	3371	3064	1444	3314	3324	3219	30	3833	3419	3914	3610	4207	3790	3856	3938	3887	3742	3793	3450	3444	4053	3943	3959	3846	3786	3322	3767	3417	836	649	1147	1180	830	534	926	1062	1035	1018	739	1118	586	586	577	655	630	617	780	766	848	411	408	510	652	648	630	750	749	749	744	896	832	953	949	1041	1038	1125	1126	1125	1122	1121	1105	1099	1321	1307	1281	1267	1227	1102	1304	1304	306	301	502	491	457	428	631	627	618	610	576	721
505.0000018625587	1	0	11	0	1642	4464	3022	9984	9350	9209	12398	7738	6215	5929	6021	1894	1764	2435	3409	3108	1477	3354	3378	3268	32	3893	3489	3968	3672	4270	3849	3929	4004	3961	3833	3862	3511	3516	4135	4028	4043	3922	3864	3407	3857	3489	852	668	1179	1208	858	563	979	1093	1081	1049	773	1163	588	587	586	659	638	625	796	776	854	411	408	519	671	664	632	753	753	750	750	910	868	989	976	1066	1046	1144	1137	1128	1127	1127	1109	1103	1335	1334	1319	1299	1272	1126	1318	1304	310	304	515	512	483	446	637	635	635	634	587	724
510.0000044143931	1	0	10	0	1646	4448	3070	10026	9383	9241	12431	7786	6266	5972	6085	1920	1791	2468	3449	3149	1511	3402	3418	3324	28	3952	3561	4026	3729	4340	3926	4003	4070	4028	3920	3929	3580	3582	4214	4106	4136	4002	3935	3491	3938	3584	867	690	1217	1241	895	595	1024	1119	1117	1099	813	1197	593	590	586	666	644	634	804	794	867	420	409	519	675	666	641	762	753	753	753	911	881	1004	999	1096	1078	1189	1171	1160	1151	1146	1127	1126	1366	1351	1319	1300	1274	1156	1348	1317	310	305	516	515	491	452	654	646	642	639	618	768
515.0000072222095	0	0	10	0	1648	4475	3111	10060	9418	9271	12473	7827	6316	6018	6157	1938	1822	2493	3491	3197	1561	3451	3475	3381	33	4013	3614	4090	3790	4394	3999	4085	4144	4111	3992	4001	3655	3660	4297	4185	4212	4092	4019	3555	4022	3671	893	711	1254	1275	922	622	1061	1154	1157	1145	846	1250	595	593	591	667	649	639	810	803	878	433	430	541	685	677	663	766	763	763	755	921	909	1040	1026	1103	1091	1203	1196	1195	1194	1188	1139	1133	1380	1377	1347	1327	1283	1171	1382	1350	313	308	521	521	512	455	668	664	664	656	632	789
520.0000091929129	1	0	16	0	1641	4503	3145	10105	9461	9295	12513	7863	6373	6068	6210	1963	1850	2524	3541	3242	1617	3501	3548	3429	44	4070	3677	4149	3863	4467	4074	4160	4215	4171	4071	4078	3725	3736	4381	4266	4299	4184	4107	3627	4106	3778	910	736	1284	1306	951	656	1091	1192	1205	1184	886	1293	598	597	593	672	651	641	819	810	886	436	431	542	703	704	703	787	786	773	763	932	910	1047	1043	1138	1117	1239	1226	1217	1209	1205	1176	1170	1407	1394	1381	1362	1335	1219	1399	1381	316	310	528	521	515	466	685	684	681	669	637	795
525.0000024831188	0	0	13	0	1643	4499	3187	10144	9501	9332	12561	7906	6413	6141	6268	1992	1882	2561	3594	3277	1662	3544	3595	3472	37	4131	3734	4210	3916	4539	4133	4225	4278	4244	4142	4156	3808	3805	4477	4363	4387	4261	4200	3702	4194	3863	933	763	1306	1341	986	687	1138	1243	1242	1221	932	1337	605	598	598	673	652	641	822	816	891	437	431	544	708	709	705	830	822	794	785	938	925	1058	1054	1146	1145	1254	1253	1253	1245	1239	1206	1200	1452	1444	1423	1409	1391	1271	1448	1397	321	312	533	530	521	489	699	696	695	685	655	811
530.0000098102474	1	0	21	0	1636	4484	3244	10180	9535	9370	12605	7944	6459	6195	6329	2017	1913	2602	3639	3317	1698	3597	3644	3507	31	4183	3773	4274	3966	4607	4203	4307	4356	4317	4223	4230	3890	3888	4550	4453	4482	4361	4286	3780	4290	3952	952	778	1341	1375	1024	719	1182	1286	1284	1264	969	1393	605	605	600	678	654	647	829	825	901	456	452	555	709	709	705	835	833	830	807	968	929	1067	1062	1160	1156	1280	1266	1256	1255	1255	1236	1222	1456	1457	1455	1456	1436	1320	1500	1440	327	314	546	541	521	499	723	714	704	700	670	820
535.0000003879009	0	0	13	0	1646	4514	3310	10219	9563	9405	12652	7989	6503	6248	6377	2051	1945	2626	3682	3351	1727	3628	3691	3568	29	4247	3829	4344	4016	4663	4268	4375	4437	4402	4282	4319	3955	3958	4649	4539	4553	4449	4357	3862	4381	4037	974	797	1382	1409	1059	743	1222	1319	1326	1313	1002	1447	606	605	605	682	662	660	838	828	918	458	456	569	731	731	715	837	837	835	808	978	947	1084	1071	1173	1169	1311	1309	1297	1286	1283	1255	1255	1516	1510	1483	1461	1457	1335	1548	1497	338	321	552	549	529	501	744	744	741	725	680	836
540.0000124029374	0	0	17	0	1655	4538	3352	10259	9591	9437	12681	8025	6555	6306	6426	2083	1968	2657	3725	3410	1760	3677	3744	3624	34	4300	3881	4406	4091	4737	4332	4463	4518	4456	4361	4387	4037	4023	4742	4625	4639	4532	4434	3928	4455	4108	986	813	1419	1433	1097	788	1255	1346	1373	1351	1038	1501	612	608	606	685	667	672	857	835	934	464	458	572	741	741	729	859	847	840	809	978	958	1096	1092	1200	1186	1321	1317	1312	1309	1311	1272	1260	1517	1517	1517	1517	1505	1336	1564	1540	345	323	552	552	541	502	747	747	747	744	683	847
545.0000007885341	1	0	9	0	1672	4567	3387	10298	9632	9465	12725	8071	6596	6347	6483	2101	1993	2683	3768	3455	1784	3733	3792	3682	50	4343	3951	4457	4155	4819	4392	4549	4600	4533	4441	4472	4105	4094	4829	4697	4732	4630	4539	3998	4533	4184	1000	828	1452	1460	1120	815	1291	1377	1406	1392	1075	1551	615	613	607	686	668	677	867	852	950	466	462	576	742	741	736	873	862	862	838	983	963	1108	1104	1211	1200	1338	1333	1329	1325	1323	1281	1269	1524	1524	1517	1517	1517	1358	1564	1564	358	329	552	552	548	502	754	752	751	747	690	849
550.0000007166865	1	0	18	0	1666	4534	3449	10331	9656	9509	12762	8123	6643	6396	6540	2124	2024	2711	3812	3495	1833	3775	3839	3727	30	4394	3995	4522	4215	4883	4471	4630	4686	4603	4523	4538	4179	4168	4908	4775	4788	4719	4625	4072	4621	4292	1020	851	1481	1490	1143	840	1342	1411	1440	1443	1108	1600	616	615	613	690	672	681	882	864	958	471	462	577	748	748	738	877	876	877	863	1038	963	1111	1109	1217	1213	1356	1343	1337	1337	1337	1305	1301	1555	1544	1529	1528	1524	1402	1584	1564	359	345	582	558	552	520	754	754	754	754	690	849
555.0000038131576	0	0	10	0	1672	4524	3499	10368	9691	9531	12806	8175	6692	6446	6604	2147	2046	2746	3856	3537	1863	3818	3885	3773	27	4449	4053	4579	4280	4953	4539	4697	4771	4685	4596	4596	4247	4235	4995	4859	4875	4806	4717	4157	4711	4384	1043	877	1512	1520	1166	869	1385	1457	1474	1480	1150	1649	616	616	615	694	675	687	885	879	967	477	463	578	752	752	741	877	877	877	868	1041	969	1117	1111	1223	1219	1374	1370	1370	1365	1358	1319	1313	1572	1566	1566	1557	1541	1434	1626	1582	359	354	600	589	552	535	766	756	754	754	724	872
560.0000070288303	2	0	23	0	1658	4554	3551	10405	9722	9564	12847	8206	6743	6492	6671	2177	2068	2767	3902	3583	1924	3853	3921	3816	32	4502	4097	4642	4331	5013	4595	4756	4842	4761	4665	4641	4317	4307	5076	4934	4971	4884	4805	4239	4802	4473	1066	908	1539	1544	1194	899	1443	1501	1522	1522	1197	1692	618	618	616	696	676	690	889	885	967	481	469	578	755	755	744	882	877	877	874	1043	975	1123	1113	1225	1223	1391	1388	1380	1376	1371	1335	1319	1587	1587	1586	1577	1567	1434	1667	1622	365	359	615	601	559	543	791	789	780	768	753	921
565.000000897537	0	0	16	0	1664	4600	3597	10428	9758	9587	12876	8241	6795	6542	6729	2200	2099	2800	3945	3627	1966	3911	3966	3878	38	4564	4147	4712	4385	5074	4678	4833	4913	4831	4742	4708	4398	4372	5162	5017	5051	4966	4904	4333	4889	4566	1087	930	1568	1577	1224	930	1484	1552	1572	1558	1236	1742	622	618	618	696	682	694	895	887	976	481	469	585	764	763	745	887	883	883	879	1057	1018	1164	1148	1246	1226	1400	1397	1396	1392	1391	1338	1324	1593	1593	1591	1587	1587	1458	1668	1667	373	359	621	617	588	545	794	794	794	793	754	940
570.0000004151227	0	0	10	0	1675	4589	3646	10459	9781	9616	12918	8275	6843	6578	6776	2227	2128	2829	3985	3669	1996	3951	4008	3924	31	4635	4208	4766	4438	5137	4747	4919	5006	4906	4816	4772	4479	4450	5250	5109	5142	5043	4989	4423	4974	4643	1108	948	1595	1606	1260	958	1526	1595	1617	1602	1283	1790	629	623	619	697	683	701	896	890	986	481	469	585	764	764	745	887	887	887	883	1065	1023	1173	1171	1286	1264	1405	1402	1402	1402	1400	1359	1349	1609	1599	1598	1595	1593	1493	1697	1668	379	363	621	621	601	545	804	804	804	795	779	957
575.0000041418713	0	0	6	0	1685	4587	3700	10494	9816	9652	12955	8318	6882	6619	6838	2255	2146	2859	4032	3713	2028	4002	4055	3973	29	4704	4276	4813	4504	5190	4819	4988	5078	4980	4890	4864	4562	4526	5320	5188	5227	5121	5071	4488	5058	4729	1129	973	1616	1636	1282	996	1573	1643	1658	1651	1314	1837	630	629	624	701	686	705	906	892	1002	497	490	606	773	768	754	887	887	887	887	1075	1023	1174	1171	1288	1286	1408	1407	1407	1407	1407	1366	1360	1635	1635	1623	1612	1595	1496	1736	1693	379	363	621	621	619	547	807	807	804	804	785	978
580.000000652554	0	0	19	0	1676	4597	3737	10529	9853	9677	12995	8362	6929	6662	6896	2278	2173	2901	4072	3745	2086	4044	4107	4020	37	4764	4336	4879	4578	5250	4890	5054	5133	5056	4969	4927	4632	4582	5406	5267	5309	5206	5154	4561	5149	4830	1152	995	1654	1672	1321	1024	1615	1687	1707	1685	1354	1893	631	630	627	707	691	705	914	903	1015	506	503	626	790	787	770	898	898	893	887	1076	1056	1215	1203	1304	1288	1445	1436	1421	1414	1410	1368	1361	1636	1636	1635	1636	1631	1496	1742	1736	384	379	628	623	621	562	807	807	807	807	795	984
585.0000040120034	0	0	8	0	1694	4586	3777	10568	9894	9703	13040	8397	6977	6712	6954	2301	2203	2937	4112	3784	2106	4080	4157	4071	37	4833	4382	4944	4641	5320	4948	5119	5207	5136	5042	4993	4701	4665	5488	5363	5393	5279	5224	4644	5233	4902	1174	1012	1688	1704	1352	1054	1661	1729	1749	1723	1398	1945	636	633	630	707	695	710	915	914	1031	510	503	627	806	799	788	920	909	898	897	1081	1074	1236	1234	1353	1331	1471	1468	1461	1454	1449	1379	1365	1636	1636	1636	1636	1632	1498	1743	1742	391	379	648	645	621	579	811	810	811	807	795	984
590.0000006401664	1	0	22	0	1680	4549	3831	10603	9923	9736	13075	8441	7013	6751	7006	2322	2227	2973	4148	3822	2158	4123	4198	4124	34	4880	4445	5012	4687	5380	5014	5189	5284	5217	5116	5063	4782	4738	5581	5436	5480	5360	5311	4755	5334	5001	1198	1033	1722	1739	1377	1086	1718	1770	1799	1760	1441	1998	640	637	633	710	696	710	920	916	1032	510	508	638	815	811	810	942	927	920	914	1093	1076	1238	1234	1356	1356	1475	1472	1471	1471	1472	1446	1440	1693	1668	1641	1636	1636	1536	1746	1743	391	384	654	649	623	583	840	832	827	813	798	995
595.0000021632908	0	0	7	0	1693	4543	3854	10631	9945	9761	13104	8486	7061	6787	7059	2344	2254	3010	4190	3865	2189	4170	4240	4181	41	4934	4500	5070	4750	5453	5089	5280	5347	5281	5195	5153	4857	4806	5651	5536	5574	5442	5377	4833	5423	5070	1217	1059	1755	1763	1412	1113	1760	1805	1833	1802	1481	2042	648	643	638	716	696	714	930	918	1034	513	510	638	826	825	813	954	955	950	922	1117	1083	1240	1234	1357	1356	1512	1499	1485	1480	1478	1472	1471	1752	1740	1719	1697	1664	1568	1785	1746	392	391	663	655	642	617	841	841	842	842	802	997
600.0000009512215	0	0	14	0	1683	4524	3913	10665	9976	9794	13150	8527	7113	6824	7102	2372	2276	3031	4233	3901	2244	4210	4292	4231	36	4989	4558	5120	4798	5509	5159	5354	5417	5367	5286	5228	4937	4880	5733	5618	5661	5519	5464	4929	5515	5159	1229	1076	1789	1797	1439	1143	1808	1841	1872	1842	1525	2084	653	648	643	719	698	716	930	926	1045	521	516	644	830	829	822	957	956	955	955	1141	1085	1240	1234	1357	1357	1546	1539	1533	1522	1515	1482	1478	1765	1763	1757	1751	1736	1630	1821	1783	392	391	670	665	649	622	857	849	845	842	811	1002
