>time	Ribosome	coli Pol	coli Pol-P	coli Pol-2.0	coli Pol-P-2.0	gp1	gp1-3.5	gp0.3	gp0.4	gp0.5	gp0.6A	gp0.7	gp1.1	gp1.2	gp1.3	gp1.4	gp1.5	gp1.6	gp1.7	gp1.8	gp2.0	gp2.5	gp2.8	gp3.0	gp3.5	gp3.8	gp4A	gp4.2	gp4.3	gp4.5	gp4.7	gp5.0	gp5.3	gp5.5	gp5.7	gp5.9	gp6.0	gp6.3	gp6.5	gp6.7	gp7	gp7.3	gp7.7	gp8	gp9	gp10A	gp11	gp12	gp13	gp14	gp15	gp16	gp17	gp17.5	gp18	gp18.5	gp19	gp19.5
0.0036019944968860747	0	0	0	0	0	0	0	0	0	0	0	0	0	0	0	0	0	0	0	0	0	0	0	0	0	0	0	0	0	0	0	0	0	0	0	0	0	0	0	0	0	0	0	0	0	0	0	0	0	0	0	0	0	0	0	0	0	0
5.0017635501982545	0	0	0	0	0	0	0	0	0	0	0	0	0	0	0	0	0	0	0	0	0	0	0	0	0	0	0	0	0	0	0	0	0	0	0	0	0	0	0	0	0	0	0	0	0	0	0	0	0	0	0	0	0	0	0	0	0	0
10.003141000867725	0	0	0	0	0	0	0	0	0	0	0	0	0	0	0	0	0	0	0	0	0	0	0	0	0	0	0	0	0	0	0	0	0	0	0	0	0	0	0	0	0	0	0	0	0	0	0	0	0	0	0	0	0	0	0	0	0	0
15.591955375674639	0	0	0	0	0	0	0	0	0	0	0	0	0	0	0	0	0	0	0	0	0	0	0	0	0	0	0	0	0	0	0	0	0	0	0	0	0	0	0	0	0	0	0	0	0	0	0	0	0	0	0	0	0	0	0	0	0	0
20.003693134642113	0	0	0	0	0	0	0	0	0	0	0	0	0	0	0	0	0	0	0	0	0	0	0	0	0	0	0	0	0	0	0	0	0	0	0	0	0	0	0	0	0	0	0	0	0	0	0	0	0	0	0	0	0	0	0	0	0	0
25.000335065866153	0	0	0	0	0	0	0	0	0	0	0	0	0	0	0	0	0	0	0	0	0	0	0	0	0	0	0	0	0	0	0	0	0	0	0	0	0	0	0	0	0	0	0	0	0	0	0	0	0	0	0	0	0	0	0	0	0	0
30.00193525357788	0	0	0	0	0	0	0	0	0	0	0	0	0	0	0	0	0	0	0	0	0	0	0	0	0	0	0	0	0	0	0	0	0	0	0	0	0	0	0	0	0	0	0	0	0	0	0	0	0	0	0	0	0	0	0	0	0	0
35.00032367146989	0	0	0	0	0	0	0	234	0	0	0	0	0	0	0	0	0	0	0	0	0	0	0	0	0	0	0	0	0	0	0	0	0	0	0	0	0	0	0	0	0	0	0	0	0	0	0	0	0	0	0	0	0	0	0	0	0	0
40.00084159269512	0	0	0	0	0	0	0	1170	104	0	0	0	0	0	0	0	0	0	0	0	0	0	0	0	0	0	0	0	0	0	0	0	0	0	0	0	0	0	0	0	0	0	0	0	0	0	0	0	0	0	0	0	0	0	0	0	0	0
45.00032917410566	0	0	0	0	0	0	0	2808	676	280	0	0	0	0	0	0	0	0	0	0	0	0	0	0	0	0	0	0	0	0	0	0	0	0	0	0	0	0	0	0	0	0	0	0	0	0	0	0	0	0	0	0	0	0	0	0	0	0
50.00003803480709	0	0	0	0	0	0	0	4095	1196	1064	159	0	0	0	0	0	0	0	0	0	0	0	0	0	0	0	0	0	0	0	0	0	0	0	0	0	0	0	0	0	0	0	0	0	0	0	0	0	0	0	0	0	0	0	0	0	0	0
55.00014563682495	0	0	0	0	0	0	0	7020	2028	1736	954	0	0	0	0	0	0	0	0	0	0	0	0	0	0	0	0	0	0	0	0	0	0	0	0	0	0	0	0	0	0	0	0	0	0	0	0	0	0	0	0	0	0	0	0	0	0	0
60.00036365718683	0	0	0	0	0	0	0	12402	3692	2800	1643	0	0	0	0	0	0	0	0	0	0	0	0	0	0	0	0	0	0	0	0	0	0	0	0	0	0	0	0	0	0	0	0	0	0	0	0	0	0	0	0	0	0	0	0	0	0	0
65.0003740416146	0	0	0	0	0	0	0	18018	5772	4144	3074	0	0	0	0	0	0	0	0	0	0	0	0	0	0	0	0	0	0	0	0	0	0	0	0	0	0	0	0	0	0	0	0	0	0	0	0	0	0	0	0	0	0	0	0	0	0	0
70.00006493669642	0	0	0	0	0	0	0	25155	8476	6720	5247	0	0	0	0	0	0	0	0	0	0	0	0	0	0	0	0	0	0	0	0	0	0	0	0	0	0	0	0	0	0	0	0	0	0	0	0	0	0	0	0	0	0	0	0	0	0	0
75.00104370755692	0	0	0	0	0	0	0	33696	11960	10024	8109	359	0	0	0	0	0	0	0	0	0	0	0	0	0	0	0	0	0	0	0	0	0	0	0	0	0	0	0	0	0	0	0	0	0	0	0	0	0	0	0	0	0	0	0	0	0	0
80.00004396542369	0	0	0	0	0	0	0	43758	16172	13720	11607	3949	0	0	0	0	0	0	0	0	0	0	0	0	0	0	0	0	0	0	0	0	0	0	0	0	0	0	0	0	0	0	0	0	0	0	0	0	0	0	0	0	0	0	0	0	0	0
85.00007124858836	0	0	0	0	0	0	0	51948	20228	18480	15423	9693	0	0	0	0	0	0	0	0	0	0	0	0	0	0	0	0	0	0	0	0	0	0	0	0	0	0	0	0	0	0	0	0	0	0	0	0	0	0	0	0	0	0	0	0	0	0
90.00031900332635	0	0	0	0	0	0	0	61542	24336	23184	20140	15796	0	0	0	0	0	0	0	0	0	0	0	0	0	0	0	0	0	0	0	0	0	0	0	0	0	0	0	0	0	0	0	0	0	0	0	0	0	0	0	0	0	0	0	0	0	0
95.0001690628312	0	0	0	0	0	0	0	74646	29744	28336	25069	26925	0	0	0	0	0	0	0	0	0	0	0	0	0	0	0	0	0	0	0	0	0	0	0	0	0	0	0	0	0	0	0	0	0	0	0	0	0	0	0	0	0	0	0	0	0	0
100.0000140458807	0	0	0	0	0	0	0	87984	34320	33432	31058	44516	0	0	0	0	0	0	0	0	0	0	0	0	0	0	0	0	0	0	0	0	0	0	0	0	0	0	0	0	0	0	0	0	0	0	0	0	0	0	0	0	0	0	0	0	0	0
105.00020002652228	0	0	0	0	0	0	0	101322	39416	39536	36941	63543	0	0	0	0	0	0	0	0	0	0	0	0	0	0	0	0	0	0	0	0	0	0	0	0	0	0	0	0	0	0	0	0	0	0	0	0	0	0	0	0	0	0	0	0	0	0
110.0001243352901	0	0	0	0	0	0	0	115596	46228	45696	43195	86878	0	0	0	0	0	0	0	0	0	0	0	0	0	0	0	0	0	0	0	0	0	0	0	0	0	0	0	0	0	0	0	0	0	0	0	0	0	0	0	0	0	0	0	0	0	0
115.00085640680025	0	0	0	0	0	0	0	129168	53144	52360	50615	113444	0	0	0	0	0	0	0	0	0	0	0	0	0	0	0	0	0	0	0	0	0	0	0	0	0	0	0	0	0	0	0	0	0	0	0	0	0	0	0	0	0	0	0	0	0	0
120.00013715994564	0	0	0	0	0	0	0	143559	60580	59304	57452	142882	0	0	0	0	0	0	0	0	0	0	0	0	0	0	0	0	0	0	0	0	0	0	0	0	0	0	0	0	0	0	0	0	0	0	0	0	0	0	0	0	0	0	0	0	0	0
125.00013211638449	0	0	0	0	0	0	0	160407	67392	66640	65243	178064	0	0	0	0	0	0	0	0	0	0	0	0	0	0	0	0	0	0	0	0	0	0	0	0	0	0	0	0	0	0	0	0	0	0	0	0	0	0	0	0	0	0	0	0	0	0
130.0001079232415	0	0	0	0	0	0	0	177489	74984	74592	73246	213246	0	0	0	0	0	0	0	0	0	0	0	0	0	0	0	0	0	0	0	0	0	0	0	0	0	0	0	0	0	0	0	0	0	0	0	0	0	0	0	0	0	0	0	0	0	0
135.00005822721042	0	0	0	0	0	0	0	196794	82472	82656	81355	259198	0	0	0	0	0	0	0	0	0	0	0	0	0	0	0	0	0	0	0	0	0	0	0	0	0	0	0	0	0	0	0	0	0	0	0	0	0	0	0	0	0	0	0	0	0	0
140.0001819310281	0	0	0	0	0	5298	0	215865	90428	89712	89623	301201	0	0	0	0	0	0	0	0	0	0	0	0	0	0	0	0	0	0	0	0	0	0	0	0	0	0	0	0	0	0	0	0	0	0	0	0	0	0	0	0	0	0	0	0	0	0
145.000015701524	0	0	0	0	0	15894	0	235989	99060	98616	99428	349307	42	0	0	0	0	0	0	0	0	0	0	0	0	0	0	0	0	0	0	0	0	0	0	0	0	0	0	0	0	0	0	0	0	0	0	0	0	0	0	0	0	0	0	0	0	0
150.0000123924882	0	0	0	0	0	39735	0	257634	108004	107520	109498	398131	378	172	0	0	0	0	0	0	0	0	0	0	0	0	0	0	0	0	0	0	0	0	0	0	0	0	0	0	0	0	0	0	0	0	0	0	0	0	0	0	0	0	0	0	0	0
155.00000594929128	0	0	0	0	0	67108	0	281853	117260	116760	121211	449827	1092	602	0	0	0	0	0	0	0	0	0	0	0	0	0	0	0	0	0	0	0	0	0	0	0	0	0	0	0	0	0	0	0	0	0	0	0	0	0	0	0	0	0	0	0	0
160.00002477422208	0	0	0	0	0	101545	0	304434	126100	126952	133348	505472	2604	1892	0	0	0	0	0	0	0	0	0	0	0	0	0	0	0	0	0	0	0	0	0	0	0	0	0	0	0	0	0	0	0	0	0	0	0	0	0	0	0	0	0	0	0	0
165.00018963515157	0	0	0	0	0	154525	0	329121	135876	138376	147075	563271	4032	4386	0	0	0	0	0	0	0	0	0	0	0	0	0	0	0	0	0	0	0	0	0	0	0	0	0	0	0	0	0	0	0	0	0	0	0	0	0	0	0	0	0	0	0	0
170.0000190172702	0	0	0	0	0	216335	0	352404	147576	149520	159742	628250	6384	7654	0	0	0	0	0	0	0	0	0	0	0	0	0	0	0	0	0	0	0	0	0	0	0	0	0	0	0	0	0	0	0	0	0	0	0	0	0	0	0	0	0	0	0	0
175.00004276085076	0	0	0	0	0	284326	0	378963	158704	160440	172197	693229	9408	12212	718	0	0	0	0	0	0	0	0	0	0	0	0	0	0	0	0	0	0	0	0	0	0	0	0	0	0	0	0	0	0	0	0	0	0	0	0	0	0	0	0	0	0	0
180.0000164029675	0	0	0	0	0	368211	0	406458	171236	174496	187302	762157	13062	18920	2872	102	58	0	0	0	0	0	0	0	0	0	0	0	0	0	0	0	0	0	0	0	0	0	0	0	0	0	0	0	0	0	0	0	0	0	0	0	0	0	0	0	0	0
185.00003056822348	0	0	0	0	0	455628	0	434304	182988	186704	201188	833239	17472	25972	7539	255	116	258	0	240	66	0	0	0	0	0	0	0	0	0	0	0	0	0	0	0	0	0	0	0	0	0	0	0	0	0	0	0	0	0	0	0	0	0	0	0	0	0
190.00000823595576	0	0	0	0	0	573950	0	463905	194844	200592	215392	913655	22470	34916	17591	561	174	344	0	384	132	0	0	0	0	0	0	0	0	0	0	0	0	0	0	0	0	0	0	0	0	0	0	0	0	0	0	0	0	0	0	0	0	0	0	0	0	0
195.00000840100446	0	0	0	0	0	676378	0	492570	207792	214088	229490	1001251	28140	46096	34105	1122	493	516	591	720	528	232	280	149	0	0	0	0	0	0	0	0	0	0	0	0	0	0	0	0	0	0	0	0	0	0	0	0	0	0	0	0	0	0	0	0	0	0
200.000026082624	0	0	0	0	0	806179	0	522990	222352	228144	243853	1083103	33348	56502	55645	2142	928	1204	1576	1296	924	1624	1820	1043	1064	242	0	0	0	0	0	0	0	0	0	0	0	0	0	0	0	0	0	0	0	0	0	0	0	0	0	0	0	0	0	0	0	0
205.0000235011412	0	0	0	0	0	948342	0	556452	236236	243432	259647	1183264	39816	69746	85083	3519	1740	3096	2955	2352	2508	3480	4340	3427	1976	1452	0	0	140	0	0	0	0	0	0	0	0	0	0	0	0	0	0	0	0	0	0	0	0	0	0	0	0	0	0	0	0	0
210.00001799837474	0	0	0	0	0	1076377	0	589914	250692	259224	277508	1275886	47544	81786	114880	5253	2610	6192	6107	4368	4818	9048	8260	7003	4712	3872	0	1456	910	445	135	0	0	0	0	0	0	0	0	0	0	0	0	0	0	0	0	0	0	0	0	0	0	0	0	0	0	0
215.00000322587056	0	0	0	0	0	1224721	0	623493	265772	274456	295157	1373175	55230	95718	151498	6579	3509	10320	12805	7152	8250	14152	12320	10877	8056	7139	0	3696	2170	2492	810	0	0	0	0	0	0	0	0	0	0	0	0	0	0	0	0	0	0	0	0	0	0	0	0	0	0	0
220.00002046151144	0	0	0	0	0	1368650	0	662337	280696	290080	310951	1465438	63168	110940	195296	8670	4408	14620	22458	10320	12672	23664	18480	17284	13832	12826	0	6048	4130	5251	3240	0	0	0	70	106	0	0	0	0	0	0	0	0	0	0	0	0	0	0	0	0	0	0	0	0	0	0
225.0000023937068	0	0	0	0	0	1523175	0	698607	294216	304752	326374	1568112	69888	126248	247351	10251	5423	19522	34869	13728	16830	35496	27440	25628	18696	19481	0	10304	6300	9345	7830	0	472	306	280	212	0	74	0	0	0	0	0	0	0	0	0	0	0	0	0	0	0	0	0	0	0	0
230.00002478666903	0	0	0	0	0	1689179	0	729144	305916	316904	339571	1671863	74970	138288	301560	11679	6061	23564	49053	16800	20922	54752	38500	38442	28576	27467	2830	14896	7560	13439	13230	0	1770	816	1120	848	0	222	84	0	0	0	0	0	0	0	0	0	0	0	0	0	0	0	0	0	0	0
235.0000176971263	0	0	0	0	0	1878141	0	757224	316576	327488	350648	1785666	81102	150758	366180	13311	6873	27262	62055	20016	25080	75400	50120	48574	38760	36784	9056	20048	10640	17177	18495	0	3776	3264	2310	1537	0	592	336	445	399	0	0	0	0	0	0	0	0	0	0	0	0	0	0	0	0	0
240.0000175133662	0	0	0	0	0	2074167	0	780039	325728	336896	361672	1894084	86016	160734	435467	14739	7656	30530	74269	23328	28710	97904	62300	60047	48336	46948	20942	26544	13790	22428	24570	0	7434	5814	4830	2862	1200	1110	1260	1424	1197	303	260	0	0	0	0	0	0	0	0	0	0	0	0	0	0	0
245.00000250446672	0	0	0	0	0	2276374	0	801567	334308	345912	372325	1993527	91518	171484	495779	16218	8410	35346	84316	25776	32406	118088	72800	71222	60648	57838	35658	35280	17640	29548	33345	0	11446	8670	6650	4452	3300	1739	2688	3560	2527	1212	1300	0	0	0	0	0	0	0	0	0	0	0	0	0	0	0
250.00000052637913	0	0	0	0	0	2486528	0	823212	342108	353696	381229	2073225	96768	180600	546039	17442	9309	38528	97318	28800	36630	137112	83580	83440	71744	68728	56034	43008	22540	36579	42120	704	15930	12648	8820	6201	8100	2368	5124	5340	5985	3636	3250	0	0	0	0	0	0	0	0	0	0	0	0	0	0	0
255.00000097520467	0	0	0	0	0	2714342	0	840528	349336	360528	389179	2149692	100884	190060	598812	18717	10092	41796	109138	31440	40590	156136	94920	93870	80560	78287	89994	55104	27930	44678	52920	4928	21476	18564	12250	8533	15300	2849	7896	7565	9044	5656	5330	0	0	0	0	0	0	0	0	0	0	0	0	0	0	0
260.00000140543045	0	0	0	0	0	2931560	0	857259	355940	368088	397288	2219697	105546	198918	647636	20349	10614	45150	122337	34176	43824	176088	104020	102810	90592	86636	122822	63168	32480	54468	64665	19008	27612	24276	15820	12137	22500	4403	10416	10413	12236	8181	8710	0	614	0	0	0	0	0	0	0	0	0	0	0	0	0
265.00000758939404	0	0	0	0	0	3177917	0	873054	362388	374920	404496	2281445	109452	207776	688921	21471	11513	47988	132975	36864	47850	196040	116480	112942	101536	96195	169234	72016	37170	61677	76410	44352	34338	29784	19810	15741	32100	6068	13608	13439	15428	12726	12220	0	3377	0	0	0	0	0	0	0	0	0	0	0	0	0
270.00000345253557	0	0	0	0	0	3430455	0	886743	367692	381416	411333	2342475	113022	217322	740258	23307	12006	51944	144204	39024	51348	214368	126000	122776	111872	106117	214514	80080	41720	68085	86805	73216	44722	36516	24570	19345	45900	8436	17892	17622	21413	15756	16250	2148	8289	1035	588	0	0	0	0	0	0	0	0	0	0	0
275.0000041879547	0	0	0	0	0	3707717	0	899028	372840	386512	417799	2395607	116298	225406	782620	24633	12615	55212	154842	41808	54186	234320	137200	133355	123120	114708	261492	87472	45920	74760	98550	102080	52156	44676	29470	23002	57900	11285	24360	24475	26600	20503	19760	7518	15657	4830	784	0	138	0	0	0	0	0	0	0	0	0
280.0000027161394	0	0	0	0	0	3936414	0	912366	378196	391272	424159	2448021	119574	232200	822469	25551	13340	58308	164692	44400	57024	249864	147280	143934	132088	124267	310734	98784	50750	81613	108405	133760	60652	52632	33950	26447	75000	13468	30912	30171	35378	27472	27430	14499	21797	11385	1764	0	1104	196	0	0	0	0	0	0	0	0
285.00000972211996	0	0	0	0	0	4116546	0	923715	383708	396536	429194	2493614	122934	239252	860164	26826	14094	62522	176906	47136	61116	265872	156520	153470	143488	135883	357712	105840	55090	89089	117855	178112	70564	59874	38500	29203	94800	15836	37212	37113	46151	36057	37310	24702	32235	19665	2744	0	2346	1764	0	0	0	0	0	0	0	0
290.00000111998935	0	0	0	0	0	4294029	0	935415	388388	401912	435024	2541361	126630	245874	897859	27693	14616	66650	189514	49872	64812	283968	165760	162410	154432	145321	397898	114688	60550	95497	127170	230208	78706	66708	44170	33496	113100	18204	43848	45123	55195	44137	45890	34368	41752	30360	3724	0	3312	3724	0	0	0	0	0	0	0	0
295.00000202706036	0	0	0	0	0	4469746	0	946998	392912	406000	439741	2582646	129822	253184	934477	28815	15370	69918	200940	52224	68244	299512	176400	174330	165376	152581	448838	122080	64330	103240	139185	300608	87320	72930	49280	36782	135900	20535	50316	52243	65835	51914	54730	46182	52190	38640	4508	0	5520	4508	0	0	0	0	0	0	0	0
300.00000092956066	0	0	0	0	0	4615441	0	955890	397020	411096	444776	2621059	133056	259462	970018	30090	15950	72756	213154	55152	71478	318072	186200	182525	174192	160567	498646	131488	68530	111250	150120	360448	94872	80478	53690	40545	156900	22977	57960	58295	77539	59489	64610	61218	69996	50025	6076	0	8004	7056	0	0	0	0	0	0	0	0
305.00000664774296	0	0	0	0	0	4764668	0	967005	401440	415576	449281	2661267	136500	266084	997661	31263	16530	74906	222019	56592	74052	334544	194880	190571	186352	169158	542794	139664	74270	120061	164295	425216	103722	87108	58520	44255	177600	25530	64176	65059	88977	67165	73320	79476	92100	68655	8624	0	9936	10584	0	0	0	0	0	0	0	0
310.00000552175743	0	0	0	0	0	4885639	0	976716	405340	420168	453945	2700757	140322	271502	1032843	32334	16936	77228	231869	58800	76824	348928	203700	201150	194864	176902	586376	148736	79310	126291	175500	482240	112808	93636	64190	48389	196200	27750	70140	72802	101612	74235	83070	113307	116353	90735	11172	794	12144	12740	0	0	0	67	89	0	0	0
315.0000063406987	0	0	0	0	0	5009259	0	987129	409188	423472	459033	2737375	142842	277178	1062999	33507	17690	79464	240537	60480	79926	364240	212800	212027	203832	185493	619204	156352	84210	132877	188055	540672	122248	101388	70280	53212	217500	30155	76440	80901	111587	82517	93340	145527	140606	114195	13524	3176	15042	15680	0	0	0	335	267	0	0	0
320.0000006717359	0	0	0	0	0	5137294	0	997074	412568	427336	463167	2777942	146286	284574	1087770	34374	18270	82302	247629	62448	82368	376304	220080	221563	213104	194326	666748	165312	88830	141243	199125	602624	131570	111588	75950	57346	235500	32597	82572	86775	122626	91203	103870	187950	167929	134205	15876	7146	17526	19404	0	0	0	603	623	143	0	0
325.00000155972816	0	0	0	0	0	5227360	0	1005147	416572	432264	467990	2807739	149142	290422	1113977	35751	18763	84710	255115	64800	84876	393936	228340	229311	222832	201828	715424	173488	92960	148719	209655	666688	143016	120666	81480	62169	258600	35261	89376	95141	131936	98677	112840	233058	189726	162495	18816	9528	20424	24108	5229	0	0	1407	1068	1001	0	98
330.00001216161616	0	0	0	0	0	5335969	0	1012518	420108	435792	471965	2836818	152586	297560	1144492	36822	18966	86258	262010	66720	87318	403912	236320	238549	229368	211024	752214	180992	97790	155394	219105	723712	151984	129540	87290	66886	281100	37555	96432	103507	144305	107565	121160	278166	212751	187335	21560	12704	24426	29596	10458	0	0	1876	2047	2002	0	294
335.0000045007278	0	0	0	0	0	5418088	0	1019772	424112	439208	475940	2867333	156156	303408	1174648	38097	19401	88236	269299	68496	89232	417136	244440	245850	237728	218163	794098	187712	102410	162247	228420	773696	162132	138210	92330	71073	307200	40293	104916	112051	156009	115039	132730	312534	236697	215625	25088	18262	27324	35476	14940	0	553	2747	2759	3003	0	637
340.0000053232353	0	0	0	0	0	5509920	0	1027728	427596	443184	479968	2896053	159096	310374	1205163	39219	19952	90042	276194	69984	90948	431984	252840	252257	245784	227722	839944	195776	106470	168655	237195	836352	170746	144126	98420	75313	327300	42920	112560	120862	169309	124331	145210	353346	254810	241155	28224	25408	30774	40572	23904	0	3318	3484	3738	4862	0	833
345.0000087844849	0	0	0	0	0	5599986	0	1034748	430872	446432	483360	2922619	162372	316050	1236396	39984	20445	92364	282104	71568	93654	445208	257600	259707	253992	235950	884092	203392	110950	174351	248130	899008	179242	150450	104020	79023	354300	45843	121296	127537	181412	134229	156780	389862	284896	266340	32144	31760	35466	46452	29133	0	6083	4690	4984	6864	0	1323
350.0000062084472	0	0	0	0	0	5683871	0	1041183	433940	450128	487812	2947390	165480	321210	1262603	41208	21170	94944	288014	73680	95634	455184	266420	267604	261744	243089	926542	211792	116200	181560	257580	965888	189508	158202	110110	82680	378600	48729	127848	135547	193382	143622	167830	425841	311912	293250	35476	39700	38226	51940	44073	0	8295	5762	6853	9295	586	2058
355.00000476692514	0	0	0	0	0	5770405	0	1049139	437788	453264	491734	2966058	168462	326628	1293836	42585	21895	97524	293727	75696	98142	466088	273280	274309	269192	250470	958804	217392	120680	188947	267030	1032768	197178	164934	115080	87132	404400	51689	135492	142756	203889	153318	179400	468264	334016	321885	38024	52404	42366	57232	59760	0	17696	7102	8989	11583	4102	2793
360.0000019712808	0	0	0	0	0	5851641	0	1058031	440544	456008	495179	2989752	171486	332820	1321120	43962	22649	100448	300228	78048	100650	479544	279160	281759	276184	257125	992198	224336	125160	193753	274995	1096128	206028	171768	119280	91637	426300	53798	143220	150410	215992	161095	188760	510150	365637	346380	41552	67490	46644	61348	74700	0	23779	8174	10413	12727	7032	3283
365.00000416001257	0	0	0	0	0	5939941	0	1065636	443872	459256	498465	3017395	174720	338668	1346609	45543	23200	103630	309487	79776	102828	493232	286860	288315	281808	263175	1035214	230272	128450	200428	284580	1158080	214642	178806	123830	95188	447900	55981	150864	158687	227430	170286	198770	555258	390197	375015	44492	80988	51198	69972	88893	0	33180	9514	12727	15444	14064	4508
370.0000007702798	0	0	0	0	0	6006166	0	1071135	447148	462560	501327	3044679	177576	344000	1374611	46716	24360	107156	317367	81696	104874	505992	293440	298149	288344	270919	1063514	238784	132160	207014	293490	1226368	222666	184722	129640	98527	465900	58719	157752	165718	239666	177962	208260	600903	419976	398475	45864	93692	54924	76440	102339	1318	35392	11457	14774	18590	16994	5292
375.00000063743937	0	0	0	0	0	6087402	0	1077687	449540	465360	503712	3073040	180600	349160	1401177	48501	25230	110596	324459	83616	107382	516664	302120	304407	296096	277211	1094078	245728	136500	213244	305100	1285504	229982	192372	133980	102608	486300	60976	163632	172037	252434	186244	219180	645474	451290	430215	49000	107984	59616	82124	118773	6590	43134	12998	16999	22165	25784	6370
380.0000017775598	0	0	0	0	0	6159808	0	1084473	451932	468272	507316	3093503	182784	354836	1427384	50082	25868	113090	334309	85728	109626	529888	307300	312900	302632	284713	1124642	252896	140420	221610	313740	1344640	237416	199818	137690	106265	507600	63492	172032	180581	263473	195940	232310	698100	479841	457470	51156	121482	63618	88788	142677	18452	54194	14606	19580	25454	32816	7693
385.0000082066098	0	0	0	0	0	6222501	0	1091727	454740	470792	510655	3111453	184800	359566	1450719	51816	26448	116100	342977	87408	112860	540792	313320	319158	310232	291368	1157470	260288	145110	227662	322245	1398144	245676	205632	142590	109445	530400	66341	180936	187523	274113	203919	241020	748578	509313	490935	54684	131010	67344	94276	168822	32950	69125	16348	21894	30173	41606	9261
390.0000060769077	0	0	0	0	0	6284311	0	1098747	457704	473480	514365	3136583	187194	365586	1475131	53397	27347	119626	353615	89568	115236	552856	321020	326012	316920	299717	1194826	267568	149310	233269	331830	1440384	253464	214404	147770	113420	551700	68746	187068	194999	285418	213110	252590	787242	537864	514740	58408	142126	72726	100352	191232	55356	83503	17688	25276	34034	51568	10633
395.0000015177903	0	0	0	0	0	6345238	0	1105533	460252	476336	517439	3157046	189210	369370	1503492	54876	28391	122550	363071	91440	118272	564920	329700	332270	324216	305162	1226522	273728	153440	239321	341145	1496000	261606	221340	151620	117660	572100	71669	194040	201852	295526	222604	263900	825906	563652	539235	61544	161182	77418	106428	210654	72490	98987	18894	27946	38467	62702	12348
400.00000245234156	0	0	0	0	0	6411463	0	1111383	462800	478968	520460	3179663	191268	375562	1528981	56457	29261	126334	371936	93456	121110	575128	335580	340465	331056	312543	1259350	280896	157710	245818	350460	1545280	271636	228684	157430	121317	588900	74296	201264	209239	306033	229472	274560	869940	594045	565455	64288	173092	82248	112112	230823	88306	116683	21507	30705	44330	73836	14063
405.0000012159509	0	0	0	0	0	6470624	0	1117233	466024	481824	524011	3200126	193074	380808	1550521	57630	29986	129258	381392	95520	124080	589280	342300	345680	340480	319682	1295574	287392	161910	252849	360855	1604416	280958	236640	161490	125239	605700	77330	206808	215914	315742	237653	284180	911289	620447	594780	67032	185796	87354	119364	248004	102804	131614	23986	32752	47905	87900	15876
410.00000254205725	0	0	0	0	0	6524487	0	1122966	468364	484848	526184	3223820	195888	386828	1574215	59364	30624	131924	391636	97152	126786	605752	348320	353726	347624	326095	1326704	293216	165270	259346	369090	1656512	289100	244392	167160	129479	625200	79883	215040	222856	326648	244824	296530	950490	647156	623415	70952	199294	90942	125832	274149	123892	149310	25862	34977	52910	100792	17983
415.00000177458855	0	0	0	0	0	6582765	0	1130220	471172	487312	529417	3242488	198240	391300	1601499	60180	31494	134676	402274	99744	129492	618744	356720	360431	355376	332024	1361230	299936	169890	265932	375975	1702272	296534	250920	172550	133136	645000	82177	221424	230510	335160	254621	307970	992913	670795	651015	74088	215968	96600	131124	294318	159478	167006	28274	38448	57486	117200	20139
420.0000080446077	0	0	0	0	0	6641043	0	1137123	474032	490280	532120	3261515	200718	396804	1626629	61251	32132	139234	409760	103008	131406	631504	364000	367881	362672	338921	1394624	306992	174370	272518	385020	1767040	303732	260202	177590	137164	668700	84434	227724	238876	345667	265933	319150	1040169	692592	679995	77420	228672	101154	138572	312246	192428	188573	30418	41029	60918	133022	21756
425.0000058623301	0	0	0	0	0	6690491	0	1143558	476528	492912	534823	3276593	203280	401362	1649605	62730	32886	141728	418625	105600	133848	645656	370020	374586	369056	344729	1437640	313712	178990	279282	394200	1828288	311284	267444	182910	141298	694500	86839	234444	247420	359100	275326	332410	1078296	713468	709320	80556	238200	104328	144648	335403	226696	204610	33098	44411	66781	151188	23961
430.000004886891	0	0	0	0	0	6741705	0	1148472	478868	495376	537208	3295979	205380	406006	1671145	64158	33553	145426	424929	108000	136554	656328	374920	382185	375440	351626	1467638	320880	184030	285868	404190	1888128	321078	274788	188230	144849	712500	89725	241584	254896	370538	282800	343200	1125015	733116	735195	83300	250110	110124	152684	357066	267554	222306	35242	46725	72644	165838	25578
435.0000030549012	0	0	0	0	0	6784972	0	1154322	481260	497504	540017	3315365	207984	410736	1696993	65535	34394	147404	432218	110016	139326	669088	383040	389188	381672	359249	1497070	328608	187740	292187	414315	1945856	330282	282438	193200	148135	730800	92278	250068	262016	382907	290173	354640	1166364	759518	762105	86044	265196	115782	158172	374994	313684	244979	37252	50196	76505	185176	27391
440.00000115553223	0	0	0	0	0	6827356	0	1159470	483808	499464	542190	3329725	210252	416498	1718533	67320	35119	149812	440295	111696	141174	680688	389760	397383	390944	366146	1528766	335104	191310	298328	423630	1990912	337716	289374	198100	151262	754800	95719	256956	269581	392483	297849	364130	1211472	780394	792810	89964	279488	120750	163660	398151	353224	261016	38793	52866	80509	199240	29694
445.00000534505926	0	0	0	0	0	6875921	0	1165086	485264	501984	544840	3352342	212268	421056	1738278	69207	35409	152134	448963	113616	143814	694840	396900	405727	397328	373648	1566688	341712	196350	303579	433350	2038784	345268	297024	203210	155131	778800	98198	263928	277680	404453	305828	375960	1252821	806182	824895	93296	293780	124890	170324	420561	386174	275394	40803	56515	83512	215648	31360
450.0000049499927	0	0	0	0	0	6920954	0	1170000	487500	504392	547384	3370651	213990	425872	1758741	70278	35960	154026	458222	115584	146124	705512	403620	413028	404016	380908	1604610	348992	199640	311856	441315	2090880	353056	304776	208880	159106	797700	100862	270900	285868	414694	314817	385580	1294170	839645	853185	97216	309660	128616	179340	439983	413852	297514	43282	59541	88374	227954	33712
455.00000022376486	0	0	0	0	0	6972168	0	1174680	489684	506688	549875	3387883	215754	430344	1777409	72267	36453	156606	466693	117504	148962	720128	409360	419286	411464	386716	1640834	357504	203910	317730	448335	2151424	359664	311508	214270	163558	820800	103748	277788	293344	424004	324008	395070	1345185	866661	890100	100548	318394	132342	183848	460152	454710	320187	45694	62834	93093	248464	36113
460.000005659373	0	0	0	0	0	7011903	0	1180413	491816	509096	552207	3402602	218022	434128	1800744	73695	37410	159358	474376	119568	151470	731496	417620	427034	420888	395428	1677058	363328	208530	323960	457245	2201408	369576	319056	219310	167109	840600	106227	284760	301977	432915	330371	405990	1392978	897054	922185	104076	335862	136758	189924	480321	490296	342860	47101	65504	96954	270732	37828
465.0000011275857	0	0	0	0	0	7064883	0	1184859	493688	511280	554857	3420552	220416	438514	1820130	74715	37990	162196	482059	122112	153846	741704	422100	435527	428792	401720	1714980	370608	212450	330813	464130	2248576	377364	325278	224210	171349	859500	109039	291984	310343	444885	338148	418080	1435938	922842	955650	108192	349360	142416	195804	503478	529836	360003	48977	67996	101530	283624	39886
470.00000209054247	0	0	0	0	0	7111682	0	1188954	495508	513464	557666	3439938	222306	443502	1837003	75939	38715	165120	490727	124032	156024	753072	429520	443573	437456	408133	1746110	376208	216930	337221	472905	2302080	387512	333132	228340	174953	879000	111222	298788	318353	456589	347743	430040	1477287	951393	985320	110544	363652	147936	202272	525141	561468	378252	50786	70844	106392	309994	41699
475.00000113853514	0	0	0	0	0	7154066	0	1192581	497432	515480	560263	3458965	224406	447114	1857825	77316	39411	167958	497425	125760	158598	763280	434980	452513	445208	414546	1773278	384720	220780	343095	483435	2354176	394238	340476	233660	178080	901200	113923	305760	326274	468293	355318	439530	1520247	981479	1016025	113680	373974	152214	208544	548298	602326	401478	52863	73247	110396	334606	44443
480.00000061383207	0	0	0	0	0	7197333	0	1197612	499304	518280	562860	3478351	226590	451672	1880442	78642	40049	170194	504123	127344	161370	774648	441420	459814	451896	421201	1807804	393120	225050	348524	493020	2404864	402970	347718	238280	181843	926700	116513	314412	334729	479864	363297	449150	1570188	1009416	1043625	118384	384296	156354	216188	569214	641866	424151	55141	75739	116688	360976	46795
485.00000051533044	0	0	0	0	0	7238834	0	1203111	501384	520464	566040	3493429	228900	455972	1898751	79917	40658	172688	510427	129648	164274	787408	448000	466221	458584	427735	1846292	400064	228690	354309	501120	2454144	412292	353634	244370	186507	945000	118585	321552	340870	491435	372488	460590	1620129	1034897	1078815	122500	403352	161184	223832	590877	684042	448483	57553	78943	121979	383830	49294
490.00000839331364	0	0	0	0	0	7275920	0	1208376	503256	522536	568743	3510661	231588	459584	1917778	81294	41325	176902	517322	131616	167112	796456	455000	473075	466336	436084	1876856	407008	232190	360628	507870	2515392	423148	361590	248920	190005	970800	121545	328104	351016	502341	382083	470340	1658256	1064676	1114005	127204	423202	166014	231084	614781	714356	470603	59697	81257	125697	408442	51009
495.00000040837136	0	0	0	0	0	7315655	0	1213524	504920	524888	571022	3526457	233646	464228	1936446	82518	41818	179396	524020	133440	169290	806200	463260	480972	472568	443465	1907420	413280	237510	365968	515970	2570304	430700	368730	254030	193715	993300	124283	335076	358759	513912	389355	482820	1709271	1088008	1147125	130340	442258	170016	238728	635697	748624	490511	62645	84817	130130	426608	53312
500.0000087677525	0	0	0	0	0	7360688	0	1218087	507676	527184	573301	3542253	235914	468442	1955473	83640	42543	182750	532097	135456	171798	816640	470120	488571	480472	449515	1943078	420224	242270	372109	524880	2613952	441202	376890	259560	197213	1014000	126836	342972	366324	525749	397132	493220	1746324	1117173	1169895	134260	456550	174984	245392	668565	800026	509313	65124	87843	134992	445946	55321
505.000010243053	0	0	0	0	0	7403072	0	1221714	509184	529256	574997	3555536	237636	472914	1975577	85017	43500	184728	538795	137424	173844	828936	476000	495425	487008	456654	1977038	427504	246330	378784	534195	2665344	449816	383112	263620	200976	1038600	129463	350112	374334	540246	405111	502970	1794117	1143575	1201635	137788	472430	179538	254408	696204	842202	530880	66732	90246	139854	462354	57477
510.0000036167555	0	0	0	0	0	7437509	0	1226043	511108	530992	577064	3575999	239904	476182	1996758	86445	44167	186362	548448	138816	176418	839608	483420	503620	493848	463188	2009300	434224	252070	384480	542970	2711104	456542	391884	267890	205375	1060200	131757	357504	382166	553147	412888	515190	1836003	1170284	1233720	141512	485928	185886	261072	716373	871198	552447	69479	93450	146003	488724	59094
515.0000037523446	0	0	0	0	0	7482542	0	1230489	512772	533344	579184	3590718	241836	480138	2013631	87465	44776	189716	555737	140640	178992	848656	488600	509580	503120	471658	2039298	442288	255570	389642	551340	2765312	466454	400758	273280	208873	1079100	134717	365988	389019	564452	420160	525590	1886481	1196993	1267875	144648	501014	189198	265776	738036	901512	568484	71355	96921	153296	508648	61348
520.0000057298954	0	0	0	0	0	7526692	0	1233999	514384	535192	581516	3607232	244230	484954	2034094	88638	45559	192726	564011	142224	182358	860720	494900	515987	511176	477587	2078352	450016	259420	395694	558360	2822336	474478	409530	278600	212636	1100400	137788	372540	396139	576289	429452	536900	1938570	1230456	1299270	148568	516100	194028	272440	761940	943688	586733	73767	100570	158873	529744	63504
525.0000018367016	0	0	0	0	0	7556714	0	1238211	516672	537376	584060	3622669	245826	490372	2055634	90066	46603	195220	570315	143760	184734	870232	501760	523139	518472	485331	2112312	457856	263760	401123	567270	2878656	482620	415446	284270	217300	1123800	140452	380016	404327	586929	437229	546520	1976160	1262691	1329975	152684	530392	199548	277732	781362	979274	606641	76179	104486	164593	550840	66003
530.0000030026946	0	0	0	0	0	7606162	0	1242306	519376	539280	586233	3638465	247884	494156	2075020	91290	47386	197370	577998	145536	186978	880440	508620	529695	526224	491381	2147404	464240	267890	404772	577395	2928640	492060	421668	288610	221699	1142700	143523	387744	413138	598899	446521	557570	2019657	1289093	1362750	155036	543890	202998	284592	807507	1010906	623784	78524	108847	169455	573108	68355
535.0000018374393	0	0	0	0	0	7640599	0	1246752	520988	541072	588671	3653184	249606	498714	2098355	92463	48082	199950	583514	147216	189420	892504	514500	537890	533064	497310	2174006	471744	271810	410824	586575	2986368	502916	430848	294000	224561	1163700	146039	396144	420881	609672	454904	569920	2071746	1317337	1388625	157388	558976	206586	290864	826929	1045174	648669	81539	112407	175175	595376	70756
540.0000004141932	0	0	0	0	0	7696228	0	1252134	522756	542976	590579	3667185	251916	503272	2118100	93789	49010	202788	593561	148896	191400	902944	521500	543701	540968	503965	2202872	478016	275730	415986	596295	3046912	511766	438804	299040	228854	1180500	148518	401688	428713	620179	463186	580970	2116854	1340362	1417950	161700	567710	211692	298116	856062	1083396	669130	85023	116590	180895	618816	73010
545.0000173387299	0	0	0	0	0	7736846	0	1256346	524680	545048	592699	3680109	254352	507658	2141076	95217	49706	205368	600456	150768	194040	915936	528500	551151	547656	510499	2230606	484848	279510	422394	605205	3106048	520616	445842	304710	232564	1199100	150886	410256	436901	631617	472377	590330	2164110	1368606	1452105	165032	582796	214590	302820	882207	1125572	687379	87435	119705	185900	639326	74823
550.0000040474359	0	0	0	0	0	7779230	0	1261611	526604	547064	594501	3692315	255948	512646	2160462	96747	50634	207776	608533	152448	195954	926376	534660	558601	552520	517759	2261736	490336	284970	427734	616545	3151104	528994	452574	309750	235744	1222800	153735	416640	444644	643587	481669	601380	2208681	1397157	1481430	169540	603440	218592	310268	904617	1167748	713370	89579	122820	193622	666868	76979
555.0000084147975	0	0	0	0	0	7810135	0	1266174	528372	548464	596515	3704521	258426	517634	2179489	98022	51185	210442	616807	154512	198726	937976	543060	566796	559968	524172	2289470	498176	289940	433519	623700	3196864	537254	461652	315630	240037	1246200	156510	424116	451586	654493	490153	612950	2255400	1432462	1519035	172480	618526	223284	314580	925533	1198062	736596	91522	127537	198770	688550	79380
560.0000006508685	0	0	0	0	0	7845455	0	1269918	530348	550368	598635	3720317	260064	521848	2204978	99501	51852	213194	623505	156288	200970	948184	550060	573352	565744	529980	2319468	504112	294630	439393	632880	3260224	547638	469608	319970	244436	1268100	159174	432432	459774	667394	497728	625300	2304267	1457329	1553880	176400	631230	226596	319480	953172	1237602	759269	93666	131008	205062	706716	82173
565.0000023791497	0	0	0	0	0	7887839	0	1273779	532740	552328	600437	3736472	261702	525546	2224005	101082	52548	215860	631976	158160	203676	959784	556640	581398	571368	536877	2357390	509264	298900	445267	641250	3329920	555072	476748	324100	248464	1288200	161949	439992	467517	679364	507020	636350	2347227	1480661	1589415	181692	643140	229908	323596	980064	1277142	783048	96815	134301	209638	731328	84231
570.0000011000718	0	0	0	0	0	7931989	0	1277640	534716	554120	602345	3747601	264180	531050	2243032	102408	53360	217838	640841	159888	205458	971152	561120	588699	577752	542806	2381162	516208	304010	451586	650025	3375680	561916	483582	329420	253340	1309200	164465	448056	476417	690935	516817	649480	2386428	1509826	1617360	186788	657432	234324	331632	1016667	1328544	797426	99294	137772	215072	750666	87073
575.0000011621232	0	0	0	0	0	7963777	0	1282086	536796	555688	604253	3760166	265524	534662	2262059	103989	54462	220762	649312	162096	207438	983680	568400	597192	586112	549703	2410594	523488	309680	458350	660690	3427072	571238	491640	333690	257633	1331400	166759	453852	482736	700777	524998	660010	2436369	1539605	1648410	190708	674106	238740	337708	1040571	1382582	822864	102577	140798	222222	770004	89964
580.0000072371766	0	0	0	0	0	7995565	0	1285362	538980	557872	606638	3775962	267498	539134	2283599	105468	55245	222310	658177	163776	209022	993656	574420	604642	591888	555753	2433800	531552	315140	465203	671085	3474944	579970	499188	339780	261025	1348500	169830	460992	492437	714343	534290	670930	2479329	1570305	1682565	193452	686016	242466	344960	1068957	1435302	842772	105458	143379	227513	790514	92414
585.0000059379097	0	0	0	0	0	8037949	0	1289574	541060	559496	608705	3786373	269136	542660	2303344	107100	55796	225320	665072	165312	211596	1007808	580160	611794	597968	562287	2463232	538944	320600	472145	679590	3534784	588112	507348	345240	263834	1372200	172827	468048	499735	725249	543683	682890	2519067	1599777	1711545	197764	704278	247296	350252	1100331	1470888	867104	107602	148096	232947	816298	94815
590.0000104881441	0	0	0	0	0	8065322	0	1293435	543140	561568	611196	3800733	271194	547046	2323089	108630	57043	228416	672558	167040	214896	1017320	585480	618946	605112	568821	2500588	546896	325150	478375	687825	3581248	597434	515100	350070	268392	1395000	175676	476532	507567	736155	551359	692900	2560953	1628021	1740525	202860	720952	252540	357896	1111536	1522290	889224	109813	151389	239096	836222	97412
595.0000074971682	0	0	0	0	0	8090929	0	1296711	544544	563528	613528	3813298	272958	550916	2345347	109701	57826	230910	679059	169488	217536	1029152	592200	625949	611952	576202	2541906	554400	328650	485050	697410	3634048	605222	521934	354830	272208	1419300	178525	484680	515221	747726	558631	706680	2601228	1659028	1772610	205212	732068	257508	363972	1137681	1559194	909132	112761	154771	246532	854974	99813
600.0000101943417	0	0	0	0	0	8121834	0	1300338	545792	565544	614959	3823709	274848	554786	2361861	111027	58812	234006	685757	171648	219912	1039592	598080	633697	618032	582252	2572470	561120	333060	489500	708885	3685440	613954	528258	360850	275918	1440600	181152	491988	523765	759297	568428	718900	2656539	1686351	1800900	208936	747154	263028	370048	1162332	1605324	930146	116379	157975	252824	871968	101577
