>time	Ribosome	coli Pol	coli Pol-P	coli Pol-2.0	coli Pol-P-2.0	gp1	gp1-3.5	gp0.3	gp0.4	gp0.5	gp0.6A	gp0.7	gp1.1	gp1.2	gp1.3	gp1.4	gp1.5	gp1.6	gp1.7	gp1.8	gp2.0	gp2.5	gp2.8	gp3.0	gp3.5	gp3.8	gp4A	gp4.2	gp4.3	gp4.5	gp4.7	gp5.0	gp5.3	gp5.5	gp5.7	gp5.9	gp6.0	gp6.3	gp6.5	gp6.7	gp7	gp7.3	gp7.7	gp8	gp9	gp10A	gp11	gp12	gp13	gp14	gp15	gp16	gp17	gp17.5	gp18	gp18.5	gp19	gp19.5
0.003241778488315077	0	0	0	0	0	0	0	0	0	0	0	0	0	0	0	0	0	0	0	0	0	0	0	0	0	0	0	0	0	0	0	0	0	0	0	0	0	0	0	0	0	0	0	0	0	0	0	0	0	0	0	0	0	0	0	0	0	0
5.0035168658155245	0	0	0	0	0	0	0	0	0	0	0	0	0	0	0	0	0	0	0	0	0	0	0	0	0	0	0	0	0	0	0	0	0	0	0	0	0	0	0	0	0	0	0	0	0	0	0	0	0	0	0	0	0	0	0	0	0	0
10.006470894673262	0	0	0	0	0	0	0	0	0	0	0	0	0	0	0	0	0	0	0	0	0	0	0	0	0	0	0	0	0	0	0	0	0	0	0	0	0	0	0	0	0	0	0	0	0	0	0	0	0	0	0	0	0	0	0	0	0	0
15.000265610732756	0	0	0	0	0	0	0	0	0	0	0	0	0	0	0	0	0	0	0	0	0	0	0	0	0	0	0	0	0	0	0	0	0	0	0	0	0	0	0	0	0	0	0	0	0	0	0	0	0	0	0	0	0	0	0	0	0	0
20.000678899411323	0	0	0	0	0	0	0	0	0	0	0	0	0	0	0	0	0	0	0	0	0	0	0	0	0	0	0	0	0	0	0	0	0	0	0	0	0	0	0	0	0	0	0	0	0	0	0	0	0	0	0	0	0	0	0	0	0	0
25.00176716454342	0	0	0	0	0	0	0	0	0	0	0	0	0	0	0	0	0	0	0	0	0	0	0	0	0	0	0	0	0	0	0	0	0	0	0	0	0	0	0	0	0	0	0	0	0	0	0	0	0	0	0	0	0	0	0	0	0	0
30.000152322447118	0	0	0	0	0	0	0	0	0	0	0	0	0	0	0	0	0	0	0	0	0	0	0	0	0	0	0	0	0	0	0	0	0	0	0	0	0	0	0	0	0	0	0	0	0	0	0	0	0	0	0	0	0	0	0	0	0	0
35.000488377758735	0	0	0	0	0	0	0	1404	104	0	0	0	0	0	0	0	0	0	0	0	0	0	0	0	0	0	0	0	0	0	0	0	0	0	0	0	0	0	0	0	0	0	0	0	0	0	0	0	0	0	0	0	0	0	0	0	0	0
40.00001607004963	0	0	0	0	0	0	0	2808	780	56	0	0	0	0	0	0	0	0	0	0	0	0	0	0	0	0	0	0	0	0	0	0	0	0	0	0	0	0	0	0	0	0	0	0	0	0	0	0	0	0	0	0	0	0	0	0	0	0
45.00010988783885	0	0	0	0	0	0	0	6552	1612	448	371	0	0	0	0	0	0	0	0	0	0	0	0	0	0	0	0	0	0	0	0	0	0	0	0	0	0	0	0	0	0	0	0	0	0	0	0	0	0	0	0	0	0	0	0	0	0	0
50.00023172300835	0	0	0	0	0	0	0	10179	3016	1456	1007	0	0	0	0	0	0	0	0	0	0	0	0	0	0	0	0	0	0	0	0	0	0	0	0	0	0	0	0	0	0	0	0	0	0	0	0	0	0	0	0	0	0	0	0	0	0	0
55.00013777148722	0	0	0	0	0	0	0	13806	4524	2968	2173	0	0	0	0	0	0	0	0	0	0	0	0	0	0	0	0	0	0	0	0	0	0	0	0	0	0	0	0	0	0	0	0	0	0	0	0	0	0	0	0	0	0	0	0	0	0	0
60.00025436630546	0	0	0	0	0	0	0	18837	6292	4928	3816	0	0	0	0	0	0	0	0	0	0	0	0	0	0	0	0	0	0	0	0	0	0	0	0	0	0	0	0	0	0	0	0	0	0	0	0	0	0	0	0	0	0	0	0	0	0	0
65.00029775494329	0	0	0	0	0	0	0	25038	9204	6720	6254	0	0	0	0	0	0	0	0	0	0	0	0	0	0	0	0	0	0	0	0	0	0	0	0	0	0	0	0	0	0	0	0	0	0	0	0	0	0	0	0	0	0	0	0	0	0	0
70.00020052614288	0	0	0	0	0	0	0	32526	11856	9184	8586	0	0	0	0	0	0	0	0	0	0	0	0	0	0	0	0	0	0	0	0	0	0	0	0	0	0	0	0	0	0	0	0	0	0	0	0	0	0	0	0	0	0	0	0	0	0	0
75.00004802617592	0	0	0	0	0	0	0	40950	14924	11424	11395	1795	0	0	0	0	0	0	0	0	0	0	0	0	0	0	0	0	0	0	0	0	0	0	0	0	0	0	0	0	0	0	0	0	0	0	0	0	0	0	0	0	0	0	0	0	0	0
80.00003200205022	0	0	0	0	0	0	0	47970	18668	15512	15211	5744	0	0	0	0	0	0	0	0	0	0	0	0	0	0	0	0	0	0	0	0	0	0	0	0	0	0	0	0	0	0	0	0	0	0	0	0	0	0	0	0	0	0	0	0	0	0
85.00029050092246	0	0	0	0	0	0	0	57915	22932	19376	19292	14001	0	0	0	0	0	0	0	0	0	0	0	0	0	0	0	0	0	0	0	0	0	0	0	0	0	0	0	0	0	0	0	0	0	0	0	0	0	0	0	0	0	0	0	0	0	0
90.00022374605581	0	0	0	0	0	0	0	70668	28184	24304	23691	28720	0	0	0	0	0	0	0	0	0	0	0	0	0	0	0	0	0	0	0	0	0	0	0	0	0	0	0	0	0	0	0	0	0	0	0	0	0	0	0	0	0	0	0	0	0	0
95.00002242233803	0	0	0	0	0	0	0	83187	32864	29736	29627	41285	0	0	0	0	0	0	0	0	0	0	0	0	0	0	0	0	0	0	0	0	0	0	0	0	0	0	0	0	0	0	0	0	0	0	0	0	0	0	0	0	0	0	0	0	0	0
100.00012223518696	0	0	0	0	0	0	0	95238	37440	35168	36146	60671	0	0	0	0	0	0	0	0	0	0	0	0	0	0	0	0	0	0	0	0	0	0	0	0	0	0	0	0	0	0	0	0	0	0	0	0	0	0	0	0	0	0	0	0	0	0
105.0004866082026	0	0	0	0	0	0	0	108576	42380	40264	41923	81852	0	0	0	0	0	0	0	0	0	0	0	0	0	0	0	0	0	0	0	0	0	0	0	0	0	0	0	0	0	0	0	0	0	0	0	0	0	0	0	0	0	0	0	0	0	0
110.0000979822889	0	0	0	0	0	0	0	122382	48724	46984	48495	109495	0	0	0	0	0	0	0	0	0	0	0	0	0	0	0	0	0	0	0	0	0	0	0	0	0	0	0	0	0	0	0	0	0	0	0	0	0	0	0	0	0	0	0	0	0	0
115.00005100982828	0	0	0	0	0	0	0	137124	54912	53872	55067	134984	0	0	0	0	0	0	0	0	0	0	0	0	0	0	0	0	0	0	0	0	0	0	0	0	0	0	0	0	0	0	0	0	0	0	0	0	0	0	0	0	0	0	0	0	0	0
120.00000916666575	0	0	0	0	0	0	0	153036	62192	60648	62328	168371	0	0	0	0	0	0	0	0	0	0	0	0	0	0	0	0	0	0	0	0	0	0	0	0	0	0	0	0	0	0	0	0	0	0	0	0	0	0	0	0	0	0	0	0	0	0
125.0000573968392	0	0	0	0	0	0	0	168948	69940	68040	70808	204630	0	0	0	0	0	0	0	0	0	0	0	0	0	0	0	0	0	0	0	0	0	0	0	0	0	0	0	0	0	0	0	0	0	0	0	0	0	0	0	0	0	0	0	0	0	0
130.00003197221895	0	0	0	0	0	0	0	185562	77324	75992	79394	244838	0	0	0	0	0	0	0	0	0	0	0	0	0	0	0	0	0	0	0	0	0	0	0	0	0	0	0	0	0	0	0	0	0	0	0	0	0	0	0	0	0	0	0	0	0	0
135.00001141454433	0	0	0	0	0	3532	0	204399	85540	84112	89093	290431	0	0	0	0	0	0	0	0	0	0	0	0	0	0	0	0	0	0	0	0	0	0	0	0	0	0	0	0	0	0	0	0	0	0	0	0	0	0	0	0	0	0	0	0	0	0
140.00001697392278	0	0	0	0	0	17660	0	223938	93912	92904	98103	334588	84	0	0	0	0	0	0	0	0	0	0	0	0	0	0	0	0	0	0	0	0	0	0	0	0	0	0	0	0	0	0	0	0	0	0	0	0	0	0	0	0	0	0	0	0	0
145.00002097157295	0	0	0	0	0	39735	0	243477	101764	101640	107484	382694	294	86	0	0	0	0	0	0	0	0	0	0	0	0	0	0	0	0	0	0	0	0	0	0	0	0	0	0	0	0	0	0	0	0	0	0	0	0	0	0	0	0	0	0	0	0
150.00001565428656	0	0	0	0	0	69757	0	265824	110448	110208	118932	432954	966	602	0	0	0	0	0	0	0	0	0	0	0	0	0	0	0	0	0	0	0	0	0	0	0	0	0	0	0	0	0	0	0	0	0	0	0	0	0	0	0	0	0	0	0	0
155.00001533132405	0	0	0	0	0	102428	0	290043	120120	120624	130592	488240	2352	2150	0	0	0	0	0	0	0	0	0	0	0	0	0	0	0	0	0	0	0	0	0	0	0	0	0	0	0	0	0	0	0	0	0	0	0	0	0	0	0	0	0	0	0	0
160.0000100010203	0	0	0	0	0	156291	0	313677	130052	131544	142676	548552	3948	4816	0	0	0	0	0	0	0	0	0	0	0	0	0	0	0	0	0	0	0	0	0	0	0	0	0	0	0	0	0	0	0	0	0	0	0	0	0	0	0	0	0	0	0	0
165.0000917123053	0	0	0	0	0	214569	0	336843	139984	141848	155290	608146	6132	7998	0	0	0	0	0	0	0	0	0	0	0	0	0	0	0	0	0	0	0	0	0	0	0	0	0	0	0	0	0	0	0	0	0	0	0	0	0	0	0	0	0	0	0	0
170.00004546398935	0	0	0	0	0	292273	0	359541	152048	152712	167427	669894	8862	13416	0	0	0	0	0	0	0	0	0	0	0	0	0	0	0	0	0	0	0	0	0	0	0	0	0	0	0	0	0	0	0	0	0	0	0	0	0	0	0	0	0	0	0	0
175.00004064325105	0	0	0	0	0	374392	0	384111	162760	163576	180783	734514	12306	19866	3949	51	0	0	0	0	0	0	0	0	0	0	0	0	0	0	0	0	0	0	0	0	0	0	0	0	0	0	0	0	0	0	0	0	0	0	0	0	0	0	0	0	0	0
180.00007165091313	0	0	0	0	0	474171	0	413361	173368	175616	193821	804878	16590	26402	7898	357	58	0	0	0	0	0	0	0	0	0	0	0	0	0	0	0	0	0	0	0	0	0	0	0	0	0	0	0	0	0	0	0	0	0	0	0	0	0	0	0	0	0
185.00001938009504	0	0	0	0	0	569535	0	441324	184808	187880	208078	878473	20874	35260	20104	918	261	258	0	144	132	0	0	0	0	0	0	0	0	0	0	0	0	0	0	0	0	0	0	0	0	0	0	0	0	0	0	0	0	0	0	0	0	0	0	0	0	0
190.00006117337963	0	0	0	0	0	678144	0	469989	196612	200256	222070	954222	26166	46096	33746	1479	522	1376	197	480	462	0	0	0	0	0	0	0	0	0	0	0	0	0	0	0	0	0	0	0	0	0	0	0	0	0	0	0	0	0	0	0	0	0	0	0	0	0
195.0000031993748	0	0	0	0	0	803530	0	499590	208988	212688	236168	1028535	32886	57706	47029	2448	783	3096	1379	1632	2112	232	560	298	0	0	0	0	0	0	0	0	0	0	0	0	0	0	0	0	0	0	0	0	0	0	0	0	0	0	0	0	0	0	0	0	0	0
200.0000092722319	0	0	0	0	0	932448	0	528840	221676	226352	251644	1107156	40530	68284	74313	3366	1334	5160	4531	3120	3828	1160	1540	1341	760	242	0	0	0	0	0	0	0	0	0	0	0	0	0	0	0	0	0	0	0	0	0	0	0	0	0	0	0	0	0	0	0	0
205.00001030233898	0	0	0	0	0	1054302	0	559611	233740	239456	267385	1191880	48384	82732	106982	5304	1885	8600	10441	5040	5676	5104	5040	3576	2584	2178	0	224	70	89	0	0	0	0	0	0	0	0	0	0	0	0	0	0	0	0	0	0	0	0	0	0	0	0	0	0	0	0
210.0000182864773	0	0	0	0	0	1202646	0	590265	247988	253568	283603	1279835	56280	98470	144318	7089	2523	11868	16942	7296	9372	10904	11480	8195	6080	6655	0	1344	700	445	135	0	0	0	0	0	0	0	0	0	0	0	0	0	0	0	0	0	0	0	0	0	0	0	0	0	0	0
215.0000005838008	0	0	0	0	0	1345692	0	625833	263068	268464	299238	1372098	64554	116530	187398	8976	3074	16942	29353	10992	13794	19720	18340	12963	11400	12342	0	3696	2170	1780	540	0	0	0	0	0	0	0	0	0	0	0	0	0	0	0	0	0	0	0	0	0	0	0	0	0	0	0
220.0000120361848	0	0	0	0	0	1479908	0	661752	276536	282296	313601	1467592	72408	134590	243402	10710	4002	20726	40976	13440	17820	32944	28980	22201	18544	18997	0	8400	4340	6141	945	0	354	408	70	106	0	0	0	0	0	0	0	0	0	0	0	0	0	0	0	0	0	0	0	0	0	0
225.00000210541685	0	0	0	0	0	1675934	0	692406	288548	294840	327063	1563445	79884	148350	302278	12342	4785	25112	53190	16896	22044	54520	42140	35462	31312	25773	0	13776	6720	10146	4995	0	826	918	490	265	0	148	0	0	0	0	0	0	0	0	0	0	0	0	0	0	0	0	0	0	0	0
230.00000033389864	0	0	0	0	0	1857832	0	720486	299676	306040	338723	1663965	85932	163572	364744	14943	5800	29842	65207	20448	26136	74472	53340	46488	41952	37026	1132	19600	8680	13261	10935	0	1770	1428	1190	530	0	185	420	356	0	0	0	0	0	0	0	0	0	0	0	0	0	0	0	0	0	0
235.0000329503273	0	0	0	0	0	2031783	0	745056	309660	317632	350648	1766998	92442	175010	439057	16932	6844	34744	79194	23808	30690	93496	62720	58259	52136	48884	6792	25200	10500	17533	15660	0	3894	2958	1960	1643	0	481	1596	1513	665	101	0	0	0	0	0	0	0	0	0	0	0	0	0	0	0	0
240.00000387311024	0	0	0	0	0	2230458	0	768573	319072	326704	361566	1863569	98196	187394	509062	18513	7540	39216	91408	27744	34848	114376	75460	69732	61256	58080	20942	30576	14070	21360	20385	0	8260	5814	4060	3180	1500	703	2772	2403	2128	1515	910	0	0	0	0	0	0	0	0	0	0	0	0	0	0	0
245.0000009608516	0	0	0	0	0	2435314	0	788463	327860	335608	371371	1951883	104244	199176	568656	20757	8526	44032	107956	30864	39006	133400	86100	80162	71440	69938	49242	37856	16450	26077	26865	0	13216	9180	6230	5353	3000	1073	3864	4272	3724	3131	2860	0	0	0	0	0	0	0	0	0	0	0	0	0	0	0
250.0000051659655	0	0	0	0	0	2658713	0	808938	336232	344456	380328	2028709	109746	210356	632199	22746	9483	48934	122928	34944	43758	149640	96460	91188	81624	79860	85466	43232	19740	30171	33615	1408	18644	12240	9100	7473	6600	1258	5376	5607	6517	4141	4420	0	0	0	0	0	0	0	0	0	0	0	0	0	0	0
255.00000141833806	0	0	0	0	0	2894474	0	829530	344188	353024	389921	2094765	115248	221794	685690	24888	10411	53320	139082	38304	49302	166808	105980	102661	91048	90387	114332	50064	23100	34621	39690	4224	24190	16626	11760	9434	13200	1628	7056	6853	8512	6060	6630	0	307	0	0	0	0	0	0	0	0	0	0	0	0	0
260.00001228808014	0	0	0	0	0	3110809	0	847782	352092	361032	396758	2164052	120960	231426	737386	26826	11194	57792	154645	41856	53856	186064	116200	114283	102600	99946	151688	56112	26600	39961	46575	11968	29618	21522	15820	12137	17100	1961	8400	8722	10374	7373	8710	0	1535	0	0	0	0	0	0	0	0	0	0	0	0	0
265.0000029605478	0	0	0	0	0	3356283	0	865683	359632	368816	405397	2227236	125244	241402	787646	28509	12354	62006	167450	45792	58212	203696	129920	125756	114304	112288	195270	68096	29470	43877	54405	35200	35636	26010	19530	14522	24600	2368	10248	10146	12768	9191	11050	1611	4605	0	0	0	0	0	0	0	0	0	0	0	0	0
270.00000054407127	0	0	0	0	0	3598225	0	881946	366132	376208	413665	2296882	129906	252668	834316	30651	13137	66392	182816	49008	63096	225736	142940	138719	126312	123420	256964	74032	32830	48416	61965	63360	42244	32130	22960	17225	42600	3404	11760	11392	15162	11009	13260	5907	8903	2760	196	0	0	0	0	0	0	0	0	0	0	0
275.00003833258313	0	0	0	0	0	3826039	0	902772	373984	383712	421350	2357194	134736	262558	877037	32334	14123	71122	198182	51792	67188	247544	153160	151384	140752	134552	301112	80416	36540	53400	69930	99264	49914	37842	27160	20193	56700	4403	13776	13261	18487	12221	15600	12351	14122	8280	392	0	0	0	0	0	0	0	0	0	0	0
280.0000128490474	0	0	0	0	0	4039725	0	918099	380536	391272	427922	2410326	138894	272964	920835	33966	14877	75852	212366	55056	72138	265408	165900	165986	153368	145805	351486	87472	39830	59986	77625	134464	57348	43452	31570	23055	66900	6216	17640	15219	20881	14342	17030	22017	20569	13800	588	0	552	196	0	0	0	0	0	0	0	0
285.00000010808327	0	0	0	0	0	4193367	0	934479	386672	397656	435501	2463458	143472	280876	966787	35547	15573	79636	223201	57360	76230	286984	177660	178651	166440	159357	393370	98224	45010	65860	85860	177408	63956	47940	35140	25970	84000	8177	22848	19224	25802	17776	20280	28461	27937	16905	1372	0	966	392	0	0	0	0	0	0	0	0
290.0000012766344	0	0	0	0	0	4361137	0	947115	393484	403480	442815	2516949	147882	289734	1014534	37077	16240	83592	236991	61056	79794	311808	186760	191018	176016	171457	439782	106736	49280	72891	95580	222464	70918	54060	38850	28567	98100	10619	28476	24831	32585	22725	25350	38664	36533	23460	1764	0	1380	980	0	0	0	0	0	0	0	0
295.00000255399635	0	0	0	0	0	4513013	0	960804	399724	410256	448910	2573312	151872	297302	1062281	39321	17458	87376	250781	63984	84282	327816	196980	201299	186200	182226	482798	113232	54110	79833	106110	266112	78116	60282	42980	31482	114300	12580	34020	30349	39102	28179	33150	49941	47892	33465	1764	0	2484	1764	0	0	0	0	0	0	0	0
300.00000857672376	0	0	0	0	0	4658708	0	975078	404872	416976	455853	2621777	156156	306074	1110746	40800	18067	91676	262798	66768	88110	343360	206780	211729	198664	192148	529776	122864	59360	85885	115695	313280	87438	65892	48440	34556	134100	14578	40152	35600	47481	33936	40170	54237	55260	42435	2352	0	3312	2548	0	0	0	0	0	0	0	0
305.00001268105467	0	0	0	0	0	4815882	0	987714	410644	421736	462160	2664498	159894	313126	1150236	42483	18908	95546	272648	69264	91740	359600	216160	222606	209608	202433	601658	137200	64820	90780	126360	357632	95344	72930	52990	38107	149700	16909	46032	41830	56259	39491	47970	63903	68461	53130	2940	0	4002	4704	0	0	0	0	0	0	0	0
310.0000017276102	0	0	0	0	0	4943034	0	999531	415480	427392	468414	2705065	163632	321726	1188290	43962	20068	99330	285650	72192	95238	378624	226660	233632	219640	211266	669578	145600	69300	97366	136755	404096	103722	80682	57610	41711	167400	19203	52080	47882	64638	44339	55640	75180	76443	63825	4116	794	6486	6076	0	0	0	134	0	0	0	0
315.00000142829805	0	0	0	0	0	5067537	0	1011348	419380	432376	473396	2752094	167874	329208	1227062	45441	21083	103028	297273	74736	99330	396256	236740	242572	229368	221914	725046	154560	74270	104575	147960	455488	113398	88740	63770	45580	185700	22089	57876	53489	73948	53025	65650	85920	91486	75555	4508	1588	8004	7448	0	0	0	335	89	0	0	0
320.0000088741473	0	0	0	0	0	5199104	0	1023867	424112	437584	478060	2793020	171402	336174	1267270	46818	21663	106726	309487	77424	103224	411104	245980	250618	237120	230505	776552	162624	80010	111428	158085	493504	121894	97308	69230	49714	205200	24642	64932	60698	82859	59590	75530	110622	109906	87630	6272	4764	9108	9016	747	0	0	469	356	143	0	0
325.00000555806594	0	0	0	0	0	5329788	0	1031940	428324	442456	483042	2829279	175140	343914	1307837	48195	22678	109822	320913	80160	106260	426648	254660	258515	248216	239580	833718	172368	84980	118637	168480	542784	130154	104550	74550	52841	222600	27158	72576	68708	91770	66256	85280	139620	130475	101085	6860	7940	10764	10976	2241	0	0	603	801	429	0	98
330.00000079049954	0	0	0	0	0	5446344	0	1041534	431912	446824	488183	2869487	178794	351396	1340865	49623	23403	112316	330960	83184	109494	446136	263340	268796	259008	248050	872206	181328	89180	124867	180360	599808	137942	111996	79170	56127	243000	30266	79212	75650	103607	75043	94380	169155	148895	119370	8428	11116	11868	13524	3735	0	0	804	979	1144	0	98
335.00000310500207	0	0	0	0	0	5571730	0	1049607	435240	450744	492900	2902515	182280	358792	1373893	50898	24215	114982	341401	85728	112794	462144	272160	278183	269952	259182	923712	189504	93870	133144	191700	656832	147028	118728	85260	59890	263700	32449	86016	84194	113715	83830	103610	199764	163324	141450	9800	15086	13800	15876	8217	0	553	1139	2136	1716	0	245
340.00000091036856	0	0	0	0	0	5688286	0	1058616	439140	455056	497140	2936261	185262	364296	1406562	51969	24882	118250	353024	87696	115566	478384	282100	285633	277704	267410	966728	199248	99190	139997	201015	723008	157176	127602	89460	64236	282600	34558	93492	91581	124488	90294	112450	235743	186042	160425	11760	15880	15732	18620	15687	0	2212	1943	2848	2860	0	539
345.00000289812994	0	0	0	0	0	5788065	0	1066455	442468	458304	500744	2968212	188664	369456	1436718	53040	25520	121518	361889	90288	118998	493232	289660	293530	289408	275154	1010310	209552	104370	147562	212355	784960	165908	135048	94990	68741	304800	37703	101388	98879	133665	99788	122070	268500	207839	180090	13916	19850	17940	20384	20169	0	3871	2881	3649	4290	0	637
350.00000521410095	0	0	0	0	0	5894025	0	1074177	445692	462056	505037	2995137	191604	375906	1471182	54570	25810	124356	371739	92016	121506	505296	298060	302172	299440	283624	1053326	217840	108850	154593	224505	850432	174758	144330	100170	72504	324900	40219	108528	106711	143241	109686	132990	299109	232092	203895	16856	23026	19872	22736	28386	0	5530	3618	4361	6149	586	1225
355.0000037712349	0	0	0	0	0	5984974	0	1083069	448968	465528	509383	3024934	195006	382528	1495594	55641	26390	126936	379816	94272	124608	518056	305060	309473	308712	292699	1104832	226800	112700	161624	235575	910976	185142	152898	106330	76850	346200	43068	116676	113920	156009	118069	143390	343680	261564	233565	19208	25408	22494	25676	33615	0	11060	4422	5251	7007	2344	1715
360.00000269663605	0	0	0	0	0	6074157	0	1092078	452140	469000	513729	3050782	198786	390526	1526109	57069	26941	130462	389863	96288	126720	529888	311500	317370	318136	300806	1151244	233968	118230	168566	245700	976448	193756	161058	112140	80984	367500	46435	125244	121307	166649	126856	151580	389862	288273	259785	22932	29378	25254	29988	35856	0	14378	5025	6408	9152	2930	2205
365.00000117526014	0	0	0	0	0	6167755	0	1099917	456144	473144	517015	3076271	201516	396202	1551598	58497	27724	133214	398334	98448	130218	543808	317940	324373	324216	308913	1190864	241248	123200	175775	256230	1035584	203786	170442	117250	85489	388500	49321	133644	128249	176491	137057	162370	428526	312833	285660	27832	35730	27876	32536	44820	0	16590	6030	7654	10868	4688	2891
370.00000783375435	0	0	0	0	0	6241927	0	1107522	459836	476504	520089	3101401	204330	401534	1581036	59670	28478	135622	407002	100752	132792	552160	324660	330333	331664	317020	1236710	250768	128240	182272	265815	1095424	214052	178602	123410	89676	412500	51948	140532	136437	189525	145642	172120	476319	336472	315675	30576	45258	30636	36652	53037	0	21014	6968	8366	12727	10548	3528
375.0000017260907	0	0	0	0	0	6329344	0	1112904	463112	479528	523799	3125095	207396	408500	1602935	61200	29058	137858	416064	102960	135828	566080	330680	338528	339264	323433	1275198	257936	132930	188947	275805	1165824	223374	187068	128590	93704	435600	54760	149100	144002	201894	154631	184210	504243	363795	345000	32732	50816	32844	40180	64989	2636	25438	8241	9701	14014	14650	4312
380.0000053318042	0	0	0	0	0	6418527	0	1119924	465504	482888	527297	3147712	210126	415380	1637758	62526	29638	140696	424338	104880	138534	577680	339500	345233	347168	330572	1313120	265664	138600	196156	285525	1227776	233522	192882	134050	97520	456300	57572	157584	152457	213997	164832	194610	542907	388048	371910	35672	57168	37122	44100	73206	6590	34286	8978	10413	15444	16408	5488
385.00000515581564	0	0	0	0	0	6495348	0	1127178	468676	486024	530530	3168534	212772	421228	1671504	63546	30421	143792	434385	107136	141966	589744	344960	353726	355528	337348	1354438	273504	143220	203009	296190	1289024	242018	202368	139440	100912	473400	60532	165060	159043	225568	173922	205530	585330	413529	402960	39592	65108	40572	48804	86652	14498	40922	9849	11837	17017	21682	6370
390.00000076492336	0	0	0	0	0	6563339	0	1134432	471484	488768	533604	3191510	215334	425872	1704891	65076	31291	146802	444038	109008	145398	601112	351960	361474	362672	344971	1388964	281680	147350	209417	307665	1353088	251340	209916	146090	104993	499200	63677	172788	168121	237804	182810	217880	634197	439317	428490	42336	77812	42642	55076	96363	19770	48664	10720	12905	18876	29886	6811
395.000011869783	0	0	0	0	0	6636628	0	1141218	474500	491512	537155	3217717	218022	432322	1741150	66555	31900	149468	450539	111120	149292	612712	359380	369967	370728	352836	1428018	289072	151130	216626	316575	1409408	259836	218586	151340	109021	521700	66822	180096	176309	250705	191597	229970	680379	465412	458505	45080	87340	45126	60564	103833	32950	57512	11792	15041	20306	37504	7791
400.0000106466823	0	0	0	0	0	6702853	0	1147068	477984	495096	540812	3239975	220794	439116	1767357	67881	32567	152908	457631	113088	151932	626168	366240	377864	378632	361427	1476128	295008	155260	222589	326160	1474176	266916	226032	156450	112625	547200	69486	187236	183785	262409	200283	240760	729783	492428	493005	48608	97662	49128	63896	115038	43494	65807	13199	17177	22308	45122	8624
405.0000066163904	0	0	0	0	0	6777908	0	1153386	480168	498120	544045	3263310	222936	443502	1790692	69156	33205	156348	466693	114720	155034	636840	373940	386208	388512	370018	1507258	303744	159040	229442	335205	1536128	277064	234906	162890	115911	569400	72150	194208	191350	274645	209171	250640	772743	522207	520260	52136	105602	53820	68012	125496	51402	72996	14941	18690	24739	52740	9506
410.0000009352722	0	0	0	0	0	6847665	0	1159470	482664	501536	545529	3283414	225876	448834	1813309	70788	33959	158412	476543	116160	157476	648208	380800	393062	396264	377762	1532728	311360	163730	235850	346275	1592448	286504	242556	168700	120151	592200	75443	201768	198648	285152	217251	261820	821610	543697	548895	55272	119100	57546	72324	141183	68536	79079	16683	21360	27313	59772	10535
415.00000059930926	0	0	0	0	0	6908592	0	1165671	484640	504392	548709	3304954	228186	454424	1841311	71961	34829	160906	486196	118032	159852	659344	388640	402002	402952	383570	1568952	319648	168210	241991	355185	1652992	295826	251022	174230	124232	616200	78070	209328	205946	295127	225735	275210	858663	569178	585465	58408	126246	59892	79968	150894	84352	86268	18090	23585	30602	66218	11956
420.0000086761275	0	0	0	0	0	6977466	0	1171521	487448	507192	551730	3326853	230790	459068	1868236	72777	35351	163572	493682	120048	162756	672104	395220	410346	411768	392282	1608006	326368	172270	248488	365985	1720576	304676	258876	179200	127624	639000	80956	215880	211642	307097	233613	287690	901086	597115	616860	61544	139744	63066	84084	170316	96214	95116	19564	25187	34177	73836	13426
425.0000014983763	0	0	0	0	0	7044574	0	1177137	490516	509376	554751	3345880	233142	463884	1894443	74154	35989	166754	504320	121872	165594	683936	403060	417945	418608	399542	1643098	334096	177240	253828	377190	1769152	314470	266526	185010	132659	661800	83731	223524	219474	317471	242400	300170	942972	625359	650325	64876	151654	67344	89180	188244	113348	108388	20703	27590	37466	82040	14651
430.00000768634396	0	0	0	0	0	7093139	0	1183104	492544	512232	556924	3367420	235284	468356	1918496	75174	36598	169334	513579	124176	168366	694376	409500	424203	425904	406681	1678756	342160	181090	259791	388530	1836736	322966	275808	190540	136793	681000	86506	230076	224814	328776	251288	312000	998820	651147	675855	67816	163564	69828	95060	202437	126528	118342	22579	29993	41470	89658	16023
435.00000410332456	0	0	0	0	0	7147885	0	1189773	495404	514976	559627	3390037	238014	474290	1943985	76857	37323	172172	522050	125904	171600	707368	415380	431802	434872	416603	1718942	349776	184240	267801	397845	1895168	332642	283356	195790	140821	702600	89170	236292	232379	339815	260277	323180	1054131	677856	709665	71540	173886	72450	98784	217377	138390	128296	24321	31862	44759	102550	17248
440.00000460587495	0	0	0	0	0	7202631	0	1194570	497640	517440	562330	3412295	240240	479364	1969833	78744	38193	174666	530127	128256	174438	722216	421400	439550	442624	422653	1756864	356832	189280	274209	407565	1967680	342318	291006	201110	144107	725700	92204	241416	239766	351386	267953	332670	1099239	704872	740025	74676	186590	76452	104664	235305	155524	144886	25795	33642	47619	113098	18718
445.0000086317219	0	0	0	0	0	7260909	0	1200069	500292	519736	565351	3431322	242886	483922	1993527	80070	38947	176902	536234	130368	176088	735672	427980	447894	450376	430397	1794786	362992	193410	280528	417690	2028928	353528	299676	205940	148135	747600	94609	249480	247687	361760	276740	344500	1140051	739870	769005	78988	201676	80040	112112	256221	179248	163135	27671	35778	51480	126576	20286
450.00000179535084	0	0	0	0	0	7318304	0	1204515	502528	522816	567630	3448554	245910	489512	2017221	81498	39846	180686	545493	132624	178728	746344	436240	454450	457520	437173	1828746	371392	197260	287114	426060	2088768	363086	308346	211050	152534	772500	97532	256872	255341	370937	284719	353990	1172808	768114	800745	83300	210410	83628	117992	273402	196382	174195	30083	38270	55484	140054	22295
455.00001118520436	0	0	0	0	0	7373933	0	1210131	504608	525056	570598	3467940	248094	495962	2046659	83181	40803	183180	557116	135072	182160	758408	442540	463092	463904	443828	1854782	377664	201600	292721	434700	2154240	373116	316200	216790	156880	798300	99863	263844	263529	382774	293001	366730	1210935	793902	831105	86632	226290	87492	122108	290583	218788	188020	31892	40584	59488	155290	23422
460.0000018911936	0	0	0	0	0	7430445	0	1214811	506636	527744	573407	3486249	250572	500692	2068558	83844	41702	186104	565390	137280	184800	769776	448560	470095	471656	451088	1893270	384608	205030	298061	443880	2208448	380668	322524	222180	160537	823800	102490	271572	272073	394212	299970	376090	1244766	817848	864915	89768	241376	91770	127596	312993	230650	201292	33969	43521	62634	169354	24745
465.0000003329559	0	0	0	0	0	7486074	0	1220193	509028	529984	575368	3509225	252672	506110	2090457	85731	42630	188254	573073	138912	187242	784856	456400	478141	480776	458348	1926664	392784	209580	304558	451170	2272512	388692	330990	228480	164194	844800	104710	278544	278570	405916	309565	388050	1287726	840873	892515	93100	254874	94116	133280	334656	251738	214564	35376	45924	66638	185176	26705
470.0000150837423	0	0	0	0	0	7531990	0	1226745	511212	532672	578018	3523226	255486	511528	2108407	87618	43471	191264	579968	141120	190872	798776	465780	484101	488832	466939	1960624	399952	213360	310699	459945	2347840	398486	337416	233520	168116	869700	107411	284844	287203	414428	318453	398060	1330149	866047	917700	95844	267578	96462	137984	360054	282052	232260	37252	48594	70785	197482	28616
475.0000012532924	0	0	0	0	0	7574374	0	1231425	513448	534520	580986	3538304	257586	516860	2134255	88791	44370	193328	586075	143616	193314	810144	471520	492296	497952	475046	1997414	407344	217210	316929	468450	2416832	405802	345882	238420	171667	895800	110186	291984	295391	427063	327341	409890	1377405	889379	943230	98980	280282	100602	144256	381717	305776	247191	39530	50552	74503	213304	30282
480.00000106983464	0	0	0	0	0	7623822	0	1236222	515008	537264	583742	3553023	259980	521590	2155795	89964	45240	196682	595728	145536	195360	820120	477540	502130	503728	482064	2035336	415856	221830	323960	479790	2476672	415006	354756	243320	175536	914100	112998	299208	305270	440230	336734	420030	1419828	921307	973245	102900	290604	105708	149156	395910	342680	263781	41205	52599	79365	225610	32683
485.0000088864448	0	0	0	0	0	7670621	0	1239966	517088	539336	586339	3569537	262122	526750	2181643	91392	45936	199004	605381	147888	197604	831952	484540	508686	511936	489445	2070994	423472	226100	330635	487890	2535104	422676	360876	247870	179087	936600	115958	306600	312924	452466	347238	430690	1469769	949858	1000500	107016	305690	109986	154840	415332	371676	281477	43148	55002	83512	242018	34398
490.00000075670494	0	0	0	0	0	7714771	0	1244997	519584	542248	588724	3587846	264936	531136	2201029	92922	46574	200638	613655	150432	200244	844944	491120	515242	518472	495132	2111180	431424	230090	336598	496935	2592832	431408	369444	254450	183274	958200	119066	313824	320222	464037	355116	442650	1520247	976260	1024650	109760	321570	113436	159740	436248	412534	300832	44354	57405	89232	261942	35770
495.00000221512744	0	0	0	0	0	7761570	0	1250028	521560	544992	590526	3605078	267120	535780	2219338	94299	47183	202788	621732	152592	202620	856776	497560	522990	526832	503360	2151932	439376	233870	342739	506385	2654080	440612	379746	260120	186560	978600	122063	319956	327965	474278	362893	454220	1569114	1007574	1054665	113680	335862	117714	165228	460152	449438	316869	46699	60965	93951	277764	37142
500.00000020804805	0	0	0	0	0	7811901	0	1256463	523068	547736	593070	3620874	269346	540940	2239442	95880	47850	205024	630006	154560	205062	868376	503580	530142	534128	510741	2180798	446096	237440	347990	515025	2718144	449344	388722	265580	190800	1003800	124727	328356	336064	485583	372387	463060	1613148	1037660	1086060	116228	350948	122130	170324	482562	481070	337330	48642	64436	99528	296516	38955
505.0000039943759	0	0	0	0	0	7845455	0	1260675	525252	549528	595084	3639901	271908	546272	2262777	96849	48807	207862	637295	156432	207702	879976	511560	537741	541880	518848	2209098	454832	242060	353419	523125	2772352	457132	396372	271040	194722	1024200	128057	336504	343629	496489	380366	476580	1659867	1069281	1115385	120932	366828	127098	176204	504972	506112	355579	50719	67640	104819	314682	40327
510.000005650982	0	0	0	0	0	7896669	0	1264536	527072	551712	596886	3657851	274470	550572	2282522	98226	49590	210614	644978	157872	210474	892272	518140	545638	548416	527076	2236266	460320	246540	359471	532440	2838528	466690	406062	276850	198538	1047900	131017	344064	350304	508326	388648	485680	1700142	1097218	1146780	123480	378738	129858	181888	525888	539062	373275	53332	71467	108537	333434	42385
515.0000088671907	0	0	0	0	0	7942585	0	1269216	528788	553728	599006	3674006	276570	554356	2302267	99705	50750	213710	652070	160080	212982	905496	525560	554131	557536	535304	2265132	467712	250530	365612	542970	2888512	476366	413202	282800	203520	1075500	133533	350952	357780	520828	397637	497120	1745787	1126690	1171275	126028	391442	133860	187180	543816	574648	388759	55141	74493	113256	350428	44002
520.0000050478408	0	0	0	0	0	7978788	0	1273311	531024	556080	601073	3690520	278880	559774	2324525	101031	51243	216462	662117	162288	215358	918952	532840	561581	563768	542201	2302488	474992	255010	372287	554040	2944832	484626	423096	288820	207601	1097700	135938	358596	365434	530404	405010	508690	1792506	1154013	1201635	128576	400970	136758	194628	563238	602326	403137	57486	77341	117975	369180	46207
525.0000001626356	0	0	0	0	0	8011459	0	1278342	533416	558712	603405	3706316	281316	564848	2345706	102459	52084	220160	671967	165024	218262	929624	539700	570670	574712	549340	2335316	483616	259630	378517	563085	3008192	491706	430338	294490	211576	1119900	139083	364728	373355	541975	412888	520390	1834392	1184406	1229925	131320	416056	139932	198744	584154	633958	420833	59831	79210	123981	387932	48216
530.0000048779971	0	0	0	0	0	8043247	0	1282788	535548	560896	604889	3721035	283878	568976	2371195	103632	52722	224202	681620	167472	220902	940296	546560	576928	584136	557931	2376634	490672	263130	383145	573075	3063104	501028	437070	300300	215922	1143000	141636	370860	381009	553679	421574	530660	1885407	1212343	1264770	135240	438288	145038	205604	610299	674816	431340	62042	82592	129272	408442	50225
535.0000045577375	0	0	0	0	0	8080333	0	1287936	537316	563416	606797	3736113	286272	573448	2390940	105315	53766	227212	688712	169680	223740	952824	552860	583484	591736	565554	2413424	497616	268100	389731	581445	3122944	510586	445230	305060	220427	1162200	144596	377580	389820	564585	429351	541320	1932126	1239359	1298580	139160	450992	149040	212464	628974	723582	450142	65392	85440	133562	420162	53018
540.0000043518276	0	0	0	0	0	8127132	0	1291797	539188	565432	609129	3748678	288624	577404	2409249	106845	54839	230308	696592	171888	226842	963032	560000	589891	597816	573661	2438894	505456	272510	396673	590490	3177152	518964	452982	310030	223342	1181100	147889	385812	397563	573496	438845	551980	1980456	1267296	1324110	143276	466078	153318	220304	653625	756532	466179	67670	87843	138996	438914	54978
545.0000056448589	0	0	0	0	0	8163335	0	1295658	541112	567336	611620	3766628	291144	581704	2430430	108375	55564	232630	704866	174096	230076	974168	566440	597192	605568	581526	2470590	511392	277410	402280	600615	3227840	529584	460020	315700	226840	1201500	150109	393120	405573	585333	446723	565110	2028249	1295540	1355850	146020	485134	157044	224028	673047	781574	484981	69613	90869	143143	458252	56889
550.000000150841	0	0	0	0	0	8204836	0	1299753	542932	568904	614217	3783142	293118	586434	2451252	109497	56202	234694	713928	175680	232584	984144	575120	604493	612104	589512	2506248	518448	282450	410112	609930	3280640	537372	467466	321090	230338	1226700	152810	400596	412604	595175	456318	576030	2072820	1322249	1392420	148764	498632	160494	230496	699192	825068	500465	71891	92827	147147	482278	58947
555.0000001478404	0	0	0	0	0	8253401	0	1303614	544648	570304	616125	3797143	295386	590476	2473151	111435	56985	237532	723384	178032	234696	997136	581700	611794	618640	598224	2538510	525840	287210	416965	618435	3346112	547520	474708	325220	233730	1248900	155548	409752	419813	605416	464701	585260	2121687	1354791	1425885	152488	513718	164634	236180	712638	860654	514290	73700	95764	153582	509820	61299
560.0000102584343	0	0	0	0	0	8294902	0	1308879	546364	572320	618351	3812221	297276	594604	2496127	112761	57768	239768	730476	180720	237336	1010360	587720	618946	625024	604879	2574168	534352	291480	423017	628020	3394688	557904	483480	330120	237758	1270500	158545	417396	427734	615790	474296	596050	2168406	1381807	1459695	156800	530392	168774	239708	734301	894922	531433	76648	98879	158015	536190	63063
565.0000058379719	0	0	0	0	0	8329339	0	1313325	547976	574784	620948	3826581	299208	598732	2521975	113934	58377	242520	737174	182544	240636	1021496	594580	626545	631256	613833	2604732	541296	297010	429870	638820	3441152	565456	491538	335230	241468	1290300	160654	424200	435566	626696	481871	608920	2218884	1408209	1490400	161700	548654	172224	247744	755964	939734	546917	78993	102083	162305	552598	65317
570.0000006149064	0	0	0	0	0	8369957	0	1316718	550628	576576	623068	3842736	301224	602774	2542797	115464	59160	245358	744660	185520	242880	1029848	602840	632803	639312	620004	2636994	548352	300370	436901	648540	3493248	573952	499086	340480	245284	1310400	162726	430836	442775	641193	491567	618150	2267751	1439216	1523520	164836	558976	177330	254800	775386	966094	569037	81338	104931	167167	575452	67473
575.0000091994318	0	0	0	0	0	8408809	0	1321164	552760	578648	625294	3853865	303198	606730	2565055	116739	59711	248540	753919	187152	245058	1039128	609560	639806	646000	628716	2669822	555744	303170	442241	656505	3546752	585634	506634	347690	249259	1335600	165057	437976	449183	650636	499950	631540	2312322	1463776	1553535	168560	574062	180090	259504	800037	1005634	590051	83013	107868	171886	600650	69286
580.0000018133053	0	0	0	0	0	8444129	0	1325961	554580	580608	627467	3868225	304920	611718	2586954	117861	60291	251550	760026	188592	248424	1052352	615580	644723	655576	636823	2701518	562800	306670	447937	664875	3599552	594130	513366	351470	253393	1356900	167906	444528	457460	662739	508232	641680	2360652	1497546	1585275	172480	593118	183126	265188	821700	1037266	607194	85224	111161	176319	625262	71785
585.000012382618	0	0	0	0	0	8476800	0	1329471	556452	582344	629852	3878277	306936	615760	2607417	119238	61074	254646	770861	190656	251394	1063024	623420	652769	663328	642994	2736044	569408	310450	453277	675540	3660096	602508	519996	357420	257368	1382100	170829	451248	466360	673911	515100	651560	2406297	1525483	1619430	176792	606616	186852	271068	844110	1071534	625996	87301	114009	182182	643428	74039
590.0000029420862	0	0	0	0	0	8518301	0	1333449	558428	584360	632661	3891919	309414	620490	2623213	120564	61799	257742	778150	192528	253902	1076944	631960	658431	669560	649770	2778494	577024	314300	459774	687690	3717120	610768	527952	361900	261449	1407000	173678	458388	473302	685881	523887	661050	2450331	1555569	1654965	180516	618526	190716	277144	868014	1109756	645904	89378	117658	186901	659836	75950
595.00000552764	0	0	0	0	0	8559802	0	1337310	560040	585480	634145	3907715	311556	624532	2642240	122043	62698	260494	790561	194688	255750	1090168	638680	665285	676856	659087	2811888	584864	319690	465737	694845	3767808	618556	534786	366100	265848	1427100	176009	465024	480511	695457	531664	670280	2495976	1583506	1692915	184436	635994	195132	283612	892665	1153250	664153	91790	121040	192478	679174	78155
600.0000011479847	0	0	0	0	0	8595122	0	1341990	561756	587720	636371	3919921	313278	628574	2658036	123624	63510	263504	796865	196320	258720	1099680	646520	669904	684456	666105	2846980	592592	324240	472056	704700	3817088	628704	542844	372400	270035	1447500	178229	472584	487809	706496	539643	681590	2542158	1606531	1723275	187376	655844	198720	288904	918810	1191472	679637	94537	124511	197912	703786	79968
