>time	Ribosome	coli Pol	coli Pol-P	coli Pol-2.0	coli Pol-P-2.0	gp1	gp1-3.5	gp0.3	gp0.4	gp0.5	gp0.6A	gp0.7	gp1.1	gp1.2	gp1.3	gp1.4	gp1.5	gp1.6	gp1.7	gp1.8	gp2.0	gp2.5	gp2.8	gp3.0	gp3.5	gp3.8	gp4A	gp4.2	gp4.3	gp4.5	gp4.7	gp5.0	gp5.3	gp5.5	gp5.7	gp5.9	gp6.0	gp6.3	gp6.5	gp6.7	gp7	gp7.3	gp7.7	gp8	gp9	gp10A	gp11	gp12	gp13	gp14	gp15	gp16	gp17	gp17.5	gp18	gp18.5	gp19	gp19.5
0.0041936846695106505	0	0	0	0	0	0	0	0	0	0	0	0	0	0	0	0	0	0	0	0	0	0	0	0	0	0	0	0	0	0	0	0	0	0	0	0	0	0	0	0	0	0	0	0	0	0	0	0	0	0	0	0	0	0	0	0	0	0
5.006721377182688	0	0	0	0	0	0	0	0	0	0	0	0	0	0	0	0	0	0	0	0	0	0	0	0	0	0	0	0	0	0	0	0	0	0	0	0	0	0	0	0	0	0	0	0	0	0	0	0	0	0	0	0	0	0	0	0	0	0
10.002683520543604	0	0	0	0	0	0	0	0	0	0	0	0	0	0	0	0	0	0	0	0	0	0	0	0	0	0	0	0	0	0	0	0	0	0	0	0	0	0	0	0	0	0	0	0	0	0	0	0	0	0	0	0	0	0	0	0	0	0
15.004291520244802	0	0	0	0	0	0	0	0	0	0	0	0	0	0	0	0	0	0	0	0	0	0	0	0	0	0	0	0	0	0	0	0	0	0	0	0	0	0	0	0	0	0	0	0	0	0	0	0	0	0	0	0	0	0	0	0	0	0
20.002002245444935	0	0	0	0	0	0	0	0	0	0	0	0	0	0	0	0	0	0	0	0	0	0	0	0	0	0	0	0	0	0	0	0	0	0	0	0	0	0	0	0	0	0	0	0	0	0	0	0	0	0	0	0	0	0	0	0	0	0
25.004082486663098	0	0	0	0	0	0	0	0	0	0	0	0	0	0	0	0	0	0	0	0	0	0	0	0	0	0	0	0	0	0	0	0	0	0	0	0	0	0	0	0	0	0	0	0	0	0	0	0	0	0	0	0	0	0	0	0	0	0
30.00027974784667	0	0	0	0	0	0	0	117	0	0	0	0	0	0	0	0	0	0	0	0	0	0	0	0	0	0	0	0	0	0	0	0	0	0	0	0	0	0	0	0	0	0	0	0	0	0	0	0	0	0	0	0	0	0	0	0	0	0
35.00064309365742	0	0	0	0	0	0	0	1053	208	0	0	0	0	0	0	0	0	0	0	0	0	0	0	0	0	0	0	0	0	0	0	0	0	0	0	0	0	0	0	0	0	0	0	0	0	0	0	0	0	0	0	0	0	0	0	0	0	0
40.00185456394744	0	0	0	0	0	0	0	2808	1092	336	0	0	0	0	0	0	0	0	0	0	0	0	0	0	0	0	0	0	0	0	0	0	0	0	0	0	0	0	0	0	0	0	0	0	0	0	0	0	0	0	0	0	0	0	0	0	0	0
45.00016745402122	0	0	0	0	0	0	0	5382	1820	1008	530	0	0	0	0	0	0	0	0	0	0	0	0	0	0	0	0	0	0	0	0	0	0	0	0	0	0	0	0	0	0	0	0	0	0	0	0	0	0	0	0	0	0	0	0	0	0	0
50.00016426366422	0	0	0	0	0	0	0	8892	3328	2016	1166	0	0	0	0	0	0	0	0	0	0	0	0	0	0	0	0	0	0	0	0	0	0	0	0	0	0	0	0	0	0	0	0	0	0	0	0	0	0	0	0	0	0	0	0	0	0	0
55.000106542038516	0	0	0	0	0	0	0	13455	4524	3472	2385	0	0	0	0	0	0	0	0	0	0	0	0	0	0	0	0	0	0	0	0	0	0	0	0	0	0	0	0	0	0	0	0	0	0	0	0	0	0	0	0	0	0	0	0	0	0	0
60.00194291374529	0	0	0	0	0	0	0	19305	6552	4872	3922	0	0	0	0	0	0	0	0	0	0	0	0	0	0	0	0	0	0	0	0	0	0	0	0	0	0	0	0	0	0	0	0	0	0	0	0	0	0	0	0	0	0	0	0	0	0	0
65.00004536867897	0	0	0	0	0	0	0	25155	9100	7000	5989	0	0	0	0	0	0	0	0	0	0	0	0	0	0	0	0	0	0	0	0	0	0	0	0	0	0	0	0	0	0	0	0	0	0	0	0	0	0	0	0	0	0	0	0	0	0	0
70.0000881273412	0	0	0	0	0	0	0	31122	11856	10080	8480	718	0	0	0	0	0	0	0	0	0	0	0	0	0	0	0	0	0	0	0	0	0	0	0	0	0	0	0	0	0	0	0	0	0	0	0	0	0	0	0	0	0	0	0	0	0	0
75.00001217671979	0	0	0	0	0	0	0	38961	15028	12936	12455	4667	0	0	0	0	0	0	0	0	0	0	0	0	0	0	0	0	0	0	0	0	0	0	0	0	0	0	0	0	0	0	0	0	0	0	0	0	0	0	0	0	0	0	0	0	0	0
80.00007719381472	0	0	0	0	0	0	0	46800	19084	16688	15741	9693	0	0	0	0	0	0	0	0	0	0	0	0	0	0	0	0	0	0	0	0	0	0	0	0	0	0	0	0	0	0	0	0	0	0	0	0	0	0	0	0	0	0	0	0	0	0
85.00017206400385	0	0	0	0	0	0	0	55926	22516	19824	19822	19027	0	0	0	0	0	0	0	0	0	0	0	0	0	0	0	0	0	0	0	0	0	0	0	0	0	0	0	0	0	0	0	0	0	0	0	0	0	0	0	0	0	0	0	0	0	0
90.00016710689822	0	0	0	0	0	0	0	66456	26832	23968	24009	32669	0	0	0	0	0	0	0	0	0	0	0	0	0	0	0	0	0	0	0	0	0	0	0	0	0	0	0	0	0	0	0	0	0	0	0	0	0	0	0	0	0	0	0	0	0	0
95.00007924556131	0	0	0	0	0	0	0	76986	31980	29568	29150	47029	0	0	0	0	0	0	0	0	0	0	0	0	0	0	0	0	0	0	0	0	0	0	0	0	0	0	0	0	0	0	0	0	0	0	0	0	0	0	0	0	0	0	0	0	0	0
100.0001863761417	0	0	0	0	0	0	0	88803	37284	34720	33973	67851	0	0	0	0	0	0	0	0	0	0	0	0	0	0	0	0	0	0	0	0	0	0	0	0	0	0	0	0	0	0	0	0	0	0	0	0	0	0	0	0	0	0	0	0	0	0
105.00007087860422	0	0	0	0	0	0	0	102141	43368	39648	39803	88673	0	0	0	0	0	0	0	0	0	0	0	0	0	0	0	0	0	0	0	0	0	0	0	0	0	0	0	0	0	0	0	0	0	0	0	0	0	0	0	0	0	0	0	0	0	0
110.00011805293134	0	0	0	0	0	0	0	115947	48516	46088	46110	110213	0	0	0	0	0	0	0	0	0	0	0	0	0	0	0	0	0	0	0	0	0	0	0	0	0	0	0	0	0	0	0	0	0	0	0	0	0	0	0	0	0	0	0	0	0	0
115.00009462242558	0	0	0	0	0	0	0	132912	54340	51744	53371	141087	0	0	0	0	0	0	0	0	0	0	0	0	0	0	0	0	0	0	0	0	0	0	0	0	0	0	0	0	0	0	0	0	0	0	0	0	0	0	0	0	0	0	0	0	0	0
120.00015793080215	0	0	0	0	0	0	0	151281	61100	58128	59943	171243	0	0	0	0	0	0	0	0	0	0	0	0	0	0	0	0	0	0	0	0	0	0	0	0	0	0	0	0	0	0	0	0	0	0	0	0	0	0	0	0	0	0	0	0	0	0
125.00008401065124	0	0	0	0	0	0	0	169065	68068	64568	68794	207861	0	0	0	0	0	0	0	0	0	0	0	0	0	0	0	0	0	0	0	0	0	0	0	0	0	0	0	0	0	0	0	0	0	0	0	0	0	0	0	0	0	0	0	0	0	0
130.00005825749545	0	0	0	0	0	883	0	186030	75556	72632	78016	246992	0	0	0	0	0	0	0	0	0	0	0	0	0	0	0	0	0	0	0	0	0	0	0	0	0	0	0	0	0	0	0	0	0	0	0	0	0	0	0	0	0	0	0	0	0	0
135.000041389308	0	0	0	0	0	10596	0	205920	84188	80976	87079	283610	42	0	0	0	0	0	0	0	0	0	0	0	0	0	0	0	0	0	0	0	0	0	0	0	0	0	0	0	0	0	0	0	0	0	0	0	0	0	0	0	0	0	0	0	0	0
140.00010439016864	0	0	0	0	0	29139	0	224757	92976	89768	96460	326690	294	86	0	0	0	0	0	0	0	0	0	0	0	0	0	0	0	0	0	0	0	0	0	0	0	0	0	0	0	0	0	0	0	0	0	0	0	0	0	0	0	0	0	0	0	0
145.00003677656736	0	0	0	0	0	59161	0	247221	102336	98168	106583	378027	924	430	0	0	0	0	0	0	0	0	0	0	0	0	0	0	0	0	0	0	0	0	0	0	0	0	0	0	0	0	0	0	0	0	0	0	0	0	0	0	0	0	0	0	0	0
150.00000350377786	0	0	0	0	0	95364	0	269451	112528	107464	117978	431159	1890	1376	0	0	0	0	0	0	0	0	0	0	0	0	0	0	0	0	0	0	0	0	0	0	0	0	0	0	0	0	0	0	0	0	0	0	0	0	0	0	0	0	0	0	0	0
155.00000617388878	0	0	0	0	0	134216	0	291564	122148	117264	128843	484650	3528	3096	0	0	0	0	0	0	0	0	0	0	0	0	0	0	0	0	0	0	0	0	0	0	0	0	0	0	0	0	0	0	0	0	0	0	0	0	0	0	0	0	0	0	0	0
160.00008741097918	0	0	0	0	0	183664	0	315900	131716	128296	140715	539577	5250	6106	0	0	0	0	0	0	0	0	0	0	0	0	0	0	0	0	0	0	0	0	0	0	0	0	0	0	0	0	0	0	0	0	0	0	0	0	0	0	0	0	0	0	0	0
165.00003386743657	0	0	0	0	0	232229	0	338481	141388	138992	151633	608505	7644	9718	718	0	0	0	0	0	0	0	0	0	0	0	0	0	0	0	0	0	0	0	0	0	0	0	0	0	0	0	0	0	0	0	0	0	0	0	0	0	0	0	0	0	0	0
170.00000856169734	0	0	0	0	0	288741	0	363753	151216	149576	163611	670971	9534	13674	3231	255	58	0	0	0	0	0	0	0	0	0	0	0	0	0	0	0	0	0	0	0	0	0	0	0	0	0	0	0	0	0	0	0	0	0	0	0	0	0	0	0	0	0
175.00003985304258	0	0	0	0	0	362913	0	386100	162240	160496	176225	744207	12432	19436	7539	510	174	344	0	96	66	0	0	0	0	0	0	0	0	0	0	0	0	0	0	0	0	0	0	0	0	0	0	0	0	0	0	0	0	0	0	0	0	0	0	0	0	0
180.00000692995687	0	0	0	0	0	439734	0	411021	173160	171080	188362	819956	15666	24940	18309	1122	522	688	197	336	264	0	0	0	0	0	0	0	0	0	0	0	0	0	0	0	0	0	0	0	0	0	0	0	0	0	0	0	0	0	0	0	0	0	0	0	0	0
185.00002596381034	0	0	0	0	0	529800	0	441090	186160	182280	201082	893910	20076	32852	32310	2040	812	2236	1182	912	924	232	420	0	0	0	0	0	0	0	0	0	0	0	0	0	0	0	0	0	0	0	0	0	0	0	0	0	0	0	0	0	0	0	0	0	0	0
190.00001141255737	0	0	0	0	0	640175	0	472797	198432	195272	214544	971454	25242	41968	50619	2958	1421	4386	2758	2448	2772	696	1120	149	456	0	0	0	0	0	0	0	0	0	0	0	0	0	0	0	0	0	0	0	0	0	0	0	0	0	0	0	0	0	0	0	0	0
195.0000069987766	0	0	0	0	0	754082	0	500526	212680	209776	229225	1044331	30366	51772	70005	3978	2146	7224	7289	4848	5544	2552	2380	1490	1368	605	0	0	0	0	0	0	0	0	0	0	0	0	0	0	0	0	0	0	0	0	0	0	0	0	0	0	0	0	0	0	0	0
200.00000329025644	0	0	0	0	0	876819	0	533871	227136	223216	244966	1129055	36414	62264	98366	5916	2784	11352	13396	7968	9306	9280	7280	6258	3952	3388	0	672	350	534	135	0	0	0	0	0	0	0	0	0	0	0	0	0	0	0	0	0	0	0	0	0	0	0	0	0	0	0
205.00000538996557	0	0	0	0	0	1010152	0	566046	241696	238840	261767	1211625	43008	73960	132830	7701	3596	15824	22852	11664	14256	17168	14560	13112	9272	9438	0	1680	1120	1691	675	0	0	0	0	0	0	0	0	0	0	0	0	0	0	0	0	0	0	0	0	0	0	0	0	0	0	0
210.00000509695442	0	0	0	0	0	1139953	0	600093	257556	254744	278992	1296349	48510	86430	168012	9588	4698	20898	35854	15264	19206	30392	23380	22052	15960	16456	0	5040	3080	5607	2835	0	0	0	0	0	0	0	0	0	0	0	0	0	0	0	0	0	0	0	0	0	0	0	0	0	0	0
215.00000329616182	0	0	0	0	0	1302425	0	632385	271024	268296	293991	1388612	53466	98298	215759	11679	5974	25542	48462	18096	23496	47560	35140	33674	25688	25894	0	12880	6930	11392	8370	0	708	816	630	265	0	37	0	0	0	0	0	0	0	0	0	0	0	0	0	0	0	0	0	0	0	0
220.00001224614232	0	0	0	0	0	1468429	0	664326	282412	280000	306499	1476567	58380	108016	267814	13515	6815	30444	62843	22032	28644	68672	47880	46488	40128	37510	0	19376	10710	16643	15120	0	2596	2142	2030	1113	0	407	84	0	0	0	0	0	0	0	0	0	0	0	0	0	0	0	0	0	0	0
225.0000114054287	0	0	0	0	0	1624720	0	692640	292240	291032	319007	1579959	63168	117132	324895	15810	7743	34400	78997	25152	33330	88856	62020	59302	49248	47916	2264	27552	14140	23051	22140	0	7080	4896	4270	2067	0	925	504	89	133	101	0	0	0	0	0	0	0	0	0	0	0	0	0	0	0	0
230.00000067234558	0	0	0	0	0	1816331	0	713817	301912	300944	329925	1683351	67746	125646	383053	17646	8671	38958	93772	28032	37290	110664	74340	69881	61408	57354	10188	37296	19180	29192	28350	0	9794	8364	6020	4134	1200	1554	1932	1246	532	101	0	0	0	0	0	0	0	0	0	0	0	0	0	0	0	0
235.0000066915043	0	0	0	0	0	2015006	0	734877	310648	309008	339783	1788897	72240	134504	441570	19176	9512	42484	105592	31104	40986	133168	87780	83589	72656	68002	31130	46032	23800	36935	35910	0	14278	11934	8260	6360	4800	2701	4032	3382	1729	1515	910	0	0	0	0	0	0	0	0	0	0	0	0	0	0	0
240.0000170695433	0	0	0	0	0	2202202	0	753948	318240	317632	349111	1877211	76398	143104	490394	20910	10440	47472	118791	34416	45078	154512	98000	95807	83448	78287	61694	53872	29120	44856	46440	0	19824	15912	11830	8056	12300	3774	6888	6141	4788	3737	2470	0	0	0	0	0	0	0	0	0	0	0	0	0	0	0
245.00001794060233	0	0	0	0	0	2419420	0	774657	326612	326088	358651	1955832	81522	150672	536705	22746	11223	51772	130414	36912	48840	172376	108220	106684	95304	87362	104144	63280	35000	52688	58860	3520	25134	20094	15470	10706	20400	4810	10668	8989	9177	7777	6630	0	0	0	0	0	0	0	0	0	0	0	0	0	0	0
250.00000233197002	0	0	0	0	0	2641936	0	791856	334256	334096	366919	2020811	85722	160562	577990	24123	12151	54868	141840	39840	52734	188848	116060	115028	105336	97526	155084	72016	39900	60075	68580	21120	32450	26928	20790	14628	29100	6068	14616	12460	14364	12423	10400	0	614	0	0	0	0	0	0	0	0	0	0	0	0	0
255.00000348372762	0	0	0	0	0	2880346	0	808353	339976	341432	374710	2083995	90342	168388	617121	26112	12905	58566	155236	42528	56628	206248	126840	124564	113848	107448	200364	82096	44590	67640	80460	46464	40828	34476	26320	18603	37800	7918	18480	16821	18886	14847	15730	0	921	0	0	0	0	0	0	0	0	0	0	0	0	0
260.00000525609124	0	0	0	0	0	3097564	0	824031	347360	347312	382342	2149333	94248	177246	662355	27540	13717	61662	167056	45024	60588	223184	138180	133951	122664	115918	246210	90720	49350	74493	92340	79552	49678	41004	31360	23002	51300	10286	23184	20737	24738	19190	20800	537	4605	0	0	0	0	0	0	0	0	0	0	0	0	0
265.0000039001659	0	0	0	0	0	3329793	0	839475	353652	352800	389126	2201029	98070	184556	693947	29376	14529	64586	175921	47184	63954	241512	148120	144083	132544	124146	293188	98224	53200	81791	105030	113344	57348	48144	35840	26818	64800	12617	28392	26522	31122	23937	27170	4296	11359	3450	392	0	414	0	0	0	0	0	0	0	0	0
270.000004255679	0	0	0	0	0	3533766	0	854451	359996	358008	395645	2249494	101556	191350	735591	30753	15283	68112	188529	49536	66990	259144	157640	155109	140144	132132	340732	106176	58030	89000	116505	149952	65962	56814	41020	31058	86100	15022	33516	32930	39634	30300	33800	11814	18420	7935	1176	0	828	588	0	0	0	0	0	0	0	0
275.0000004751912	0	0	0	0	0	3709483	0	866034	364884	363664	402058	2306575	104832	197972	773645	32130	15979	71466	198970	52176	69762	275848	167860	164645	150024	139997	388276	112784	62230	96476	127170	196416	74694	64260	46410	34821	108900	17353	39564	40673	49476	37471	42120	29535	27323	14835	2940	0	1380	980	0	0	0	0	0	0	0	0
280.00000280920756	0	0	0	0	0	3874604	0	878670	370032	369320	408418	2352886	107898	205626	819238	33558	16733	74734	209411	54336	73788	291856	177660	173734	159448	148709	422802	119728	66920	103329	137700	251328	84134	70890	51240	39432	130800	19647	47712	48238	59584	45349	50700	43497	36840	23805	4312	0	2070	1568	0	0	0	0	0	0	0	0
285.00000014302697	0	0	0	0	0	4025597	0	889902	375284	373968	413771	2403146	111174	211302	853702	34986	17487	77658	222216	56928	76560	309256	183960	182525	171456	157542	460158	127232	69510	109292	147690	317504	94400	79458	56840	42930	156000	22385	54012	55536	69293	53530	59020	61755	46357	33465	5880	0	4278	2352	0	0	0	0	0	0	0	0
290.00000642014896	0	0	0	0	0	4168643	0	902304	379808	378168	419919	2449816	113946	216892	894269	36771	18212	81270	233839	59472	80124	325264	194600	192061	181488	166617	499212	134064	73640	115522	158085	371712	101952	87924	61180	47011	177600	24975	61488	61677	80066	60903	69290	87531	58944	42435	7840	0	5244	4508	0	0	0	0	0	0	0	0
295.00000637056763	0	0	0	0	0	4296678	0	913302	384436	383096	426385	2488947	116970	223084	929810	38250	18879	83936	244674	61872	82896	340344	201880	201448	190608	177628	546190	140336	77000	121485	167400	417472	112454	94350	65800	51251	198900	27602	68544	68263	91105	67670	78520	115992	78899	54165	10780	0	7314	8036	0	0	0	67	0	0	0	0
300.0000032657639	0	0	0	0	0	4443256	0	923949	389116	387632	432268	2527719	120288	229104	964274	39168	19575	86946	254130	63936	86592	352408	209020	210388	200488	186824	585244	148064	80710	127537	174420	484352	122012	100878	70700	54113	222900	30044	75348	74582	100947	76356	87750	141768	103459	75900	12544	794	8832	10976	0	0	0	201	0	0	0	0
305.0000024423748	0	0	0	0	0	4564227	0	934830	393588	392616	437674	2565414	122682	236156	999815	40392	20010	90386	265162	66048	89892	367488	217700	219626	210216	193721	624298	159376	85050	133767	182790	555456	129092	106794	75460	57717	244500	32375	82320	82236	113316	84234	98540	174525	128633	101430	16072	1588	11316	13916	0	0	0	201	89	143	0	0
310.0000107400394	0	0	0	0	0	4671953	0	945594	398164	397208	441914	2605622	126000	242606	1037151	41820	20764	92708	275012	68112	93390	380712	225540	229162	219336	201949	662220	167328	89670	140442	192510	618112	138768	114546	80780	61321	264300	34965	88200	88911	124089	91910	108940	213726	153500	128340	18620	2382	13662	17640	0	0	0	335	178	429	0	0
315.000003339093	0	0	0	0	0	4788509	0	955890	402168	401800	447267	2643676	128940	248196	1068384	43656	21373	96062	284468	70416	97086	393936	234500	237953	229520	210056	701840	174384	94850	147206	202500	677952	147500	121278	85540	64925	283500	37222	94500	94785	136059	100091	118690	255075	178367	154560	21168	6352	16422	20776	747	0	0	804	267	572	0	49
320.0000028341253	0	0	0	0	0	4885639	0	964431	406328	406168	452461	2678858	131712	254560	1097104	44880	22098	99158	295106	72624	99792	409480	242620	246744	239856	217316	739762	183680	98910	154504	211005	731456	155170	128928	91910	68317	301800	39701	100968	103062	145236	106656	129740	292665	199857	179400	24108	9528	21114	26068	2241	0	0	1474	890	1144	0	98
325.000009289294	0	0	0	0	0	4984535	0	974493	410488	410032	456171	2719784	133980	260322	1129773	46512	22997	102770	304365	75600	102630	423400	250740	256429	247000	225786	779948	189056	103390	163404	222075	782848	164492	136272	97580	72186	320700	42217	107100	108847	157073	116453	138840	334551	229329	208380	27048	11116	24564	30772	5976	0	1659	2144	1869	2431	0	147
330.0000016278224	0	0	0	0	0	5076367	0	983502	414856	414232	460676	2751735	136626	266084	1157416	47889	23548	106468	314215	77952	106260	435696	259420	264922	253384	234135	819568	199360	109130	169812	233280	838464	173578	143820	101150	76426	341100	45288	114912	115433	165851	123523	147290	375363	253275	232875	29400	13498	28842	34692	14940	0	1659	3283	3204	4147	0	441
335.00000228321227	0	0	0	0	0	5179678	0	992394	418444	417648	464545	2786558	139986	271760	1183982	49062	24099	109564	323474	80208	108834	447760	267120	270286	261136	242242	852962	207760	114660	177644	244080	886336	183018	150858	107030	79924	359700	48137	121548	123532	174629	129684	155740	419934	280291	263580	32144	22232	32292	39396	22410	0	2765	3886	4450	5434	0	1127
340.00000307623066	0	0	0	0	0	5267978	0	998829	421460	421400	468202	2814919	142296	278124	1211266	49980	24679	113090	332733	82608	111144	464928	275240	280269	269952	250591	892016	216496	118510	185565	252855	929984	193048	159630	113050	83369	380700	51023	128016	131720	184072	137764	167570	463968	307614	292905	35280	28584	35742	42924	35856	0	9401	5092	6141	8008	0	1764
345.00000091296164	0	0	0	0	0	5364225	0	1006902	424112	425096	471170	2845075	145278	283800	1236755	51000	25259	115326	341598	85152	114246	477224	281540	287123	277096	257004	928240	222432	122080	193130	262305	996160	203314	168708	118580	87662	402300	53280	135912	139730	195377	144531	177840	501558	331867	320850	38220	36524	38226	47432	51543	0	17696	6231	7743	11440	1758	2254
350.0000010435147	0	0	0	0	0	5463121	0	1015677	427544	429016	474721	2870564	147630	288702	1266552	51969	25868	118594	350660	87168	116556	491376	287560	294573	283632	265958	970690	230048	126910	200873	272970	1058112	210866	176358	124810	92008	423600	55685	143220	147473	208677	153116	187590	538074	356120	344655	40376	52404	41538	52920	60507	0	25991	7772	9167	14157	2930	2989
355.00000045468556	0	0	0	0	0	5545240	0	1023399	431080	431368	479014	2894617	149730	294120	1289169	53193	26390	121862	361889	89472	119064	502280	294140	300682	292144	273944	1007480	237888	130270	207459	283365	1105280	222076	184110	129570	96831	445500	58275	150780	154771	218519	161903	198380	575127	378531	369150	42336	67490	46230	57428	75447	1318	39816	9447	10680	16159	7032	3675
360.00000220042887	0	0	0	0	0	5630008	0	1030419	434772	435176	483095	2917234	152376	299022	1320761	54417	27028	124700	370557	91296	122232	516432	300440	307238	301112	281083	1040874	245168	135030	212799	293085	1166528	230454	191454	134120	101548	469200	61272	158004	162959	229957	169579	209300	615402	400328	390195	46648	80194	49680	61544	93375	1318	48664	10787	12816	19591	12892	4655
365.00001335640127	0	0	0	0	0	5715659	0	1038258	438204	438704	486646	2948467	154980	304010	1344814	56100	27753	127108	379816	93360	124806	527336	306740	313645	309624	288827	1069174	251888	139370	219385	304290	1227776	239776	199002	140350	105894	492900	64084	164556	171681	239001	178669	220740	650844	423353	414690	49392	87340	53544	66248	107568	3954	59724	11591	15130	22737	19338	5341
370.00000438266693	0	0	0	0	0	5790714	0	1045629	440492	441952	490727	2972161	157710	308396	1372098	57477	28217	129172	386120	95520	128172	538240	314300	322436	318136	294998	1104266	259728	143080	225615	312255	1292544	248626	206346	145390	109445	516600	66748	173040	179780	251104	186345	231010	693267	443922	435735	51548	100044	56994	72912	127737	7908	68019	13400	17978	26169	29300	6321
375.0000120728807	0	0	0	0	0	5881663	0	1051596	443820	445312	494702	2995855	160692	314416	1395792	58905	29029	132010	394000	98064	130482	547752	319480	327651	324824	301653	1140490	266784	147350	232201	321705	1365760	257240	212874	149450	113155	533100	69227	179424	186188	263739	195233	242190	737838	464184	465405	54292	111160	61548	76832	148653	13180	78526	14673	19758	30316	38090	7938
380.0000020456064	0	0	0	0	0	5939941	0	1058499	446264	449176	497564	3020985	162582	319662	1424512	59925	29841	135536	403456	99600	133254	557728	326060	333462	330904	308550	1172186	273392	152180	239232	329670	1429824	267388	220422	154280	116759	558900	72113	185976	192863	275443	202909	251420	780261	488437	487485	58800	123070	65688	82320	161352	32950	91245	16013	22072	33462	48052	9408
385.00000733857854	0	0	0	0	0	6022060	0	1063413	449124	452536	501062	3042166	165228	325854	1450360	61098	30798	138374	411533	101424	135168	569792	334460	340167	337896	314963	1213504	279552	156380	245106	339930	1489664	275176	228174	159040	120469	581400	74777	191940	199716	285152	210888	261430	820536	517602	513705	61544	132598	69000	88004	176292	48766	103964	17621	24653	36894	58600	10878
390.0000035732184	0	0	0	0	0	6097998	0	1069146	452192	455504	504030	3063706	167664	331616	1474772	62220	31697	141212	422959	102768	138072	583480	340760	346574	344888	322465	1250294	286832	161000	250980	351405	1545280	284026	235824	164290	123543	601500	76590	198576	207548	294994	219372	271830	872088	544004	541305	65268	141332	72174	94668	189738	61946	120554	19564	28124	40040	70320	12936
395.0000065326256	0	0	0	0	0	6154510	0	1074762	455468	459200	507422	3087400	169722	336260	1497748	63444	32306	144566	432415	105216	141504	595080	345940	355067	351728	328999	1284820	294336	165760	257833	360180	1602304	292050	243372	169750	127094	624600	79069	205212	214134	306831	227856	280930	916659	573783	574425	69384	156418	76452	100352	204678	76444	130508	20904	30171	43329	83798	14357
400.0000044601064	0	0	0	0	0	6218086	0	1082367	458016	462280	511238	3110735	172032	341764	1521083	64668	32828	148522	443250	107184	144078	605056	351400	363709	359480	335775	1327270	301280	169890	264330	369900	1656512	300428	250818	174930	131228	648600	82251	212268	220631	317870	235128	293280	961230	601720	606510	71344	167534	81282	107408	218871	97532	147651	23048	33108	47190	91416	15876
405.00000630752737	0	0	0	0	0	6289609	0	1089738	460044	464856	514736	3127967	174216	346322	1543341	65637	33437	151360	450145	109296	146982	614568	357560	371159	365408	341825	1358966	308224	174790	271806	381645	1710720	308806	259692	179970	135786	670500	84397	219072	227662	329707	244319	304330	1008486	626280	631695	76048	179444	85836	115052	236799	122574	164794	24991	35155	52195	114856	18081
410.000000240174	0	0	0	0	0	6344355	0	1095822	462332	467544	518234	3144122	176904	351998	1566676	66810	34249	154112	458025	111168	149094	626168	364560	376225	371184	350295	1387832	314720	178010	278036	390420	1762112	315178	266628	185920	139337	690900	87283	225540	234515	341278	255025	315640	1052520	650533	656535	79968	191354	90390	121520	252486	148934	176407	27336	38092	56056	130678	19796
415.00002639760663	0	0	0	0	0	6411463	0	1100736	464724	470232	521255	3167457	179046	355868	1592165	68136	35090	156606	468072	113376	152526	637072	372260	384271	379696	357797	1419528	323568	182700	284711	402030	1821248	324618	273870	191730	142676	713700	90058	233016	241457	353248	264216	325390	1094943	677549	688620	83496	204058	94944	128184	274149	173976	190785	29212	40495	61490	142984	21707
420.0000017616069	0	0	0	0	0	6473273	0	1105767	466908	473256	524117	3188279	181398	360942	1617295	69411	35641	158498	475952	115488	155826	647976	379120	389933	385320	363605	1454620	329504	186760	290051	410805	1860672	334176	281622	196280	146598	733200	92685	240660	248933	363489	272498	336180	1134144	702723	715530	87024	220732	99360	133476	290583	201654	207928	31222	43699	66066	160564	23569
425.00000152136215	0	0	0	0	0	6527136	0	1111032	469352	476112	527191	3208742	183246	365844	1638835	70737	36453	160992	485605	117408	159192	659808	386400	397532	393072	369050	1486882	335664	190960	295747	421335	1912768	343616	288762	200690	150255	754200	95423	246792	256587	373730	279871	348270	1177641	731888	744165	90552	231848	103914	139552	321210	233286	225624	32428	46725	70499	173456	25382
430.0000043609583	0	0	0	0	0	6591595	0	1115829	472108	479024	530159	3228128	185262	370316	1660375	72063	37265	163400	493682	119328	161370	670712	393120	405727	400064	374858	1516880	342160	195090	301621	431595	1976128	349634	296514	205450	154548	773700	98013	254520	264597	384237	288052	358150	1223286	760439	772455	93884	248522	108744	146020	341379	262282	240002	34639	49840	74932	190450	27342
435.00000627570665	0	0	0	0	0	6645458	0	1121679	474292	482216	533339	3244283	187530	375476	1683351	73134	37874	165980	501759	121344	163878	678832	399420	412134	406144	381271	1547444	349440	199220	307673	440100	2025408	357776	303960	210420	157622	795900	100492	260904	272073	394478	295829	368550	1267857	789297	801435	97608	265196	113850	152292	354078	293914	251615	37185	52955	80080	208030	29400
440.00000161076554	0	0	0	0	0	6690491	0	1126710	476996	484568	536254	3262592	188958	379862	1705968	74256	38541	168904	509639	122736	166452	692984	406140	419286	413896	386716	1581404	356944	202650	314437	449820	2081728	364620	311814	214620	160590	816900	103193	268044	279193	404187	302192	379860	1312965	820304	826275	99960	277900	118266	161112	372753	328182	272629	39329	56426	85228	223266	31115
445.0000032794306	0	0	0	0	0	6747886	0	1133847	479960	486584	539010	3280542	190722	384076	1726790	75837	39324	170710	517322	124704	168564	702264	411460	425991	421496	393008	1602912	363440	206640	319599	460350	2140160	373588	317730	220430	164300	841200	105820	274512	286224	417088	310676	391690	1362369	849469	858705	104860	293780	123234	167580	400392	349270	290325	41473	59808	90376	243190	33026
450.00000103063184	0	0	0	0	0	6794685	0	1138527	482300	488600	541872	3299210	192738	387344	1746894	77010	39759	172774	526384	126864	171072	713168	418460	433739	428640	397969	1622156	370384	210980	325651	471420	2190848	381258	324156	224980	168381	861600	108336	280728	293344	428393	319564	401830	1410162	880169	890100	108780	304102	128616	174244	425043	374312	308021	44287	62834	96525	257840	34839
455.00000096101303	0	0	0	0	0	6848548	0	1144377	484432	490616	544257	3320750	195468	391988	1768434	78795	40281	175354	534067	128832	172722	723840	425040	440593	435328	404382	1654418	376432	214900	330368	481410	2256320	388338	332622	230580	172038	882000	111185	287868	301265	437703	327947	411840	1454196	905957	920460	112308	319188	132618	180712	453429	421760	329588	47034	66572	103818	276006	37142
460.0000042131235	0	0	0	0	0	6898879	0	1149525	486200	492912	546960	3337623	197652	396804	1791769	79560	40890	177504	542144	130656	174900	733352	431760	448043	444144	409948	1687812	383152	218260	337043	489375	2313344	398840	340272	235690	177020	901800	113701	294252	309275	446348	335219	422370	1503063	935429	948405	115052	333480	138414	186004	475839	458664	351155	49379	70577	108394	297688	39543
465.00000592161524	0	0	0	0	0	6947444	0	1154673	488436	494872	549398	3352342	200382	401620	1816899	80784	41325	180084	549236	132432	176946	742864	438200	453258	450528	415635	1724036	388640	222880	342650	498960	2371072	407690	347412	240800	180571	920400	116328	301056	318353	457653	343097	433550	1543338	958147	983940	118776	350948	142278	193844	504225	490296	370510	52863	73603	115973	316440	42091
470.00000426179184	0	0	0	0	0	6991594	0	1159704	489996	497000	551942	3371369	202776	405662	1842029	81906	41818	182836	557313	134640	179784	752144	444220	459814	456304	423016	1756864	394016	226800	348079	510570	2416832	415714	355266	246260	184546	941400	119140	307524	325206	469623	350773	443430	1582002	984856	1015680	123480	363652	147660	199332	525141	528518	393183	54806	77341	121264	330504	44198
475.0000011728909	0	0	0	0	0	7041925	0	1164735	492232	499520	554751	3386447	205212	409790	1862492	83181	42630	185674	563420	136752	182094	760728	451640	465625	463448	430518	1789692	401632	231840	354843	521775	2463296	424210	362916	251370	188415	962100	121878	314496	331436	479066	358348	454610	1623351	1007267	1043970	126616	370798	150834	205016	546057	558832	413091	57486	80278	127556	348670	46109
480.00001041964214	0	0	0	0	0	7090490	0	1170117	494312	501312	556924	3406551	207438	414606	1889058	84405	43210	187566	569921	138432	184734	773720	459480	472032	470896	436931	1815162	409696	236110	359382	531090	2521728	432234	370056	256690	191595	986700	124431	320376	337933	488775	366731	464360	1669533	1037660	1071225	129948	388266	156078	210308	568467	593100	430234	60434	83304	134706	368008	48265
485.00000337618565	0	0	0	0	0	7132874	0	1175733	496496	503776	559309	3425578	209118	418476	1916701	85884	44022	189974	576225	140016	187110	783232	466200	479184	476672	442497	1847424	415856	239470	365078	540000	2585792	442500	378012	261660	195517	1008600	126503	326928	344519	498085	376326	474630	1709808	1065904	1104345	132888	402558	161736	217168	593118	624732	445718	63181	86063	139425	392620	50862
490.0000005205511	0	0	0	0	0	7181439	0	1181466	498420	505624	561906	3443887	211134	422604	1938241	87159	44486	191952	582923	142080	189024	792512	473900	485144	481384	449515	1869498	421792	244510	369617	548640	2643520	451468	384948	266910	199863	1029900	128760	332976	351728	508459	383396	483730	1752768	1095683	1137810	135632	418438	166980	223244	620010	656364	463967	65325	89178	145574	423678	53116
495.00000308484766	0	0	0	0	0	7231770	0	1186731	501228	507920	565139	3460760	212646	427248	1961576	88740	45385	194618	589424	143760	191400	802720	477960	490806	486400	456654	1901194	429296	248920	376025	556470	2703360	459610	392292	271810	204050	1051500	131091	339360	360361	520163	392183	493220	1794654	1117173	1173345	138180	429554	172914	229908	645408	699858	482769	67804	93183	151580	442430	55370
500.0000010910867	0	0	0	0	0	7272388	0	1193751	502996	510552	567418	3476556	214662	432752	1981321	90066	45936	197198	597698	146112	193512	812232	485100	497809	490656	462583	1935720	437248	253540	381098	564300	2754048	468106	400452	276640	207813	1080000	133792	345744	366235	529872	401374	504790	1836003	1145417	1200945	140140	441464	177882	235004	675288	743352	503783	70551	96654	156871	462354	58016
505.0000166154035	0	0	0	0	0	7313889	0	1198080	504972	513016	569962	3493429	216678	436364	2002861	91953	46661	201498	605972	147312	196482	823368	491120	503620	496584	466939	1970246	444192	257320	386794	572265	2820928	478136	407592	281190	212212	1099800	136567	352296	372821	543438	408242	515450	1873056	1169363	1230960	144648	460520	182298	240100	699939	782892	525350	73097	100926	162877	485208	60221
510.0000016830133	0	0	0	0	0	7362454	0	1203228	507364	514920	572453	3509584	218694	440750	2023324	93330	47386	204336	615231	148992	198396	834736	497560	510325	501904	472989	1995150	449792	261100	394359	580365	2874432	487694	415956	286300	216134	1122300	138787	360108	381454	553679	416928	525200	1920312	1191160	1260285	148568	474812	186852	244608	725337	827704	548576	75442	104130	168740	502788	62230
515.0000010229197	0	0	0	0	0	7398657	0	1208376	509444	518000	574573	3529329	220542	444448	2044505	94605	48053	207948	623899	150960	201168	845408	503860	515689	509504	478071	2030242	454944	265790	400411	589680	2918080	495718	421668	291690	219155	1146900	141340	366576	388930	565383	426826	535080	1965957	1222474	1289265	152488	487516	192924	248920	737289	871198	571249	78256	108313	175890	522126	64778
520.000000646886	0	0	0	0	0	7456052	0	1213173	511576	520184	576428	3545843	222726	448404	2063532	96084	48749	210098	630400	152496	203874	856312	509180	524033	516344	484726	2069862	461216	270130	406997	596835	2965248	503270	429114	297360	223130	1172700	143079	373128	396139	574959	434199	546130	2008917	1249490	1319625	156212	505778	197202	254212	761940	921282	598899	81070	112496	181467	540878	67179
525.000011265538	0	0	0	0	0	7495787	0	1218672	513552	522256	579078	3557331	224952	452962	2086867	97257	49561	213108	638871	154320	206184	866056	515760	531334	523488	490050	2094766	468944	273910	413049	604665	3024384	510468	435846	302820	227158	1193700	145225	378420	403348	585732	441370	556400	2048118	1271901	1349985	160524	519276	201756	262640	787338	959504	624337	83884	115967	186615	559044	69139
530.0000022819321	0	0	0	0	0	7537288	0	1222767	515372	524160	581463	3571691	226590	458208	2111997	98328	50141	216204	647342	156000	208824	877656	523040	538337	530176	497431	2126462	475664	278320	419457	614250	3077184	520616	443292	307510	230762	1212300	148296	384804	410379	597968	449551	566800	2092152	1298610	1384830	164640	542302	208518	268716	815724	989818	649222	86966	120150	191620	575452	71687
535.0000098521406	0	0	0	0	0	7578789	0	1226511	517660	526736	584484	3587487	228480	462422	2132101	99348	50837	218182	655025	157584	211662	886704	529060	545787	538080	504328	2155894	482720	283360	424886	623970	3130688	527460	449922	313180	234260	1231800	150849	392784	419190	607810	457429	577070	2140482	1326240	1410015	167776	557388	213624	273812	840375	1025404	668577	89378	123621	198341	603580	74235
540.0000034407395	0	0	0	0	0	7625588	0	1231542	519948	529144	586657	3600411	230412	466636	2151846	100623	51620	221364	663299	159360	214104	896912	533820	552790	546288	512798	2188156	489888	288330	431828	631530	3176448	537726	456042	319550	237652	1254900	153254	398580	427823	618450	465812	588770	2176461	1352949	1436925	171500	569298	219696	281652	866520	1075488	698439	92460	128338	204204	620574	75509
545.0000108149304	0	0	0	0	0	7663557	0	1236339	521872	531888	588406	3613694	231966	470936	2173386	101949	52287	224116	670588	161280	216876	905960	539560	558899	551000	519332	2221550	496832	292250	439215	641925	3232064	545986	462978	323820	241468	1278900	156103	405468	433786	628691	474195	597870	2223717	1378430	1464525	174048	584384	223698	288120	888183	1115028	723324	95274	131364	208494	638154	78204
550.0000069076466	0	0	0	0	0	7714771	0	1239849	524160	533288	590685	3631285	234234	474720	2193849	103173	53070	226008	678074	162768	219450	915472	546420	567094	559056	525745	2247586	504224	296520	444377	652320	3284160	555544	469200	329070	246079	1300200	158471	411264	440461	639996	480659	607100	2268825	1405753	1491090	176988	603440	228804	296548	921798	1147978	752633	97753	134212	216502	659250	80654
555.0000029318608	0	0	0	0	0	7763336	0	1244997	525980	535696	593070	3648517	235872	479708	2214312	104142	53737	228416	685560	164448	222354	924520	553000	574544	565744	532037	2280414	511616	300580	449717	662175	3343296	565456	477462	334530	249153	1323300	160950	418908	447314	650370	488335	618930	2298897	1440444	1520070	178752	610586	233220	305564	947943	1196744	774753	101572	138751	223509	683276	83055
560.000003716693	0	0	0	0	0	7804837	0	1249443	528372	538328	594978	3662518	238098	484008	2238006	105468	54259	230738	693046	165888	225060	935656	559440	580355	572584	540144	2307582	520240	305060	455858	670005	3403136	571946	483786	339710	252598	1347300	163910	426804	453544	660212	496617	628420	2348838	1474521	1547325	181888	622496	237912	312816	977076	1240238	797979	104587	142489	230230	707302	86240
565.000000125763	0	0	0	0	0	7848104	0	1254006	530608	540232	596621	3679032	239946	487792	2258469	106590	54926	233232	699941	167904	228360	946096	565040	586464	577904	547888	2332486	527520	309400	462355	679455	3468608	581032	490518	345590	257050	1368300	166611	434028	461198	671251	505303	639340	2388039	1500616	1577685	187572	643140	242190	320264	1003968	1286368	821758	106798	145782	236522	730742	88690
570.0000017054791	0	0	0	0	0	7886073	0	1260090	532584	542024	598847	3693751	241500	492264	2277496	107508	55622	235726	705851	169344	231198	959552	572460	593169	587176	554301	2364182	535360	312970	467606	687690	3520704	590472	498270	350560	260866	1390800	169645	441840	468585	680827	512878	648050	2430462	1527018	1610460	190512	657432	247158	326340	1033101	1323272	846090	109947	151211	242814	751838	91728
575.00000034314	0	0	0	0	0	7929340	0	1264536	534144	543984	600755	3710265	243222	496306	2302985	108477	56318	237790	713337	171408	233508	970224	580160	600172	595536	561561	2400972	543088	317100	473658	695655	3571392	599558	506838	356930	264735	1410600	172420	449736	475438	691866	520655	659880	2476644	1554648	1640475	194432	670136	252264	332808	1064475	1366766	868210	112962	155305	249392	774692	94325
580.0000103902806	0	0	0	0	0	7965543	0	1269450	535808	546448	603299	3723907	245238	500176	2322730	109650	56898	239940	720232	173136	235686	980432	585900	606579	602528	567974	2432102	550704	320670	478286	704835	3610816	607464	514386	362110	268286	1429500	175380	457128	483626	705166	529543	668460	2517993	1578594	1668765	197372	680458	256956	341040	1084644	1414214	893648	115776	158687	256542	792858	97069
585.0000016106683	0	0	0	0	0	7997331	0	1273545	537940	548296	605419	3738985	247422	503272	2339962	111282	57333	241918	727127	174816	237666	989712	591220	612390	609368	574629	2471156	557648	325290	484160	712935	3658688	616078	522852	367780	271996	1451700	178192	464856	491814	716072	538734	678470	2562564	1604996	1704300	199724	693956	261096	347508	1106307	1455072	913556	119729	162425	262548	813368	99421
590.0000025125687	0	0	0	0	0	8039715	0	1278459	539292	550424	607592	3754063	249270	507658	2353963	112761	58464	243810	735598	176592	240174	999688	598080	619989	614536	580316	2500588	565152	329140	490301	724005	3715712	625046	529380	374150	275547	1473000	180597	470988	499201	727643	547723	690170	2617338	1632626	1733625	202664	706660	267168	353976	1132452	1511746	938441	122610	166430	268983	833292	102214
595.0000005768643	0	0	0	0	0	8082099	0	1283022	541372	552720	609182	3772013	250992	511270	2372631	113985	59044	245616	743281	178320	243012	1008968	604660	625055	620312	587576	2530586	573104	332500	496887	733320	3762880	635902	536418	379890	279310	1493100	183446	477792	507300	738682	556611	701220	2653317	1661791	1767780	206192	720158	272826	360640	1154862	1551286	957796	125223	170257	275990	855560	105399
600.0000084050131	0	0	0	0	0	8118302	0	1287585	543556	554400	611620	3788527	253176	515226	2394889	115005	59856	247852	748797	180336	244860	1018480	610540	630270	623504	593021	2561716	581616	337120	503028	741555	3814272	644398	543456	384790	283285	1519200	185518	485856	514954	750253	566105	711880	2703795	1687272	1797795	209524	733656	279036	367696	1177272	1605324	979916	129310	173194	283569	870796	108339
