>time	Ribosome	coli Pol	coli Pol-P	coli Pol-2.0	coli Pol-P-2.0	gp1	gp1-3.5	gp0.3	gp0.4	gp0.5	gp0.6A	gp0.7	gp1.1	gp1.2	gp1.3	gp1.4	gp1.5	gp1.6	gp1.7	gp1.8	gp2.0	gp2.5	gp2.8	gp3.0	gp3.5	gp3.8	gp4A	gp4.2	gp4.3	gp4.5	gp4.7	gp5.0	gp5.3	gp5.5	gp5.7	gp5.9	gp6.0	gp6.3	gp6.5	gp6.7	gp7	gp7.3	gp7.7	gp8	gp9	gp10A	gp11	gp12	gp13	gp14	gp15	gp16	gp17	gp17.5	gp18	gp18.5	gp19	gp19.5	RNA: gp0.3	RNA: gp0.4	RNA: gp0.5	RNA: gp0.6A	RNA: gp0.7	RNA: gp1	RNA: gp1.1	RNA: gp1.2	RNA: gp1.3	RNA: gp1.4	RNA: gp1.5	RNA: gp1.6	RNA: gp1.7	RNA: gp1.8	RNA: gp2.0	RNA: gp2.5	RNA: gp3.0	RNA: gp3.5	RNA: gp3.8	RNA: gp4A	RNA: gp4.2	RNA: gp4.3	RNA: gp4.5	RNA: gp4.7	RNA: gp5.0	RNA: gp5.3	RNA: gp5.5	RNA: gp5.7	RNA: gp5.9	RNA: gp6.0	RNA: gp6.3	RNA: gp6.5	RNA: gp6.7	RNA: gp7	RNA: gp7.3	RNA: gp7.7	RNA: gp8	RNA: gp9	RNA: gp10A	RNA: gp11	RNA: gp12	RNA: gp13	RNA: gp14	RNA: gp15	RNA: gp16	RNA: gp17	RNA: gp17.5	RNA: gp18	RNA: gp18.5	RNA: gp19	RNA: gp19.5	NumColiPoly:	4	NumT7Poly	2	NumOfTimePoints:	121	NumOfProteins:	58	NumOfCoding	51
1.1100748160352133E-4	10000	1800	0	0	0	0	0	0	0	0	0	0	0	0	0	0	0	0	0	0	0	0	0	0	0	0	0	0	0	0	0	0	0	0	0	0	0	0	0	0	0	0	0	0	0	0	0	0	0	0	0	0	0	0	0	0	0	0	0	0	0	0	0	0	0	0	0	0	0	0	0	0	0	0	0	0	0	0	0	0	0	0	0	0	0	0	0	0	0	0	0	0	0	0	0	0	0	0	0	0	0	0	0	0	0	0	0	0	0
5.002681236512077	10000	1800	0	0	0	0	0	0	0	0	0	0	0	0	0	0	0	0	0	0	0	0	0	0	0	0	0	0	0	0	0	0	0	0	0	0	0	0	0	0	0	0	0	0	0	0	0	0	0	0	0	0	0	0	0	0	0	0	0	0	0	0	0	0	0	0	0	0	0	0	0	0	0	0	0	0	0	0	0	0	0	0	0	0	0	0	0	0	0	0	0	0	0	0	0	0	0	0	0	0	0	0	0	0	0	0	0	0	0
10.003570735950756	10000	1794	0	0	0	0	0	0	0	0	0	0	0	0	0	0	0	0	0	0	0	0	0	0	0	0	0	0	0	0	0	0	0	0	0	0	0	0	0	0	0	0	0	0	0	0	0	0	0	0	0	0	0	0	0	0	0	0	0	0	0	0	0	0	0	0	0	0	0	0	0	0	0	0	0	0	0	0	0	0	0	0	0	0	0	0	0	0	0	0	0	0	0	0	0	0	0	0	0	0	0	0	0	0	0	0	0	0	0
15.00181404608643	10000	1785	0	0	0	0	0	0	0	0	0	0	0	0	0	0	0	0	0	0	0	0	0	0	0	0	0	0	0	0	0	0	0	0	0	0	0	0	0	0	0	0	0	0	0	0	0	0	0	0	0	0	0	0	0	0	0	0	0	0	0	0	0	0	0	0	0	0	0	0	0	0	0	0	0	0	0	0	0	0	0	0	0	0	0	0	0	0	0	0	0	0	0	0	0	0	0	0	0	0	0	0	0	0	0	0	0	0	0
20.000348315318725	9991	1772	0	0	0	0	0	0	0	0	0	0	0	0	0	0	0	0	0	0	0	0	0	0	0	0	0	0	0	0	0	0	0	0	0	0	0	0	0	0	0	0	0	0	0	0	0	0	0	0	0	0	0	0	0	0	0	0	0	0	0	0	0	0	0	0	0	0	0	0	0	0	0	0	0	0	0	0	0	0	0	0	0	0	0	0	0	0	0	0	0	0	0	0	0	0	0	0	0	0	0	0	0	0	0	0	0	0	0
25.00002708869275	9969	1761	0	0	0	0	0	0	0	0	0	0	0	0	0	0	0	0	0	0	0	0	0	0	0	0	0	0	0	0	0	0	0	0	0	0	0	0	0	0	0	0	0	0	0	0	0	0	0	0	0	0	0	0	0	0	0	0	2	0	0	0	0	0	0	0	0	0	0	0	0	0	0	0	0	0	0	0	0	0	0	0	0	0	0	0	0	0	0	0	0	0	0	0	0	0	0	0	0	0	0	0	0	0	0	0	0	0	0
30.000035008511727	9928	1750	0	0	0	0	0	7	3	0	0	0	0	0	0	0	0	0	0	0	0	0	0	0	0	0	0	0	0	0	0	0	0	0	0	0	0	0	0	0	0	0	0	0	0	0	0	0	0	0	0	0	0	0	0	0	0	0	12	4	0	0	0	0	0	0	0	0	0	0	0	0	0	0	0	0	0	0	0	0	0	0	0	0	0	0	0	0	0	0	0	0	0	0	0	0	0	0	0	0	0	0	0	0	0	0	0	0	0
35.000529953135505	9857	1733	0	0	0	0	0	26	17	4	1	0	0	0	0	0	0	0	0	0	0	0	0	0	0	0	0	0	0	0	0	0	0	0	0	0	0	0	0	0	0	0	0	0	0	0	0	0	0	0	0	0	0	0	0	0	0	0	23	14	10	0	0	0	0	0	0	0	0	0	0	0	0	0	0	0	0	0	0	0	0	0	0	0	0	0	0	0	0	0	0	0	0	0	0	0	0	0	0	0	0	0	0	0	0	0	0	0	0
40.00016435482648	9789	1719	0	0	0	0	0	52	36	22	5	0	0	0	0	0	0	0	0	0	0	0	0	0	0	0	0	0	0	0	0	0	0	0	0	0	0	0	0	0	0	0	0	0	0	0	0	0	0	0	0	0	0	0	0	0	0	0	37	19	13	6	0	0	0	0	0	0	0	0	0	0	0	0	0	0	0	0	0	0	0	0	0	0	0	0	0	0	0	0	0	0	0	0	0	0	0	0	0	0	0	0	0	0	0	0	0	0	0
45.000495258838555	9692	1706	0	0	0	0	0	93	68	38	22	0	0	0	0	0	0	0	0	0	0	0	0	0	0	0	0	0	0	0	0	0	0	0	0	0	0	0	0	0	0	0	0	0	0	0	0	0	0	0	0	0	0	0	0	0	0	0	52	33	19	16	0	0	0	0	0	0	0	0	0	0	0	0	0	0	0	0	0	0	0	0	0	0	0	0	0	0	0	0	0	0	0	0	0	0	0	0	0	0	0	0	0	0	0	0	0	0	0
50.000000040861515	9583	1688	0	0	0	0	0	148	117	75	48	0	0	0	0	0	0	0	0	0	0	0	0	0	0	0	0	0	0	0	0	0	0	0	0	0	0	0	0	0	0	0	0	0	0	0	0	0	0	0	0	0	0	0	0	0	0	0	65	50	29	26	0	0	0	0	0	0	0	0	0	0	0	0	0	0	0	0	0	0	0	0	0	0	0	0	0	0	0	0	0	0	0	0	0	0	0	0	0	0	0	0	0	0	0	0	0	0	0
55.000109758241884	9440	1674	0	0	0	0	0	223	188	112	85	0	0	0	0	0	0	0	0	0	0	0	0	0	0	0	0	0	0	0	0	0	0	0	0	0	0	0	0	0	0	0	0	0	0	0	0	0	0	0	0	0	0	0	0	0	0	0	81	60	44	39	0	0	0	0	0	0	0	0	0	0	0	0	0	0	0	0	0	0	0	0	0	0	0	0	0	0	0	0	0	0	0	0	0	0	0	0	0	0	0	0	0	0	0	0	0	0	0
60.00012778188291	9328	1663	0	0	0	0	0	311	262	179	141	0	0	0	0	0	0	0	0	0	0	0	0	0	0	0	0	0	0	0	0	0	0	0	0	0	0	0	0	0	0	0	0	0	0	0	0	0	0	0	0	0	0	0	0	0	0	0	95	73	58	53	0	0	0	0	0	0	0	0	0	0	0	0	0	0	0	0	0	0	0	0	0	0	0	0	0	0	0	0	0	0	0	0	0	0	0	0	0	0	0	0	0	0	0	0	0	0	0
65.00031460547126	9144	1653	0	0	0	0	0	411	358	238	210	0	0	0	0	0	0	0	0	0	0	0	0	0	0	0	0	0	0	0	0	0	0	0	0	0	0	0	0	0	0	0	0	0	0	0	0	0	0	0	0	0	0	0	0	0	0	0	105	89	71	66	4	0	0	0	0	0	0	0	0	0	0	0	0	0	0	0	0	0	0	0	0	0	0	0	0	0	0	0	0	0	0	0	0	0	0	0	0	0	0	0	0	0	0	0	0	0	0
70.00003346492105	8918	1633	4	0	0	0	0	519	469	335	297	0	0	0	0	0	0	0	0	0	0	0	0	0	0	0	0	0	0	0	0	0	0	0	0	0	0	0	0	0	0	0	0	0	0	0	0	0	0	0	0	0	0	0	0	0	0	0	123	106	88	79	42	0	0	0	0	0	0	0	0	0	0	0	0	0	0	0	0	0	0	0	0	0	0	0	0	0	0	0	0	0	0	0	0	0	0	0	0	0	0	0	0	0	0	0	0	0	0
75.0000557308312	8758	1603	21	0	0	0	0	672	599	450	411	0	0	0	0	0	0	0	0	0	0	0	0	0	0	0	0	0	0	0	0	0	0	0	0	0	0	0	0	0	0	0	0	0	0	0	0	0	0	0	0	0	0	0	0	0	0	0	138	115	106	98	60	0	0	0	0	0	0	0	0	0	0	0	0	0	0	0	0	0	0	0	0	0	0	0	0	0	0	0	0	0	0	0	0	0	0	0	0	0	0	0	0	0	0	0	0	0	0
80.00002309227857	8566	1557	50	0	0	0	0	836	741	583	562	0	0	0	0	0	0	0	0	0	0	0	0	0	0	0	0	0	0	0	0	0	0	0	0	0	0	0	0	0	0	0	0	0	0	0	0	0	0	0	0	0	0	0	0	0	0	0	149	124	116	114	74	0	0	0	0	0	0	0	0	0	0	0	0	0	0	0	0	0	0	0	0	0	0	0	0	0	0	0	0	0	0	0	0	0	0	0	0	0	0	0	0	0	0	0	0	0	0
85.00022316543654	8379	1508	87	0	0	0	0	1031	904	716	713	0	0	0	0	0	0	0	0	0	0	0	0	0	0	0	0	0	0	0	0	0	0	0	0	0	0	0	0	0	0	0	0	0	0	0	0	0	0	0	0	0	0	0	0	0	0	0	163	137	125	124	101	0	0	0	0	0	0	0	0	0	0	0	0	0	0	0	0	0	0	0	0	0	0	0	0	0	0	0	0	0	0	0	0	0	0	0	0	0	0	0	0	0	0	0	0	0	0
90.00003490622242	8122	1436	145	0	0	0	0	1207	1056	868	921	0	0	0	0	0	0	0	0	0	0	0	0	0	0	0	0	0	0	0	0	0	0	0	0	0	0	0	0	0	0	0	0	0	0	0	0	0	0	0	0	0	0	0	0	0	0	0	176	150	141	137	113	0	0	0	0	0	0	0	0	0	0	0	0	0	0	0	0	0	0	0	0	0	0	0	0	0	0	0	0	0	0	0	0	0	0	0	0	0	0	0	0	0	0	0	0	0	0
95.00010795986869	7814	1379	195	0	0	0	0	1378	1266	1039	1114	0	0	0	0	0	0	0	0	0	0	0	0	0	0	0	0	0	0	0	0	0	0	0	0	0	0	0	0	0	0	0	0	0	0	0	0	0	0	0	0	0	0	0	0	0	0	0	184	168	153	154	126	0	0	0	0	0	0	0	0	0	0	0	0	0	0	0	0	0	0	0	0	0	0	0	0	0	0	0	0	0	0	0	0	0	0	0	0	0	0	0	0	0	0	0	0	0	0
100.00000408119875	7580	1284	281	0	0	0	0	1592	1460	1206	1373	1	0	0	0	0	0	0	0	0	0	0	0	0	0	0	0	0	0	0	0	0	0	0	0	0	0	0	0	0	0	0	0	0	0	0	0	0	0	0	0	0	0	0	0	0	0	0	192	176	163	160	138	0	0	0	0	0	0	0	0	0	0	0	0	0	0	0	0	0	0	0	0	0	0	0	0	0	0	0	0	0	0	0	0	0	0	0	0	0	0	0	0	0	0	0	0	0	0
105.00005005659415	7296	1171	384	0	0	0	0	1807	1672	1389	1675	0	0	0	0	0	0	0	0	0	0	0	0	0	0	0	0	0	0	0	0	0	0	0	0	0	0	0	0	0	0	0	0	0	0	0	0	0	0	0	0	0	0	0	0	0	0	0	196	188	177	170	154	0	0	0	0	0	0	0	0	0	0	0	0	0	0	0	0	0	0	0	0	0	0	0	0	0	0	0	0	0	0	0	0	0	0	0	0	0	0	0	0	0	0	0	0	0	0
110.00003342347264	7037	1039	500	0	0	0	0	2029	1901	1586	2000	0	0	0	0	0	0	0	0	0	0	0	0	0	0	0	0	0	0	0	0	0	0	0	0	0	0	0	0	0	0	0	0	0	0	0	0	0	0	0	0	0	0	0	0	0	0	0	208	193	187	183	167	0	0	0	0	0	0	0	0	0	0	0	0	0	0	0	0	0	0	0	0	0	0	0	0	0	0	0	0	0	0	0	0	0	0	0	0	0	0	0	0	0	0	0	0	0	0
115.00005057991903	6739	879	650	0	0	0	0	2263	2114	1787	2391	0	0	0	0	0	0	0	0	0	0	0	0	0	0	0	0	0	0	0	0	0	0	0	0	0	0	0	0	0	0	0	0	0	0	0	0	0	0	0	0	0	0	0	0	0	0	0	223	203	193	197	174	0	0	0	0	0	0	0	0	0	0	0	0	0	0	0	0	0	0	0	0	0	0	0	0	0	0	0	0	0	0	0	0	0	0	0	0	0	0	0	0	0	0	0	0	0	0
120.00007343580195	6438	721	795	0	0	0	0	2524	2368	2015	2779	1	0	0	0	0	0	0	0	0	0	0	0	0	0	0	0	0	0	0	0	0	0	0	0	0	0	0	0	0	0	0	0	0	0	0	0	0	0	0	0	0	0	0	0	0	0	0	240	214	203	203	187	0	0	0	0	0	0	0	0	0	0	0	0	0	0	0	0	0	0	0	0	0	0	0	0	0	0	0	0	0	0	0	0	0	0	0	0	0	0	0	0	0	0	0	0	0	0
125.0001342519719	6056	539	965	0	0	0	0	2775	2600	2251	3202	0	0	0	0	0	0	0	0	0	0	0	0	0	0	0	0	0	0	0	0	0	0	0	0	0	0	0	0	0	0	0	0	0	0	0	0	0	0	0	0	0	0	0	0	0	0	0	251	229	220	221	196	7	0	0	0	0	0	0	0	0	0	0	0	0	0	0	0	0	0	0	0	0	0	0	0	0	0	0	0	0	0	0	0	0	0	0	0	0	0	0	0	0	0	0	0	0	0
130.0000590311289	5846	359	1140	0	0	3	0	3080	2874	2520	3665	4	0	0	0	0	0	0	0	0	0	0	0	0	0	0	0	0	0	0	0	0	0	0	0	0	0	0	0	0	0	0	0	0	0	0	0	0	0	0	0	0	0	0	0	0	0	0	258	238	234	236	207	97	0	0	0	0	0	0	0	0	0	0	0	0	0	0	0	0	0	0	0	0	0	0	0	0	0	0	0	0	0	0	0	0	0	0	0	0	0	0	0	0	0	0	0	0	0
135.00010485922505	5497	156	1336	0	0	7	0	3378	3144	2787	4121	2	1	0	0	0	0	0	0	0	0	0	0	0	0	0	0	0	0	0	0	0	0	0	0	0	0	0	0	0	0	0	0	0	0	0	0	0	0	0	0	0	0	0	0	0	0	0	263	253	242	246	218	158	1	0	0	0	0	0	0	0	0	0	0	0	0	0	0	0	0	0	0	0	0	0	0	0	0	0	0	0	0	0	0	0	0	0	0	0	0	0	0	0	0	0	0	0	0
140.00002749376696	5149	0	1485	0	0	14	0	3682	3428	3081	4543	62	16	2	0	0	0	0	0	0	0	0	0	0	0	0	0	0	0	0	0	0	0	0	0	0	0	0	0	0	0	0	0	0	0	0	0	0	0	0	0	0	0	0	0	0	0	0	272	259	252	254	231	174	12	4	0	0	0	0	0	0	0	0	0	0	0	0	0	0	0	0	0	0	0	0	0	0	0	0	0	0	0	0	0	0	0	0	0	0	0	0	0	0	0	0	0	0	0
145.00004260161066	4766	0	1480	0	0	32	0	3984	3716	3397	4840	277	44	12	0	0	0	0	0	0	0	0	0	0	0	0	0	0	0	0	0	0	0	0	0	0	0	0	0	0	0	0	0	0	0	0	0	0	0	0	0	0	0	0	0	0	0	0	277	265	258	265	243	188	24	15	0	0	0	0	0	0	0	0	0	0	0	0	0	0	0	0	0	0	0	0	0	0	0	0	0	0	0	0	0	0	0	0	0	0	0	0	0	0	0	0	0	0	0
150.00014790690489	4366	0	1474	0	0	74	0	4294	4016	3690	5151	480	79	39	0	0	0	0	0	0	0	0	0	0	0	0	0	0	0	0	0	0	0	0	0	0	0	0	0	0	0	0	0	0	0	0	0	0	0	0	0	0	0	0	0	0	0	0	281	272	267	270	252	198	35	30	0	0	0	0	0	0	0	0	0	0	0	0	0	0	0	0	0	0	0	0	0	0	0	0	0	0	0	0	0	0	0	0	0	0	0	0	0	0	0	0	0	0	0
155.000028545695	3969	0	1471	0	0	127	0	4622	4306	4003	5459	723	141	76	0	0	0	0	0	0	0	0	0	0	0	0	0	0	0	0	0	0	0	0	0	0	0	0	0	0	0	0	0	0	0	0	0	0	0	0	0	0	0	0	0	0	0	0	282	280	275	282	263	211	54	45	0	0	0	0	0	0	0	0	0	0	0	0	0	0	0	0	0	0	0	0	0	0	0	0	0	0	0	0	0	0	0	0	0	0	0	0	0	0	0	0	0	0	0
160.0000048498363	3521	0	1461	0	0	194	0	4926	4612	4333	5797	953	221	135	0	0	0	0	0	0	0	0	0	0	0	0	0	0	0	0	0	0	0	0	0	0	0	0	0	0	0	0	0	0	0	0	0	0	0	0	0	0	0	0	0	0	0	0	282	283	282	292	271	223	71	58	0	0	0	0	0	0	0	0	0	0	0	0	0	0	0	0	0	0	0	0	0	0	0	0	0	0	0	0	0	0	0	0	0	0	0	0	0	0	0	0	0	0	0
165.00002931210878	3039	0	1453	0	0	286	0	5261	4925	4646	6132	1216	307	206	1	0	0	0	0	0	0	0	0	0	0	0	0	0	0	0	0	0	0	0	0	0	0	0	0	0	0	0	0	0	0	0	0	0	0	0	0	0	0	0	0	0	0	0	309	285	283	296	283	237	81	78	10	0	0	0	0	0	0	0	0	0	0	0	0	0	0	0	0	0	0	0	0	0	0	0	0	0	0	0	0	0	0	0	0	0	0	0	0	0	0	0	0	0	0
170.0000303132013	2531	0	1455	0	0	383	0	5633	5281	4949	6465	1496	414	296	14	2	4	0	0	0	0	0	0	0	0	0	0	0	0	0	0	0	0	0	0	0	0	0	0	0	0	0	0	0	0	0	0	0	0	0	0	0	0	0	0	0	0	0	334	300	289	300	289	249	94	90	65	4	5	1	0	0	0	0	0	0	0	0	0	0	0	0	0	0	0	0	0	0	0	0	0	0	0	0	0	0	0	0	0	0	0	0	0	0	0	0	0	0	0
175.00005319972178	1944	0	1456	0	0	482	0	5987	5632	5264	6828	1800	561	406	34	9	11	1	0	0	0	0	0	0	0	0	0	0	0	0	0	0	0	0	0	0	0	0	0	0	0	0	0	0	0	0	0	0	0	0	0	0	0	0	0	0	0	0	344	325	305	307	295	262	123	100	100	7	5	9	9	5	2	0	0	0	0	0	0	0	0	0	0	0	0	0	0	0	0	0	0	0	0	0	0	0	0	0	0	0	0	0	0	0	0	0	0	0	0
180.0000171307582	1226	0	1449	0	6	594	0	6395	5997	5642	7189	2098	715	513	78	24	26	13	0	18	0	0	0	0	0	0	0	0	0	0	0	0	0	0	0	0	0	0	0	0	0	0	0	0	0	0	0	0	0	0	0	0	0	0	0	0	0	0	347	336	321	323	296	274	146	120	118	14	11	20	24	19	21	9	0	0	0	0	0	0	0	0	0	0	0	0	0	0	0	0	0	0	0	0	0	0	0	0	0	0	0	0	0	0	0	0	0	0	0
185.00000839988886	479	0	1418	0	38	694	0	6803	6367	5995	7555	2413	884	646	143	49	46	43	10	51	1	0	0	0	0	0	0	0	0	0	0	0	0	0	0	0	0	0	0	0	0	0	0	0	0	0	0	0	0	0	0	0	0	0	0	0	0	0	353	347	341	339	313	277	167	148	134	24	21	37	47	38	35	27	6	7	2	0	0	0	0	0	0	0	0	0	0	0	0	0	0	0	0	0	0	0	0	0	0	0	0	0	0	0	0	0	0	0	0
190.0000057437617	63	0	1374	0	92	837	0	7209	6755	6397	7960	2731	1079	809	226	79	82	95	39	127	1	1	0	1	0	0	0	0	0	0	0	0	0	0	0	0	0	0	0	0	0	0	0	0	0	0	0	0	0	0	0	0	0	0	0	0	0	0	370	354	349	356	316	283	178	167	152	30	28	52	68	66	53	50	33	23	17	0	0	0	0	0	0	0	0	0	0	0	0	0	0	0	0	0	0	0	0	0	0	0	0	0	0	0	0	0	0	0	0
195.00001788086703	28	0	1307	0	164	960	10	7614	7138	6772	8359	3041	1260	988	337	117	112	155	80	209	2	17	0	17	2	13	0	0	0	0	0	0	0	0	0	0	0	0	0	0	0	0	0	0	0	0	0	0	0	0	0	0	0	0	0	0	0	0	373	368	349	365	323	285	196	186	170	38	37	66	98	85	76	75	54	53	50	26	8	8	5	1	0	0	0	0	0	0	0	0	0	0	0	0	0	0	0	0	0	0	0	0	0	0	0	0	0	0	0
200.00000889528576	28	0	1231	0	237	1091	41	7976	7461	7092	8671	3367	1416	1166	460	146	140	214	153	297	2	53	0	63	2	43	0	4	6	1	0	0	0	0	0	0	0	0	0	0	0	0	0	0	0	0	0	0	0	0	0	0	0	0	0	0	0	0	377	371	357	369	327	286	210	199	184	44	42	79	123	120	110	112	84	71	76	55	36	34	24	10	0	0	0	0	0	0	0	0	0	0	0	0	0	0	0	0	0	0	0	0	0	0	0	0	0	0	0
205.00000498622617	15	0	1145	0	323	1206	88	8299	7736	7367	8951	3687	1564	1326	602	184	170	272	228	386	0	120	0	120	4	102	0	18	21	12	0	0	0	0	0	0	0	0	0	0	0	0	0	0	0	0	0	0	0	0	0	0	0	0	0	0	0	0	376	378	361	380	328	288	224	207	186	49	46	90	145	136	123	141	117	97	108	74	61	46	64	59	4	0	0	0	0	0	0	0	0	0	0	0	0	0	0	0	0	0	0	0	0	0	0	0	0	0	0
210.00000236009976	5	1	1071	0	406	1371	137	8577	7998	7610	9229	4016	1717	1469	755	223	196	332	328	474	6	188	0	180	4	158	0	54	53	52	14	0	0	0	0	0	0	0	0	0	0	0	0	0	0	0	0	0	0	0	0	0	0	0	0	0	0	0	387	381	359	385	321	281	239	216	194	52	47	97	154	145	132	153	145	130	130	100	92	89	108	80	42	18	11	4	4	0	0	0	0	0	0	0	0	0	0	0	0	0	0	0	0	0	0	0	0	0	0
215.00001447461503	14	0	1007	0	487	1515	203	8845	8245	7825	9501	4319	1865	1613	922	257	225	399	432	545	6	279	0	250	4	231	0	109	109	109	47	0	1	0	2	0	0	0	0	0	0	0	0	0	0	0	0	0	0	0	0	0	0	0	0	0	0	0	397	388	359	389	327	280	257	225	201	50	48	100	162	147	132	161	154	148	170	111	96	89	110	108	82	52	36	28	25	2	5	2	0	0	0	0	0	0	0	0	0	0	0	0	0	0	0	0	0	0	0
220.0000038512045	6	0	958	0	545	1629	279	9076	8466	8040	9736	4616	2003	1741	1073	286	258	453	519	622	3	376	0	347	5	301	0	169	155	178	87	0	10	11	15	13	0	3	0	0	0	0	0	0	0	0	0	0	0	0	0	0	0	0	0	0	0	0	389	386	362	390	327	277	274	241	204	56	58	111	165	145	132	164	157	158	194	115	106	93	111	113	113	79	73	77	73	27	29	32	25	10	4	0	0	0	0	0	0	0	0	0	0	0	0	0	0	0	0
225.0000027559072	13	0	883	0	628	1805	340	9286	8672	8213	9919	4872	2141	1872	1240	312	285	502	618	701	7	479	0	429	11	405	5	249	200	235	142	0	43	37	38	45	0	14	9	3	0	0	0	0	0	0	0	0	0	0	0	0	0	0	0	0	0	0	392	387	366	397	327	290	287	253	205	58	61	120	178	157	156	165	157	161	210	161	161	133	126	115	135	126	118	111	105	67	68	91	73	49	38	28	0	0	0	0	0	0	0	0	0	0	0	0	0	0	0
230.00002115464812	10	0	797	0	717	1956	413	9499	8837	8405	10111	5120	2268	2002	1358	344	315	565	702	791	13	569	0	530	18	500	31	323	264	296	203	0	84	79	85	91	0	49	31	25	8	8	0	0	0	0	0	0	0	0	0	0	0	0	0	0	0	0	387	384	373	401	316	283	299	260	204	64	62	122	192	184	185	190	160	163	211	181	193	181	193	170	142	137	133	135	134	108	98	117	108	97	96	71	18	0	0	0	0	0	0	0	0	0	0	0	0	0	0
235.00000116289053	5	0	729	0	789	2095	492	9671	8996	8555	10296	5315	2393	2113	1488	369	342	623	786	866	16	663	0	604	16	597	78	413	325	363	248	0	145	132	138	142	5	92	77	67	28	29	5	0	0	0	0	0	0	0	0	0	0	0	0	0	0	0	383	380	369	399	302	282	311	268	206	72	70	131	206	192	211	229	184	191	224	179	198	190	214	209	158	139	136	142	137	118	112	160	156	134	119	99	40	21	0	0	0	0	0	0	0	0	0	0	0	0	0
240.00000009647746	2	0	652	0	865	2328	556	9813	9147	8683	10475	5538	2523	2219	1610	400	371	679	874	959	14	734	0	680	14	687	143	504	416	446	303	0	213	182	188	210	25	139	128	114	60	67	35	0	0	0	0	0	0	0	0	0	0	0	0	0	0	0	381	377	359	399	299	281	325	275	219	82	85	150	226	206	220	252	222	209	246	177	201	195	214	212	218	174	153	155	149	122	116	173	168	160	160	149	65	41	24	0	0	0	0	0	0	0	0	0	0	0	0
245.00000564129877	7	0	595	0	927	2505	634	9958	9293	8837	10625	5703	2633	2325	1731	430	399	734	963	1037	27	825	0	742	6	775	218	577	492	524	375	2	269	234	249	263	56	190	184	174	106	119	68	0	0	0	0	0	0	0	0	0	0	0	0	0	0	0	381	376	355	405	289	277	344	283	227	84	85	148	241	225	243	271	235	256	294	190	217	208	213	214	266	228	212	210	199	153	142	197	187	168	165	165	76	79	57	11	0	0	0	0	0	0	0	0	0	0	0
250.00000342363518	6	0	513	0	1013	2751	688	10113	9415	8963	10787	5869	2750	2425	1835	466	424	792	1035	1110	25	910	0	826	16	863	294	698	565	592	457	17	326	297	309	320	101	232	241	248	169	183	128	0	0	0	0	0	0	0	0	0	0	0	0	0	0	0	380	373	347	400	287	269	363	296	231	86	87	146	239	224	256	290	254	266	311	225	261	247	249	226	277	254	251	258	251	181	166	219	212	189	190	175	108	105	99	18	0	0	0	0	0	0	0	0	0	0	0
255.00000042971655	1	0	461	0	1070	2871	775	10241	9550	9085	10923	5999	2875	2526	1944	497	460	850	1119	1184	37	993	0	901	10	976	390	789	637	677	540	54	383	357	377	387	145	287	309	293	225	224	183	0	5	0	1	0	0	0	0	0	0	0	0	0	0	0	389	365	350	403	277	260	370	316	243	89	101	170	248	230	258	295	277	295	329	261	303	284	294	270	281	265	257	263	264	253	241	272	252	222	213	203	148	147	128	24	8	5	0	0	0	0	0	0	0	0	0
260.0000107269256	6	0	387	0	1149	2941	855	10381	9667	9186	11051	6107	2965	2631	2051	523	489	889	1192	1238	38	1078	0	987	10	1068	482	855	721	751	606	106	480	423	450	446	193	353	375	361	301	286	233	4	17	2	4	0	0	0	0	0	0	0	0	0	0	0	392	368	342	400	271	251	380	323	248	96	104	168	268	248	272	300	275	305	350	279	320	307	322	312	308	278	264	264	268	271	262	325	320	291	267	240	184	202	174	28	17	48	27	0	0	0	0	0	0	0	0
265.0000007674599	2	0	316	0	1233	2996	942	10492	9759	9286	11175	6230	3081	2734	2144	552	508	933	1266	1297	40	1182	0	1076	16	1177	572	947	805	836	692	170	562	495	515	525	252	425	467	435	366	342	291	18	43	22	7	0	0	0	0	0	0	0	0	0	0	0	391	376	346	389	257	240	387	325	248	97	107	178	280	256	295	318	286	308	362	277	314	308	336	325	353	314	290	292	294	277	267	334	330	321	314	311	205	251	238	40	23	83	62	0	0	0	0	0	0	0	0
270.0000043358271	2	0	270	0	1289	3099	1013	10610	9853	9398	11277	6328	3175	2810	2229	574	539	987	1347	1362	63	1273	0	1151	13	1269	653	1035	888	936	771	232	625	556	588	592	311	486	550	515	443	403	348	47	82	52	15	0	5	0	0	0	0	0	0	0	0	0	385	383	353	389	247	237	390	320	246	100	106	173	280	260	307	330	307	313	354	300	340	320	335	324	392	359	323	329	327	297	277	362	356	331	323	318	207	261	294	48	27	112	98	33	0	0	0	0	0	0	0
275.0000004412752	1	0	214	0	1353	3137	1083	10714	9943	9483	11369	6418	3257	2892	2322	597	557	1026	1416	1431	78	1349	0	1230	18	1357	733	1144	969	1025	851	304	692	629	665	659	388	570	643	600	509	470	421	91	124	94	24	0	25	10	0	0	0	0	0	0	0	0	376	380	353	406	239	222	394	316	244	96	105	170	281	260	313	345	306	326	367	325	378	365	368	340	424	397	358	358	352	300	271	361	349	341	345	354	197	261	313	59	37	142	129	68	0	0	0	0	0	0	0
280.00000139302074	1	0	195	0	1377	3130	1177	10798	10038	9572	11468	6488	3348	2955	2403	618	582	1065	1486	1483	127	1435	0	1302	8	1425	813	1228	1055	1097	925	380	779	704	745	746	448	639	721	680	587	564	501	140	186	136	34	0	38	29	0	0	0	0	0	0	0	0	364	366	352	406	232	209	396	317	244	93	104	167	280	255	313	346	303	327	367	340	404	405	433	389	427	400	372	372	374	325	297	358	341	332	334	343	199	260	317	60	50	170	159	111	0	0	0	0	0	0	0
285.00000049563	2	0	144	0	1435	3170	1223	10889	10122	9646	11569	6561	3438	3010	2487	646	606	1102	1556	1539	144	1514	0	1389	16	1508	902	1299	1137	1189	995	469	873	785	826	835	524	710	798	753	651	635	591	203	242	180	42	0	61	46	0	0	0	0	0	0	0	0	352	364	340	395	231	194	405	315	243	96	103	165	280	257	313	346	308	348	373	361	420	422	443	430	449	408	384	390	397	383	352	424	389	361	340	337	194	258	325	61	52	215	199	143	9	0	0	0	0	0	0
290.0000018659454	2	0	123	0	1456	3128	1306	10960	10205	9719	11666	6625	3520	3085	2570	673	629	1136	1629	1599	174	1589	0	1459	16	1580	1009	1380	1218	1287	1070	577	952	872	906	907	594	780	872	841	735	708	660	254	303	251	55	0	97	82	0	0	0	0	0	0	0	0	344	350	341	390	229	181	411	315	234	99	106	165	280	251	313	342	303	368	402	360	416	418	432	415	510	442	414	417	424	414	388	473	442	421	378	350	192	258	329	62	53	240	228	176	55	0	0	0	0	0	0
295.00000224423695	0	0	89	0	1495	3098	1397	11040	10275	9786	11762	6698	3608	3147	2643	694	651	1175	1689	1641	205	1666	0	1529	13	1662	1112	1471	1299	1379	1147	667	1041	964	988	1000	683	855	967	916	811	783	738	312	367	312	67	0	137	118	0	0	0	0	0	0	0	0	343	345	326	384	228	173	413	315	230	112	123	193	290	248	321	346	297	367	406	363	413	422	447	436	557	491	476	467	464	440	396	478	458	463	421	384	232	260	336	63	49	262	260	221	81	27	17	8	0	0	0
300.0000055344434	2	0	84	0	1500	3078	1454	11110	10355	9853	11850	6763	3695	3201	2699	718	686	1218	1761	1693	254	1736	0	1582	25	1741	1200	1551	1394	1469	1226	748	1127	1041	1071	1078	754	941	1062	996	891	865	817	385	438	383	79	2	170	158	0	0	0	0	0	0	0	0	350	350	323	372	231	170	412	310	227	115	126	188	317	264	340	351	298	372	409	366	409	417	458	448	562	503	501	504	500	471	422	513	490	472	429	414	290	292	338	63	48	289	281	262	108	50	47	43	26	0	0
305.0000000030295	0	0	64	0	1517	3061	1531	11184	10418	9916	11918	6821	3774	3261	2751	735	717	1254	1808	1737	310	1810	0	1638	23	1827	1279	1622	1470	1545	1323	840	1223	1129	1155	1151	824	1016	1152	1092	984	940	911	458	507	452	94	8	215	212	0	0	0	7	4	0	0	0	351	355	322	367	231	174	433	305	226	122	131	197	324	266	344	364	307	372	407	364	389	404	447	435	590	516	514	510	508	481	432	527	505	498	473	467	368	342	372	64	46	302	303	294	117	90	80	64	49	10	2
310.0000054114078	0	0	53	0	1525	3099	1588	11245	10473	9966	11982	6870	3846	3325	2814	765	744	1285	1858	1785	363	1881	0	1692	19	1910	1377	1693	1533	1638	1404	952	1316	1224	1225	1226	912	1085	1248	1176	1068	1012	994	525	560	527	107	15	270	248	1	0	0	16	9	4	0	0	348	358	324	361	219	172	440	307	221	129	152	213	322	264	352	361	306	385	419	360	384	390	436	424	610	520	510	505	502	487	437	528	491	491	482	475	406	388	414	71	44	325	319	323	189	104	109	97	93	39	40
315.0000000394081	0	0	58	0	1521	3117	1646	11316	10534	10006	12036	6941	3919	3377	2881	787	775	1313	1913	1832	423	1942	0	1745	19	1978	1454	1773	1605	1705	1487	1070	1405	1301	1309	1315	998	1160	1344	1256	1147	1096	1072	608	619	587	119	21	323	298	5	0	0	28	29	16	0	3	355	363	329	362	203	170	450	318	221	140	169	231	348	282	356	367	296	390	418	394	444	433	453	419	609	529	534	530	519	508	457	533	486	485	473	475	428	458	462	76	43	357	337	356	228	136	123	103	111	56	61
320.00000108087494	1	0	42	0	1537	3131	1723	11361	10591	10053	12094	6983	4000	3438	2952	805	802	1350	1979	1871	464	2005	0	1805	17	2035	1529	1838	1663	1782	1556	1175	1477	1373	1399	1391	1086	1243	1435	1347	1233	1188	1156	671	683	645	129	32	376	346	24	0	0	51	40	28	0	7	344	354	331	361	193	162	455	321	220	143	177	240	356	281	356	359	302	392	414	409	461	478	513	472	608	521	533	544	544	552	504	578	522	511	482	485	450	517	526	82	49	383	373	382	272	200	206	174	146	87	97
325.0000043038723	1	0	51	0	1526	3183	1768	11410	10650	10107	12162	7040	4065	3498	3007	829	831	1385	2027	1915	530	2058	0	1855	20	2106	1612	1902	1735	1851	1623	1274	1558	1439	1470	1476	1170	1319	1523	1424	1300	1267	1227	737	749	715	141	37	424	398	47	0	1	69	65	45	0	19	338	343	325	373	175	151	448	321	217	136	172	234	349	272	356	356	295	392	422	410	467	476	514	502	606	514	526	534	529	587	545	626	564	549	519	517	463	564	606	92	55	408	393	420	278	259	264	232	209	87	108
330.0000003038339	2	0	43	0	1527	3198	1818	11451	10705	10151	12212	7079	4137	3536	3051	843	859	1416	2070	1948	575	2116	0	1913	26	2173	1693	1967	1786	1910	1677	1377	1630	1511	1555	1541	1242	1383	1606	1494	1372	1336	1301	817	845	779	158	46	483	465	84	0	9	101	77	62	0	33	325	330	316	361	168	147	440	317	205	135	168	230	352	279	378	352	292	388	422	406	471	477	523	503	658	536	531	526	515	572	541	640	591	577	559	559	505	647	656	108	56	418	415	466	274	264	297	269	271	125	121
335.0000056853178	1	0	36	0	1536	3225	1870	11490	10750	10190	12269	7128	4178	3580	3101	859	882	1440	2114	1986	618	2172	0	1944	24	2225	1776	2040	1836	1979	1746	1492	1696	1584	1635	1600	1323	1449	1679	1574	1442	1427	1376	896	930	853	167	64	536	539	121	0	22	152	112	91	0	49	321	329	305	352	159	152	441	309	203	142	165	224	351	284	406	376	284	388	423	417	492	487	535	508	699	597	587	573	564	571	532	620	578	576	578	589	538	725	737	124	65	439	434	504	324	255	297	259	277	165	170
340.0000015191155	1	0	27	0	1542	3289	1914	11537	10786	10225	12321	7162	4231	3622	3149	874	899	1467	2172	2018	662	2210	0	1981	24	2278	1861	2081	1910	2046	1823	1605	1762	1654	1723	1671	1410	1523	1772	1664	1526	1501	1445	982	1021	924	179	76	609	593	161	0	44	190	146	120	1	71	313	320	301	342	167	160	460	298	198	139	164	236	357	283	411	397	309	402	429	418	485	488	551	531	705	603	614	592	593	581	523	603	555	556	564	580	583	786	829	148	78	472	465	539	341	261	300	241	266	231	245
345.00000753335576	2	0	31	0	1538	3366	1974	11592	10824	10270	12371	7188	4280	3666	3187	891	916	1493	2247	2064	720	2261	0	2007	26	2332	1923	2152	1974	2111	1891	1713	1838	1717	1790	1737	1500	1598	1856	1727	1602	1558	1525	1077	1120	1011	194	87	667	638	212	0	57	219	183	149	5	92	310	316	289	338	169	164	474	307	204	140	156	239	389	316	458	400	329	439	460	413	475	485	550	527	715	603	601	581	578	575	518	603	540	528	543	568	600	857	889	164	86	490	494	567	398	300	366	278	276	257	303
350.00000066094856	2	0	28	0	1537	3402	2016	11626	10871	10304	12406	7224	4328	3703	3224	909	935	1529	2308	2106	782	2302	0	2057	22	2366	1992	2210	2037	2174	1957	1823	1904	1777	1858	1809	1572	1661	1924	1800	1690	1635	1586	1140	1224	1104	214	101	726	685	266	0	82	269	216	185	13	131	309	310	283	328	166	174	493	313	197	148	169	239	405	338	496	453	343	447	471	400	473	479	540	528	747	627	595	583	579	591	532	613	538	515	534	548	579	892	964	173	107	510	510	614	449	310	374	299	318	255	305
355.00000454793235	0	0	26	0	1542	3377	2046	11661	10901	10336	12449	7248	4383	3744	3254	924	950	1557	2347	2146	843	2360	0	2102	24	2424	2055	2271	2090	2233	2011	1916	1964	1864	1920	1878	1642	1732	1989	1872	1754	1716	1659	1218	1310	1183	228	108	782	743	319	0	123	306	242	224	30	155	310	310	284	316	169	175	520	328	197	165	183	273	423	345	499	476	386	491	491	441	508	514	541	519	751	620	608	594	590	590	525	617	549	534	544	545	567	900	1006	185	122	537	542	660	490	387	448	349	323	274	311
360.00000104991244	0	0	25	0	1539	3381	2075	11690	10938	10368	12495	7273	4434	3785	3286	946	968	1579	2395	2185	903	2400	0	2137	37	2487	2115	2324	2139	2291	2079	2031	2036	1940	1989	1937	1712	1796	2060	1921	1819	1773	1727	1307	1414	1272	245	114	831	812	377	0	161	352	269	266	51	187	303	304	287	319	169	176	537	338	185	169	187	278	438	350	508	470	396	531	540	442	507	503	531	509	759	634	624	615	620	632	570	629	547	527	540	556	545	916	1025	190	125	557	569	689	503	428	518	402	386	272	331
365.0000017320185	0	0	20	0	1539	3341	2133	11728	10970	10398	12528	7304	4500	3824	3321	959	991	1603	2444	2212	956	2457	0	2171	20	2549	2178	2375	2192	2359	2128	2119	2113	2014	2045	1985	1796	1855	2127	1987	1868	1828	1781	1386	1523	1376	270	128	881	865	447	15	205	398	301	298	72	217	296	298	290	319	161	179	547	356	179	168	187	279	439	341	521	482	388	527	543	453	519	524	581	524	754	636	646	638	650	681	620	684	595	567	559	550	532	909	1042	196	133	571	588	741	515	441	556	434	432	285	331
370.0000005724802	0	0	28	0	1538	3321	2169	11759	10998	10433	12555	7332	4549	3863	3345	976	1012	1626	2507	2241	1008	2504	0	2203	31	2617	2228	2434	2238	2414	2192	2213	2182	2084	2098	2046	1881	1922	2213	2047	1929	1879	1835	1471	1628	1473	282	141	952	925	502	34	235	456	338	338	109	242	296	292	283	316	156	189	562	361	191	165	185	277	455	361	543	485	399	532	544	479	544	558	608	582	743	620	635	629	643	721	663	731	631	616	609	597	550	921	1044	198	131	587	606	797	547	437	566	436	447	358	389
375.0000005340343	0	0	11	0	1562	3360	2230	11793	11022	10467	12582	7361	4606	3899	3378	993	1033	1655	2554	2279	1026	2548	0	2240	28	2671	2276	2477	2290	2469	2239	2301	2238	2146	2161	2109	1967	1998	2279	2100	1981	1930	1897	1548	1707	1590	301	151	1004	981	571	61	277	509	371	381	140	280	284	289	280	309	152	189	581	366	206	183	217	299	451	362	571	506	403	556	560	472	524	550	612	606	777	615	626	614	631	711	650	745	657	657	646	634	535	964	1067	198	133	600	616	829	578	458	595	449	438	422	456
380.00000410411315	1	0	20	0	1561	3379	2290	11831	11054	10492	12607	7384	4668	3942	3408	1011	1051	1687	2608	2314	1066	2590	0	2284	20	2719	2330	2532	2341	2527	2290	2392	2322	2200	2230	2174	2052	2053	2355	2152	2035	1985	1952	1606	1812	1698	317	159	1062	1039	622	90	317	573	410	425	178	312	284	285	277	304	141	178	594	370	219	177	210	306	475	376	578	524	420	563	566	467	515	542	590	593	831	666	672	647	656	702	636	733	637	656	649	623	517	963	1108	201	130	610	630	868	624	498	649	478	452	450	501
385.0000027264796	0	0	21	0	1566	3367	2325	11857	11083	10515	12636	7407	4715	3977	3427	1024	1066	1716	2650	2341	1114	2645	0	2314	31	2774	2375	2574	2388	2582	2350	2486	2382	2260	2287	2230	2112	2106	2421	2210	2110	2043	2007	1676	1895	1800	334	176	1119	1102	687	116	354	633	453	466	216	355	282	270	271	292	141	172	604	378	229	177	205	298	466	364	578	521	425	586	558	463	499	527	584	587	855	686	702	694	712	704	627	712	618	637	630	606	512	960	1125	207	126	631	629	900	692	507	683	502	492	440	499
390.000000692856	3	0	24	0	1564	3315	2363	11886	11109	10548	12664	7429	4770	4012	3456	1047	1087	1740	2703	2380	1171	2710	0	2351	39	2828	2421	2618	2434	2652	2412	2576	2436	2322	2344	2288	2173	2166	2479	2265	2173	2087	2069	1757	1984	1894	357	184	1176	1170	749	158	391	696	503	510	255	391	273	262	264	288	145	169	617	379	231	186	231	317	458	359	578	512	412	599	587	460	498	519	572	566	859	681	706	704	741	740	661	713	616	622	619	624	564	960	1131	209	122	648	649	938	695	568	741	529	500	452	512
395.00000140813665	0	0	20	0	1583	3248	2418	11908	11131	10573	12700	7452	4827	4049	3486	1062	1103	1766	2745	2421	1211	2759	0	2376	32	2880	2485	2676	2485	2697	2461	2673	2505	2379	2408	2339	2240	2229	2542	2311	2236	2140	2108	1813	2077	1991	380	199	1236	1233	821	207	438	764	540	555	296	439	256	259	256	281	153	163	621	385	239	188	236	323	475	360	580	506	400	598	578	456	503	519	583	556	855	669	693	687	726	794	718	789	675	647	620	622	571	954	1132	209	128	656	657	968	691	591	807	581	540	441	493
400.00000516381857	2	0	18	0	1596	3176	2463	11931	11157	10603	12718	7467	4887	4092	3520	1072	1119	1800	2784	2455	1242	2800	0	2410	32	2929	2535	2719	2535	2747	2521	2758	2567	2435	2480	2400	2311	2293	2608	2370	2298	2201	2174	1870	2168	2086	394	216	1290	1295	899	259	487	823	585	589	332	484	246	251	247	272	146	157	610	384	245	184	236	316	479	358	603	518	391	594	563	469	504	499	579	560	853	662	686	687	716	796	714	807	700	699	681	652	579	946	1134	209	126	659	661	1006	749	572	809	578	577	463	500
405.00000031478623	2	0	17	0	1602	3170	2503	11953	11176	10633	12746	7482	4932	4128	3549	1088	1140	1824	2820	2495	1281	2852	0	2456	45	2986	2590	2762	2587	2794	2580	2852	2631	2501	2533	2478	2371	2351	2686	2424	2362	2252	2235	1918	2270	2200	412	231	1338	1348	978	308	541	889	631	639	371	537	243	245	239	263	140	154	608	367	262	190	233	315	512	396	652	532	402	590	551	478	531	533	593	551	852	649	671	682	711	783	687	799	698	688	690	654	581	947	1136	209	121	674	669	1038	760	596	826	559	551	506	541
410.00000710601546	3	0	16	0	1614	3161	2547	11970	11198	10651	12766	7502	4986	4164	3573	1100	1159	1850	2861	2530	1325	2891	0	2488	33	3033	2644	2799	2632	2852	2640	2944	2688	2582	2594	2541	2445	2402	2764	2479	2428	2307	2286	1975	2343	2315	435	245	1393	1389	1062	369	585	936	676	690	413	574	233	245	236	252	137	150	606	357	273	204	252	323	504	403	686	593	409	618	566	466	527	527	601	589	866	658	674	683	704	774	676	789	683	673	673	645	565	1008	1136	209	114	682	675	1072	795	629	892	612	561	534	594
415.00000227869606	2	0	14	0	1617	3174	2579	11996	11219	10670	12784	7523	5045	4200	3600	1115	1176	1875	2902	2567	1372	2934	0	2527	46	3086	2692	2865	2677	2899	2689	3031	2736	2634	2650	2594	2520	2459	2827	2544	2484	2362	2348	2042	2438	2392	448	259	1458	1458	1135	426	634	1022	726	732	466	616	231	239	235	248	132	140	604	353	260	206	244	336	528	422	689	599	468	660	591	475	532	532	588	572	871	645	658	683	702	760	657	775	658	648	646	620	561	1025	1195	212	109	676	668	1099	839	634	905	621	592	542	585
420.0000030944194	1	0	15	0	1618	3166	2638	12010	11247	10695	12802	7530	5105	4232	3625	1129	1193	1905	2950	2602	1431	2971	0	2557	35	3135	2730	2898	2723	2947	2745	3101	2787	2692	2718	2642	2584	2509	2884	2597	2540	2419	2407	2113	2533	2476	461	275	1516	1516	1219	472	687	1107	770	762	510	668	234	237	229	239	128	125	598	344	260	220	269	351	527	415	708	593	459	696	637	495	546	537	583	566	902	674	672	683	703	762	652	757	636	639	636	620	570	1062	1232	226	104	680	671	1131	869	668	938	621	578	573	606
425.0000000248546	0	0	17	0	1619	3160	2677	12029	11263	10717	12823	7544	5161	4259	3653	1156	1210	1930	2987	2638	1481	3011	0	2593	46	3185	2777	2944	2758	2994	2789	3174	2831	2744	2782	2687	2648	2552	2956	2643	2609	2485	2467	2178	2620	2578	476	289	1577	1577	1307	542	729	1172	818	809	547	723	243	227	225	235	125	116	589	339	253	209	260	349	525	403	709	610	455	697	639	539	580	569	606	570	891	684	685	709	724	763	647	756	635	635	624	626	588	1101	1269	230	102	687	675	1168	894	689	988	652	613	598	625
430.00000187973427	1	0	11	0	1623	3147	2729	12047	11285	10737	12848	7555	5204	4278	3686	1177	1231	1951	3019	2660	1542	3060	0	2635	40	3223	2824	2986	2804	3029	2833	3262	2870	2804	2840	2738	2726	2605	3003	2714	2662	2545	2528	2242	2719	2656	500	303	1632	1637	1382	611	780	1252	863	862	588	768	242	233	224	231	120	113	589	325	252	207	257	346	539	423	742	603	467	710	628	563	623	623	659	619	896	669	679	704	711	784	680	788	649	642	630	622	647	1134	1317	239	113	693	677	1194	893	713	1035	677	639	595	627
435.00000055529466	3	0	12	0	1618	3128	2779	12070	11299	10762	12866	7565	5238	4304	3717	1194	1246	1983	3056	2700	1595	3115	0	2677	41	3275	2885	3031	2845	3067	2874	3353	2924	2855	2885	2784	2795	2660	3063	2775	2699	2592	2577	2301	2812	2776	514	318	1681	1690	1467	674	831	1328	917	921	637	818	231	224	230	231	115	112	591	310	237	200	250	339	538	422	760	640	467	712	625	605	693	691	707	669	903	657	681	691	711	812	710	814	682	665	649	634	691	1213	1360	251	112	709	685	1228	919	715	1071	704	672	630	676
440.0000034835918	0	0	9	0	1616	3195	2823	12087	11321	10783	12888	7575	5282	4327	3744	1217	1263	2011	3095	2734	1648	3166	0	2701	45	3324	2936	3084	2897	3104	2912	3437	2972	2910	2943	2834	2869	2721	3125	2832	2741	2645	2633	2360	2891	2876	529	326	1739	1740	1545	723	875	1412	967	961	693	861	224	213	224	233	104	106	595	310	213	192	241	329	534	410	763	640	494	743	629	640	710	721	743	732	953	677	699	696	714	806	706	820	692	692	668	651	691	1287	1441	258	115	704	684	1263	931	698	1072	685	679	677	711
445.0000032202165	1	0	12	0	1617	3212	2889	12094	11334	10800	12906	7586	5328	4347	3766	1227	1280	2035	3145	2762	1704	3206	0	2746	33	3371	2982	3125	2969	3165	2958	3513	3016	2961	3009	2889	2927	2780	3178	2884	2783	2675	2676	2419	2967	2967	544	336	1786	1807	1631	782	932	1486	1011	1017	742	910	217	206	222	227	104	101	593	306	195	183	237	319	528	402	763	633	481	753	645	640	706	728	770	762	1013	732	751	745	755	806	695	802	674	671	669	667	703	1296	1527	279	121	708	690	1303	995	707	1104	694	666	680	751
450.00000013748905	0	0	13	0	1612	3206	2929	12102	11350	10814	12919	7599	5363	4372	3788	1241	1306	2060	3191	2791	1753	3262	0	2774	37	3409	3029	3164	3018	3227	3006	3592	3067	3009	3048	2938	2994	2833	3232	2935	2828	2733	2727	2487	3070	3066	552	353	1835	1881	1717	855	997	1542	1057	1070	803	954	206	197	215	223	96	102	592	297	182	178	230	311	521	391	763	629	465	750	631	639	707	717	757	765	1061	756	765	761	770	798	676	797	670	648	644	647	686	1343	1561	288	126	722	683	1343	1007	731	1130	683	668	683	760
455.0000026457492	0	0	17	0	1605	3166	2996	12123	11361	10829	12940	7607	5405	4385	3814	1251	1326	2086	3234	2826	1815	3311	0	2809	41	3449	3066	3207	3053	3282	3063	3686	3131	3057	3099	2985	3056	2881	3293	2996	2889	2774	2784	2548	3176	3155	571	366	1878	1934	1827	929	1062	1609	1118	1115	853	1009	199	191	208	224	88	107	597	290	168	173	223	304	511	383	763	623	453	747	616	617	685	702	748	755	1110	810	815	804	814	819	706	803	661	630	627	625	679	1336	1618	294	143	735	682	1376	1012	769	1196	737	690	663	745
460.000000556536	1	0	14	0	1608	3091	3046	12144	11380	10844	12957	7620	5443	4413	3834	1267	1342	2103	3279	2847	1863	3345	0	2847	39	3499	3129	3263	3104	3350	3125	3757	3189	3120	3175	3027	3117	2930	3346	3027	2938	2824	2833	2622	3286	3255	589	382	1932	1978	1920	1005	1123	1678	1175	1160	903	1066	194	180	200	217	84	106	600	294	165	172	218	294	499	374	763	617	450	745	600	630	708	720	755	742	1136	865	873	864	874	857	741	837	677	649	640	621	690	1329	1620	304	146	751	709	1405	1040	749	1206	743	730	644	726
465.00000249528705	1	0	12	0	1601	3036	3078	12156	11391	10855	12965	7629	5488	4437	3846	1277	1356	2119	3318	2880	1943	3391	0	2886	57	3533	3180	3304	3146	3414	3181	3819	3247	3185	3221	3079	3162	2980	3416	3062	2979	2868	2895	2675	3373	3346	606	395	1980	2023	2018	1067	1187	1795	1233	1204	956	1116	187	182	194	206	84	101	603	291	150	165	217	287	489	365	763	610	444	741	590	611	693	712	769	749	1138	860	875	868	881	890	770	859	696	673	655	642	680	1343	1620	304	148	771	728	1442	1088	759	1230	730	724	688	732
470.00000022777425	1	0	16	0	1595	3047	3145	12167	11406	10873	12976	7643	5525	4460	3862	1293	1367	2145	3352	2896	1997	3439	0	2921	52	3569	3238	3373	3188	3463	3237	3891	3310	3241	3286	3143	3218	3036	3475	3104	3034	2906	2937	2724	3475	3446	628	400	2029	2071	2114	1145	1244	1880	1292	1267	1011	1172	185	179	193	206	84	100	604	288	145	171	222	288	493	365	765	607	431	743	587	607	694	704	747	740	1132	854	865	863	879	902	796	881	717	693	682	666	678	1391	1647	304	154	773	731	1492	1112	771	1251	734	737	747	812
475.00000007683275	1	0	10	0	1599	3088	3194	12178	11411	10888	12988	7661	5570	4484	3872	1306	1381	2165	3381	2917	2045	3500	0	2949	53	3612	3287	3420	3236	3522	3290	3973	3365	3292	3342	3210	3273	3082	3538	3150	3077	2957	2978	2788	3568	3565	647	409	2081	2120	2211	1224	1290	1958	1353	1324	1071	1224	187	186	189	203	78	102	605	279	138	173	225	307	508	371	777	600	426	740	576	590	693	716	756	738	1159	861	863	852	856	935	834	923	741	706	680	646	658	1432	1711	310	152	769	748	1543	1127	794	1306	759	760	741	843
480.0000018817182	4	0	11	0	1600	3057	3251	12191	11423	10903	13003	7668	5614	4499	3889	1314	1399	2187	3417	2940	2103	3552	0	2982	50	3652	3336	3475	3275	3580	3340	4055	3417	3358	3408	3282	3341	3129	3591	3207	3125	3001	3034	2835	3664	3676	667	419	2133	2173	2326	1294	1338	2027	1393	1385	1126	1290	179	179	190	198	75	95	604	281	139	165	220	298	509	375	787	603	426	742	562	589	691	707	739	739	1154	869	871	868	867	924	812	924	749	713	699	646	645	1456	1765	320	146	769	751	1577	1171	785	1335	771	783	739	844
485.000000170172	1	0	10	0	1600	3034	3296	12206	11434	10920	13015	7680	5651	4520	3903	1326	1412	2206	3438	2964	2152	3600	0	3010	49	3687	3385	3526	3324	3625	3390	4126	3477	3424	3463	3347	3412	3185	3653	3259	3164	3057	3072	2878	3763	3794	688	428	2183	2220	2428	1349	1387	2112	1454	1431	1178	1346	175	176	189	194	72	102	599	278	135	163	218	294	506	368	801	620	421	755	564	587	677	694	719	724	1164	857	860	864	868	922	807	901	732	726	736	686	677	1450	1804	330	143	767	759	1614	1174	793	1357	771	785	737	833
490.00000601757586	1	0	9	0	1601	2975	3343	12218	11446	10927	13039	7688	5695	4539	3915	1346	1431	2223	3476	2986	2211	3629	0	3049	46	3721	3435	3571	3374	3668	3440	4220	3536	3491	3537	3406	3486	3242	3715	3298	3220	3110	3116	2936	3863	3898	708	438	2244	2268	2516	1435	1453	2209	1507	1485	1218	1405	180	167	185	191	69	99	603	278	136	171	228	311	508	368	803	622	435	759	562	574	671	694	714	706	1170	861	877	875	887	959	842	929	735	718	718	675	665	1441	1815	336	150	776	753	1648	1194	817	1401	795	807	729	847
495.00000242066466	1	0	11	0	1601	2909	3390	12230	11457	10941	13053	7695	5739	4556	3937	1360	1449	2245	3507	3013	2259	3674	0	3069	40	3753	3492	3614	3419	3721	3490	4291	3593	3542	3590	3462	3560	3293	3791	3362	3273	3165	3165	2997	3951	4019	727	450	2309	2319	2626	1508	1527	2284	1560	1531	1278	1458	182	173	180	188	62	93	612	280	149	182	225	303	513	373	819	617	426	773	574	568	657	676	710	711	1157	849	864	868	884	972	859	953	761	736	730	685	674	1441	1822	340	150	781	752	1675	1222	792	1408	784	816	739	841
500.00001574490835	1	0	12	0	1603	2859	3435	12241	11472	10954	13067	7705	5777	4581	3951	1368	1465	2256	3541	3036	2324	3707	0	3095	49	3779	3540	3648	3463	3764	3541	4372	3639	3601	3655	3529	3642	3357	3842	3406	3321	3208	3202	3039	4051	4134	748	460	2347	2364	2714	1602	1592	2385	1619	1575	1329	1502	180	171	185	186	62	86	617	287	152	191	235	312	512	366	827	638	422	775	569	563	653	665	713	695	1145	834	842	847	868	983	870	948	765	740	746	712	682	1465	1824	340	152	792	767	1709	1232	798	1440	783	791	753	855
505.0000013317198	0	0	12	0	1606	2842	3480	12251	11484	10960	13077	7711	5806	4598	3975	1382	1484	2281	3574	3063	2366	3756	0	3114	61	3821	3593	3695	3502	3817	3586	4459	3701	3658	3706	3576	3706	3419	3901	3454	3363	3254	3252	3089	4139	4242	780	466	2397	2419	2801	1676	1644	2468	1671	1620	1372	1554	177	169	186	192	55	84	607	303	161	189	236	307	519	371	829	632	443	786	557	569	659	664	695	691	1157	832	840	835	848	1024	907	1004	812	760	755	720	751	1533	1861	340	145	804	779	1745	1261	786	1476	800	802	782	878
510.00000413324267	2	0	11	0	1613	2862	3540	12265	11489	10977	13085	7717	5847	4620	3995	1397	1503	2300	3607	3078	2424	3794	0	3142	53	3878	3627	3740	3545	3860	3626	4523	3766	3722	3765	3641	3798	3466	3967	3488	3409	3306	3297	3150	4240	4360	805	475	2445	2475	2900	1771	1705	2573	1713	1673	1411	1605	171	166	185	191	59	79	601	298	160	186	232	301	511	369	847	627	431	788	570	576	665	677	695	667	1141	817	833	835	852	1018	891	993	815	794	799	768	784	1614	1933	348	137	812	786	1776	1273	785	1487	792	793	777	914
515.0000037453004	1	0	7	0	1627	2854	3582	12273	11497	10988	13093	7720	5875	4640	4011	1410	1517	2315	3637	3104	2462	3828	0	3180	64	3904	3667	3786	3587	3903	3671	4594	3815	3765	3823	3696	3883	3523	4025	3540	3462	3358	3340	3202	4341	4482	824	491	2493	2524	2998	1850	1768	2676	1771	1726	1467	1660	174	163	175	188	63	75	592	286	166	177	231	292	503	360	848	640	429	788	567	567	657	677	685	681	1139	817	834	826	838	1011	876	964	789	755	786	788	772	1652	2018	371	135	795	782	1824	1257	799	1522	802	792	764	872
520.0000003874553	0	0	9	0	1633	2820	3629	12283	11505	11003	13108	7728	5900	4662	4031	1425	1528	2339	3677	3123	2514	3871	0	3206	67	3931	3705	3834	3635	3950	3708	4677	3871	3810	3871	3746	3949	3577	4088	3601	3494	3400	3399	3263	4441	4590	857	508	2537	2578	3108	1916	1818	2769	1823	1777	1516	1725	169	161	175	185	64	72	582	271	165	189	259	316	507	356	850	635	426	804	569	560	648	665	683	669	1132	799	817	822	824	1017	881	959	761	718	753	762	773	1656	2075	389	140	791	772	1871	1259	785	1541	805	804	771	847
525.0000008938011	1	0	7	0	1648	2796	3679	12295	11516	11012	13121	7734	5938	4674	4043	1438	1550	2362	3714	3147	2543	3910	0	3247	59	3966	3750	3866	3678	3997	3751	4764	3918	3863	3925	3804	4010	3631	4156	3637	3547	3453	3452	3319	4552	4712	881	519	2575	2621	3215	2002	1872	2868	1876	1829	1559	1762	163	155	169	181	62	72	575	263	169	183	255	316	527	375	871	632	416	801	560	579	674	689	707	681	1146	806	812	813	811	1004	863	969	788	728	757	750	767	1672	2090	397	150	805	787	1898	1292	755	1533	781	799	777	875
530.0000018415539	0	0	6	0	1659	2730	3711	12305	11521	11023	13129	7738	5984	4694	4054	1454	1570	2382	3750	3174	2583	3957	0	3274	58	3998	3781	3922	3723	4049	3793	4850	3969	3913	3982	3849	4077	3688	4229	3690	3590	3502	3503	3375	4649	4846	902	525	2623	2682	3335	2074	1930	2976	1924	1870	1618	1828	157	154	160	177	60	70	577	257	173	184	261	313	519	376	892	652	414	802	540	563	656	677	683	673	1134	803	810	805	801	994	850	964	783	736	758	762	789	1731	2116	397	169	826	813	1922	1326	758	1553	769	769	767	855
535.000001714588	1	0	9	0	1670	2750	3753	12314	11527	11035	13139	7739	6027	4707	4075	1463	1590	2399	3776	3197	2614	3989	0	3295	57	4042	3821	3960	3767	4095	3830	4932	4023	3966	4045	3893	4150	3751	4311	3733	3626	3554	3556	3422	4753	4971	923	536	2669	2729	3470	2150	1993	3078	1983	1923	1690	1891	159	150	156	176	61	76	581	265	191	197	269	327	536	390	904	667	431	822	545	546	644	653	666	665	1142	794	804	796	794	986	833	950	755	716	739	756	772	1799	2192	408	171	831	824	1966	1400	783	1595	779	767	767	885
540.0000007549021	0	0	9	0	1675	2769	3784	12321	11540	11044	13156	7745	6053	4729	4095	1473	1602	2418	3806	3213	2662	4025	0	3330	74	4070	3864	4021	3801	4138	3884	5005	4077	4010	4095	3938	4217	3805	4371	3791	3676	3603	3610	3472	4856	5071	948	549	2719	2775	3593	2225	2044	3171	2021	1976	1744	1940	158	153	154	170	64	76	582	255	182	196	260	319	526	378	904	666	442	824	549	571	666	666	681	662	1153	809	820	789	802	993	834	970	757	710	718	738	736	1789	2278	417	167	830	829	2013	1433	798	1634	797	791	774	893
545.0000029549733	0	0	4	0	1681	2711	3843	12331	11552	11053	13168	7751	6090	4745	4115	1484	1615	2429	3835	3234	2718	4058	0	3361	60	4109	3909	4060	3834	4186	3935	5076	4130	4055	4158	3992	4285	3858	4425	3841	3722	3652	3663	3529	4948	5197	968	561	2763	2833	3691	2298	2097	3271	2072	2028	1795	1995	160	150	155	165	64	67	586	257	181	188	259	308	522	368	905	663	443	845	570	569	674	671	712	681	1149	798	806	787	807	975	811	947	738	709	721	742	721	1780	2286	435	172	830	829	2063	1467	861	1706	830	825	775	905
550.0000000254963	1	0	11	0	1673	2655	3881	12344	11565	11067	13179	7758	6134	4764	4128	1496	1632	2442	3871	3255	2777	4098	0	3389	67	4140	3947	4096	3877	4226	3981	5156	4183	4106	4216	4043	4347	3911	4481	3885	3764	3702	3714	3586	5069	5331	988	569	2815	2876	3807	2376	2133	3382	2107	2082	1844	2042	157	154	152	162	59	64	582	261	173	191	257	307	513	355	905	653	436	845	568	554	659	652	690	680	1152	786	792	773	796	958	790	926	718	688	703	738	700	1793	2287	436	174	833	843	2095	1451	880	1765	874	874	761	878
555.0000022651883	0	0	12	0	1667	2579	3930	12354	11572	11075	13190	7760	6172	4782	4139	1503	1646	2460	3907	3282	2839	4134	0	3420	59	4174	3984	4151	3913	4271	4020	5228	4231	4157	4261	4090	4406	3951	4539	3935	3800	3744	3756	3639	5190	5480	1006	576	2857	2932	3927	2456	2176	3495	2155	2137	1890	2095	159	150	157	158	57	67	582	255	161	200	276	330	517	352	906	641	429	840	555	599	709	694	690	662	1177	801	801	774	796	940	772	902	694	670	674	717	676	1795	2303	436	179	844	857	2132	1436	866	1784	877	906	768	867
560.0000153358826	0	0	7	0	1672	2556	3967	12367	11582	11084	13198	7763	6207	4794	4153	1515	1660	2483	3938	3299	2887	4169	0	3451	88	4221	4042	4193	3960	4319	4064	5302	4279	4200	4308	4144	4471	4002	4595	3978	3839	3783	3802	3689	5293	5609	1027	588	2917	2982	4028	2538	2219	3602	2220	2196	1961	2149	154	144	159	159	51	72	584	248	164	200	286	334	540	381	941	636	423	837	548	598	699	711	733	699	1190	828	826	801	814	934	760	889	685	656	647	690	660	1782	2318	439	173	863	876	2175	1492	842	1772	835	890	796	909
565.0000073507133	1	0	8	0	1673	2505	4028	12373	11589	11092	13210	7769	6246	4804	4160	1526	1677	2496	3965	3325	2940	4198	0	3480	78	4266	4078	4244	4005	4356	4096	5379	4323	4245	4350	4198	4529	4051	4636	4020	3875	3834	3850	3744	5415	5743	1052	598	2957	3028	4159	2623	2261	3711	2278	2250	2026	2205	154	143	152	157	49	69	590	244	159	190	271	325	551	388	959	668	421	833	539	578	690	704	729	713	1181	805	825	797	802	925	744	866	663	634	631	679	682	1780	2323	439	167	863	876	2212	1497	840	1792	815	858	830	931
570.0000023710501	1	0	5	0	1679	2478	4065	12386	11599	11103	13219	7771	6280	4818	4176	1538	1690	2517	3994	3339	2982	4238	0	3507	80	4299	4109	4285	4046	4410	4135	5468	4363	4293	4403	4246	4606	4101	4700	4057	3916	3869	3889	3801	5511	5876	1071	610	3018	3083	4277	2693	2307	3811	2331	2307	2078	2255	147	136	152	153	49	64	594	250	163	181	267	317	547	386	972	672	450	859	556	570	664	688	718	699	1217	808	814	780	780	908	725	849	644	618	624	662	707	1795	2324	439	165	872	864	2259	1531	868	1863	852	869	840	945
575.0000027338473	0	0	8	0	1675	2455	4116	12395	11608	11109	13230	7774	6309	4833	4190	1551	1704	2537	4019	3353	3035	4276	0	3542	69	4331	4138	4317	4081	4460	4172	5543	4418	4341	4450	4296	4666	4144	4749	4104	3953	3917	3931	3851	5620	6017	1091	619	3075	3130	4393	2780	2360	3918	2381	2354	2134	2308	143	134	147	154	54	63	598	250	153	179	263	307	538	378	982	687	439	882	571	567	646	675	692	698	1243	846	835	801	796	917	731	850	630	590	608	636	710	1819	2343	439	158	875	857	2295	1587	870	1894	867	901	853	969
580.0000012355504	1	0	5	0	1676	2407	4163	12408	11618	11117	13241	7774	6351	4842	4205	1562	1716	2556	4061	3372	3081	4315	0	3564	81	4355	4166	4354	4119	4501	4210	5618	4470	4379	4488	4335	4733	4173	4803	4146	3993	3952	3975	3905	5739	6159	1115	627	3132	3180	4501	2883	2408	4031	2435	2404	2186	2367	140	127	148	146	50	61	594	258	134	176	263	313	533	372	982	679	452	893	565	552	626	653	673	679	1225	833	843	810	819	942	756	868	654	598	610	618	691	1869	2380	446	153	868	852	2322	1621	894	1937	867	889	842	939
585.000004407623	0	0	8	0	1668	2393	4211	12420	11628	11122	13252	7778	6382	4855	4217	1578	1731	2571	4095	3398	3151	4360	0	3583	79	4388	4217	4388	4157	4551	4262	5699	4518	4429	4535	4398	4795	4214	4866	4180	4027	3992	4008	3961	5843	6302	1142	644	3180	3223	4612	2978	2468	4143	2482	2464	2243	2434	136	127	139	144	48	53	595	256	120	170	256	306	535	372	983	673	438	899	566	538	617	634	661	668	1214	825	828	791	808	957	777	896	685	625	631	639	668	1886	2434	451	150	876	852	2355	1628	950	2010	913	901	889	968
590.0000113545414	1	0	6	0	1668	2406	4251	12424	11635	11129	13261	7779	6418	4871	4224	1589	1752	2590	4124	3413	3199	4395	0	3609	74	4416	4248	4424	4205	4590	4302	5761	4557	4470	4584	4438	4857	4254	4916	4218	4064	4027	4057	4004	5945	6423	1169	655	3219	3271	4745	3056	2523	4274	2541	2505	2291	2485	135	127	135	140	59	54	582	257	122	180	265	320	534	365	983	667	426	898	560	520	607	616	647	652	1204	822	825	787	801	965	792	895	681	639	658	674	645	1877	2467	465	153	883	855	2386	1619	948	2058	946	956	911	996
595.0000005008842	0	0	8	0	1670	2363	4298	12435	11642	11138	13274	7784	6441	4882	4240	1596	1765	2602	4154	3438	3253	4428	0	3635	75	4454	4289	4468	4242	4638	4339	5847	4603	4525	4633	4475	4910	4303	4975	4255	4094	4061	4088	4046	6054	6568	1205	664	3274	3323	4857	3155	2574	4383	2593	2555	2356	2551	132	120	133	138	58	53	574	253	138	177	260	321	541	361	1002	670	418	895	547	516	604	615	637	632	1200	804	826	804	830	997	817	928	709	648	654	665	658	1869	2474	468	155	886	851	2422	1665	928	2066	934	962	920	1003
600.0000031781427	2	0	7	0	1679	2291	4350	12447	11646	11148	13285	7790	6465	4897	4254	1598	1778	2626	4188	3455	3302	4454	0	3656	88	4496	4325	4496	4277	4668	4375	5924	4665	4570	4682	4511	4966	4348	5021	4287	4135	4101	4128	4092	6154	6716	1229	676	3328	3366	4982	3236	2630	4493	2635	2613	2415	2616	133	120	129	131	55	55	573	240	131	169	255	311	537	353	1003	674	424	891	539	518	612	616	621	615	1197	790	812	782	817	1033	849	957	742	668	678	679	680	1868	2486	470	165	875	854	2456	1673	927	2067	908	936	900	967
