>time	Ribosome	coli Pol	coli Pol-P	coli Pol-2.0	coli Pol-P-2.0	gp1	gp1-3.5	gp0.3	gp0.4	gp0.5	gp0.6A	gp0.7	gp1.1	gp1.2	gp1.3	gp1.4	gp1.5	gp1.6	gp1.7	gp1.8	gp2.0	gp2.5	gp2.8	gp3.0	gp3.5	gp3.8	gp4A	gp4.2	gp4.3	gp4.5	gp4.7	gp5.0	gp5.3	gp5.5	gp5.7	gp5.9	gp6.0	gp6.3	gp6.5	gp6.7	gp7	gp7.3	gp7.7	gp8	gp9	gp10A	gp11	gp12	gp13	gp14	gp15	gp16	gp17	gp17.5	gp18	gp18.5	gp19	gp19.5	RNA: gp0.3	RNA: gp0.4	RNA: gp0.5	RNA: gp0.6A	RNA: gp0.7	RNA: gp1	RNA: gp1.1	RNA: gp1.2	RNA: gp1.3	RNA: gp1.4	RNA: gp1.5	RNA: gp1.6	RNA: gp1.7	RNA: gp1.8	RNA: gp2.0	RNA: gp2.5	RNA: gp3.0	RNA: gp3.5	RNA: gp3.8	RNA: gp4A	RNA: gp4.2	RNA: gp4.3	RNA: gp4.5	RNA: gp4.7	RNA: gp5.0	RNA: gp5.3	RNA: gp5.5	RNA: gp5.7	RNA: gp5.9	RNA: gp6.0	RNA: gp6.3	RNA: gp6.5	RNA: gp6.7	RNA: gp7	RNA: gp7.3	RNA: gp7.7	RNA: gp8	RNA: gp9	RNA: gp10A	RNA: gp11	RNA: gp12	RNA: gp13	RNA: gp14	RNA: gp15	RNA: gp16	RNA: gp17	RNA: gp17.5	RNA: gp18	RNA: gp18.5	RNA: gp19	RNA: gp19.5	NumColiPoly:	4	NumT7Poly	2	NumOfTimePoints:	121	NumOfProteins:	58	NumOfCoding	51
0.002045220460755958	10000	1800	0	0	0	0	0	0	0	0	0	0	0	0	0	0	0	0	0	0	0	0	0	0	0	0	0	0	0	0	0	0	0	0	0	0	0	0	0	0	0	0	0	0	0	0	0	0	0	0	0	0	0	0	0	0	0	0	0	0	0	0	0	0	0	0	0	0	0	0	0	0	0	0	0	0	0	0	0	0	0	0	0	0	0	0	0	0	0	0	0	0	0	0	0	0	0	0	0	0	0	0	0	0	0	0	0	0	0
5.006612952756759	10000	1800	0	0	0	0	0	0	0	0	0	0	0	0	0	0	0	0	0	0	0	0	0	0	0	0	0	0	0	0	0	0	0	0	0	0	0	0	0	0	0	0	0	0	0	0	0	0	0	0	0	0	0	0	0	0	0	0	0	0	0	0	0	0	0	0	0	0	0	0	0	0	0	0	0	0	0	0	0	0	0	0	0	0	0	0	0	0	0	0	0	0	0	0	0	0	0	0	0	0	0	0	0	0	0	0	0	0	0
10.005516545244442	10000	1795	0	0	0	0	0	0	0	0	0	0	0	0	0	0	0	0	0	0	0	0	0	0	0	0	0	0	0	0	0	0	0	0	0	0	0	0	0	0	0	0	0	0	0	0	0	0	0	0	0	0	0	0	0	0	0	0	0	0	0	0	0	0	0	0	0	0	0	0	0	0	0	0	0	0	0	0	0	0	0	0	0	0	0	0	0	0	0	0	0	0	0	0	0	0	0	0	0	0	0	0	0	0	0	0	0	0	0
15.001375118677263	9999	1780	0	0	0	0	0	0	0	0	0	0	0	0	0	0	0	0	0	0	0	0	0	0	0	0	0	0	0	0	0	0	0	0	0	0	0	0	0	0	0	0	0	0	0	0	0	0	0	0	0	0	0	0	0	0	0	0	0	0	0	0	0	0	0	0	0	0	0	0	0	0	0	0	0	0	0	0	0	0	0	0	0	0	0	0	0	0	0	0	0	0	0	0	0	0	0	0	0	0	0	0	0	0	0	0	0	0	0
20.003077268629013	9992	1772	0	0	0	0	0	0	0	0	0	0	0	0	0	0	0	0	0	0	0	0	0	0	0	0	0	0	0	0	0	0	0	0	0	0	0	0	0	0	0	0	0	0	0	0	0	0	0	0	0	0	0	0	0	0	0	0	0	0	0	0	0	0	0	0	0	0	0	0	0	0	0	0	0	0	0	0	0	0	0	0	0	0	0	0	0	0	0	0	0	0	0	0	0	0	0	0	0	0	0	0	0	0	0	0	0	0	0
25.000133662287883	9970	1760	0	0	0	0	0	0	0	0	0	0	0	0	0	0	0	0	0	0	0	0	0	0	0	0	0	0	0	0	0	0	0	0	0	0	0	0	0	0	0	0	0	0	0	0	0	0	0	0	0	0	0	0	0	0	0	0	2	0	0	0	0	0	0	0	0	0	0	0	0	0	0	0	0	0	0	0	0	0	0	0	0	0	0	0	0	0	0	0	0	0	0	0	0	0	0	0	0	0	0	0	0	0	0	0	0	0	0
30.000879745661365	9931	1744	0	0	0	0	0	8	3	0	0	0	0	0	0	0	0	0	0	0	0	0	0	0	0	0	0	0	0	0	0	0	0	0	0	0	0	0	0	0	0	0	0	0	0	0	0	0	0	0	0	0	0	0	0	0	0	0	9	5	0	0	0	0	0	0	0	0	0	0	0	0	0	0	0	0	0	0	0	0	0	0	0	0	0	0	0	0	0	0	0	0	0	0	0	0	0	0	0	0	0	0	0	0	0	0	0	0	0
35.000382315702815	9880	1726	0	0	0	0	0	20	14	3	1	0	0	0	0	0	0	0	0	0	0	0	0	0	0	0	0	0	0	0	0	0	0	0	0	0	0	0	0	0	0	0	0	0	0	0	0	0	0	0	0	0	0	0	0	0	0	0	25	7	1	2	0	0	0	0	0	0	0	0	0	0	0	0	0	0	0	0	0	0	0	0	0	0	0	0	0	0	0	0	0	0	0	0	0	0	0	0	0	0	0	0	0	0	0	0	0	0	0
40.00054495167672	9782	1717	0	0	0	0	0	46	33	9	7	0	0	0	0	0	0	0	0	0	0	0	0	0	0	0	0	0	0	0	0	0	0	0	0	0	0	0	0	0	0	0	0	0	0	0	0	0	0	0	0	0	0	0	0	0	0	0	36	25	11	6	0	0	0	0	0	0	0	0	0	0	0	0	0	0	0	0	0	0	0	0	0	0	0	0	0	0	0	0	0	0	0	0	0	0	0	0	0	0	0	0	0	0	0	0	0	0	0
45.00009149223703	9680	1709	0	0	0	0	0	86	74	31	19	0	0	0	0	0	0	0	0	0	0	0	0	0	0	0	0	0	0	0	0	0	0	0	0	0	0	0	0	0	0	0	0	0	0	0	0	0	0	0	0	0	0	0	0	0	0	0	55	34	22	13	0	0	0	0	0	0	0	0	0	0	0	0	0	0	0	0	0	0	0	0	0	0	0	0	0	0	0	0	0	0	0	0	0	0	0	0	0	0	0	0	0	0	0	0	0	0	0
50.000021935978964	9573	1699	0	0	0	0	0	147	127	71	41	0	0	0	0	0	0	0	0	0	0	0	0	0	0	0	0	0	0	0	0	0	0	0	0	0	0	0	0	0	0	0	0	0	0	0	0	0	0	0	0	0	0	0	0	0	0	0	66	46	35	24	0	0	0	0	0	0	0	0	0	0	0	0	0	0	0	0	0	0	0	0	0	0	0	0	0	0	0	0	0	0	0	0	0	0	0	0	0	0	0	0	0	0	0	0	0	0	0
55.00008150227956	9442	1686	0	0	0	0	0	221	197	121	82	0	0	0	0	0	0	0	0	0	0	0	0	0	0	0	0	0	0	0	0	0	0	0	0	0	0	0	0	0	0	0	0	0	0	0	0	0	0	0	0	0	0	0	0	0	0	0	74	56	48	38	0	0	0	0	0	0	0	0	0	0	0	0	0	0	0	0	0	0	0	0	0	0	0	0	0	0	0	0	0	0	0	0	0	0	0	0	0	0	0	0	0	0	0	0	0	0	0
60.00017490328696	9307	1672	0	0	0	0	0	306	282	192	143	0	0	0	0	0	0	0	0	0	0	0	0	0	0	0	0	0	0	0	0	0	0	0	0	0	0	0	0	0	0	0	0	0	0	0	0	0	0	0	0	0	0	0	0	0	0	0	88	65	60	54	0	0	0	0	0	0	0	0	0	0	0	0	0	0	0	0	0	0	0	0	0	0	0	0	0	0	0	0	0	0	0	0	0	0	0	0	0	0	0	0	0	0	0	0	0	0	0
65.00005875594125	9146	1653	1	0	0	0	0	400	368	266	232	0	0	0	0	0	0	0	0	0	0	0	0	0	0	0	0	0	0	0	0	0	0	0	0	0	0	0	0	0	0	0	0	0	0	0	0	0	0	0	0	0	0	0	0	0	0	0	101	82	71	67	3	0	0	0	0	0	0	0	0	0	0	0	0	0	0	0	0	0	0	0	0	0	0	0	0	0	0	0	0	0	0	0	0	0	0	0	0	0	0	0	0	0	0	0	0	0	0
70.0003568249899	8974	1637	5	0	0	0	0	515	469	351	321	0	0	0	0	0	0	0	0	0	0	0	0	0	0	0	0	0	0	0	0	0	0	0	0	0	0	0	0	0	0	0	0	0	0	0	0	0	0	0	0	0	0	0	0	0	0	0	116	93	84	77	42	0	0	0	0	0	0	0	0	0	0	0	0	0	0	0	0	0	0	0	0	0	0	0	0	0	0	0	0	0	0	0	0	0	0	0	0	0	0	0	0	0	0	0	0	0	0
75.00012773193774	8800	1607	22	0	0	0	0	639	597	464	446	0	0	0	0	0	0	0	0	0	0	0	0	0	0	0	0	0	0	0	0	0	0	0	0	0	0	0	0	0	0	0	0	0	0	0	0	0	0	0	0	0	0	0	0	0	0	0	126	107	97	93	67	0	0	0	0	0	0	0	0	0	0	0	0	0	0	0	0	0	0	0	0	0	0	0	0	0	0	0	0	0	0	0	0	0	0	0	0	0	0	0	0	0	0	0	0	0	0
80.0000029779222	8570	1569	52	0	0	0	0	777	735	591	593	0	0	0	0	0	0	0	0	0	0	0	0	0	0	0	0	0	0	0	0	0	0	0	0	0	0	0	0	0	0	0	0	0	0	0	0	0	0	0	0	0	0	0	0	0	0	0	137	115	109	105	79	0	0	0	0	0	0	0	0	0	0	0	0	0	0	0	0	0	0	0	0	0	0	0	0	0	0	0	0	0	0	0	0	0	0	0	0	0	0	0	0	0	0	0	0	0	0
85.00007157869665	8373	1500	101	0	0	0	0	926	897	754	769	0	0	0	0	0	0	0	0	0	0	0	0	0	0	0	0	0	0	0	0	0	0	0	0	0	0	0	0	0	0	0	0	0	0	0	0	0	0	0	0	0	0	0	0	0	0	0	144	130	118	120	93	0	0	0	0	0	0	0	0	0	0	0	0	0	0	0	0	0	0	0	0	0	0	0	0	0	0	0	0	0	0	0	0	0	0	0	0	0	0	0	0	0	0	0	0	0	0
90.0000204075	8104	1433	159	0	0	0	0	1090	1045	902	967	0	0	0	0	0	0	0	0	0	0	0	0	0	0	0	0	0	0	0	0	0	0	0	0	0	0	0	0	0	0	0	0	0	0	0	0	0	0	0	0	0	0	0	0	0	0	0	163	139	133	132	108	0	0	0	0	0	0	0	0	0	0	0	0	0	0	0	0	0	0	0	0	0	0	0	0	0	0	0	0	0	0	0	0	0	0	0	0	0	0	0	0	0	0	0	0	0	0
95.00010528407235	7897	1348	228	0	0	0	0	1273	1213	1051	1185	0	0	0	0	0	0	0	0	0	0	0	0	0	0	0	0	0	0	0	0	0	0	0	0	0	0	0	0	0	0	0	0	0	0	0	0	0	0	0	0	0	0	0	0	0	0	0	170	149	140	140	122	0	0	0	0	0	0	0	0	0	0	0	0	0	0	0	0	0	0	0	0	0	0	0	0	0	0	0	0	0	0	0	0	0	0	0	0	0	0	0	0	0	0	0	0	0	0
100.00002508850976	7629	1242	314	0	0	0	0	1472	1385	1219	1438	0	0	0	0	0	0	0	0	0	0	0	0	0	0	0	0	0	0	0	0	0	0	0	0	0	0	0	0	0	0	0	0	0	0	0	0	0	0	0	0	0	0	0	0	0	0	0	177	162	156	154	134	0	0	0	0	0	0	0	0	0	0	0	0	0	0	0	0	0	0	0	0	0	0	0	0	0	0	0	0	0	0	0	0	0	0	0	0	0	0	0	0	0	0	0	0	0	0
105.00020404079046	7377	1113	428	0	0	0	0	1667	1584	1398	1749	0	0	0	0	0	0	0	0	0	0	0	0	0	0	0	0	0	0	0	0	0	0	0	0	0	0	0	0	0	0	0	0	0	0	0	0	0	0	0	0	0	0	0	0	0	0	0	198	181	169	169	140	0	0	0	0	0	0	0	0	0	0	0	0	0	0	0	0	0	0	0	0	0	0	0	0	0	0	0	0	0	0	0	0	0	0	0	0	0	0	0	0	0	0	0	0	0	0
110.00006391369834	7054	966	567	0	0	0	0	1878	1792	1593	2078	1	0	0	0	0	0	0	0	0	0	0	0	0	0	0	0	0	0	0	0	0	0	0	0	0	0	0	0	0	0	0	0	0	0	0	0	0	0	0	0	0	0	0	0	0	0	0	211	192	182	179	154	0	0	0	0	0	0	0	0	0	0	0	0	0	0	0	0	0	0	0	0	0	0	0	0	0	0	0	0	0	0	0	0	0	0	0	0	0	0	0	0	0	0	0	0	0	0
115.00013368342502	6795	819	700	0	0	0	0	2141	2016	1827	2435	0	0	0	0	0	0	0	0	0	0	0	0	0	0	0	0	0	0	0	0	0	0	0	0	0	0	0	0	0	0	0	0	0	0	0	0	0	0	0	0	0	0	0	0	0	0	0	225	201	194	192	170	0	0	0	0	0	0	0	0	0	0	0	0	0	0	0	0	0	0	0	0	0	0	0	0	0	0	0	0	0	0	0	0	0	0	0	0	0	0	0	0	0	0	0	0	0	0
120.00000601274803	6478	663	840	0	0	0	0	2383	2244	2059	2791	1	0	0	0	0	0	0	0	0	0	0	0	0	0	0	0	0	0	0	0	0	0	0	0	0	0	0	0	0	0	0	0	0	0	0	0	0	0	0	0	0	0	0	0	0	0	0	234	219	206	206	184	0	0	0	0	0	0	0	0	0	0	0	0	0	0	0	0	0	0	0	0	0	0	0	0	0	0	0	0	0	0	0	0	0	0	0	0	0	0	0	0	0	0	0	0	0	0
125.00001078045761	6142	515	974	0	0	0	0	2658	2482	2304	3171	0	0	0	0	0	0	0	0	0	0	0	0	0	0	0	0	0	0	0	0	0	0	0	0	0	0	0	0	0	0	0	0	0	0	0	0	0	0	0	0	0	0	0	0	0	0	0	244	230	218	220	197	8	0	0	0	0	0	0	0	0	0	0	0	0	0	0	0	0	0	0	0	0	0	0	0	0	0	0	0	0	0	0	0	0	0	0	0	0	0	0	0	0	0	0	0	0	0
130.00001239715638	5717	349	1127	0	0	1	0	2927	2762	2548	3580	3	0	0	0	0	0	0	0	0	0	0	0	0	0	0	0	0	0	0	0	0	0	0	0	0	0	0	0	0	0	0	0	0	0	0	0	0	0	0	0	0	0	0	0	0	0	0	264	238	234	232	206	94	0	0	0	0	0	0	0	0	0	0	0	0	0	0	0	0	0	0	0	0	0	0	0	0	0	0	0	0	0	0	0	0	0	0	0	0	0	0	0	0	0	0	0	0	0
135.00003331873904	5333	159	1309	0	0	5	0	3211	3049	2827	4073	1	2	0	0	0	0	0	0	0	0	0	0	0	0	0	0	0	0	0	0	0	0	0	0	0	0	0	0	0	0	0	0	0	0	0	0	0	0	0	0	0	0	0	0	0	0	0	270	255	241	247	225	149	3	0	0	0	0	0	0	0	0	0	0	0	0	0	0	0	0	0	0	0	0	0	0	0	0	0	0	0	0	0	0	0	0	0	0	0	0	0	0	0	0	0	0	0	0
140.00001493309102	4962	2	1465	0	0	16	0	3520	3352	3111	4508	36	12	2	0	0	0	0	0	0	0	0	0	0	0	0	0	0	0	0	0	0	0	0	0	0	0	0	0	0	0	0	0	0	0	0	0	0	0	0	0	0	0	0	0	0	0	0	277	268	260	262	234	174	16	5	0	0	0	0	0	0	0	0	0	0	0	0	0	0	0	0	0	0	0	0	0	0	0	0	0	0	0	0	0	0	0	0	0	0	0	0	0	0	0	0	0	0	0
145.000049508	4644	0	1457	0	0	52	0	3847	3660	3405	4792	259	41	16	0	0	0	0	0	0	0	0	0	0	0	0	0	0	0	0	0	0	0	0	0	0	0	0	0	0	0	0	0	0	0	0	0	0	0	0	0	0	0	0	0	0	0	0	281	277	270	273	251	190	29	13	0	0	0	0	0	0	0	0	0	0	0	0	0	0	0	0	0	0	0	0	0	0	0	0	0	0	0	0	0	0	0	0	0	0	0	0	0	0	0	0	0	0	0
150.00002335627812	4267	0	1452	0	0	100	0	4136	3964	3725	5116	524	80	37	0	0	0	0	0	0	0	0	0	0	0	0	0	0	0	0	0	0	0	0	0	0	0	0	0	0	0	0	0	0	0	0	0	0	0	0	0	0	0	0	0	0	0	0	288	280	275	288	263	204	39	29	0	0	0	0	0	0	0	0	0	0	0	0	0	0	0	0	0	0	0	0	0	0	0	0	0	0	0	0	0	0	0	0	0	0	0	0	0	0	0	0	0	0	0
155.00003954987184	3818	0	1452	0	0	162	0	4453	4286	4030	5471	767	142	69	0	0	0	0	0	0	0	0	0	0	0	0	0	0	0	0	0	0	0	0	0	0	0	0	0	0	0	0	0	0	0	0	0	0	0	0	0	0	0	0	0	0	0	0	298	284	281	294	268	211	45	37	0	0	0	0	0	0	0	0	0	0	0	0	0	0	0	0	0	0	0	0	0	0	0	0	0	0	0	0	0	0	0	0	0	0	0	0	0	0	0	0	0	0	0
160.00000459236242	3503	0	1449	0	0	244	0	4809	4604	4358	5829	1031	216	113	0	0	0	0	0	0	0	0	0	0	0	0	0	0	0	0	0	0	0	0	0	0	0	0	0	0	0	0	0	0	0	0	0	0	0	0	0	0	0	0	0	0	0	0	306	294	288	301	275	217	67	48	0	0	0	0	0	0	0	0	0	0	0	0	0	0	0	0	0	0	0	0	0	0	0	0	0	0	0	0	0	0	0	0	0	0	0	0	0	0	0	0	0	0	0
165.00002162961243	3062	0	1440	0	0	315	0	5144	4957	4680	6185	1298	310	172	2	0	0	0	0	0	0	0	0	0	0	0	0	0	0	0	0	0	0	0	0	0	0	0	0	0	0	0	0	0	0	0	0	0	0	0	0	0	0	0	0	0	0	0	309	305	295	307	282	225	84	69	15	0	0	0	0	0	0	0	0	0	0	0	0	0	0	0	0	0	0	0	0	0	0	0	0	0	0	0	0	0	0	0	0	0	0	0	0	0	0	0	0	0	0
170.0000038990872	2576	0	1440	0	0	416	0	5474	5296	5062	6547	1563	436	255	13	0	0	0	0	0	0	0	0	0	0	0	0	0	0	0	0	0	0	0	0	0	0	0	0	0	0	0	0	0	0	0	0	0	0	0	0	0	0	0	0	0	0	0	324	310	303	317	299	239	110	89	50	2	1	1	0	0	0	0	0	0	0	0	0	0	0	0	0	0	0	0	0	0	0	0	0	0	0	0	0	0	0	0	0	0	0	0	0	0	0	0	0	0	0
175.000103815139	2054	0	1445	0	0	524	0	5839	5666	5421	6900	1867	587	354	38	5	5	1	0	0	0	0	0	0	0	0	0	0	0	0	0	0	0	0	0	0	0	0	0	0	0	0	0	0	0	0	0	0	0	0	0	0	0	0	0	0	0	0	339	320	309	325	309	253	130	118	83	7	5	5	3	0	1	0	0	0	0	0	0	0	0	0	0	0	0	0	0	0	0	0	0	0	0	0	0	0	0	0	0	0	0	0	0	0	0	0	0	0	0
180.0000170577705	1441	0	1445	0	5	644	0	6193	6041	5776	7285	2180	743	507	75	19	10	9	0	6	0	0	0	0	0	0	0	0	0	0	0	0	0	0	0	0	0	0	0	0	0	0	0	0	0	0	0	0	0	0	0	0	0	0	0	0	0	0	352	336	316	327	317	275	146	131	103	16	6	10	14	9	8	7	0	0	0	0	0	0	0	0	0	0	0	0	0	0	0	0	0	0	0	0	0	0	0	0	0	0	0	0	0	0	0	0	0	0	0
185.00000889517833	728	0	1438	0	13	775	0	6589	6422	6173	7688	2499	934	661	132	42	27	24	1	26	0	0	0	0	0	0	0	0	0	0	0	0	0	0	0	0	0	0	0	0	0	0	0	0	0	0	0	0	0	0	0	0	0	0	0	0	0	0	360	354	343	341	320	293	162	154	126	20	14	16	25	16	16	16	4	3	1	0	0	0	0	0	0	0	0	0	0	0	0	0	0	0	0	0	0	0	0	0	0	0	0	0	0	0	0	0	0	0	0
190.00000738470604	96	0	1424	0	33	906	0	6994	6817	6567	8094	2810	1145	846	197	80	47	47	18	56	0	1	0	0	0	1	0	0	0	0	0	0	0	0	0	0	0	0	0	0	0	0	0	0	0	0	0	0	0	0	0	0	0	0	0	0	0	0	363	358	354	363	323	301	177	169	146	26	18	33	43	33	28	46	25	14	14	0	0	0	0	0	0	0	0	0	0	0	0	0	0	0	0	0	0	0	0	0	0	0	0	0	0	0	0	0	0	0	0
195.0000045173969	43	0	1379	0	83	1047	7	7392	7202	6954	8491	3171	1331	1045	276	114	72	85	42	95	2	12	0	9	1	10	0	0	0	0	0	0	0	0	0	0	0	0	0	0	0	0	0	0	0	0	0	0	0	0	0	0	0	0	0	0	0	0	366	357	359	375	337	307	190	181	174	32	28	50	68	55	59	71	38	38	31	15	9	2	2	0	0	0	0	0	0	0	0	0	0	0	0	0	0	0	0	0	0	0	0	0	0	0	0	0	0	0	0
200.00000185867682	17	0	1338	0	135	1155	26	7778	7514	7265	8852	3483	1509	1212	386	145	100	132	87	158	2	37	0	43	0	38	0	1	3	0	0	0	0	0	0	0	0	0	0	0	0	0	0	0	0	0	0	0	0	0	0	0	0	0	0	0	0	0	366	355	357	387	344	304	199	188	185	30	33	64	87	95	80	105	68	71	73	46	19	16	11	5	0	0	0	0	0	0	0	0	0	0	0	0	0	0	0	0	0	0	0	0	0	0	0	0	0	0	0
205.000000776073	13	0	1267	0	212	1275	67	8079	7791	7552	9164	3843	1651	1370	530	173	124	194	154	229	0	96	0	91	7	83	0	11	16	7	0	0	0	0	0	0	0	0	0	0	0	0	0	0	0	0	0	0	0	0	0	0	0	0	0	0	0	0	364	358	359	384	346	305	216	190	188	33	33	80	108	111	97	126	104	95	109	65	57	46	38	22	2	0	0	0	0	0	0	0	0	0	0	0	0	0	0	0	0	0	0	0	0	0	0	0	0	0	0
210.00000459476064	14	0	1210	0	276	1371	125	8375	8037	7797	9464	4202	1817	1519	696	198	145	250	230	312	3	173	0	152	2	158	0	46	32	36	4	0	0	0	0	0	0	0	0	0	0	0	0	0	0	0	0	0	0	0	0	0	0	0	0	0	0	0	377	351	358	385	343	306	242	211	201	47	45	96	134	133	125	141	130	119	144	94	107	95	86	62	20	8	5	2	1	0	0	0	0	0	0	0	0	0	0	0	0	0	0	0	0	0	0	0	0	0	0
215.00001661489927	2	0	1140	0	355	1490	184	8621	8255	8019	9695	4555	1963	1661	896	229	177	298	302	389	3	276	0	230	7	226	0	98	80	73	22	0	0	1	1	2	0	0	0	0	0	0	0	0	0	0	0	0	0	0	0	0	0	0	0	0	0	0	384	360	357	385	333	298	261	225	209	53	55	118	158	159	141	181	144	139	170	125	141	127	120	95	45	23	23	24	17	3	2	0	0	0	0	0	0	0	0	0	0	0	0	0	0	0	0	0	0	0	0
220.00000247199893	7	0	1079	0	431	1581	255	8867	8453	8214	9951	4842	2116	1802	1065	264	203	363	387	478	10	362	0	317	6	331	0	174	148	137	58	0	8	7	6	6	0	1	0	0	0	0	0	0	0	0	0	0	0	0	0	0	0	0	0	0	0	0	385	361	360	382	328	286	278	237	218	61	59	126	185	177	166	207	182	170	187	152	176	175	192	155	102	57	41	35	32	20	17	16	12	2	2	0	0	0	0	0	0	0	0	0	0	0	0	0	0	0	0
225.00000045232312	6	0	989	0	522	1672	333	9099	8645	8411	10150	5082	2242	1945	1216	293	233	431	470	557	11	462	0	402	11	426	4	248	223	226	113	0	26	19	20	27	0	8	2	0	0	0	0	0	0	0	0	0	0	0	0	0	0	0	0	0	0	0	390	366	359	389	316	282	298	250	223	64	67	142	203	196	195	228	205	199	223	166	188	186	213	204	141	110	95	87	80	36	31	44	35	28	21	11	0	0	0	0	0	0	0	0	0	0	0	0	0	0	0
230.00000292644125	5	0	892	0	615	1830	418	9301	8788	8568	10342	5317	2357	2067	1368	319	258	487	549	638	8	563	0	498	13	513	24	329	300	324	190	0	52	45	47	48	0	17	14	7	3	2	0	0	0	0	0	0	0	0	0	0	0	0	0	0	0	0	392	364	358	395	301	290	308	265	228	63	66	141	225	215	220	263	232	230	260	197	227	224	241	220	196	154	130	121	117	89	81	66	42	39	42	34	5	0	0	0	0	0	0	0	0	0	0	0	0	0	0
235.00000412815908	0	0	810	0	701	1993	500	9481	8926	8717	10516	5523	2475	2183	1502	346	281	548	643	738	11	658	0	589	10	606	63	422	378	408	276	0	97	76	86	89	1	39	31	22	11	13	3	0	0	0	0	0	0	0	0	0	0	0	0	0	0	0	398	368	357	393	286	291	321	272	231	67	70	145	232	220	232	280	264	268	289	210	243	237	272	264	242	223	209	197	189	117	115	132	127	100	67	42	25	11	0	0	0	0	0	0	0	0	0	0	0	0	0
240.00000335367014	2	0	740	0	782	2176	578	9643	9059	8825	10659	5718	2596	2292	1619	378	316	597	739	806	15	750	0	676	14	697	134	495	465	506	363	0	158	133	142	141	14	78	61	49	28	27	17	0	0	0	0	0	0	0	0	0	0	0	0	0	0	0	388	368	360	386	278	277	331	278	231	70	71	142	238	224	238	294	271	287	325	231	263	256	274	284	267	237	237	233	239	152	145	162	154	132	130	120	40	30	13	0	0	0	0	0	0	0	0	0	0	0	0
245.0000009236878	7	0	673	0	861	2374	670	9789	9184	8968	10800	5875	2701	2380	1748	409	332	645	827	870	18	871	0	762	14	806	202	577	532	587	456	1	225	196	219	213	35	125	103	91	47	61	36	0	0	0	0	0	0	0	0	0	0	0	0	0	0	0	379	371	363	393	279	272	333	289	229	77	86	160	243	223	244	290	278	300	331	263	298	283	307	303	297	278	264	255	251	218	219	221	192	163	158	148	67	61	47	3	0	0	0	0	0	0	0	0	0	0	0
250.00001670219638	1	0	602	0	942	2557	765	9914	9297	9073	10942	6007	2801	2468	1873	435	350	699	914	949	17	978	0	841	13	904	285	676	630	664	546	11	313	270	290	274	69	177	150	137	86	99	60	0	0	0	0	0	0	0	0	0	0	0	0	0	0	0	394	369	365	394	277	261	345	289	232	78	83	163	261	234	253	298	278	303	341	296	336	333	344	319	324	320	303	294	295	254	250	295	287	245	226	184	119	77	100	11	0	0	0	0	0	0	0	0	0	0	0
255.0000036379981	2	0	533	0	1009	2731	850	10040	9411	9183	11057	6147	2896	2559	1980	462	366	757	997	1014	24	1075	0	932	12	1007	375	774	734	772	623	32	418	350	379	336	103	243	234	193	141	151	108	0	0	0	0	0	0	0	0	0	0	0	0	0	0	0	394	379	361	386	277	256	358	287	244	82	82	166	271	254	277	310	283	309	346	327	369	367	387	376	346	332	318	309	314	293	285	331	313	291	298	276	148	99	121	19	4	4	0	0	0	0	0	0	0	0	0
260.00000137244814	3	0	470	0	1074	2803	945	10155	9513	9281	11176	6267	2985	2635	2089	485	386	799	1075	1080	38	1165	0	1009	6	1086	476	883	831	882	715	70	519	429	455	419	177	317	309	268	198	225	150	0	11	0	1	0	0	0	0	0	0	0	0	0	0	0	384	384	373	391	274	239	374	293	251	104	112	190	274	252	282	327	291	322	356	341	388	411	457	403	377	349	350	332	332	296	285	342	331	321	324	305	197	139	143	27	14	31	12	0	0	0	0	0	0	0	0
265.00000078218187	2	0	403	0	1136	2925	1013	10249	9620	9383	11287	6363	3082	2705	2173	507	400	843	1137	1135	45	1255	0	1077	18	1177	582	1001	937	978	818	126	598	509	531	515	249	392	386	350	260	299	230	4	29	7	3	0	1	0	0	0	0	0	0	0	0	0	383	372	373	402	262	232	390	309	250	107	111	197	300	279	314	332	301	345	362	333	387	411	462	448	435	399	380	363	354	321	303	353	333	330	340	314	256	179	188	38	19	75	52	0	0	0	0	0	0	0	0
270.0000037726067	1	0	326	0	1213	3007	1088	10341	9719	9462	11365	6457	3169	2783	2245	543	427	886	1212	1187	46	1344	0	1138	14	1266	684	1099	1041	1081	932	199	679	586	601	590	333	466	456	427	330	374	297	17	59	25	13	0	3	0	0	0	0	0	0	0	0	0	382	369	363	387	249	225	396	322	248	105	109	193	303	278	330	366	306	345	363	345	392	402	456	441	470	437	430	406	392	335	324	379	365	340	350	321	296	238	236	45	25	109	92	20	0	0	0	0	0	0	0
275.0000020575314	1	0	267	0	1273	3067	1161	10450	9795	9555	11468	6547	3246	2852	2338	572	451	942	1290	1247	67	1433	0	1209	22	1341	772	1179	1140	1182	1032	309	775	662	681	679	419	542	539	509	397	465	369	35	99	52	22	0	14	4	0	0	0	0	0	0	0	0	373	367	356	380	237	217	406	318	241	116	126	211	302	269	332	371	335	369	384	369	423	429	473	439	525	491	482	450	422	363	344	408	386	360	376	348	321	299	297	54	31	137	127	58	0	0	0	0	0	0	0
280.00000060602775	0	0	208	0	1336	3121	1227	10533	9879	9624	11549	6633	3331	2916	2415	595	480	989	1347	1299	73	1510	0	1267	21	1418	872	1279	1225	1271	1134	403	878	754	786	757	495	616	619	608	477	519	445	76	151	92	28	0	29	15	0	0	0	0	0	0	0	0	376	367	351	377	242	215	422	316	239	118	132	221	327	280	333	368	334	397	399	378	443	458	522	495	535	499	505	502	488	429	408	457	409	374	395	365	339	381	355	66	42	171	151	99	0	0	0	0	0	0	0
285.00000311786476	0	0	173	0	1369	3183	1298	10605	9967	9707	11636	6714	3409	2986	2509	609	497	1028	1417	1344	99	1600	0	1330	17	1501	966	1359	1308	1370	1236	494	971	860	887	843	573	693	706	701	559	595	513	123	196	125	40	0	49	30	0	0	0	0	0	0	0	0	375	372	344	372	236	216	433	323	233	117	130	219	320	280	341	368	331	404	413	390	455	462	527	514	544	490	496	497	490	498	477	540	479	435	438	391	367	447	443	81	44	210	190	134	6	0	0	0	0	0	0
290.00000390427357	3	0	152	0	1409	3238	1353	10696	10048	9782	11722	6779	3491	3060	2582	633	531	1075	1497	1398	132	1684	0	1391	24	1582	1049	1450	1380	1465	1323	590	1042	974	978	931	655	772	793	775	640	669	596	168	271	175	55	0	78	54	0	0	0	0	0	0	0	0	363	355	348	370	241	212	444	321	229	118	140	232	339	304	382	379	334	409	419	414	500	505	559	523	604	516	510	506	495	518	498	602	561	521	515	464	374	481	526	100	53	240	221	162	35	0	0	0	0	0	0
295.00000425816614	3	0	99	0	1471	3242	1435	10770	10126	9846	11791	6834	3583	3115	2649	658	544	1109	1561	1453	149	1758	0	1459	20	1660	1144	1530	1458	1559	1417	686	1133	1058	1057	1022	744	851	900	863	719	742	669	220	347	228	65	0	106	81	0	0	0	0	0	0	0	0	356	344	336	375	235	196	450	335	243	120	136	230	349	310	386	410	343	419	419	411	492	515	579	557	636	576	567	566	547	529	491	599	564	558	568	529	414	489	572	116	68	270	249	207	68	23	10	6	0	0	0
300.00000347123677	0	0	99	0	1478	3243	1483	10839	10170	9899	11862	6892	3670	3181	2712	673	569	1135	1646	1499	193	1825	0	1523	21	1744	1229	1625	1552	1668	1500	792	1207	1152	1147	1094	838	941	991	957	804	837	749	310	424	296	85	0	147	117	0	0	0	1	0	0	0	0	339	338	323	364	229	194	453	347	245	116	133	222	346	300	386	409	364	454	427	410	486	509	576	541	659	588	576	578	572	542	501	598	558	551	563	529	448	492	585	119	86	297	284	242	96	29	30	28	29	0	0
305.0000031096693	1	0	88	0	1489	3235	1539	10896	10237	9949	11924	6949	3734	3226	2765	690	593	1164	1699	1548	247	1913	0	1577	26	1800	1320	1711	1638	1753	1595	897	1294	1223	1230	1198	935	1015	1095	1042	899	925	847	386	510	364	99	3	194	155	0	0	0	3	4	0	0	0	342	331	321	352	217	194	455	350	240	112	131	215	344	296	390	409	365	460	449	417	504	528	597	573	692	617	602	600	593	602	556	669	606	562	561	523	457	492	596	119	94	330	319	283	124	75	71	55	32	2	0
310.0000018429305	0	0	78	0	1501	3190	1615	10954	10293	9993	11997	6980	3784	3284	2814	707	610	1202	1777	1591	304	1984	0	1632	18	1872	1400	1796	1715	1862	1693	999	1383	1305	1315	1293	1025	1100	1194	1131	998	1018	921	459	605	444	118	8	236	192	1	0	0	9	11	0	0	0	345	329	319	345	210	188	449	352	238	112	137	226	355	302	407	429	362	461	449	427	510	530	604	579	693	620	608	614	625	616	571	685	633	620	624	558	487	514	602	121	98	360	351	315	174	95	93	89	86	27	30
315.0000009995288	1	0	71	0	1516	3187	1654	11012	10338	10039	12054	7017	3848	3331	2882	718	625	1228	1825	1617	348	2059	0	1684	33	1946	1480	1881	1776	1951	1765	1111	1476	1382	1401	1387	1099	1182	1285	1224	1074	1082	992	528	703	536	129	14	286	240	5	0	0	21	14	2	0	0	339	324	323	344	200	178	443	349	249	115	134	218	359	308	426	440	372	473	454	444	536	555	618	584	730	635	616	615	620	644	607	731	659	639	633	594	520	617	621	122	94	368	364	361	220	126	128	113	101	40	43
320.000001614519	1	0	55	0	1536	3194	1737	11065	10378	10074	12093	7070	3905	3386	2940	730	645	1266	1875	1660	387	2126	0	1727	22	2019	1565	1952	1848	2051	1850	1231	1550	1481	1474	1471	1189	1257	1380	1308	1165	1168	1086	607	795	623	141	15	338	278	20	0	0	33	23	8	0	5	340	323	325	351	201	170	440	341	245	133	143	214	358	300	427	452	380	490	472	440	533	556	630	616	746	659	640	637	652	653	608	720	660	677	665	621	580	702	727	127	92	393	383	406	261	188	197	168	132	58	50
325.00000085110435	1	0	54	0	1545	3226	1802	11104	10427	10111	12140	7115	3964	3428	3002	746	657	1296	1924	1704	437	2184	0	1780	18	2086	1647	2033	1919	2140	1930	1342	1623	1584	1560	1549	1301	1328	1462	1394	1271	1247	1154	674	896	721	164	22	387	324	39	0	0	55	43	13	0	14	342	324	328	350	210	160	433	327	249	132	153	232	371	306	427	453	380	492	470	445	541	551	628	623	757	668	648	643	663	672	626	722	656	649	648	629	617	781	815	148	92	410	394	434	287	221	240	204	195	86	96
330.0000008082022	0	0	37	0	1560	3248	1864	11151	10472	10152	12187	7152	4002	3471	3060	760	677	1323	1974	1746	482	2246	0	1834	19	2160	1709	2107	1981	2215	2009	1465	1711	1658	1661	1629	1398	1409	1562	1466	1359	1330	1233	768	978	816	185	34	434	386	74	0	5	85	66	31	0	21	344	330	320	354	198	144	427	323	242	130	149	228	376	318	456	461	372	512	482	437	528	548	628	616	790	687	659	653	669	673	610	715	645	646	658	623	665	872	904	173	95	439	410	469	323	248	276	236	236	122	117
335.0000060995619	0	0	42	0	1550	3275	1935	11195	10515	10183	12229	7181	4057	3517	3104	773	690	1354	2025	1784	543	2297	0	1882	18	2223	1787	2160	2059	2287	2091	1564	1802	1735	1731	1713	1473	1484	1647	1544	1453	1409	1315	843	1071	911	200	43	474	439	97	0	13	106	92	45	0	31	331	321	324	348	183	130	421	316	239	145	156	227	373	303	457	471	377	514	480	457	548	555	620	604	802	700	684	683	690	690	634	731	632	622	639	610	656	959	1002	187	112	459	442	497	349	268	306	255	258	140	152
340.0000003745386	3	0	46	0	1540	3280	1999	11222	10550	10230	12260	7206	4104	3558	3144	788	705	1382	2062	1817	604	2355	0	1920	18	2282	1853	2240	2121	2366	2174	1691	1887	1810	1812	1785	1566	1557	1729	1625	1511	1476	1402	931	1179	988	210	54	528	494	136	0	23	142	121	86	2	49	325	309	320	348	178	121	414	297	236	151	164	239	387	309	459	473	382	544	494	474	576	589	657	593	806	701	677	680	690	688	628	752	653	635	641	601	636	984	1094	206	132	490	476	529	390	310	357	286	282	149	156
345.00000203118225	0	0	26	0	1556	3293	2037	11255	10597	10261	12301	7245	4158	3600	3177	805	719	1400	2110	1857	643	2416	0	1954	36	2341	1928	2309	2185	2440	2230	1776	1972	1888	1889	1856	1645	1621	1816	1698	1579	1556	1471	1007	1271	1086	239	70	583	540	180	0	44	166	153	120	4	65	323	310	313	337	181	110	403	281	223	160	175	251	384	303	459	470	377	544	499	472	577	593	680	634	800	705	684	678	693	687	626	738	635	642	653	632	620	990	1147	221	141	521	512	573	438	316	379	315	325	160	158
350.0000097329919	0	0	31	0	1543	3233	2100	11293	10623	10300	12332	7274	4194	3628	3217	820	733	1422	2160	1896	697	2484	0	1987	28	2388	1980	2366	2254	2505	2299	1887	2033	1953	1954	1937	1724	1686	1918	1758	1660	1616	1536	1101	1396	1194	265	87	638	597	219	0	62	202	177	153	12	75	317	307	306	326	182	104	398	272	205	165	192	262	385	291	459	460	365	545	489	477	580	591	664	636	810	700	659	664	679	688	616	732	626	640	634	621	624	992	1165	225	153	544	540	620	460	370	442	354	331	163	160
355.0000006380511	0	0	27	0	1541	3212	2145	11327	10652	10326	12376	7294	4235	3657	3250	840	759	1447	2206	1930	753	2545	0	2030	28	2449	2050	2418	2305	2581	2376	1984	2108	2024	2026	2003	1816	1735	2014	1839	1724	1686	1610	1190	1507	1293	284	112	699	643	265	1	89	239	208	179	23	91	315	305	303	321	183	101	398	263	187	162	185	257	398	302	480	461	362	543	475	471	564	583	658	615	858	742	683	676	676	670	605	716	595	617	618	608	620	991	1176	226	161	566	573	671	492	395	483	405	376	216	207
360.00000047145716	2	0	26	0	1536	3209	2193	11366	10683	10354	12408	7324	4269	3684	3281	855	783	1478	2253	1961	803	2598	0	2068	33	2496	2100	2468	2362	2640	2455	2091	2183	2087	2097	2067	1899	1807	2074	1900	1777	1756	1675	1276	1621	1418	306	133	754	705	314	1	117	281	249	211	32	107	307	300	298	318	184	99	399	253	191	173	209	276	410	316	494	476	362	541	467	460	548	572	651	611	859	748	713	709	719	688	605	707	575	594	596	590	638	992	1182	227	159	584	594	714	498	414	510	406	388	238	242
365.00000019539414	0	0	24	0	1541	3160	2260	11391	10722	10388	12447	7350	4307	3704	3303	877	810	1504	2293	1992	840	2646	0	2105	26	2546	2161	2529	2427	2708	2516	2210	2251	2161	2175	2139	1992	1865	2138	1953	1859	1821	1733	1359	1730	1544	328	152	824	773	375	4	146	340	287	246	51	126	306	299	293	313	188	94	400	252	187	175	205	280	441	348	527	499	369	564	458	445	539	556	630	597	849	738	709	703	728	754	683	761	617	597	594	569	632	1065	1201	227	153	587	608	759	503	429	549	430	411	318	315
370.0000090960562	1	0	30	0	1529	3228	2309	11432	10747	10415	12489	7370	4343	3726	3329	892	832	1530	2326	2025	905	2700	0	2143	37	2607	2214	2587	2476	2764	2586	2320	2324	2235	2257	2223	2078	1920	2200	2013	1911	1877	1801	1440	1824	1656	347	160	864	824	432	16	178	393	323	283	72	154	306	302	282	309	184	90	404	254	175	176	216	292	435	349	559	535	397	579	481	430	523	549	623	589	864	739	699	689	714	772	706	808	673	656	638	592	609	1081	1282	230	148	594	626	803	547	420	546	433	442	375	387
375.0000019566906	2	0	24	0	1531	3220	2369	11464	10778	10442	12523	7392	4380	3763	3357	916	849	1559	2368	2058	956	2770	0	2172	37	2649	2273	2641	2528	2833	2647	2420	2395	2308	2326	2295	2169	1980	2273	2066	1972	1931	1850	1516	1931	1783	369	178	925	892	489	32	215	434	365	329	100	194	294	295	279	308	176	90	411	254	166	169	208	283	446	356	563	548	428	612	503	440	560	567	622	578	867	735	705	698	726	762	695	786	656	667	685	654	589	1075	1321	244	140	602	645	843	577	425	561	430	431	386	402
380.0000027063084	1	0	16	0	1535	3173	2408	11500	10814	10471	12548	7418	4429	3786	3377	932	870	1582	2405	2095	998	2820	0	2210	39	2688	2322	2695	2575	2892	2710	2511	2482	2375	2402	2364	2244	2043	2353	2125	2028	1983	1909	1598	2031	1902	389	188	981	965	556	55	261	484	400	363	125	245	286	288	271	300	173	94	424	260	157	169	205	278	444	349	563	546	422	642	532	433	573	602	665	615	864	724	700	683	714	772	697	781	624	635	659	647	603	1070	1322	246	136	612	660	875	609	457	599	451	443	387	412
385.0000007960962	1	0	21	0	1526	3122	2449	11523	10834	10493	12576	7438	4468	3808	3403	940	890	1612	2448	2130	1054	2865	0	2242	38	2744	2375	2760	2632	2956	2765	2608	2544	2439	2449	2413	2315	2104	2440	2197	2089	2065	1976	1665	2126	2005	418	204	1040	1018	607	79	303	541	444	398	155	285	279	282	261	292	168	103	437	258	153	165	203	273	438	344	578	544	411	647	534	432	554	589	656	635	856	717	688	673	693	779	706	814	657	647	652	618	632	1070	1324	246	145	625	679	911	619	484	634	470	442	369	403
390.00000270598053	0	0	24	0	1522	3016	2519	11555	10851	10514	12602	7458	4505	3828	3426	958	911	1637	2491	2166	1096	2910	0	2274	27	2785	2429	2830	2685	3036	2820	2700	2614	2514	2503	2468	2384	2172	2508	2256	2153	2119	2031	1743	2239	2124	437	222	1100	1081	651	106	337	593	480	424	189	324	275	276	254	287	167	119	448	259	153	158	194	263	433	335	578	557	401	647	528	430	543	573	640	626	907	734	693	664	682	781	693	787	649	656	679	643	635	1080	1336	249	139	641	704	944	645	498	667	502	470	360	385
395.00000006592563	0	0	16	0	1527	2979	2549	11575	10874	10535	12623	7479	4543	3858	3446	980	927	1656	2519	2196	1131	2978	0	2318	53	2833	2478	2880	2732	3087	2877	2793	2667	2567	2552	2518	2452	2230	2584	2305	2203	2179	2096	1815	2328	2247	455	246	1154	1138	708	140	383	641	519	459	222	359	280	279	248	281	161	134	474	275	154	157	189	257	422	320	578	550	409	654	528	414	527	562	623	612	926	772	738	710	725	781	683	771	641	646	660	643	656	1134	1349	251	135	647	710	985	686	506	690	508	489	354	369
400.0000072469722	2	0	26	0	1521	2942	2604	11593	10899	10555	12649	7494	4580	3879	3466	993	952	1677	2562	2224	1195	3038	0	2346	44	2878	2530	2935	2783	3129	2936	2881	2727	2638	2605	2580	2533	2285	2653	2355	2269	2241	2152	1874	2420	2360	481	264	1217	1190	773	183	430	705	563	497	271	386	281	279	249	279	157	142	488	290	158	153	184	249	415	309	583	540	395	658	529	427	541	559	607	601	921	753	730	721	746	818	720	770	634	624	637	627	636	1216	1410	259	134	649	712	1031	737	522	711	496	487	338	357
405.0000122583152	2	0	13	0	1538	2920	2659	11619	10925	10578	12668	7517	4630	3905	3482	1015	966	1695	2598	2252	1223	3088	0	2382	35	2916	2572	2991	2837	3176	2991	2973	2799	2699	2667	2644	2602	2346	2721	2417	2335	2288	2195	1937	2517	2482	504	281	1270	1251	848	233	476	760	613	538	311	417	277	281	248	283	154	146	503	305	157	166	200	252	410	300	583	543	385	656	517	462	600	617	650	596	908	743	721	712	729	839	743	828	701	669	646	612	610	1250	1499	273	128	666	718	1062	809	547	737	498	489	352	368
410.00000299316747	0	0	18	0	1533	2908	2724	11635	10948	10599	12695	7527	4679	3929	3497	1037	978	1713	2633	2273	1280	3138	0	2418	37	2971	2620	3036	2879	3240	3024	3063	2863	2762	2724	2697	2680	2397	2793	2460	2387	2343	2256	1995	2623	2603	528	300	1338	1317	922	284	513	806	651	573	356	446	280	270	241	285	145	149	520	315	154	162	197	259	425	306	585	536	383	662	513	475	613	630	678	666	907	730	712	701	721	828	736	814	691	686	697	661	589	1242	1549	297	132	676	712	1090	864	620	834	566	532	382	393
415.00000089733845	2	0	12	0	1536	2881	2758	11658	10961	10613	12716	7541	4719	3951	3514	1049	997	1731	2671	2290	1316	3186	0	2451	49	3007	2670	3084	2924	3302	3071	3159	2916	2827	2787	2762	2741	2454	2856	2508	2452	2412	2311	2074	2721	2724	552	320	1397	1375	1011	347	570	871	693	607	396	475	275	271	229	279	140	146	536	329	155	175	222	280	425	309	586	529	371	659	510	508	657	672	708	668	915	719	704	693	706	820	732	795	675	667	673	658	621	1235	1551	303	145	691	715	1123	884	661	900	626	600	400	420
420.0000002776083	1	0	11	0	1548	2861	2800	11677	10977	10630	12745	7557	4757	3980	3531	1065	1011	1758	2703	2321	1360	3239	0	2482	43	3053	2726	3123	2975	3367	3129	3247	2978	2889	2839	2822	2810	2509	2905	2564	2508	2461	2359	2127	2835	2830	572	338	1457	1433	1102	392	609	957	742	644	443	503	266	261	235	280	132	154	554	339	168	176	214	282	442	324	589	529	367	657	502	498	644	661	712	692	981	761	721	702	706	806	719	781	657	650	660	636	671	1231	1554	304	156	708	717	1160	881	682	958	653	643	446	447
425.00000157626823	0	0	12	0	1559	2821	2841	11702	10994	10649	12772	7571	4799	4006	3554	1082	1027	1777	2735	2348	1387	3277	0	2512	41	3097	2774	3186	3030	3419	3167	3332	3045	2968	2890	2878	2889	2560	2976	2612	2563	2517	2416	2196	2944	2957	600	353	1511	1498	1186	440	658	1034	794	682	489	539	258	253	230	280	126	157	564	346	178	173	214	279	439	332	623	526	355	656	505	486	639	663	702	675	1009	794	778	763	760	826	719	765	631	630	636	615	654	1266	1554	304	163	731	739	1202	913	683	989	650	660	485	464
430.00000081162284	2	0	18	0	1553	2817	2894	11724	11015	10675	12798	7586	4850	4035	3571	1095	1037	1797	2774	2361	1444	3313	0	2551	38	3142	2818	3234	3069	3464	3211	3416	3099	3023	2953	2921	2948	2607	3034	2672	2610	2572	2473	2253	3041	3075	619	370	1565	1543	1264	500	698	1107	848	717	524	570	257	247	227	268	124	147	582	350	189	180	226	269	451	350	660	574	359	654	498	484	635	657	698	673	1034	805	798	780	779	873	768	833	662	645	630	600	630	1277	1589	307	162	740	747	1239	929	671	989	624	677	551	537
435.00000062296596	2	0	11	0	1566	2870	2929	11747	11038	10693	12823	7595	4888	4064	3596	1107	1054	1815	2818	2387	1481	3351	0	2583	48	3180	2875	3290	3117	3523	3263	3501	3158	3074	3023	2980	3016	2668	3110	2723	2667	2619	2528	2306	3136	3206	631	381	1612	1602	1350	546	751	1183	893	777	571	617	263	244	220	265	126	145	594	353	206	185	237	292	464	356	662	589	407	696	514	474	622	648	707	677	1037	807	811	802	800	878	765	833	688	688	676	637	604	1301	1620	312	159	741	754	1289	930	703	1035	647	696	629	613
440.0000076742275	1	0	11	0	1574	2894	2994	11770	11059	10708	12851	7606	4928	4093	3621	1119	1072	1845	2846	2412	1531	3392	0	2615	39	3219	2928	3352	3166	3590	3308	3587	3220	3129	3071	3043	3093	2727	3166	2783	2717	2661	2566	2371	3237	3335	650	390	1669	1663	1431	599	809	1246	931	827	617	657	260	251	222	258	123	139	589	356	218	188	238	304	480	376	697	594	408	720	549	474	609	631	695	661	1049	806	794	796	775	866	737	812	664	673	668	662	584	1326	1648	316	153	742	753	1334	926	698	1066	682	736	688	685
445.00000182100854	1	0	16	0	1574	2932	3035	11786	11077	10723	12870	7620	4972	4125	3636	1128	1092	1867	2877	2437	1584	3430	0	2639	44	3261	2973	3391	3219	3641	3356	3661	3277	3195	3138	3110	3142	2774	3237	2849	2764	2703	2607	2439	3338	3453	670	408	1736	1715	1522	665	866	1318	978	881	665	700	250	248	220	265	121	134	588	364	218	196	244	307	482	375	699	616	415	719	551	488	615	633	707	646	1061	806	791	794	760	858	725	794	644	646	646	631	596	1319	1689	327	153	745	745	1368	925	691	1072	682	732	718	733
450.0000053798035	3	0	11	0	1590	2928	3076	11805	11098	10743	12890	7632	5018	4163	3659	1136	1108	1881	2914	2463	1608	3464	0	2668	47	3300	3006	3438	3265	3700	3411	3762	3337	3250	3189	3164	3209	2824	3297	2877	2808	2749	2649	2499	3438	3590	695	413	1799	1768	1620	718	926	1402	1025	929	706	746	244	241	211	257	121	129	600	363	227	194	236	300	477	368	699	609	419	734	542	474	599	620	699	652	1050	791	789	793	785	909	771	820	648	639	640	616	596	1389	1705	330	154	745	744	1396	1000	691	1076	660	727	738	749
455.00000432683277	1	0	12	0	1593	2922	3149	11821	11115	10762	12906	7643	5061	4194	3685	1144	1125	1902	2951	2494	1647	3511	0	2697	31	3343	3041	3477	3310	3748	3457	3839	3408	3308	3243	3216	3286	2877	3349	2931	2859	2794	2703	2562	3532	3726	725	421	1848	1821	1699	792	984	1480	1065	988	757	801	242	233	206	251	123	121	611	365	217	200	242	293	488	373	719	608	407	749	566	461	582	605	674	643	1043	774	771	768	763	946	816	884	704	675	668	624	575	1428	1773	332	157	752	744	1425	1086	678	1088	642	725	742	767
460.0000069661067	0	0	11	0	1599	2957	3169	11839	11132	10772	12924	7656	5116	4226	3705	1158	1142	1920	2982	2523	1688	3552	0	2725	48	3386	3086	3521	3345	3789	3505	3905	3464	3373	3304	3267	3358	2942	3404	2985	2911	2841	2761	2616	3639	3845	745	430	1912	1880	1774	848	1036	1549	1111	1046	812	850	238	233	198	240	119	122	604	369	209	191	240	300	497	378	738	627	396	748	550	452	572	594	656	626	1050	782	777	754	749	936	796	865	702	715	722	673	563	1424	1845	349	152	746	748	1464	1138	753	1181	698	724	729	769
465.0000036470241	0	0	10	0	1602	2909	3200	11856	11154	10783	12938	7666	5167	4246	3724	1174	1157	1938	3024	2545	1729	3586	0	2749	54	3421	3128	3572	3395	3835	3544	3991	3517	3427	3357	3318	3425	2989	3467	3037	2959	2886	2806	2669	3726	3960	772	440	1962	1930	1857	917	1099	1634	1161	1104	864	901	234	233	199	237	117	125	606	363	209	181	235	293	492	373	751	638	421	759	545	440	552	579	638	612	1046	772	777	760	765	934	779	848	679	693	704	682	603	1424	1852	357	144	755	756	1493	1163	802	1271	764	799	722	745
470.0000017868887	0	0	18	0	1590	2860	3254	11869	11167	10797	12956	7680	5206	4275	3753	1186	1173	1963	3063	2568	1793	3640	0	2778	54	3453	3161	3620	3443	3886	3589	4071	3582	3492	3403	3356	3486	3049	3519	3081	2999	2930	2846	2724	3836	4084	791	453	2019	1986	1938	999	1153	1709	1223	1159	911	953	229	219	194	235	118	120	615	360	192	170	232	288	484	364	752	634	426	791	556	492	596	617	649	595	1045	758	760	749	751	949	791	854	663	663	695	664	689	1451	1858	358	157	764	768	1531	1170	847	1333	815	867	737	747
475.0000017140351	0	0	16	0	1588	2840	3289	11897	11185	10807	12964	7694	5248	4298	3779	1198	1189	1983	3087	2597	1861	3683	0	2804	59	3506	3203	3663	3483	3931	3635	4150	3630	3544	3457	3403	3544	3096	3601	3126	3051	2972	2882	2772	3950	4208	812	466	2063	2038	2023	1072	1198	1809	1267	1212	952	995	227	215	193	234	122	113	616	362	179	168	227	277	479	358	753	631	425	801	570	510	605	642	697	650	1031	746	739	720	736	940	776	847	676	684	696	636	685	1514	1888	362	164	778	773	1569	1190	849	1375	828	891	765	773
480.00000344960927	0	0	14	0	1595	2819	3352	11912	11198	10823	12988	7702	5291	4332	3800	1221	1207	2001	3116	2622	1899	3727	0	2831	41	3546	3243	3717	3524	3964	3677	4237	3680	3601	3504	3454	3623	3146	3651	3175	3097	3021	2927	2825	4035	4349	835	477	2103	2100	2109	1146	1248	1905	1323	1270	1001	1047	219	211	186	226	123	102	611	362	173	184	242	279	478	354	754	625	422	803	563	540	642	674	705	663	1021	730	724	704	708	925	765	858	678	676	676	641	659	1553	1955	370	160	778	786	1604	1183	833	1377	808	859	759	784
485.00000177044967	0	0	10	0	1593	2826	3382	11927	11208	10836	13000	7710	5331	4362	3819	1233	1218	2023	3145	2647	1958	3773	0	2863	58	3584	3277	3757	3568	4016	3719	4309	3737	3649	3546	3498	3689	3191	3693	3218	3149	3058	2966	2885	4144	4471	861	493	2158	2146	2210	1233	1301	1990	1368	1325	1055	1082	214	201	187	219	117	94	609	360	171	173	241	289	500	357	757	617	403	800	552	528	637	669	719	698	1063	753	720	698	697	907	747	848	656	667	681	643	677	1588	2013	382	159	779	777	1639	1177	822	1404	820	857	797	799
490.00000006904617	0	0	13	0	1587	2838	3449	11944	11221	10846	13012	7725	5368	4389	3834	1250	1228	2045	3182	2667	2012	3813	0	2890	55	3629	3315	3798	3603	4067	3769	4402	3781	3693	3583	3539	3749	3248	3750	3269	3194	3102	3015	2942	4246	4592	885	508	2222	2197	2344	1319	1349	2074	1414	1398	1115	1125	208	200	181	217	113	93	604	346	169	175	235	281	506	365	774	611	392	791	543	520	621	653	703	683	1089	787	771	748	742	901	730	830	634	632	655	631	673	1602	2058	388	165	792	787	1678	1222	813	1411	813	875	808	843
495.000003878471	1	0	11	0	1584	2770	3529	11960	11233	10861	13030	7733	5403	4422	3852	1260	1235	2059	3204	2693	2053	3858	0	2927	39	3658	3355	3838	3640	4108	3813	4484	3838	3755	3641	3583	3809	3313	3815	3325	3238	3147	3047	2983	4349	4731	905	523	2277	2261	2439	1406	1401	2153	1462	1442	1173	1178	204	193	181	217	110	91	606	344	173	192	262	306	512	374	788	629	382	790	528	531	626	647	688	670	1127	799	782	766	764	888	714	815	615	615	640	605	647	1628	2086	399	170	797	794	1707	1278	810	1420	800	863	782	825
500.00000255856725	0	0	7	0	1597	2711	3556	11975	11250	10873	13047	7746	5443	4446	3870	1269	1247	2084	3239	2719	2099	3892	0	2955	57	3703	3385	3877	3691	4151	3860	4564	3895	3797	3698	3633	3883	3367	3871	3373	3287	3199	3079	3025	4452	4852	931	533	2329	2315	2532	1494	1455	2247	1512	1500	1217	1238	215	193	175	209	101	94	614	339	176	190	255	300	506	366	788	631	402	787	519	544	629	651	703	684	1138	816	815	795	798	915	738	810	596	592	619	589	640	1635	2124	405	172	801	794	1739	1309	843	1470	823	847	751	798
505.0000003846727	1	0	12	0	1603	2648	3609	11993	11262	10881	13061	7758	5495	4470	3891	1284	1262	2098	3263	2742	2136	3920	0	2983	60	3733	3422	3924	3737	4187	3904	4638	3958	3854	3743	3685	3936	3413	3917	3407	3327	3245	3120	3075	4565	4976	957	536	2378	2365	2636	1569	1523	2337	1559	1553	1272	1294	213	196	179	208	101	95	608	340	187	194	261	308	523	385	820	632	393	795	510	544	630	670	718	689	1121	808	806	783	807	999	825	914	663	626	613	579	614	1628	2148	417	171	807	796	1777	1327	896	1544	846	843	747	778
510.00000303581925	1	0	3	0	1628	2598	3643	12010	11279	10890	13067	7770	5534	4488	3903	1292	1284	2115	3295	2769	2156	3953	0	3004	70	3767	3466	3972	3782	4232	3946	4711	4016	3905	3788	3736	4000	3464	3984	3431	3357	3289	3155	3120	4668	5124	978	551	2428	2417	2737	1662	1579	2429	1621	1604	1308	1345	215	194	181	212	99	90	608	332	190	190	256	301	538	400	840	659	394	812	535	540	618	659	711	702	1133	799	793	766	788	989	824	935	713	711	707	642	590	1623	2150	419	170	814	796	1810	1339	895	1589	894	923	781	801
515.0000009749122	2	0	9	0	1624	2581	3689	12025	11296	10902	13081	7775	5572	4507	3930	1302	1305	2132	3326	2796	2211	4008	0	3034	71	3792	3496	4014	3817	4262	3997	4796	4071	3949	3828	3798	4059	3518	4037	3475	3396	3330	3190	3164	4779	5255	1012	563	2469	2466	2837	1746	1639	2521	1681	1660	1364	1388	210	194	175	203	96	91	606	330	201	187	249	290	534	394	856	659	425	834	520	534	604	640	691	685	1136	802	795	780	790	976	806	921	699	694	720	696	600	1636	2151	419	172	821	804	1849	1361	879	1611	881	917	767	807
520.0000045880287	1	0	7	0	1630	2483	3760	12037	11306	10906	13097	7784	5617	4520	3953	1312	1318	2149	3357	2818	2260	4050	0	3062	54	3828	3529	4054	3863	4313	4050	4887	4126	3998	3880	3846	4129	3565	4102	3523	3442	3369	3221	3214	4888	5400	1043	571	2513	2511	2945	1835	1695	2607	1734	1713	1425	1441	200	193	170	205	87	88	607	333	189	185	257	281	525	386	861	670	417	863	562	520	603	637	683	676	1144	815	791	783	786	965	787	904	668	674	695	678	624	1662	2172	419	172	831	802	1887	1361	896	1632	862	893	764	792
525.0000009480685	0	0	11	0	1623	2454	3816	12052	11320	10922	13111	7791	5651	4543	3971	1320	1333	2170	3394	2841	2307	4093	0	3087	55	3863	3559	4097	3908	4353	4089	4959	4167	4046	3942	3899	4196	3613	4160	3562	3491	3410	3266	3263	4997	5536	1072	586	2563	2560	3036	1902	1740	2703	1790	1770	1467	1483	191	182	163	203	82	90	613	328	181	181	257	295	535	391	864	659	430	864	552	517	595	622	674	657	1135	803	784	788	785	950	772	884	635	655	668	656	637	1670	2204	423	159	836	809	1924	1379	887	1644	862	897	782	824
530.000001727844	1	0	8	0	1624	2451	3861	12059	11329	10931	13135	7801	5684	4572	3995	1332	1350	2181	3438	2871	2360	4133	0	3117	67	3881	3596	4139	3937	4398	4136	5022	4226	4094	3977	3947	4250	3661	4210	3606	3535	3458	3310	3308	5093	5672	1100	600	2600	2603	3149	2001	1792	2806	1853	1831	1545	1542	185	169	163	204	78	84	618	321	175	177	250	291	532	377	864	648	421	879	561	527	613	620	656	647	1133	790	772	771	774	978	798	900	644	642	646	635	684	1701	2232	431	153	836	824	1958	1417	866	1636	830	863	795	833
535.0000016138913	0	0	13	0	1627	2399	3923	12072	11341	10942	13146	7815	5729	4596	4008	1338	1361	2197	3469	2898	2417	4171	0	3138	55	3910	3623	4180	3983	4438	4177	5106	4278	4140	4024	4001	4303	3709	4272	3650	3587	3499	3340	3351	5198	5807	1132	610	2650	2647	3258	2079	1851	2903	1901	1886	1609	1598	180	165	155	192	72	86	609	330	174	189	268	304	530	371	867	644	411	867	548	523	600	602	633	626	1128	781	759	766	776	978	795	916	673	662	660	644	683	1696	2265	434	154	831	822	1996	1425	871	1665	821	844	801	829
540.0000026813268	2	0	9	0	1638	2363	3964	12086	11356	10954	13157	7819	5775	4616	4022	1350	1379	2221	3514	2924	2454	4200	0	3160	77	3940	3661	4219	4025	4480	4214	5181	4324	4186	4074	4040	4362	3745	4340	3685	3627	3531	3382	3388	5295	5933	1161	619	2701	2691	3374	2161	1921	3014	1947	1952	1672	1650	178	172	150	187	84	92	602	305	169	186	265	302	544	387	890	656	406	862	544	511	588	586	619	608	1115	762	756	753	763	966	778	895	648	659	674	669	661	1729	2274	436	150	834	837	2029	1424	873	1690	823	851	773	809
545.0000058534548	1	0	7	0	1642	2315	4015	12096	11363	10963	13165	7824	5802	4640	4041	1358	1392	2236	3547	2950	2517	4247	0	3192	89	3966	3701	4252	4061	4515	4252	5255	4373	4245	4110	4071	4427	3796	4399	3726	3668	3571	3413	3432	5392	6072	1189	631	2766	2733	3485	2240	1983	3124	2000	2005	1719	1706	181	174	156	181	88	87	596	296	174	178	261	301	538	384	892	660	418	866	537	523	589	604	635	603	1103	754	735	735	751	962	759	882	633	630	657	658	638	1742	2312	437	144	846	831	2059	1453	886	1735	856	886	780	809
550.0000008023593	0	0	10	0	1641	2283	4062	12110	11371	10973	13179	7831	5846	4660	4055	1364	1403	2256	3566	2980	2572	4287	0	3214	78	3999	3745	4295	4098	4554	4294	5320	4423	4294	4170	4118	4476	3855	4468	3754	3710	3619	3461	3471	5489	6211	1217	648	2814	2790	3605	2331	2045	3227	2042	2055	1780	1752	176	174	161	190	86	87	588	289	169	173	256	292	539	397	921	662	408	880	556	508	572	597	647	628	1085	733	712	710	734	955	763	880	639	618	646	631	613	1733	2340	447	136	833	839	2098	1457	878	1761	869	922	823	817
555.0000101282988	1	0	9	0	1642	2287	4091	12114	11383	10982	13188	7842	5902	4680	4074	1381	1417	2270	3613	3000	2622	4325	0	3246	93	4028	3777	4332	4134	4588	4337	5389	4472	4336	4225	4165	4535	3901	4542	3797	3748	3646	3504	3504	5601	6345	1244	657	2872	2840	3740	2428	2111	3352	2094	2118	1836	1804	168	174	160	194	85	87	598	281	167	168	254	282	530	387	928	700	409	874	547	523	600	601	643	609	1087	722	695	688	708	941	752	860	629	618	642	639	583	1726	2343	449	130	843	835	2135	1486	881	1802	884	930	861	866
560.0000022667285	1	0	10	0	1639	2291	4155	12122	11398	10991	13205	7850	5944	4693	4094	1390	1432	2293	3643	3029	2677	4363	0	3268	82	4066	3813	4383	4163	4623	4368	5462	4514	4385	4273	4214	4595	3947	4600	3835	3785	3686	3549	3545	5700	6478	1269	673	2925	2892	3850	2519	2179	3466	2150	2168	1907	1867	166	170	158	189	81	86	604	280	155	157	249	275	525	367	929	693	425	873	542	529	594	609	661	635	1114	751	708	699	705	920	736	823	595	602	619	619	559	1717	2343	449	136	851	832	2171	1476	884	1825	872	925	892	909
565.0000012798547	1	0	11	0	1638	2242	4219	12131	11407	11000	13218	7857	5972	4707	4104	1400	1455	2315	3668	3049	2735	4412	0	3292	73	4094	3841	4412	4198	4663	4410	5551	4548	4437	4308	4248	4657	3999	4666	3867	3823	3727	3579	3587	5797	6606	1289	682	2971	2936	3957	2595	2227	3573	2207	2226	1959	1916	164	179	153	176	75	90	597	291	142	149	242	272	520	356	930	689	415	876	526	524	581	595	651	632	1115	754	725	725	733	923	728	803	565	586	602	592	559	1706	2350	449	132	848	839	2202	1474	885	1856	889	921	908	923
570.0000012432254	1	0	13	0	1635	2194	4276	12142	11417	11008	13226	7867	6009	4723	4118	1408	1468	2343	3701	3071	2785	4451	0	3316	65	4121	3873	4464	4227	4710	4451	5618	4591	4479	4342	4286	4707	4041	4712	3907	3865	3771	3614	3629	5904	6739	1309	699	3030	2993	4073	2675	2291	3677	2269	2289	2010	1977	160	182	153	171	70	89	589	288	134	150	245	280	515	349	931	682	407	907	537	568	630	628	639	615	1132	750	720	715	724	956	752	831	566	576	585	559	543	1706	2351	451	126	845	837	2238	1555	856	1863	879	914	945	947
575.0000049635673	0	0	5	0	1645	2214	4291	12155	11429	11020	13234	7872	6055	4741	4129	1418	1478	2357	3737	3089	2834	4488	0	3336	92	4155	3914	4505	4265	4748	4481	5692	4637	4522	4382	4332	4762	4096	4769	3945	3896	3815	3655	3679	6028	6872	1335	713	3082	3042	4210	2771	2350	3785	2318	2350	2061	2020	158	182	157	166	68	92	589	281	125	143	236	271	523	359	950	679	400	903	533	585	647	643	646	613	1134	758	730	730	743	948	745	844	589	604	603	561	571	1744	2355	451	123	845	844	2273	1570	886	1893	858	888	938	985
580.0000016080522	1	0	12	0	1637	2190	4332	12167	11442	11026	13246	7874	6099	4756	4143	1431	1490	2370	3779	3111	2894	4519	0	3355	96	4178	3952	4546	4294	4782	4524	5777	4680	4565	4432	4380	4819	4148	4815	3969	3930	3844	3691	3713	6141	7052	1358	727	3138	3086	4327	2868	2407	3899	2372	2406	2122	2083	153	177	157	172	72	92	593	281	126	157	248	269	514	354	950	687	397	899	529	579	643	666	690	650	1121	731	723	728	743	930	726	829	572	604	604	597	588	1809	2397	454	114	851	838	2306	1561	944	1979	931	912	932	969
585.0000014246225	1	0	7	0	1639	2161	4393	12171	11452	11035	13255	7879	6134	4779	4164	1445	1503	2387	3811	3133	2938	4569	0	3377	86	4217	3981	4584	4323	4823	4557	5844	4725	4600	4471	4420	4877	4195	4880	4001	3971	3893	3718	3760	6276	7201	1397	738	3185	3133	4438	2949	2459	4024	2440	2450	2172	2133	156	175	154	171	76	88	590	275	137	167	268	298	531	361	954	681	402	916	527	566	624	645	684	669	1123	717	708	708	728	914	711	810	552	582	587	580	588	1842	2465	464	112	860	838	2338	1601	930	1997	941	964	924	968
590.0000025067465	0	0	14	0	1644	2149	4426	12180	11463	11050	13270	7882	6167	4791	4188	1456	1519	2402	3847	3154	2987	4611	0	3392	95	4242	4029	4624	4360	4863	4601	5895	4760	4657	4509	4461	4927	4244	4941	4032	4005	3927	3755	3796	6378	7316	1418	752	3243	3189	4560	3032	2523	4151	2489	2488	2226	2197	151	173	149	164	75	84	593	282	149	169	263	297	539	363	957	677	388	915	521	559	607	635	672	649	1154	729	715	715	727	900	689	798	536	567	572	556	581	1838	2510	477	109	863	832	2371	1627	916	1996	912	940	899	944
595.0000027655026	1	0	9	0	1652	2067	4483	12191	11480	11056	13280	7887	6195	4805	4203	1471	1533	2419	3876	3178	3038	4646	0	3434	100	4270	4067	4656	4400	4897	4631	5965	4796	4700	4549	4502	4987	4291	4978	4067	4026	3954	3796	3840	6483	7485	1445	760	3294	3229	4681	3111	2579	4275	2538	2542	2290	2255	151	168	147	164	71	85	602	275	157	174	261	290	532	379	999	665	386	914	507	572	616	636	669	630	1177	769	749	746	762	951	739	829	539	550	553	547	585	1829	2531	492	113	863	833	2404	1641	939	2053	933	925	873	903
600.0000035434203	2	0	5	0	1655	2004	4515	12202	11493	11064	13291	7895	6229	4828	4220	1488	1547	2445	3915	3202	3108	4691	0	3456	112	4301	4100	4686	4444	4938	4672	6026	4841	4749	4586	4551	5038	4328	5026	4097	4068	3991	3826	3885	6591	7624	1476	774	3354	3277	4824	3198	2634	4407	2585	2591	2343	2302	150	165	151	157	71	85	598	270	159	165	254	280	527	371	1000	704	385	908	505	588	646	674	699	654	1166	766	749	749	782	999	789	879	599	594	579	549	572	1835	2540	493	119	873	846	2436	1642	947	2082	945	960	883	892
