>time	Ribosome	coli Pol	coli Pol-P	coli Pol-2.0	coli Pol-P-2.0	gp1	gp1-3.5	gp0.3	gp0.4	gp0.5	gp0.6A	gp0.7	gp1.1	gp1.2	gp1.3	gp1.4	gp1.5	gp1.6	gp1.7	gp1.8	gp2.0	gp2.5	gp2.8	gp3.0	gp3.5	gp3.8	gp4A	gp4.2	gp4.3	gp4.5	gp4.7	gp5.0	gp5.3	gp5.5	gp5.7	gp5.9	gp6.0	gp6.3	gp6.5	gp6.7	gp7	gp7.3	gp7.7	gp8	gp9	gp10A	gp11	gp12	gp13	gp14	gp15	gp16	gp17	gp17.5	gp18	gp18.5	gp19	gp19.5
5.929417658688651E-4	0	0	0	0	0	0	0	0	0	0	0	0	0	0	0	0	0	0	0	0	0	0	0	0	0	0	0	0	0	0	0	0	0	0	0	0	0	0	0	0	0	0	0	0	0	0	0	0	0	0	0	0	0	0	0	0	0	0
5.00104005109111	0	0	0	0	0	0	0	0	0	0	0	0	0	0	0	0	0	0	0	0	0	0	0	0	0	0	0	0	0	0	0	0	0	0	0	0	0	0	0	0	0	0	0	0	0	0	0	0	0	0	0	0	0	0	0	0	0	0
10.000774469441538	0	0	0	0	0	0	0	0	0	0	0	0	0	0	0	0	0	0	0	0	0	0	0	0	0	0	0	0	0	0	0	0	0	0	0	0	0	0	0	0	0	0	0	0	0	0	0	0	0	0	0	0	0	0	0	0	0	0
15.006908907234015	0	0	0	0	0	0	0	0	0	0	0	0	0	0	0	0	0	0	0	0	0	0	0	0	0	0	0	0	0	0	0	0	0	0	0	0	0	0	0	0	0	0	0	0	0	0	0	0	0	0	0	0	0	0	0	0	0	0
20.000393269936097	0	0	0	0	0	0	0	0	0	0	0	0	0	0	0	0	0	0	0	0	0	0	0	0	0	0	0	0	0	0	0	0	0	0	0	0	0	0	0	0	0	0	0	0	0	0	0	0	0	0	0	0	0	0	0	0	0	0
25.00009605581291	0	0	0	0	0	0	0	234	0	0	0	0	0	0	0	0	0	0	0	0	0	0	0	0	0	0	0	0	0	0	0	0	0	0	0	0	0	0	0	0	0	0	0	0	0	0	0	0	0	0	0	0	0	0	0	0	0	0
30.0002655135666	0	0	0	0	0	0	0	1755	312	0	0	0	0	0	0	0	0	0	0	0	0	0	0	0	0	0	0	0	0	0	0	0	0	0	0	0	0	0	0	0	0	0	0	0	0	0	0	0	0	0	0	0	0	0	0	0	0	0
35.00000720703708	0	0	0	0	0	0	0	5616	1040	560	53	0	0	0	0	0	0	0	0	0	0	0	0	0	0	0	0	0	0	0	0	0	0	0	0	0	0	0	0	0	0	0	0	0	0	0	0	0	0	0	0	0	0	0	0	0	0	0
40.00007275063438	0	0	0	0	0	0	0	10881	2860	1624	477	0	0	0	0	0	0	0	0	0	0	0	0	0	0	0	0	0	0	0	0	0	0	0	0	0	0	0	0	0	0	0	0	0	0	0	0	0	0	0	0	0	0	0	0	0	0	0
45.00010910768797	0	0	0	0	0	0	0	16965	5980	3976	1961	0	0	0	0	0	0	0	0	0	0	0	0	0	0	0	0	0	0	0	0	0	0	0	0	0	0	0	0	0	0	0	0	0	0	0	0	0	0	0	0	0	0	0	0	0	0	0
50.00004340607127	0	0	0	0	0	0	0	26325	9672	7280	4081	0	0	0	0	0	0	0	0	0	0	0	0	0	0	0	0	0	0	0	0	0	0	0	0	0	0	0	0	0	0	0	0	0	0	0	0	0	0	0	0	0	0	0	0	0	0	0
55.000095585615	0	0	0	0	0	0	0	36855	13624	11704	7420	0	0	0	0	0	0	0	0	0	0	0	0	0	0	0	0	0	0	0	0	0	0	0	0	0	0	0	0	0	0	0	0	0	0	0	0	0	0	0	0	0	0	0	0	0	0	0
60.00021968220667	0	0	0	0	0	0	0	50076	18356	15232	10653	0	0	0	0	0	0	0	0	0	0	0	0	0	0	0	0	0	0	0	0	0	0	0	0	0	0	0	0	0	0	0	0	0	0	0	0	0	0	0	0	0	0	0	0	0	0	0
65.00004816544899	0	0	0	0	0	0	0	65403	24648	20832	14204	0	0	0	0	0	0	0	0	0	0	0	0	0	0	0	0	0	0	0	0	0	0	0	0	0	0	0	0	0	0	0	0	0	0	0	0	0	0	0	0	0	0	0	0	0	0	0
70.00013661329588	0	0	0	0	0	0	0	80145	30212	27328	19398	5026	0	0	0	0	0	0	0	0	0	0	0	0	0	0	0	0	0	0	0	0	0	0	0	0	0	0	0	0	0	0	0	0	0	0	0	0	0	0	0	0	0	0	0	0	0	0
75.00006598055909	0	0	0	0	0	0	0	97929	36816	34104	25281	15437	0	0	0	0	0	0	0	0	0	0	0	0	0	0	0	0	0	0	0	0	0	0	0	0	0	0	0	0	0	0	0	0	0	0	0	0	0	0	0	0	0	0	0	0	0	0
80.00013322696869	0	0	0	0	0	0	0	118053	44720	42728	32118	29079	0	0	0	0	0	0	0	0	0	0	0	0	0	0	0	0	0	0	0	0	0	0	0	0	0	0	0	0	0	0	0	0	0	0	0	0	0	0	0	0	0	0	0	0	0	0
85.00001071425137	0	0	0	0	0	0	0	139113	53248	51464	39856	52414	0	0	0	0	0	0	0	0	0	0	0	0	0	0	0	0	0	0	0	0	0	0	0	0	0	0	0	0	0	0	0	0	0	0	0	0	0	0	0	0	0	0	0	0	0	0
90.00010912539655	0	0	0	0	0	0	0	161109	62608	61096	47117	80057	0	0	0	0	0	0	0	0	0	0	0	0	0	0	0	0	0	0	0	0	0	0	0	0	0	0	0	0	0	0	0	0	0	0	0	0	0	0	0	0	0	0	0	0	0	0
95.00003441952143	0	0	0	0	0	0	0	185211	72592	71008	56233	113803	0	0	0	0	0	0	0	0	0	0	0	0	0	0	0	0	0	0	0	0	0	0	0	0	0	0	0	0	0	0	0	0	0	0	0	0	0	0	0	0	0	0	0	0	0	0
100.00002256930509	0	0	0	0	0	0	0	211068	83512	82656	66674	149703	0	0	0	0	0	0	0	0	0	0	0	0	0	0	0	0	0	0	0	0	0	0	0	0	0	0	0	0	0	0	0	0	0	0	0	0	0	0	0	0	0	0	0	0	0	0
105.00008019830072	0	0	0	0	0	0	0	238446	94432	93688	77062	187757	0	0	0	0	0	0	0	0	0	0	0	0	0	0	0	0	0	0	0	0	0	0	0	0	0	0	0	0	0	0	0	0	0	0	0	0	0	0	0	0	0	0	0	0	0	0
110.0000036515895	0	0	0	0	0	0	0	264420	107068	106680	88828	238376	0	0	0	0	0	0	0	0	0	0	0	0	0	0	0	0	0	0	0	0	0	0	0	0	0	0	0	0	0	0	0	0	0	0	0	0	0	0	0	0	0	0	0	0	0	0
115.00015829576502	0	0	0	0	0	0	0	295191	118352	121184	100806	289713	0	0	0	0	0	0	0	0	0	0	0	0	0	0	0	0	0	0	0	0	0	0	0	0	0	0	0	0	0	0	0	0	0	0	0	0	0	0	0	0	0	0	0	0	0	0
120.000205328329	0	0	0	0	0	0	0	327249	130988	134960	114374	347153	0	0	0	0	0	0	0	0	0	0	0	0	0	0	0	0	0	0	0	0	0	0	0	0	0	0	0	0	0	0	0	0	0	0	0	0	0	0	0	0	0	0	0	0	0	0
125.00015974756921	0	0	0	0	0	0	0	361881	146328	149296	126617	409619	0	0	0	0	0	0	0	0	0	0	0	0	0	0	0	0	0	0	0	0	0	0	0	0	0	0	0	0	0	0	0	0	0	0	0	0	0	0	0	0	0	0	0	0	0	0
130.00007763755144	0	0	0	0	0	7064	0	394641	160628	163912	139390	484650	0	0	0	0	0	0	0	0	0	0	0	0	0	0	0	0	0	0	0	0	0	0	0	0	0	0	0	0	0	0	0	0	0	0	0	0	0	0	0	0	0	0	0	0	0	0
135.0000246487623	0	0	0	0	0	30905	0	431262	174876	179648	155449	556809	126	0	0	0	0	0	0	0	0	0	0	0	0	0	0	0	0	0	0	0	0	0	0	0	0	0	0	0	0	0	0	0	0	0	0	0	0	0	0	0	0	0	0	0	0	0
140.00003469770363	0	0	0	0	0	55629	0	465543	191152	195272	170236	630763	798	258	0	0	0	0	0	0	0	0	0	0	0	0	0	0	0	0	0	0	0	0	0	0	0	0	0	0	0	0	0	0	0	0	0	0	0	0	0	0	0	0	0	0	0	0
145.00002269666	0	0	0	0	0	110375	0	506259	206908	213808	186401	711538	2394	1290	0	0	0	0	0	0	0	0	0	0	0	0	0	0	0	0	0	0	0	0	0	0	0	0	0	0	0	0	0	0	0	0	0	0	0	0	0	0	0	0	0	0	0	0
150.00001904915894	0	0	0	0	0	179249	0	543816	223652	231672	203732	796262	4578	4214	0	0	0	0	0	0	0	0	0	0	0	0	0	0	0	0	0	0	0	0	0	0	0	0	0	0	0	0	0	0	0	0	0	0	0	0	0	0	0	0	0	0	0	0
155.00017048914955	0	0	0	0	0	247240	0	585702	240396	249760	220798	882781	7308	8428	0	0	0	0	0	0	0	0	0	0	0	0	0	0	0	0	0	0	0	0	0	0	0	0	0	0	0	0	0	0	0	0	0	0	0	0	0	0	0	0	0	0	0	0
160.00003470269746	0	0	0	0	0	340838	0	620919	258128	270032	238977	976480	11760	14104	0	0	0	0	0	0	0	0	0	0	0	0	0	0	0	0	0	0	0	0	0	0	0	0	0	0	0	0	0	0	0	0	0	0	0	0	0	0	0	0	0	0	0	0
165.00005496420118	0	0	0	0	0	448564	0	661635	276068	288568	256944	1087411	17346	22274	718	0	0	0	0	0	0	0	0	0	0	0	0	0	0	0	0	0	0	0	0	0	0	0	0	0	0	0	0	0	0	0	0	0	0	0	0	0	0	0	0	0	0	0
170.0000022855561	0	0	0	0	0	550109	0	702117	294892	307608	275865	1182546	23184	31218	6103	102	58	0	0	0	0	0	0	0	0	0	0	0	0	0	0	0	0	0	0	0	0	0	0	0	0	0	0	0	0	0	0	0	0	0	0	0	0	0	0	0	0	0
175.00002162225385	0	0	0	0	0	681676	0	747981	314548	328440	295104	1304606	29820	43774	16873	459	319	172	0	192	66	0	0	0	0	0	0	0	0	0	0	0	0	0	0	0	0	0	0	0	0	0	0	0	0	0	0	0	0	0	0	0	0	0	0	0	0	0
180.00000035021702	0	0	0	0	0	829137	0	793260	334412	348992	315297	1407998	36876	56760	36259	1173	841	1118	0	672	528	0	0	0	0	0	0	0	0	0	0	0	0	0	0	0	0	0	0	0	0	0	0	0	0	0	0	0	0	0	0	0	0	0	0	0	0	0
185.00002532582084	0	0	0	0	0	1009269	0	843102	353964	370160	335755	1537238	45024	71982	61030	2091	1218	2666	1576	1584	2310	0	0	149	0	0	0	0	0	0	0	0	0	0	0	0	0	0	0	0	0	0	0	0	0	0	0	0	0	0	0	0	0	0	0	0	0	0
190.00000716320827	0	0	0	0	0	1182337	0	892008	375336	391832	356955	1663606	55272	88580	95135	3672	1914	5074	6107	3648	4158	1624	0	2086	760	121	0	0	0	0	0	0	0	0	0	0	0	0	0	0	0	0	0	0	0	0	0	0	0	0	0	0	0	0	0	0	0	0
195.0000051500728	0	0	0	0	0	1369533	0	941733	393432	410368	374392	1787102	64176	105264	143959	5049	2639	9030	12608	5760	6534	6960	0	5811	2432	1573	0	0	70	0	0	0	0	0	0	0	0	0	0	0	0	0	0	0	0	0	0	0	0	0	0	0	0	0	0	0	0	0
200.00001411530383	0	0	0	0	0	1569091	0	985842	409864	426832	389709	1912752	72408	122292	196373	6477	3393	13158	22852	8400	9966	14616	0	11473	7296	5687	0	560	910	623	0	0	0	0	0	0	0	0	0	0	0	0	0	0	0	0	0	0	0	0	0	0	0	0	0	0	0	0
205.0000074029707	0	0	0	0	0	1766000	0	1023048	424996	441448	405450	2038761	79968	135880	251300	8364	4234	17544	36051	11616	14124	23896	0	17880	13224	11495	0	3024	2240	2136	540	0	0	0	0	0	0	0	0	0	0	0	0	0	0	0	0	0	0	0	0	0	0	0	0	0	0	0
210.00000180702807	0	0	0	0	0	1991165	0	1059903	438724	455000	419495	2164411	87360	150844	324895	10353	5075	21930	50235	15072	18546	37816	0	27118	19456	16093	0	7280	4410	4717	3375	0	0	0	0	0	0	0	0	0	0	0	0	0	0	0	0	0	0	0	0	0	0	0	0	0	0	0
215.0000010026162	0	0	0	0	0	2203085	0	1090791	451568	468776	432427	2283599	94542	162196	390592	12444	6177	25972	63434	18672	23298	51736	0	34121	26144	24079	0	11536	7070	8722	7695	0	472	102	490	159	0	0	0	0	0	0	0	0	0	0	0	0	0	0	0	0	0	0	0	0	0	0
220.00000015729833	0	0	0	0	0	2446793	0	1121796	462540	480648	443981	2381247	101430	175870	455930	14739	7192	31132	78209	22032	27786	68208	0	44104	33744	31944	0	16688	9590	12460	13635	0	1770	1122	1400	1378	0	222	168	178	0	0	0	0	0	0	0	0	0	0	0	0	0	0	0	0	0	0
225.00000503870052	0	0	0	0	0	2695799	0	1148004	472836	491008	455482	2478177	107646	188942	521268	16932	8091	36206	94954	25440	33594	88624	0	55428	45448	40535	6792	22960	12810	17088	17955	0	5664	3060	3570	2756	0	1036	1008	712	399	303	0	0	0	0	0	0	0	0	0	0	0	0	0	0	0	0
230.00000202656813	0	0	0	0	0	2973944	0	1171521	483080	501704	465075	2562183	113484	199606	578349	18972	9193	40936	110123	28464	39138	109736	0	66752	57912	49731	19244	29792	16450	22072	25515	0	10266	6426	6020	4664	600	2072	2940	2047	1729	707	130	0	0	0	0	0	0	0	0	0	0	0	0	0	0	0
235.00000443234708	0	0	0	0	0	3244142	0	1193517	491296	509824	473767	2648343	119112	212678	642251	21267	10266	45494	123913	32304	44220	132008	0	79566	69920	59774	40752	37072	20510	28658	32265	0	14278	10710	9310	6678	3300	3145	5208	4717	5054	2626	1430	0	0	0	0	0	0	0	0	0	0	0	0	0	0	0
240.00000202763707	0	0	0	0	0	3534649	0	1215162	499460	518000	481505	2716553	124488	222224	697896	22746	11397	50224	139870	36288	50292	153816	0	91337	81016	72479	68486	45696	25550	34710	41850	0	20414	14892	12180	9010	9600	4292	8232	7120	7581	5454	3900	0	0	0	0	0	0	0	0	0	0	0	0	0	0	0
245.00001246604052	0	0	0	0	0	3823390	0	1235052	508196	526120	489667	2780814	129528	231426	744925	24735	12354	54868	157206	40080	55902	173304	0	103257	95304	84458	101880	53872	31220	44411	53325	4928	27848	20400	16310	11501	17400	5661	10332	10769	10241	8484	6630	0	0	0	0	0	0	0	0	0	0	0	0	0	0	0
250.0000029170531	0	0	0	0	0	4069747	0	1252017	515788	533344	495921	2840049	133896	239940	793031	26520	13108	59512	173163	43104	60522	198592	0	114432	109896	95106	137538	64064	36750	52599	65205	23232	34810	27030	20300	15370	32700	7363	14952	14062	15428	11817	10920	0	0	0	0	0	0	0	0	0	0	0	0	0	0	0
255.00000376010516	0	0	0	0	0	4308157	0	1266993	522184	540176	501857	2894617	138138	249744	839701	28203	13688	63726	189317	46176	64878	216224	0	128438	124944	105754	174328	74480	43470	60075	79515	54208	42952	33966	25830	19292	44400	9324	19404	19135	21280	15958	16250	537	2763	0	0	0	0	0	0	0	0	0	0	0	0	0
260.00000404562024	0	0	0	0	0	4528024	0	1281384	528476	545776	508164	2940928	142884	257914	876678	29988	14616	67510	204289	49248	69894	237336	0	139464	138320	115192	221872	82880	49210	69153	90990	85888	54752	42228	32550	23532	57000	11174	25032	25365	26866	21513	22230	2685	7982	345	196	0	0	0	0	0	0	0	0	0	0	0
265.0000003704888	0	0	0	0	0	4703741	0	1293552	534404	551824	513570	2982572	146580	264536	920117	31518	15457	70692	220837	53328	74646	260304	0	151086	148960	124872	275642	90160	54600	75917	104490	128128	66198	50898	39410	28832	76500	13838	32004	32307	35378	27068	28340	8592	15657	6900	1764	0	138	0	0	0	0	0	0	0	0	0
270.0000033068194	0	0	0	0	0	4865330	0	1304784	540072	556752	519294	3020267	151410	272964	958171	33048	16298	74562	234824	56064	79398	275152	0	160473	161272	133947	315828	102032	60130	85084	116775	179520	77880	60282	45430	32860	95400	16761	39984	40050	43757	33128	37570	22017	27323	21390	2940	0	1380	588	0	0	0	0	0	0	0	0
275.0000011566504	0	0	0	0	0	5028685	0	1315899	544804	563136	523905	3055090	155358	279930	994071	34425	16878	78604	246053	58464	83952	294640	0	172989	174800	143748	360542	111216	65030	93539	131220	233024	87556	69258	51380	37100	120300	19277	47544	48861	52801	40097	46670	35442	38682	36570	4116	0	3450	1764	0	0	0	0	0	0	0	0
280.0000026377529	0	0	0	0	0	5154954	0	1326546	548600	567168	528251	3087759	158886	286466	1030330	36159	17748	81700	255903	61008	88176	312968	0	183568	187872	154880	414878	120176	70490	102172	145530	294272	99356	78846	57050	42930	142200	22496	54264	55625	64106	47470	56550	58533	50655	52095	5096	0	5934	4116	0	0	0	0	0	0	0	0
285.00000167584193	0	0	0	0	0	5273276	0	1336491	553020	571200	532279	3117556	162330	293260	1061204	38148	18850	84796	266344	64128	92268	329904	0	192955	200184	165165	467516	130032	75950	109203	157005	354816	110094	88842	64400	47064	165900	25123	62580	63368	76342	56358	68250	78939	59251	66240	7448	0	10350	8820	0	0	0	0	0	0	0	0
290.0000042051759	0	0	0	0	0	5385417	0	1345617	557492	575120	536731	3144840	165648	300054	1092437	39984	19546	88322	278755	66624	96558	350088	0	202789	212040	172304	515626	136864	81270	116679	166590	432256	118826	99450	71190	52417	191400	28083	69468	71289	87381	63933	79170	102030	73373	82800	10192	0	14904	14504	0	0	0	0	0	0	0	0
295.0000081066695	0	0	0	0	0	5484313	0	1354158	561028	579264	540547	3170329	169344	305988	1124029	41412	20445	91504	292151	69600	100980	366792	0	212623	221768	181379	554114	145712	87220	124956	178065	518848	130272	109752	76930	57505	216900	30784	77028	78409	97622	70397	88920	129417	90258	104880	12544	0	19872	21168	0	0	0	0	0	0	0	0
300.0000021523396	0	0	0	0	0	5581443	0	1361880	564200	583464	544310	3198690	172662	310718	1148441	43809	21228	95288	304365	72048	105204	383960	0	219924	232864	189002	598262	155120	92190	133233	189810	595584	139712	118524	81900	62169	244200	34632	85092	85084	106267	76255	97240	158952	108064	126615	15876	794	26082	29204	0	0	0	0	0	0	0	0
305.00000004764973	0	0	0	0	0	5669743	0	1369719	567840	587328	547808	3222025	175980	316394	1172853	45186	21895	97868	315988	73728	108900	399968	0	228566	245480	196383	640146	163296	97160	141154	203580	672320	147618	126888	86940	66621	277500	37666	92232	92560	117173	83325	105560	199764	137229	153870	19208	2382	32430	36260	0	0	0	335	267	143	0	0
310.00000170640254	0	0	0	0	0	5750096	0	1376973	571012	590240	551041	3239257	179046	321296	1197983	46818	22765	101222	326035	76512	112266	413424	0	238102	256424	205458	687124	172032	102480	148808	216135	744128	158120	133620	92400	70066	303900	40367	98616	99413	128079	91910	115310	250779	165166	178020	21168	12704	39054	44688	1494	0	0	938	979	286	0	0
315.00000178240884	0	0	0	0	0	5826034	0	1384461	574652	593376	553744	3254335	182490	326714	1216292	47991	23374	103630	338446	79488	116358	427344	0	246297	266456	214291	730706	179760	106610	155038	228555	827904	167796	141780	97370	74624	329400	43882	104916	106800	139384	99283	127010	296424	190954	211485	26656	19850	45264	54292	6723	0	0	1541	1602	286	0	0
320.00000092046497	0	0	0	0	0	5894908	0	1390779	577564	596568	556606	3274080	185010	332476	1237473	49419	24476	106468	348099	81984	120186	441728	0	254641	275880	220462	772590	187152	110250	161802	238815	903936	180068	148818	102970	79182	357600	46879	111888	114632	149359	106252	137540	343143	222882	242880	29596	29378	52440	65464	17181	0	0	2412	2314	1144	0	49
325.0000020425302	0	0	0	0	0	5944356	0	1396395	580320	599760	558885	3292030	187824	336432	1258654	51204	25288	109392	359722	84288	123948	457040	0	262836	284544	226996	813908	195104	114520	169189	249615	977856	188800	155958	108080	83634	385800	50098	119532	122019	159866	113221	149890	387177	248977	275655	32928	39700	59202	73500	35109	0	0	3350	3204	2288	0	245
330.00000333288125	0	0	0	0	0	6000868	0	1402713	582452	602112	561482	3307467	190218	341248	1278040	52173	26158	112832	370360	86208	128238	471424	0	270435	294576	234135	854094	202272	118370	174974	259200	1051776	200718	165342	113050	88669	408600	53058	127848	127448	168910	121099	159640	419397	277221	311535	37240	46846	66240	85456	54531	0	553	4556	4806	4004	0	882
335.00000409531197	0	0	0	0	0	6056497	0	1409382	585000	604912	563708	3320750	192990	344172	1298862	53754	26941	115842	379225	88608	131736	486504	0	279375	305216	243694	900506	210224	122150	181026	267975	1123584	209096	173298	118090	93015	438300	55574	134736	134835	180747	129684	170430	455376	300553	347070	42140	50816	73554	96236	83664	0	3871	6566	6230	7150	0	1225
340.0000000843129	0	0	0	0	0	6106828	0	1414179	587236	607712	566411	3335110	195216	348214	1319684	55029	27608	118852	389075	90384	135894	499960	0	287570	313120	252527	937296	215936	126490	185921	276750	1193984	217356	180234	122920	96778	460200	58016	140868	141955	190988	137562	181220	502632	326955	382605	46648	58756	80454	108976	111303	0	6636	8107	8633	10439	0	1813
345.0000042899221	0	0	0	0	0	6153627	0	1418391	589628	610512	568637	3350188	197568	351568	1335121	55692	28478	122292	401486	92640	139920	515272	0	296361	322392	261118	974652	222544	130830	191973	282960	1273536	226796	186864	127610	100276	484200	60347	148092	147651	201628	145238	191620	545592	357041	421590	49784	71460	86112	119168	144918	0	10507	10921	10769	14872	586	2646
350.00000656064714	0	0	0	0	0	6201309	0	1423422	591708	611968	570810	3359163	199962	355696	1351994	57273	29087	124614	411927	94464	144342	531744	0	302768	331360	268015	1010310	229376	136220	198203	290520	1356608	234702	192882	132160	103721	509700	62567	154476	152991	210672	153520	200980	589089	389276	451260	53508	81782	94116	128772	178533	0	24332	13132	12994	19019	4688	3969
355.0000006937679	0	0	0	0	0	6246342	0	1427751	593476	614040	573036	3369933	202272	358878	1365636	58344	29928	126764	420398	95808	148236	544504	0	309920	340936	275759	1043704	234976	139930	203988	299970	1429824	242844	198084	136920	107908	534300	65231	161700	158598	217189	160489	209690	623457	416599	481275	57036	92104	101568	141316	211401	1318	37051	15477	16376	23595	6446	5047
360.0000001273032	0	0	0	0	0	6286077	0	1433133	595504	616056	575209	3377831	204624	362576	1380714	59364	30856	129516	430051	97248	152064	559352	0	316923	349448	281204	1083890	242256	144480	210574	309150	1491072	249806	204408	141190	111035	559800	67155	168168	163582	227430	167357	219180	662658	440852	514395	61936	103220	109572	150528	250992	6590	51982	17688	20292	28028	11720	6321
365.00000450510015	0	0	0	0	0	6324929	0	1436643	597324	617848	577382	3391832	207480	365930	1391125	60282	31465	131924	439507	99312	155232	571416	0	324373	359784	285923	1118416	248976	148750	215825	319815	1569920	257594	209304	146160	114003	581700	68894	175812	168477	236208	172508	225940	703470	469096	550965	66248	117512	116610	158760	297306	19770	71337	19966	24119	32032	17580	7791
370.0000017092776	0	0	0	0	0	6364664	0	1440855	599456	619528	579184	3401884	210126	369370	1405126	61761	31929	133644	448175	101088	158268	579768	0	329886	369056	291973	1159168	254800	153510	222055	328050	1641024	265618	215832	150850	117713	598200	71114	182868	173194	243390	178871	233610	751800	506550	596850	71344	127040	122958	168168	335403	42176	87927	23517	28569	37752	30472	9114
375.0000037576937	0	0	0	0	0	6392920	0	1444599	601328	621880	580244	3411218	212772	372380	1416255	63189	32683	135536	454676	102768	161304	593224	0	337187	376808	296934	1195392	263200	157220	228641	336825	1705088	274704	222972	155610	120840	617700	72853	186732	177377	251636	183820	239720	801204	538785	631350	74284	138156	130272	180320	386946	71172	111153	26800	31506	43758	42778	10780
380.0000011315405	0	0	0	0	0	6430006	0	1448226	602836	623224	582046	3421270	214662	375648	1427743	64056	33466	138116	462556	104352	165330	605520	0	343445	384104	302137	1233314	269472	160510	233002	344250	1762816	283790	230826	159740	123967	636000	75110	193032	181382	258818	188365	247260	841479	567950	671025	78400	146096	137448	188944	436995	104122	134932	29614	34888	48763	61530	12152
385.00000007906476	0	0	0	0	0	6453847	0	1452087	604500	625128	583424	3429527	216594	377884	1437795	64974	33814	140008	471815	106464	168828	619904	0	350150	392160	308187	1271802	275968	164360	238342	354240	1806464	291814	238170	164360	127730	663600	77367	198576	185209	266665	193314	254800	882828	602641	711045	82712	161182	144624	200704	482562	155524	153734	32964	39694	53911	77352	13769
390.0000005992711	0	0	0	0	0	6471507	0	1455246	606060	626696	584749	3437784	219030	380894	1447847	66096	34394	142244	482847	108288	172788	629416	0	354322	400672	313390	1298404	281008	167860	243148	364365	1867712	299366	244392	168840	130804	685200	79032	204960	190282	274512	199071	261430	923103	633034	750375	87024	170710	151800	210308	531864	202972	174195	37118	44411	60060	98448	16170
395.0000080130433	0	0	0	0	0	6493582	0	1458054	607308	627872	586286	3447118	221718	383302	1459694	66861	34945	143878	490333	110160	176022	645192	0	360878	406752	317504	1332364	287168	171290	248933	372195	1937408	306446	251430	174020	134620	705300	80771	211092	195444	282758	204020	269750	952101	662813	789705	89376	181032	159804	221676	587142	249102	192444	40736	48238	66495	114856	18326
400.00000131233725	0	0	0	0	0	6526253	0	1460043	608660	628936	587664	3451426	224238	385624	1470823	67626	35641	146286	501956	111552	179256	654472	0	367136	415568	321739	1358966	292992	175280	253917	379890	1997952	313172	258468	178220	138171	737400	83213	217140	201229	290871	209070	278590	982173	685224	833520	93492	192942	169326	233240	633456	313684	216223	44421	52154	72930	133608	20923
405.00000764069966	0	0	0	0	0	6556275	0	1463319	609856	630448	588618	3459324	226800	388290	1476567	68544	36308	148866	509442	113376	183414	665608	0	371904	423928	326700	1389530	298032	178990	258812	386370	2069760	321668	263670	182350	141457	756000	85581	221844	206391	297122	212908	283660	1013856	714082	875610	97020	207234	175812	244216	684252	363768	256592	48709	55714	78078	152946	22785
410.0000033986905	0	0	0	0	0	6588946	0	1466595	611000	631680	589625	3463991	228816	390698	1483747	69207	36801	150414	516534	114816	186846	676976	0	376970	433200	333234	1417830	304192	181300	262728	394470	2125376	328512	269892	185990	144690	777600	87764	228312	210663	305634	217251	289770	1046076	741405	910110	100548	216762	184506	257152	732060	442848	285901	53198	59452	83941	175800	24647
415.00000384373135	0	0	0	0	0	6619851	0	1468701	611728	633192	590738	3470453	231336	394224	1490568	70023	37323	153080	523626	116400	189618	688808	0	383079	442928	338195	1442168	308560	184170	266555	402165	2201408	335356	276420	189490	147764	802500	90021	233856	214579	313747	224119	295100	1065408	764123	945645	104860	232642	191682	266168	787338	506112	317975	57888	63368	91377	198068	26754
420.00000096839665	0	0	0	0	0	6639277	0	1470339	612612	634200	591851	3473325	233268	396460	1500979	70788	37990	155144	532097	117696	192258	698784	0	389188	450072	345697	1460846	313488	186620	271450	408510	2262656	342318	283152	193690	150891	825600	92130	240156	218495	321993	229977	304590	1093869	798200	982560	107604	242170	199962	275772	848592	598372	340648	62846	67640	97526	227368	28567
425.00000964086365	0	0	0	0	0	6666650	0	1472679	613392	635488	593282	3477274	235578	399814	1509236	71655	38483	156778	538992	119184	196020	710384	0	393658	455544	350658	1488580	317296	189770	275900	415800	2319680	349398	289068	198240	154654	846900	94239	246372	222945	329840	236138	312780	1126089	835347	1020510	111132	247728	207276	288512	918063	674816	368851	67402	72624	105534	249050	30821
430.00000137983284	0	0	0	0	0	6684310	0	1474434	614068	636496	594342	3483018	237300	402566	1520006	72165	39063	158240	546281	120432	199914	721288	0	399171	461776	355256	1517446	323008	192080	279460	422415	2382336	356006	294882	201460	157887	867600	96496	251916	229175	337022	242097	320970	1149180	866968	1059840	115052	262020	214452	297332	980064	743352	406455	72427	76451	111826	278936	33271
435.0000039542099	0	0	0	0	0	6712566	0	1476072	615160	637504	595455	3487685	238686	405060	1529340	72930	39498	160648	554752	121776	203478	730800	0	402747	467856	359249	1544048	327824	195020	284533	429165	2437952	364266	300696	204540	160643	884700	98198	258720	233091	343805	246743	328900	1173882	901045	1095030	117796	273136	221352	308308	1033848	815842	433552	77050	81079	118976	308822	35623
440.0000015295634	0	0	0	0	0	6730226	0	1478529	616148	638848	596674	3490198	240702	407382	1539392	73491	39933	162454	563814	123216	206712	740080	0	408558	475152	363000	1571782	332640	197610	287470	434700	2497792	369930	306408	208600	163982	906000	100529	264012	237274	352450	251995	337090	1201269	930517	1131600	122108	281076	228666	318892	1101825	879106	465073	83147	85351	124839	337536	37926
445.0000078421665	0	0	0	0	0	6746120	0	1479816	616772	639856	597893	3493429	242844	409704	1546213	74205	40484	164088	571103	124368	209616	750752	0	411538	483056	367719	1598384	337456	200200	291386	440640	2559744	376420	312630	211890	167003	927900	102416	268632	240567	357903	258156	344110	1236174	961831	1170240	124656	295368	236946	328300	1174284	971366	496041	88708	89979	130988	368008	39984
450.00000044379925	0	0	0	0	0	6769961	0	1482273	617448	640472	598847	3494865	244566	411940	1554470	75072	40948	166410	577604	125232	211992	760264	0	415710	488832	371470	1628948	343728	203350	295035	447255	2614656	383146	316404	215390	169918	949500	104118	273756	245017	364287	263711	352690	1269468	993145	1216125	129556	302514	245640	340256	1239273	1035948	525903	94336	94696	136851	402582	41895
455.0000039590628	0	0	0	0	0	6787621	0	1483911	618124	641312	599748	3498096	246414	413832	1565599	76041	41760	168388	583711	126192	215160	768152	0	419435	496432	376552	1659512	348656	205660	298061	454140	2673088	387984	322626	218540	173310	964800	106375	278544	249111	371735	268256	358670	1302762	1021696	1255110	134652	315218	253368	352212	1299033	1122936	560189	100232	98968	143286	434226	44198
460.0000045079314	0	0	0	0	0	6801749	0	1485783	619008	642096	600808	3502404	248640	415552	1575651	76500	42456	169850	590212	127200	218394	776272	0	424054	504032	381513	1684982	353584	208320	302600	461160	2737152	395536	328134	222040	176172	984000	108114	283164	252137	378252	272397	365170	1329075	1050247	1294440	139748	325540	261924	362404	1367010	1208606	587839	104922	104664	150722	470558	47089
465.00000098739457	0	0	0	0	0	6814111	0	1487421	620048	642880	601815	3506353	250278	418132	1586062	77367	43065	171914	597698	128592	221694	788568	0	427034	510720	384538	1719508	358624	211190	306071	467235	2782912	400020	332112	225540	180094	1003800	109816	286776	256409	385966	276437	371410	1366128	1084631	1343085	144648	331892	271170	374164	1429758	1281096	619913	110818	109470	157014	502788	49392
470.00000479691033	0	0	0	0	0	6827356	0	1488591	620984	643720	602504	3509225	252336	420626	1593242	78642	43558	173548	604987	129840	225192	795992	0	429716	518472	387926	1746110	364672	213780	310610	473850	2846272	406038	336396	228480	183009	1025700	111592	290556	259791	393148	279164	377650	1402107	1119629	1395180	150528	340626	280554	384944	1494747	1364130	647563	116446	114365	164164	531502	52087
475.00000104222056	0	0	0	0	0	6845899	0	1490931	621816	644504	603087	3512815	254226	423120	1602576	79203	44080	175010	610700	130848	228756	806200	0	433292	524552	392161	1768184	368816	216230	314615	479925	2903296	412056	342210	231560	185977	1040400	113442	294252	263173	399665	285325	382200	1432179	1154013	1435200	153272	350154	289524	397292	1572435	1465616	675766	122141	120328	171314	557286	54537
480.0000031071765	0	0	0	0	0	6860910	0	1492920	622076	645512	603935	3516405	256032	425614	1609038	80121	44544	176730	620944	132384	232716	812928	0	437613	531392	395670	1793088	374192	219380	319421	484515	2964544	417248	347310	234220	188521	1055700	115329	299712	266377	405384	288961	387400	1458492	1187476	1475220	158564	362064	298356	407288	1643400	1564466	702863	128774	124511	179322	587758	56840
485.0000076238676	0	0	0	0	0	6878570	0	1493739	622804	646184	604730	3519636	257586	428194	1617654	80733	44979	178450	628627	133632	236016	822904	0	441487	539144	400147	1820822	378896	222250	323515	490455	3020160	422440	352308	238210	190853	1073700	117364	303996	270293	411236	293405	395330	1486953	1216948	1518000	163856	373180	307464	419048	1724823	1655408	734937	135742	130118	186472	617058	58849
490.0000061878922	0	0	0	0	0	6888283	0	1495143	623792	646632	605366	3523944	259560	429656	1624475	81549	45501	179826	635719	135024	239250	832184	0	445212	547200	404866	1846292	384048	225050	327787	495585	3073664	430464	357510	241080	193821	1095000	119547	309540	274565	418950	297546	400790	1512192	1251332	1560780	170128	385884	316434	427476	1792800	1774028	759822	141236	134746	194051	656320	60711
495.0000065741268	0	0	0	0	0	6900645	0	1497015	624312	647416	606214	3526457	261450	432064	1633450	82161	46052	181374	643008	136752	242814	842856	0	448788	556168	407649	1869498	388192	227920	331347	502470	3127872	437072	362814	244720	197001	1115400	121397	315420	278392	424270	301889	406770	1539042	1284181	1603905	175028	393824	323196	438256	1863765	1853108	799638	147400	139107	200629	687964	63798
500.0000006368162	0	0	0	0	0	6919188	0	1497717	624624	648312	606956	3528252	263340	434042	1640989	83028	46574	183008	649115	138000	246972	853992	0	453109	563616	412126	1889308	393680	230650	334373	508680	3179968	442854	369648	248360	199704	1128900	123580	320124	282753	429324	307343	412490	1562670	1313653	1640820	178556	400970	329268	449428	1945188	1965138	839454	153564	144625	207064	720194	66444
505.0000004622472	0	0	0	0	0	6927135	0	1499004	625248	649040	607910	3530765	265062	436278	1647451	84201	47241	183954	655616	139872	250998	862808	0	458920	571064	417087	1915344	397152	233590	338111	514890	3225024	450170	373932	251720	202513	1145400	125615	324912	285779	436373	311282	419380	1584150	1342511	1685670	181496	412880	338652	460404	2019141	2066624	871528	160063	149787	215501	754768	68943
510.00000342968366	0	0	0	0	0	6941263	0	1500408	625820	649488	608599	3533278	266490	437482	1655349	84711	47705	186190	663102	141360	254430	874176	0	464731	580032	420233	1935720	401296	236250	340870	520425	3275712	457604	377808	254940	205481	1165800	127576	329280	290318	441294	315827	424060	1604019	1374439	1729485	185808	421614	346242	470204	2101311	2164156	913003	165825	154504	222222	794616	71393
515.0000021604632	0	0	0	0	0	6951859	0	1501929	626756	650328	609341	3536509	267918	439202	1662170	85374	48169	187738	669997	142656	258786	884848	0	469052	586568	424347	1960058	407344	238420	344608	526230	3326400	463268	382602	257740	209191	1187700	129278	334572	294857	445816	320776	431730	1625499	1404218	1769505	189532	437494	355488	480004	2180493	2266960	944524	172726	159755	229515	826846	73696
520.0000000313551	0	0	0	0	0	6963338	0	1503333	627432	650832	609977	3539740	269346	441524	1669709	86088	48662	189372	677680	144192	261888	891576	0	472777	594624	429066	1986660	412160	241080	348880	532035	3386944	467634	387090	260330	211682	1206000	131091	338856	298328	451402	326836	437580	1652349	1433076	1814700	193452	441464	362664	493136	2262663	2386898	972174	178823	163938	235092	864350	76930
525.00000241734	0	0	0	0	0	6976583	0	1505205	627900	651448	610878	3541894	271320	443588	1675094	86700	49184	191694	685560	145200	265716	899232	0	477545	604048	433180	2009300	417200	244510	352974	538380	3438336	472944	392190	263900	214226	1221300	132460	343812	300909	457254	329866	443820	1680810	1468074	1856445	198940	454168	369150	503328	2335869	2494974	1009778	185791	168566	243815	895994	79037
530.0000022706763	0	0	0	0	0	6988062	0	1505907	628472	652176	611461	3543689	272958	445308	1679402	87159	49561	193758	691470	146256	269610	908744	0	479929	613928	438020	2030808	421792	247240	356356	544725	3496768	479316	395760	266910	216929	1243500	134199	348684	303668	462175	333704	448890	1700679	1501230	1898535	203056	464490	375912	513520	2411316	2608322	1039640	191821	172393	251966	931740	81634
535.0000020571525	0	0	0	0	0	6997775	0	1506843	629200	652792	612044	3546202	274386	446598	1682633	87975	49909	195306	698956	147168	273636	920344	0	484250	621984	441771	2057410	425600	250250	360450	551745	3543936	486042	400554	270620	219791	1263000	135716	353052	307050	467495	337441	454610	1721085	1530088	1943385	207564	473224	381708	524496	2497221	2712444	1068396	198052	177110	259116	961040	83790
540.0000030427035	0	0	0	0	0	7005722	0	1508013	629876	653184	612521	3549433	276150	448318	1691249	88791	50402	196682	705851	148512	276936	930552	0	487826	630952	446248	2082880	431088	252560	364277	559575	3584768	491706	405348	273910	222494	1282800	137233	357000	310165	472283	341481	459290	1750083	1561709	1990650	213052	481958	388056	535864	2587608	2815248	1104894	205422	181738	267124	993270	85897
545.0000009407764	0	0	0	0	0	7013669	0	1508949	630292	653688	612998	3551228	277788	450296	1699865	89352	51156	198488	712352	150288	280830	939832	0	490061	637640	450725	2107218	436688	255360	366947	567540	3635456	496780	411060	277060	225727	1295400	139379	361368	314704	480130	345218	464100	1774248	1590567	2027910	218736	489898	393990	544292	2677995	2937822	1136968	211653	186099	273273	1031946	88200
550.0000083171209	0	0	0	0	0	7023382	0	1510470	630604	653968	613104	3554100	279090	451500	1707763	90117	51591	200208	719050	151488	284988	947952	0	494531	645696	454960	2133254	440272	258370	371219	573345	3682624	503270	416466	279860	228112	1312800	141192	365736	317552	485317	349662	469950	1799487	1620346	2072070	223636	501014	401166	553112	2760912	3052488	1169042	219894	191083	280995	1067692	91042
555.0000053920967	0	0	0	0	0	7030446	0	1511523	630968	654472	613475	3557331	280098	453478	1714584	90678	52113	201498	725157	152496	288816	956304	0	498554	654816	458227	2153630	445088	261310	375402	579015	3731904	508108	421566	282660	231027	1327800	143153	371112	321379	491302	353096	475540	1823652	1653195	2112435	228340	509748	406962	563500	2845323	3175062	1201669	226125	195978	287859	1101094	94080
560.0000063295881	0	0	0	0	0	7038393	0	1512576	631332	655200	613952	3560203	281610	454854	1719251	91239	52519	202874	730870	153600	293238	964656	0	501385	663936	462341	2179100	449792	264040	378517	584010	3787520	514480	428094	285950	234101	1347600	145040	374976	325562	496356	356732	482170	1844595	1683588	2159700	234220	519276	413862	576240	2928987	3284456	1240379	234031	200428	297297	1136840	97265
565.000002988733	0	0	0	0	0	7048989	0	1513395	631956	655648	614853	3561998	283206	456402	1724277	91800	53070	204938	737962	154656	296802	973472	0	506153	673360	465487	2201174	454272	267330	382077	588600	3843136	519436	432684	289800	237069	1362300	147038	378840	329478	501676	361479	488410	1874130	1712446	2208690	239316	524834	419658	587216	3017133	3388578	1271900	241937	206035	303875	1169070	100499
570.0000005363274	0	0	0	0	0	7051638	0	1514682	632580	656376	615383	3564511	284340	457606	1729662	92259	53563	206572	747812	155664	301356	981360	0	509580	680656	469359	2224380	458752	270060	385103	593730	3888192	524038	436968	292600	239984	1382100	149184	382788	334106	507661	366630	494000	1899369	1741918	2248365	243432	535156	424212	600544	3106773	3512470	1307845	249575	210930	310739	1196612	103096
575.0000100634197	0	0	0	0	0	7057819	0	1515618	632996	656824	615966	3565947	285894	458896	1733611	92922	53882	208636	752934	156768	305118	989248	0	514050	690232	472989	2241926	462896	273210	388485	599940	3936064	531236	440946	295820	242528	1403400	151071	387156	337488	512715	370468	501280	1925682	1770776	2297700	249508	540714	431664	608188	3226293	3640316	1336048	255940	215558	317460	1232358	105742
580.0000064637456	0	0	0	0	0	7064883	0	1516437	633568	657048	616602	3567383	287238	460100	1737560	93993	54404	210098	759238	157968	308880	998992	0	519265	696920	477708	2264566	466144	276360	391511	604125	3983936	536900	447576	299530	244489	1416600	153143	391608	342116	518966	374609	507000	1949310	1795029	2342895	254408	550242	437184	619360	3321162	3752346	1363698	263109	220542	323895	1262830	108878
585.0000003560538	0	0	0	0	0	7070181	0	1517256	634140	657384	616761	3567742	288456	462078	1741868	94350	54694	211646	767709	159456	312774	1005720	0	522394	706648	480975	2283244	470288	278740	396050	608850	4045184	542092	452370	303030	246079	1436400	155215	395052	346121	525084	379053	512720	1973475	1823273	2389125	259112	558976	443808	630924	3401091	3856468	1390795	271417	226238	331760	1304436	111279
590.0000040491901	0	0	0	0	0	7078128	0	1518309	634452	657888	617185	3568460	290136	463540	1745099	94962	55042	213022	774013	160464	316536	1014536	0	526715	713488	484484	2299658	473872	281540	399521	616815	4095872	547402	457572	305690	248464	1453200	156732	399588	348168	529606	383093	517270	1997103	1857657	2442255	264012	562946	449466	639156	3482514	3972452	1420657	278519	230866	339482	1333736	114023
595.000000220776	0	0	0	0	0	7089607	0	1519245	635180	658168	617556	3570614	291816	464744	1749407	95523	55680	214570	780120	161568	320694	1022888	0	531483	719264	488235	2324562	477792	283640	402458	622080	4148672	553302	462876	308420	251220	1470000	158249	403536	351372	533463	387234	522080	2020194	1892655	2481930	268128	570886	455952	646996	3584106	4089754	1446648	284482	235850	347061	1367138	116326
600.0000057073477	0	0	0	0	0	7095788	0	1519947	635752	658504	617874	3571691	293034	465690	1752997	96084	55999	216290	788788	162864	324456	1034024	0	535208	726408	493196	2346070	482272	285740	406552	626535	4198656	558848	467058	311360	253552	1482900	159914	408408	353864	538517	390769	526500	2039526	1923969	2535405	273028	575650	464094	655424	3681216	4213646	1479828	291986	240033	353925	1394094	118874
