>time	Ribosome	coli Pol	coli Pol-P	coli Pol-2.0	coli Pol-P-2.0	gp1	gp1-3.5	gp0.3	gp0.4	gp0.5	gp0.6A	gp0.7	gp1.1	gp1.2	gp1.3	gp1.4	gp1.5	gp1.6	gp1.7	gp1.8	gp2.0	gp2.5	gp2.8	gp3.0	gp3.5	gp3.8	gp4A	gp4.2	gp4.3	gp4.5	gp4.7	gp5.0	gp5.3	gp5.5	gp5.7	gp5.9	gp6.0	gp6.3	gp6.5	gp6.7	gp7	gp7.3	gp7.7	gp8	gp9	gp10A	gp11	gp12	gp13	gp14	gp15	gp16	gp17	gp17.5	gp18	gp18.5	gp19	gp19.5
0.0016320634560202784	0	0	0	0	0	0	0	0	0	0	0	0	0	0	0	0	0	0	0	0	0	0	0	0	0	0	0	0	0	0	0	0	0	0	0	0	0	0	0	0	0	0	0	0	0	0	0	0	0	0	0	0	0	0	0	0	0	0
5.0064166927860905	0	0	0	0	0	0	0	0	0	0	0	0	0	0	0	0	0	0	0	0	0	0	0	0	0	0	0	0	0	0	0	0	0	0	0	0	0	0	0	0	0	0	0	0	0	0	0	0	0	0	0	0	0	0	0	0	0	0
10.00474654508197	0	0	0	0	0	0	0	0	0	0	0	0	0	0	0	0	0	0	0	0	0	0	0	0	0	0	0	0	0	0	0	0	0	0	0	0	0	0	0	0	0	0	0	0	0	0	0	0	0	0	0	0	0	0	0	0	0	0
15.000461282789843	0	0	0	0	0	0	0	0	0	0	0	0	0	0	0	0	0	0	0	0	0	0	0	0	0	0	0	0	0	0	0	0	0	0	0	0	0	0	0	0	0	0	0	0	0	0	0	0	0	0	0	0	0	0	0	0	0	0
20.00056104244228	0	0	0	0	0	0	0	0	0	0	0	0	0	0	0	0	0	0	0	0	0	0	0	0	0	0	0	0	0	0	0	0	0	0	0	0	0	0	0	0	0	0	0	0	0	0	0	0	0	0	0	0	0	0	0	0	0	0
25.001248330750737	0	0	0	0	0	0	0	0	0	0	0	0	0	0	0	0	0	0	0	0	0	0	0	0	0	0	0	0	0	0	0	0	0	0	0	0	0	0	0	0	0	0	0	0	0	0	0	0	0	0	0	0	0	0	0	0	0	0
30.00031426721445	0	0	0	0	0	0	0	702	0	0	0	0	0	0	0	0	0	0	0	0	0	0	0	0	0	0	0	0	0	0	0	0	0	0	0	0	0	0	0	0	0	0	0	0	0	0	0	0	0	0	0	0	0	0	0	0	0	0
35.00025216183223	0	0	0	0	0	0	0	2574	364	0	0	0	0	0	0	0	0	0	0	0	0	0	0	0	0	0	0	0	0	0	0	0	0	0	0	0	0	0	0	0	0	0	0	0	0	0	0	0	0	0	0	0	0	0	0	0	0	0
40.00020274407116	0	0	0	0	0	0	0	6084	1040	280	53	0	0	0	0	0	0	0	0	0	0	0	0	0	0	0	0	0	0	0	0	0	0	0	0	0	0	0	0	0	0	0	0	0	0	0	0	0	0	0	0	0	0	0	0	0	0	0
45.000107333438216	0	0	0	0	0	0	0	12051	2600	1512	530	0	0	0	0	0	0	0	0	0	0	0	0	0	0	0	0	0	0	0	0	0	0	0	0	0	0	0	0	0	0	0	0	0	0	0	0	0	0	0	0	0	0	0	0	0	0	0
50.000057809779605	0	0	0	0	0	0	0	18369	5876	3304	1802	0	0	0	0	0	0	0	0	0	0	0	0	0	0	0	0	0	0	0	0	0	0	0	0	0	0	0	0	0	0	0	0	0	0	0	0	0	0	0	0	0	0	0	0	0	0	0
55.00020345566645	0	0	0	0	0	0	0	28431	8892	5824	3763	0	0	0	0	0	0	0	0	0	0	0	0	0	0	0	0	0	0	0	0	0	0	0	0	0	0	0	0	0	0	0	0	0	0	0	0	0	0	0	0	0	0	0	0	0	0	0
60.00011686797719	0	0	0	0	0	0	0	39897	12636	9576	6678	0	0	0	0	0	0	0	0	0	0	0	0	0	0	0	0	0	0	0	0	0	0	0	0	0	0	0	0	0	0	0	0	0	0	0	0	0	0	0	0	0	0	0	0	0	0	0
65.00004098224638	0	0	0	0	0	0	0	52299	16588	14280	10229	0	0	0	0	0	0	0	0	0	0	0	0	0	0	0	0	0	0	0	0	0	0	0	0	0	0	0	0	0	0	0	0	0	0	0	0	0	0	0	0	0	0	0	0	0	0	0
70.00013894214077	0	0	0	0	0	0	0	64350	21268	19712	14416	718	0	0	0	0	0	0	0	0	0	0	0	0	0	0	0	0	0	0	0	0	0	0	0	0	0	0	0	0	0	0	0	0	0	0	0	0	0	0	0	0	0	0	0	0	0	0
75.00016540512966	0	0	0	0	0	0	0	76986	27300	24920	19292	5385	0	0	0	0	0	0	0	0	0	0	0	0	0	0	0	0	0	0	0	0	0	0	0	0	0	0	0	0	0	0	0	0	0	0	0	0	0	0	0	0	0	0	0	0	0	0
80.00004025580482	0	0	0	0	0	0	0	93951	33748	30800	25016	17591	0	0	0	0	0	0	0	0	0	0	0	0	0	0	0	0	0	0	0	0	0	0	0	0	0	0	0	0	0	0	0	0	0	0	0	0	0	0	0	0	0	0	0	0	0	0
85.00040130788402	0	0	0	0	0	0	0	112320	40456	37520	31535	32669	0	0	0	0	0	0	0	0	0	0	0	0	0	0	0	0	0	0	0	0	0	0	0	0	0	0	0	0	0	0	0	0	0	0	0	0	0	0	0	0	0	0	0	0	0	0
90.00019801435741	0	0	0	0	0	0	0	130338	49608	45528	38955	52414	0	0	0	0	0	0	0	0	0	0	0	0	0	0	0	0	0	0	0	0	0	0	0	0	0	0	0	0	0	0	0	0	0	0	0	0	0	0	0	0	0	0	0	0	0	0
95.000199424937	0	0	0	0	0	0	0	151164	58188	54992	46905	83647	0	0	0	0	0	0	0	0	0	0	0	0	0	0	0	0	0	0	0	0	0	0	0	0	0	0	0	0	0	0	0	0	0	0	0	0	0	0	0	0	0	0	0	0	0	0
100.00020838514604	0	0	0	0	0	0	0	172458	67288	64624	56551	114521	0	0	0	0	0	0	0	0	0	0	0	0	0	0	0	0	0	0	0	0	0	0	0	0	0	0	0	0	0	0	0	0	0	0	0	0	0	0	0	0	0	0	0	0	0	0
105.0000241859157	0	0	0	0	0	0	0	196209	77532	75320	66674	147549	0	0	0	0	0	0	0	0	0	0	0	0	0	0	0	0	0	0	0	0	0	0	0	0	0	0	0	0	0	0	0	0	0	0	0	0	0	0	0	0	0	0	0	0	0	0
110.00005660031673	0	0	0	0	0	0	0	223353	88140	87080	76002	187757	0	0	0	0	0	0	0	0	0	0	0	0	0	0	0	0	0	0	0	0	0	0	0	0	0	0	0	0	0	0	0	0	0	0	0	0	0	0	0	0	0	0	0	0	0	0
115.00014554093892	0	0	0	0	0	0	0	251667	100256	100016	87662	235863	0	0	0	0	0	0	0	0	0	0	0	0	0	0	0	0	0	0	0	0	0	0	0	0	0	0	0	0	0	0	0	0	0	0	0	0	0	0	0	0	0	0	0	0	0	0
120.00000075610664	0	0	0	0	0	0	0	279513	112736	112672	100488	290431	0	0	0	0	0	0	0	0	0	0	0	0	0	0	0	0	0	0	0	0	0	0	0	0	0	0	0	0	0	0	0	0	0	0	0	0	0	0	0	0	0	0	0	0	0	0
125.00000295698736	0	0	0	0	0	0	0	312507	126308	126168	111671	348948	0	0	0	0	0	0	0	0	0	0	0	0	0	0	0	0	0	0	0	0	0	0	0	0	0	0	0	0	0	0	0	0	0	0	0	0	0	0	0	0	0	0	0	0	0	0
130.00001885744368	0	0	0	0	0	2649	0	343863	141544	141232	125133	410696	0	0	0	0	0	0	0	0	0	0	0	0	0	0	0	0	0	0	0	0	0	0	0	0	0	0	0	0	0	0	0	0	0	0	0	0	0	0	0	0	0	0	0	0	0	0
135.00001023942156	0	0	0	0	0	10596	0	376389	156364	156128	140291	477829	0	0	0	0	0	0	0	0	0	0	0	0	0	0	0	0	0	0	0	0	0	0	0	0	0	0	0	0	0	0	0	0	0	0	0	0	0	0	0	0	0	0	0	0	0	0
140.0000593363401	0	0	0	0	0	40618	0	409500	171132	171472	155767	562553	378	0	0	0	0	0	0	0	0	0	0	0	0	0	0	0	0	0	0	0	0	0	0	0	0	0	0	0	0	0	0	0	0	0	0	0	0	0	0	0	0	0	0	0	0	0
145.00001267811498	0	0	0	0	0	80353	0	443547	187304	186872	171455	643687	1218	430	0	0	0	0	0	0	0	0	0	0	0	0	0	0	0	0	0	0	0	0	0	0	0	0	0	0	0	0	0	0	0	0	0	0	0	0	0	0	0	0	0	0	0	0
150.00000935271325	0	0	0	0	0	134216	0	477360	202852	204344	186666	725180	2646	1806	0	0	0	0	0	0	0	0	0	0	0	0	0	0	0	0	0	0	0	0	0	0	0	0	0	0	0	0	0	0	0	0	0	0	0	0	0	0	0	0	0	0	0	0
155.00002940125958	0	0	0	0	0	199558	0	515736	219024	222936	201930	820674	4872	3870	0	0	0	0	0	0	0	0	0	0	0	0	0	0	0	0	0	0	0	0	0	0	0	0	0	0	0	0	0	0	0	0	0	0	0	0	0	0	0	0	0	0	0	0
160.00000218828137	0	0	0	0	0	275496	0	557154	235612	240912	218678	904321	8232	8170	0	0	0	0	0	0	0	0	0	0	0	0	0	0	0	0	0	0	0	0	0	0	0	0	0	0	0	0	0	0	0	0	0	0	0	0	0	0	0	0	0	0	0	0
165.000024049686	0	0	0	0	0	358498	0	596934	252252	259000	236963	1001610	12810	13932	0	0	0	0	0	0	0	0	0	0	0	0	0	0	0	0	0	0	0	0	0	0	0	0	0	0	0	0	0	0	0	0	0	0	0	0	0	0	0	0	0	0	0	0
170.000004980982	0	0	0	0	0	450330	0	636363	271336	275744	254877	1107874	17430	22876	1436	51	58	0	0	0	0	0	0	0	0	0	0	0	0	0	0	0	0	0	0	0	0	0	0	0	0	0	0	0	0	0	0	0	0	0	0	0	0	0	0	0	0	0
175.0000047598352	0	0	0	0	0	573950	0	680472	289588	293888	274275	1215933	22764	32336	9334	510	232	258	0	0	0	0	0	0	0	0	0	0	0	0	0	0	0	0	0	0	0	0	0	0	0	0	0	0	0	0	0	0	0	0	0	0	0	0	0	0	0	0
180.00000644078708	0	0	0	0	0	686974	0	723879	308568	313376	293885	1325787	29232	43688	22617	1224	609	1204	0	768	528	0	0	0	0	0	0	0	0	0	0	0	0	0	0	0	0	0	0	0	0	0	0	0	0	0	0	0	0	0	0	0	0	0	0	0	0	0
185.00000280122245	0	0	0	0	0	844148	0	766467	328744	334600	314131	1427743	37170	57018	42362	2448	1218	3956	788	3072	1716	0	0	0	0	0	0	0	0	0	0	0	0	0	0	0	0	0	0	0	0	0	0	0	0	0	0	0	0	0	0	0	0	0	0	0	0	0
190.00000706817193	0	0	0	0	0	987194	0	811395	349024	355096	334801	1541187	44940	72240	70005	4386	2059	8256	5910	5808	5214	464	0	149	0	0	0	0	0	0	0	0	0	0	0	0	0	0	0	0	0	0	0	0	0	0	0	0	0	0	0	0	0	0	0	0	0	0
195.00002161888688	0	0	0	0	0	1161145	0	856323	366496	374248	351602	1665401	52626	88838	109495	6222	2842	14104	16351	9120	9966	5800	0	4619	1216	1815	0	0	0	0	0	0	0	0	0	0	0	0	0	0	0	0	0	0	0	0	0	0	0	0	0	0	0	0	0	0	0	0
200.0000100081025	0	0	0	0	0	1346575	0	899145	382668	390208	367502	1791051	60312	103286	153293	7395	3654	19780	28565	12384	14718	15312	0	10430	6536	5082	0	448	280	178	0	0	0	0	0	0	0	0	0	0	0	0	0	0	0	0	0	0	0	0	0	0	0	0	0	0	0	0
205.00000637643063	0	0	0	0	0	1539952	0	937404	397800	404712	381282	1912752	67536	117992	212887	8721	4350	24510	43537	15600	19998	34800	0	19519	15656	11979	0	1344	1120	1602	405	0	0	0	0	0	0	0	0	0	0	0	0	0	0	0	0	0	0	0	0	0	0	0	0	0	0	0
210.00000955232983	0	0	0	0	0	1730680	0	971802	410696	418096	394744	2053839	74592	132010	267096	10557	5075	28982	61464	19392	24420	53360	0	30545	24016	21538	0	6384	3010	3471	1755	0	0	0	0	0	0	0	0	0	0	0	0	0	0	0	0	0	0	0	0	0	0	0	0	0	0	0
215.00000243271276	0	0	0	0	0	1951430	0	1003743	422604	431088	407941	2179489	80976	146286	329921	12291	6032	34228	78012	23232	29502	74240	0	42018	34352	32307	0	12208	5950	7654	4725	0	0	204	210	0	0	0	0	0	0	0	0	0	0	0	0	0	0	0	0	0	0	0	0	0	0	0
220.00002149851133	0	0	0	0	0	2169531	0	1031589	433160	442680	420608	2283240	87276	158928	386284	14178	6873	40334	95151	27408	34188	94192	0	53342	45600	42592	0	19600	10500	13350	8775	0	1180	714	1050	318	0	0	0	0	0	0	0	0	0	0	0	0	0	0	0	0	0	0	0	0	0	0
225.00001964920793	0	0	0	0	0	2415888	0	1055808	443196	453992	429459	2380170	93198	169764	435826	16473	7627	45838	109138	31248	39732	115536	0	65262	59280	52756	6226	27888	14420	19313	16875	0	3304	2550	2380	1484	0	481	840	356	0	0	0	0	0	0	0	0	0	0	0	0	0	0	0	0	0	0
230.00000086639952	0	0	0	0	0	2689618	0	1078389	451828	463232	438310	2455919	98532	180342	488240	18258	8381	50654	124307	34608	45474	140128	0	76884	73416	64130	21508	35840	18900	25454	26595	0	6726	4284	4060	2968	0	1184	2772	2136	532	606	0	0	0	0	0	0	0	0	0	0	0	0	0	0	0	0
235.00000735498844	0	0	0	0	0	2962465	0	1096992	460252	471240	446684	2534540	103824	191436	542449	20145	8961	55298	141840	38160	50424	164024	0	90145	85728	75262	45846	44576	23660	32485	35910	0	12862	8262	7280	5247	300	1739	5964	4361	2527	2727	1170	0	0	0	0	0	0	0	0	0	0	0	0	0	0	0
240.0000048245568	0	0	0	0	0	3231780	0	1116063	468052	478856	455217	2601314	108654	200294	590914	21930	9947	60544	159373	41712	54582	184440	0	101916	96064	88088	87730	53424	27440	39961	44820	0	22538	15096	11410	9275	4200	2775	8736	7832	6384	5353	3250	0	0	0	0	0	0	0	0	0	0	0	0	0	0	0
245.000001372549	0	0	0	0	0	3489616	0	1134900	476424	487256	462531	2669883	112896	208980	636148	23613	10817	65532	171784	44592	59862	211352	0	114283	109896	99099	127916	61152	31570	47259	54810	704	30798	22644	16450	13038	12000	4292	10668	9968	10773	7373	7410	0	0	0	0	0	0	0	0	0	0	0	0	0	0	0
250.00000848011177	0	0	0	0	0	3753633	0	1152801	484328	494200	470163	2722297	116802	218354	682459	25602	11774	69660	186756	47568	64350	235712	0	127395	123120	110957	174328	76272	36820	52777	64260	8448	38940	29070	21490	16695	25800	6142	14028	13172	14231	11110	11570	0	0	0	0	0	0	0	0	0	0	0	0	0	0	0
255.00000562088945	0	0	0	0	0	3990277	0	1170585	491764	501536	477530	2770762	120876	226008	720513	27336	12644	73616	198773	50304	69696	257984	0	140954	136496	123904	218476	85568	42210	59630	74655	23936	48970	37944	26880	20935	42600	8473	19068	17622	20083	15554	16510	0	614	0	0	0	0	0	0	0	0	0	0	0	0	0
260.00000418419586	0	0	0	0	0	4187186	0	1187667	498992	507472	484420	2821381	124866	233834	753900	28713	13456	77486	214336	53568	73524	277240	0	152725	148200	136972	267152	95424	47530	66839	85590	53504	59708	46614	31780	25016	58200	11322	23772	23763	26600	20301	21840	0	5526	690	0	0	0	0	0	0	0	0	0	0	0	0
265.0000090117266	0	0	0	0	0	4377031	0	1201239	505388	513856	491151	2869128	128394	240800	788005	30753	14239	81098	230293	56160	78012	299512	0	163602	162032	148467	322620	106624	53270	74137	96525	98560	71272	53958	37450	29309	81600	13616	29484	30082	34580	26159	28730	7518	11052	4830	392	0	138	0	0	0	0	0	0	0	0	0
270.0000025923797	0	0	0	0	0	4557163	0	1215279	510640	519400	496557	2911131	132174	246132	826059	32436	14993	84968	243098	58512	82500	321784	0	172393	173432	159115	374126	117824	60340	82948	109755	173888	79296	60894	42770	33178	107700	16354	37548	37558	45087	33532	36400	18258	19648	11040	1176	0	690	196	0	0	0	0	0	0	0	0
275.0000058317495	0	0	0	0	0	4706390	0	1227798	516568	524832	502493	2949185	135198	250862	855138	34527	16124	88666	253736	61680	86064	340576	0	181780	184376	170247	423368	128016	66290	92560	121635	233728	89562	68850	48510	36835	133200	18759	44940	44678	54796	39491	44980	33831	28244	17940	2156	0	1380	980	0	0	0	0	0	0	0	0
280.0000003647474	0	0	0	0	0	4833542	0	1238328	520676	530040	508270	2980059	138222	257398	881345	36159	17081	91848	263586	63936	90156	356352	0	190720	195928	179564	472610	140560	72030	102083	135405	299200	99828	78642	55720	40227	157200	21090	52668	51442	64505	48581	54990	46182	38068	29325	2940	0	4278	2548	0	0	0	0	0	0	0	0
285.0000030867615	0	0	0	0	0	4986301	0	1247922	525252	534296	512722	3015600	141036	261870	909706	37536	17806	95546	276982	66720	95832	370040	0	200256	207328	189244	535436	149968	78050	109915	149580	352704	109858	87516	62510	44732	183300	23680	59304	58206	76076	57873	64610	70347	51883	36915	4116	0	7590	5684	0	0	0	0	0	0	0	0
290.00000232853483	0	0	0	0	0	5094027	0	1258452	529412	539056	517068	3045038	144606	268664	934836	38862	18792	99244	288408	69168	101046	386512	0	208749	216904	196262	589772	158704	83370	118637	164295	424512	122956	96798	69020	50032	206100	26418	66612	63991	87115	64337	71890	99345	65084	53475	5684	0	10350	8232	0	0	0	0	0	0	0	0
295.0000007565279	0	0	0	0	0	5196455	0	1267695	533104	543480	521732	3071245	148176	274168	959248	40545	19720	102684	299834	71808	105270	406696	0	217391	229064	206910	640146	169904	88970	126825	177660	502656	135582	107202	76510	54431	229200	29267	73752	70132	96425	71003	80860	128343	82276	73140	7644	0	15870	12544	0	0	0	0	0	0	0	0
300.0000019391403	0	0	0	0	0	5292702	0	1276236	536380	548128	525495	3098170	151032	278898	980788	41616	20300	106640	311457	74592	109692	426416	0	226629	239704	216227	693916	179424	94360	134746	189810	577280	148916	117606	84280	59254	252600	32338	80724	77786	106799	79083	92170	161100	95170	95220	9212	2382	20976	16856	0	0	0	0	0	0	0	0
305.0000001643662	0	0	0	0	0	5392481	0	1284426	540072	551768	529417	3122941	154308	284746	1001610	42891	21025	109564	321898	76848	112794	444048	0	236463	249736	225786	745988	188720	100590	142489	200070	644160	160598	127704	90370	65614	278700	35224	87444	85351	118370	84739	101530	194931	112362	119715	10584	3970	27462	23716	0	0	0	469	356	0	0	0
310.00000108527007	0	0	0	0	0	5491377	0	1294839	543088	555184	533180	3146276	156954	289218	1019201	43962	21460	112832	333127	79008	116952	463536	0	245403	258704	235345	785608	198912	106540	148096	211005	736384	170746	136272	97160	70278	311100	38073	94416	91136	130872	93728	110500	239502	126177	143175	12348	5558	34776	32536	747	0	0	1005	890	0	0	49
315.0000169415183	0	0	0	0	0	5571730	0	1302327	546416	558992	536466	3166021	159642	292572	1036074	45084	22127	115842	343765	80832	121110	482560	0	255833	267216	244178	827492	208432	112280	155216	222615	834944	182192	144840	102760	75313	337800	40959	101304	98078	141778	102818	121940	280851	137843	167325	15092	11116	40848	42336	4482	0	0	1876	1691	1001	0	98
320.0000006860294	0	0	0	0	0	5637072	0	1307709	549380	562520	539593	3186125	163086	296786	1050075	46053	22591	118164	353418	82560	124608	499728	0	265071	279376	252769	865414	216944	118440	162959	234495	921536	192576	156672	108500	79235	367800	43882	107856	105376	151354	109787	132340	328107	157491	188025	17640	15880	48714	51744	15687	0	0	2948	3026	2574	0	294
325.00000279177016	0	0	0	0	0	5711244	0	1315431	551824	565488	542985	3203716	166068	300484	1067666	46971	23171	120400	360313	84480	127842	515504	0	270882	287584	262328	919184	224784	124110	172660	246645	1002496	202842	165036	113190	82415	399600	47175	115920	113030	162260	116857	142220	355494	176832	208725	20776	25408	53820	63112	33615	0	553	4757	3738	4290	0	539
330.00000147826023	0	0	0	0	0	5778352	0	1322802	555048	568288	545688	3222743	168210	304440	1088847	47889	23519	122980	367405	85920	131472	529424	0	277438	297616	270072	965030	233408	129290	181026	257985	1094016	212046	171972	119280	87185	426300	49432	123900	119794	171304	124836	152360	390399	200778	227010	22736	30966	61134	72912	46314	0	3871	6298	4450	6864	0	882
335.00000197022734	0	0	0	0	0	5849875	0	1328301	557804	570248	549027	3233872	170478	308998	1106438	48807	23954	125130	374497	87744	134904	541952	0	285037	306280	277695	1012008	242256	133560	187612	269325	1174272	220542	180846	124880	90948	451500	51948	132048	126202	182742	132209	162240	430674	228408	252885	25088	38112	68448	83300	70218	0	10507	8174	6141	9438	0	1176
340.00000205559394	0	0	0	0	0	5919632	0	1333566	560456	572656	551783	3247514	172326	313814	1126183	49266	24360	127452	381195	88656	137940	554944	0	289358	315400	286165	1059552	248192	138110	194821	279855	1251712	230808	189720	131110	94817	479400	55019	139608	132699	190190	139380	171730	476319	258801	283245	27440	44464	75210	93296	91881	0	17696	11390	8544	12584	586	1862
345.0000002505432	0	0	0	0	0	5977027	0	1338129	563264	574616	554380	3259361	174048	316824	1139107	50082	24737	129086	387893	90384	140712	569328	0	296808	323608	291489	1101436	255696	142520	200606	291465	1324224	240484	197574	138390	98898	504000	57609	146412	139374	200165	145743	181220	504780	290729	313950	30380	47640	82524	105056	118773	0	32074	13266	11214	15873	3516	2303
350.00000418784145	0	0	0	0	0	6043252	0	1341522	565396	577136	555970	3266541	176526	320092	1153467	51000	25230	131494	396167	91632	142824	582320	0	302321	332728	296934	1139358	262416	147140	207281	299835	1400960	249216	205836	144340	102502	528000	60088	153636	146494	210007	154833	192400	550425	320201	353280	35672	55580	89286	113092	142677	0	39263	16080	13706	20878	8204	2940
355.00000219586855	0	0	0	0	0	6094466	0	1345032	567372	579320	557825	3275875	179004	323360	1169622	51663	25578	133730	400698	93552	146454	597400	0	307983	341240	303347	1187468	269920	151270	213066	310770	1483328	259010	213588	149380	106795	553800	62715	159180	152279	219450	160893	201760	585330	350901	382260	40376	61138	96600	123480	181521	0	50876	18626	17088	23881	15236	3871
360.0000016808193	0	0	0	0	0	6143914	0	1347840	569088	581560	559680	3286645	181188	326800	1187213	52734	26216	135622	407199	95088	149292	609464	0	315731	348992	308429	1232182	276416	154840	218940	319950	1559360	267506	221748	153720	110134	580500	65305	165228	159399	227297	168973	210990	633123	374540	410205	44688	69872	104328	133476	226341	3954	71890	21842	20114	27313	25198	4606
365.0000071105579	0	0	0	0	0	6191596	0	1350765	570544	583688	561694	3296338	182952	329466	1201573	53397	26593	137858	414882	96384	153186	621296	0	320797	358112	316173	1270104	283808	159110	224903	328185	1641728	276120	228888	159110	113738	608400	67821	172704	165095	237272	175740	219180	668565	400942	442290	48412	74636	113160	143864	262197	15816	90692	24723	22250	33319	36332	5733
370.0000000120733	0	0	0	0	0	6233097	0	1354275	572468	585592	563337	3306031	184884	331186	1213779	54366	27086	139836	422959	98064	156222	632664	0	325714	364800	322586	1304064	288960	163100	233536	337635	1721984	284144	236640	164150	116812	634200	70448	180432	170791	248045	180992	229840	714747	429800	471960	51548	79400	120060	153076	301788	26360	111153	27269	25009	38181	45708	6713
375.0000043746504	0	0	0	0	0	6278130	0	1356615	573820	587272	564397	3316442	186354	333594	1226703	55029	27521	141212	429657	99648	159192	642176	0	331972	372552	328636	1339722	295456	166530	238965	343575	1790272	290988	244902	168420	121052	658500	72890	187152	176843	257355	187557	238550	756096	458965	503010	54880	83370	126684	163464	352584	44812	129955	30619	28658	44187	60944	8281
380.0000018699312	0	0	0	0	0	6309035	0	1358838	575172	589064	565404	3325058	188160	336346	1237114	55896	28188	143190	436158	100704	162162	654704	0	338081	379848	333839	1374248	301616	170100	243593	352080	1863488	300310	251838	173880	124709	683100	75295	194124	182895	266665	195334	248170	793686	493042	535440	59780	90516	133446	177380	401139	63264	147651	35041	32129	49335	74422	9653
385.0000030966568	0	0	0	0	0	6340823	0	1361997	576472	590464	566676	3331879	190134	339528	1252192	56610	28623	144910	442068	102144	165066	669552	0	342998	389424	339526	1404812	308336	173600	248132	358290	1929664	307272	259386	179130	128154	708600	77848	201516	188591	276241	202909	259090	840942	517295	570630	63896	99250	141588	187964	454923	104122	167006	38056	35689	54054	95518	11270
390.00000708558315	0	0	0	0	0	6366430	0	1365039	577876	592368	567948	3342290	191814	341420	1264398	57681	29232	147318	447387	103584	169092	681616	0	348213	397480	344608	1441602	313936	176540	252404	365175	2000064	313762	264486	184170	131069	730200	80512	207228	193575	283556	208565	270140	880680	544004	604785	68600	114336	148902	198548	508707	144980	184702	41875	39249	58630	114270	12250
395.0000034512496	0	0	0	0	0	6399101	0	1368783	578968	593880	568955	3348034	194250	343742	1275886	58446	29551	149726	451721	104592	171798	691592	0	354024	405536	350779	1468770	319760	179970	257744	371790	2056384	320960	269994	187530	134037	753300	82251	213024	199271	292999	214827	277940	918807	570713	635490	71540	129422	156216	210700	555021	193746	210140	46163	42898	66495	133022	13867
400.0000006520945	0	0	0	0	0	6424708	0	1371474	580216	595224	570545	3355214	196014	345978	1283784	59007	30305	151188	459010	105840	174570	700872	0	358643	414200	355135	1498202	325360	182700	262372	380160	2128192	327450	275400	191310	136846	780000	84249	219744	203543	302043	220281	285740	953175	603869	674820	74284	139744	165738	220892	605817	239876	240555	50652	47081	73216	151188	15582
405.00000658651186	0	0	0	0	0	6444134	0	1374867	581152	596120	572029	3359522	197820	347956	1293477	59670	30682	152908	463738	107280	176616	712936	0	362666	421344	360096	1531596	331856	186340	267267	387585	2199296	333232	282132	195230	140715	798900	85988	225792	207192	311486	225634	292890	989691	637332	710355	78204	155624	173190	232260	662589	315002	274288	54806	51264	78936	172870	17052
410.0000016624958	0	0	0	0	0	6466209	0	1377324	582400	597072	572983	3364189	200466	350106	1303170	60231	31030	155230	470633	108720	179388	721520	0	367136	428184	364936	1555934	337680	189070	271450	395415	2262656	339604	288252	199360	144054	819000	88134	230160	213066	319599	231189	299260	1029429	675707	752790	83104	166740	181746	242256	720108	371676	301938	60032	56159	85085	196896	18522
415.0000011411161	0	0	0	0	0	6495348	0	1380366	583440	597912	574573	3368856	202314	352514	1311427	61047	31436	156434	478316	109872	182226	732656	0	372649	434264	372196	1585366	344064	192290	275188	403380	2344320	345150	294372	203000	147181	837000	90687	236376	217160	325584	236542	305630	1073463	706407	801090	88396	178650	189198	255976	766422	434940	326823	64789	61232	92807	221508	21070
420.0000008204694	0	0	0	0	0	6513891	0	1382940	584428	599088	575739	3373523	204372	355008	1320402	61761	31842	158068	485605	110976	184734	745416	0	379205	440344	376431	1611968	349328	195790	279549	411345	2403456	353882	300798	207620	150838	862800	93092	241164	221343	331835	241794	313950	1112664	735879	845250	93100	190560	196650	264992	826182	510066	350049	69680	65415	99385	245534	22638
425.00000008458454	0	0	0	0	0	6541264	0	1385748	585676	600040	576746	3375318	206262	357158	1325787	62271	32132	159702	491712	112992	187638	755624	0	384271	447336	381997	1644796	354256	198870	284444	420390	2456960	360608	306510	212590	154071	884400	95127	247380	225259	340480	246440	320450	1153476	766272	882165	98784	201676	203964	275772	885942	572012	389865	74504	70132	107107	273662	25578
430.0000000030844	0	0	0	0	0	6560690	0	1388556	586768	600936	577276	3379626	208320	359824	1328659	62526	32973	161938	495455	114384	190410	768616	0	389784	456000	388168	1669134	360416	201670	289250	427680	2511872	366272	312936	217000	157728	902700	97421	253092	229887	347928	250177	326690	1195899	792674	928740	102508	219144	212658	287140	938979	652410	417515	78725	73781	115401	309408	27587
435.00000219876273	0	0	0	0	0	6592478	0	1391013	587912	601944	578177	3385011	210588	362318	1335480	63138	33437	164002	503335	115296	192720	777664	0	394105	461928	393129	1701962	365008	204470	293789	435645	2573824	373588	317526	221270	161120	927600	99382	258216	234426	356041	255833	334750	1230267	814778	965655	106624	231054	220110	300860	992763	713038	444059	83482	77519	121693	340466	30282
440.00000171756824	0	0	0	0	0	6611904	0	1392768	589160	602952	579237	3390037	212520	364898	1343019	63801	34017	165464	508654	116736	196416	786712	0	398575	470440	397969	1728564	369712	207620	298684	443880	2639296	379724	322728	225190	163346	943800	102268	263592	239410	361760	263307	340990	1259802	846092	1006020	111720	245346	229080	311836	1049535	789482	476133	88105	82325	129558	370352	32389
445.0000074947933	0	0	0	0	0	6633096	0	1394991	589836	604352	580297	3394345	214368	367392	1350917	64107	34510	166496	515352	117792	198990	794136	0	401555	476976	402567	1752902	374416	211050	304113	449820	2685056	388220	329052	229600	166420	966900	104081	268884	243504	368942	268458	349180	1293096	880783	1049145	114464	256462	236946	322224	1114524	864608	507101	93264	89089	137566	400824	34741
450.00000767056304	0	0	0	0	0	6649873	0	1396629	590720	605248	581198	3398294	215796	369714	1358815	64872	34916	167786	520868	119136	201894	804112	0	406025	483816	408496	1785164	379792	214410	308296	457110	2736448	394710	334968	234430	169017	989400	106005	272580	248310	377055	272902	354770	1325316	910255	1093305	119952	265196	245916	333004	1164573	947642	539175	97619	94607	145574	427780	37534
455.0000008176492	0	0	0	0	0	6662235	0	1398150	591604	605976	581940	3400089	217266	372036	1367431	65637	35554	169678	527566	120672	204864	812232	0	410644	491112	414062	1811200	385168	217910	313547	463590	2796992	402616	339966	238420	171773	1008300	107411	278964	253116	383040	277144	362050	1348407	944639	1128495	123480	273136	253782	342608	1219104	1028040	567378	103046	99235	152295	460010	39935
460.00000409839134	0	0	0	0	0	6670182	0	1399671	592332	606256	583212	3405474	218820	374014	1378560	66351	36047	171484	532688	121776	207174	820584	0	414518	497192	419265	1837802	391776	220920	318442	469800	2868800	408870	345168	241920	174794	1027800	109261	283836	257566	390621	283608	370240	1376868	974725	1172655	128184	285046	258750	353192	1290069	1122936	604982	108741	105198	159016	489896	42973
465.00000233469405	0	0	0	0	0	6689608	0	1401426	593060	607152	583901	3409782	220458	376078	1388253	67218	36453	173032	538007	122976	210540	829632	0	418094	502968	423742	1862140	396592	223790	322803	477090	2923008	414770	351186	245910	178239	1050600	111074	289464	261660	396739	287951	376610	1402644	1003276	1213020	132496	295368	265926	365540	1358793	1215196	644245	114905	109737	167167	519196	45864
470.00000271615954	0	0	0	0	0	6704619	0	1402479	593788	607936	585067	3411936	222348	378142	1396869	67728	37033	175268	543917	124656	213906	836824	0	422713	512392	428461	1887610	400848	227080	326897	482760	2980736	420434	356490	248990	182426	1072800	113331	296100	266288	404320	293708	382460	1437549	1037353	1255800	137004	306484	273930	376516	1423035	1302184	675766	120131	114276	174174	549082	49147
475.0000012636561	0	0	0	0	0	6721396	0	1404468	594672	608832	585703	3413731	223524	379862	1406921	68748	37381	176902	548645	125952	217206	844248	0	427928	519080	432938	1915910	407344	229040	331169	490320	3037056	425036	361182	253960	185659	1093500	114922	300384	270827	410172	298556	388440	1465473	1067746	1293405	140532	319982	280968	389060	1499229	1402352	707287	125893	119527	183183	583656	52479
480.0000006715706	0	0	0	0	0	6731992	0	1406106	595400	609728	586392	3416244	225372	381238	1414460	69717	37845	179224	553570	127200	219648	852832	0	433143	525768	436689	1934022	412384	232050	335530	496665	3089152	430700	367098	258790	188044	1110000	117105	304836	274209	416822	302899	393510	1498767	1098753	1325490	147196	333480	289248	398664	1553013	1489340	736596	131588	125312	190619	613542	56497
485.000006453501	0	0	0	0	0	6743471	0	1407861	596336	610232	587346	3418757	226968	383732	1422358	70482	38483	180944	557904	128160	223608	861184	0	438656	534584	442618	1953266	415856	235550	338645	502740	3148992	435774	371484	262290	190906	1126200	119029	308952	277858	422408	308454	398580	1525080	1134979	1366200	151900	342214	297252	408464	1621737	1580282	771988	137149	129406	198341	649874	59633
490.00000118439425	0	0	0	0	0	6755833	0	1409499	597220	610904	587982	3424142	228522	385710	1430256	71145	39092	181976	562829	129456	226710	868840	0	443126	542488	447216	1976472	419552	238700	342828	508140	3194752	441556	378012	266420	194139	1143000	120546	313488	281596	427595	312090	403910	1559448	1163837	1406220	156604	352536	304704	420224	1709883	1677814	812357	143782	133767	205777	681518	61936
495.0000048200606	0	0	0	0	0	6766429	0	1411020	598208	612248	588671	3429168	230286	387000	1436718	71961	39498	182922	568542	130464	229614	879280	0	447149	548416	451572	1996848	424592	241780	346477	515565	3241216	446630	382704	270130	197054	1159500	122470	317100	284355	434378	316433	410020	1590057	1197607	1455210	163072	359682	312708	429632	1787571	1759530	851067	149209	138840	212927	710818	64386
500.0000003615267	0	0	0	0	0	6780557	0	1412892	598884	613032	589307	3431681	231714	388462	1443898	72573	40078	183954	574649	131808	233244	887400	0	450278	555712	457138	2020054	429856	244650	349948	522315	3298240	452530	387192	274120	199651	1180200	124061	321972	288449	438767	319160	416000	1607241	1229228	1494540	167972	369210	320436	441000	1871982	1843882	885906	155038	143112	220363	746564	67228
505.00000457788235	0	0	0	0	0	6790270	0	1414881	599508	614096	589837	3434194	233058	389838	1448924	73338	40513	186104	580953	132912	236346	896912	0	454748	561792	462341	2042128	435008	247100	354487	527850	3354560	458312	392700	277760	201718	1198500	125652	326928	292276	446215	323806	421200	1631943	1268217	1541115	172088	373974	328992	450800	1955646	1969092	923510	161939	149164	229229	784654	69580
510.0000044698159	0	0	0	0	0	6799100	0	1417221	600132	614880	591003	3435630	234612	391128	1453950	73746	40919	187566	588242	134064	239052	907120	0	458622	568176	465608	2066466	440160	249060	358403	533385	3416512	462442	396474	282240	204262	1218600	127206	331968	295569	451801	328654	426790	1659867	1303829	1583895	177380	383502	334374	461188	2019141	2066624	962220	170448	154237	237237	825674	71736
515.0000016121872	0	0	0	0	0	6804398	0	1419795	600912	615552	591427	3437425	236670	392332	1462566	74460	41412	189458	593955	135360	242154	916864	0	464284	576232	470085	2087408	444192	251440	362408	539595	3469312	467870	401778	285670	206647	1236900	128908	337260	298239	455658	332694	432380	1682421	1332994	1628055	182084	389854	342792	475692	2094588	2191834	985999	177617	158865	245960	861420	74676
520.0000025205894	0	0	0	0	0	6812345	0	1421433	601432	616448	592063	3439220	238224	394396	1468669	74970	41673	190748	601638	136224	245190	927072	0	468903	582768	476982	2108916	448784	254100	367481	546210	3520000	473652	407592	289240	209403	1255800	130610	340956	301621	461244	336330	438880	1710882	1360317	1673250	187180	398588	350244	488040	2186469	2298592	1015861	185255	162603	255255	897752	76979
525.0000168749835	0	0	0	0	0	6819409	0	1423539	602420	617176	592911	3441733	239484	396374	1476208	75786	42021	192640	605972	136848	248160	934032	0	473224	590064	481580	2124764	453824	256270	371842	551475	3574208	479552	412182	293090	211894	1277400	132238	344988	305982	465367	340875	445510	1733973	1387947	1716720	191688	408116	359214	498036	2258928	2409304	1051253	191151	168566	262834	936428	80017
530.0000051433371	0	0	0	0	0	6835303	0	1425060	603356	618016	593706	3445682	240660	397664	1483388	76398	42601	194016	612473	138288	251526	946096	0	477247	599032	486783	2147404	458528	258650	376470	559305	3626304	484390	416568	297290	214544	1295700	134125	349692	309097	472283	345319	450320	1752768	1416498	1759845	196980	412880	367080	510580	2333628	2520016	1089410	197516	173283	272129	973346	82516
535.0000068988486	0	0	0	0	0	6843250	0	1426230	604188	618856	594130	3447836	242004	398954	1488414	76755	42978	195564	617989	138912	255618	958160	0	482015	607696	491260	2171742	465136	261100	380030	564435	3680512	490290	420954	300790	217406	1315200	135901	353136	312835	476805	349460	454870	1775322	1445356	1806765	200116	417644	375912	519204	2411316	2636000	1118719	203680	178890	279565	1009092	84868
540.0000036706278	0	0	0	0	0	6852080	0	1427400	604656	619360	594872	3450349	243306	400330	1493081	77622	43442	197370	624096	139872	258720	966744	0	485889	614384	497310	2200608	469392	263900	383590	570915	3725568	495364	427074	304990	219473	1331400	137936	357420	315950	481726	353904	460200	1801635	1475442	1846095	204624	422408	383502	528220	2493486	2750666	1149134	211653	184586	285571	1038978	88102
545.00000644614	0	0	0	0	0	6859144	0	1429623	605176	619752	595137	3452144	244566	401706	1498466	77775	43935	198918	630991	140784	261558	977648	0	490359	621224	501545	2225512	473088	267750	387239	576180	3774848	502326	431154	308350	221540	1351800	140378	361788	319866	487578	357136	465010	1828485	1503686	1888530	210896	428760	389712	538412	2577150	2857424	1181761	219693	189214	297440	1078826	91434
550.0000009782598	0	0	0	0	0	6867974	0	1430793	605488	620480	595667	3455016	246456	403512	1504569	78744	44225	200380	635719	141936	264000	988552	0	494084	628672	505538	2243058	477568	270690	390532	583335	3825536	507636	435540	311570	223925	1370400	141969	366156	322358	493430	361883	470730	1856409	1536228	1931655	215992	437494	396336	548212	2654838	2989224	1223236	226795	192952	304304	1111056	94031
555.0000028811213	0	0	0	0	0	6874155	0	1432782	606060	621152	596515	3457529	247926	404802	1509954	79254	44631	201498	639265	142848	267234	996440	0	497064	635816	509168	2266830	482384	273910	394270	588735	3868480	514834	440844	314860	226522	1389600	143634	371196	325562	498617	365822	477230	1876278	1567235	1978230	222068	442258	403788	556248	2751201	3089392	1259734	234768	197313	314600	1144458	96138
560.0000003219939	0	0	0	0	0	6878570	0	1433484	606320	621936	596992	3459324	249312	406178	1513185	79815	45037	202874	644978	143712	270600	1003864	0	499746	643720	513040	2293998	486976	276850	398542	594270	3919168	519318	445944	318290	228748	1407300	145817	375228	329834	503538	369054	483600	1895610	1601312	2020665	227948	447816	410688	565068	2839347	3227782	1293467	244014	202119	321035	1182548	98245
565.0000019279212	0	0	0	0	0	6891815	0	1434771	606788	622664	597098	3462196	250656	407640	1517493	80223	45298	204766	649706	144624	273768	1010360	0	503918	649800	517396	2315506	491008	279160	402280	603315	3964224	524982	451758	321720	230974	1429800	147630	379680	333038	508060	373195	489320	1921923	1629863	2067240	231280	451786	417450	575456	2923758	3345084	1324988	251049	205946	328757	1220638	101087
570.0000009842544	0	0	0	0	0	6898879	0	1435707	607256	623392	597416	3463632	252294	409446	1523237	80988	45675	205712	657586	145632	277530	1018016	0	507345	656640	521752	2337014	495712	281540	405484	609255	4000128	529702	456858	324870	233836	1442700	149702	384972	336331	514178	376932	494650	1949310	1658721	2112090	236376	457344	422418	584668	3018627	3480838	1351532	257146	209417	336479	1254626	103390
575.0000046292531	0	0	0	0	0	6906826	0	1437462	607516	623896	597840	3465786	253344	410306	1528263	81192	46081	207002	662314	146304	281292	1024512	0	511964	662568	525140	2357390	500528	283990	409756	614385	4058560	534540	462672	328230	235744	1460700	151663	389676	339535	520030	381073	498290	1973475	1689728	2160045	244020	466872	430698	595448	3118725	3594186	1384159	263377	213778	344487	1293888	105497
580.0000035018095	0	0	0	0	0	6913007	0	1438749	608036	624344	598211	3469376	254814	411596	1533648	81753	46371	208808	666057	147024	284130	1031472	0	515987	668496	529012	2375502	505232	287280	412693	620190	4104320	541620	467466	331660	238553	1475100	153661	394296	343718	525483	385416	503230	1993881	1728103	2211105	249116	477988	438012	605836	3215835	3714124	1419551	271015	217783	351780	1327290	108633
585.0000015405429	0	0	0	0	0	6923603	0	1439919	608556	624904	598635	3471530	255990	412972	1536879	82365	46951	210184	672361	148416	287298	1040056	0	520308	677160	533126	2392482	508032	290710	415541	626670	4157120	547048	472566	334880	240408	1488900	155659	398580	347011	530803	390163	505830	2011602	1756347	2267340	253036	484340	444084	614460	3297258	3815610	1453837	278184	223034	357643	1361864	111181
590.0000011204941	0	0	0	0	0	6932433	0	1441089	608868	625128	598953	3474043	257040	414692	1540469	82926	47415	211130	678862	149280	289938	1050960	0	523139	685216	536756	2413424	511616	293230	419902	632745	4216256	552240	476238	337750	242899	1508400	157620	401940	351016	535990	394001	511290	2037915	1787354	2312535	258132	490692	450708	624848	3401091	3919732	1482593	286492	227217	364364	1388820	113582
595.0000046095149	0	0	0	0	0	6940380	0	1442376	609232	625464	599271	3476556	258426	415896	1545136	83385	47647	212076	684575	150528	292710	1061400	0	525821	694032	540386	2434366	516992	295540	423551	638280	4269760	557196	479910	340830	244807	1528800	159433	405468	355199	541177	399051	517140	2062080	1822352	2359800	262836	497044	457332	635236	3481767	4056804	1512455	294934	231044	370227	1421636	115983
600.0000045717069	0	0	0	0	0	6950976	0	1443195	609596	626136	599483	3478351	259980	416584	1550521	83946	48053	213882	689894	151296	295614	1069288	0	529695	700872	544137	2457006	521024	298620	426488	643545	4324672	563332	485010	344050	247139	1545000	161320	409752	358136	546364	403495	522210	2083560	1855201	2412240	267148	503396	467544	643664	3581118	4180696	1536234	303510	235583	376805	1455038	118433
