>time	Ribosome	coli Pol	coli Pol-P	coli Pol-2.0	coli Pol-P-2.0	gp1	gp1-3.5	gp0.3	gp0.4	gp0.5	gp0.6A	gp0.7	gp1.1	gp1.2	gp1.3	gp1.4	gp1.5	gp1.6	gp1.7	gp1.8	gp2.0	gp2.5	gp2.8	gp3.0	gp3.5	gp3.8	gp4A	gp4.2	gp4.3	gp4.5	gp4.7	gp5.0	gp5.3	gp5.5	gp5.7	gp5.9	gp6.0	gp6.3	gp6.5	gp6.7	gp7	gp7.3	gp7.7	gp8	gp9	gp10A	gp11	gp12	gp13	gp14	gp15	gp16	gp17	gp17.5	gp18	gp18.5	gp19	gp19.5	RNA: gp0.3	RNA: gp0.4	RNA: gp0.5	RNA: gp0.6A	RNA: gp0.7	RNA: gp1	RNA: gp1.1	RNA: gp1.2	RNA: gp1.3	RNA: gp1.4	RNA: gp1.5	RNA: gp1.6	RNA: gp1.7	RNA: gp1.8	RNA: gp2.0	RNA: gp2.5	RNA: gp3.0	RNA: gp3.5	RNA: gp3.8	RNA: gp4A	RNA: gp4.2	RNA: gp4.3	RNA: gp4.5	RNA: gp4.7	RNA: gp5.0	RNA: gp5.3	RNA: gp5.5	RNA: gp5.7	RNA: gp5.9	RNA: gp6.0	RNA: gp6.3	RNA: gp6.5	RNA: gp6.7	RNA: gp7	RNA: gp7.3	RNA: gp7.7	RNA: gp8	RNA: gp9	RNA: gp10A	RNA: gp11	RNA: gp12	RNA: gp13	RNA: gp14	RNA: gp15	RNA: gp16	RNA: gp17	RNA: gp17.5	RNA: gp18	RNA: gp18.5	RNA: gp19	RNA: gp19.5	NumColiPoly:	4	NumT7Poly	2	NumOfTimePoints:	121	NumOfProteins:	58	NumOfCoding	51
0.002588739662456577	10000	1800	0	0	0	0	0	0	0	0	0	0	0	0	0	0	0	0	0	0	0	0	0	0	0	0	0	0	0	0	0	0	0	0	0	0	0	0	0	0	0	0	0	0	0	0	0	0	0	0	0	0	0	0	0	0	0	0	0	0	0	0	0	0	0	0	0	0	0	0	0	0	0	0	0	0	0	0	0	0	0	0	0	0	0	0	0	0	0	0	0	0	0	0	0	0	0	0	0	0	0	0	0	0	0	0	0	0	0
5.001348512843368	10000	1800	0	0	0	0	0	0	0	0	0	0	0	0	0	0	0	0	0	0	0	0	0	0	0	0	0	0	0	0	0	0	0	0	0	0	0	0	0	0	0	0	0	0	0	0	0	0	0	0	0	0	0	0	0	0	0	0	0	0	0	0	0	0	0	0	0	0	0	0	0	0	0	0	0	0	0	0	0	0	0	0	0	0	0	0	0	0	0	0	0	0	0	0	0	0	0	0	0	0	0	0	0	0	0	0	0	0	0
10.005737253442264	10000	1794	0	0	0	0	0	0	0	0	0	0	0	0	0	0	0	0	0	0	0	0	0	0	0	0	0	0	0	0	0	0	0	0	0	0	0	0	0	0	0	0	0	0	0	0	0	0	0	0	0	0	0	0	0	0	0	0	0	0	0	0	0	0	0	0	0	0	0	0	0	0	0	0	0	0	0	0	0	0	0	0	0	0	0	0	0	0	0	0	0	0	0	0	0	0	0	0	0	0	0	0	0	0	0	0	0	0	0
15.004013016170154	9998	1781	0	0	0	0	0	0	0	0	0	0	0	0	0	0	0	0	0	0	0	0	0	0	0	0	0	0	0	0	0	0	0	0	0	0	0	0	0	0	0	0	0	0	0	0	0	0	0	0	0	0	0	0	0	0	0	0	0	0	0	0	0	0	0	0	0	0	0	0	0	0	0	0	0	0	0	0	0	0	0	0	0	0	0	0	0	0	0	0	0	0	0	0	0	0	0	0	0	0	0	0	0	0	0	0	0	0	0
20.0005628320268	9993	1770	0	0	0	0	0	0	0	0	0	0	0	0	0	0	0	0	0	0	0	0	0	0	0	0	0	0	0	0	0	0	0	0	0	0	0	0	0	0	0	0	0	0	0	0	0	0	0	0	0	0	0	0	0	0	0	0	0	0	0	0	0	0	0	0	0	0	0	0	0	0	0	0	0	0	0	0	0	0	0	0	0	0	0	0	0	0	0	0	0	0	0	0	0	0	0	0	0	0	0	0	0	0	0	0	0	0	0
25.000168905214206	9974	1757	0	0	0	0	0	0	1	0	0	0	0	0	0	0	0	0	0	0	0	0	0	0	0	0	0	0	0	0	0	0	0	0	0	0	0	0	0	0	0	0	0	0	0	0	0	0	0	0	0	0	0	0	0	0	0	0	4	0	0	0	0	0	0	0	0	0	0	0	0	0	0	0	0	0	0	0	0	0	0	0	0	0	0	0	0	0	0	0	0	0	0	0	0	0	0	0	0	0	0	0	0	0	0	0	0	0	0
30.000137956473825	9933	1746	0	0	0	0	0	7	3	0	0	0	0	0	0	0	0	0	0	0	0	0	0	0	0	0	0	0	0	0	0	0	0	0	0	0	0	0	0	0	0	0	0	0	0	0	0	0	0	0	0	0	0	0	0	0	0	0	7	3	1	0	0	0	0	0	0	0	0	0	0	0	0	0	0	0	0	0	0	0	0	0	0	0	0	0	0	0	0	0	0	0	0	0	0	0	0	0	0	0	0	0	0	0	0	0	0	0	0
35.000225909176905	9879	1735	0	0	0	0	0	18	9	4	0	0	0	0	0	0	0	0	0	0	0	0	0	0	0	0	0	0	0	0	0	0	0	0	0	0	0	0	0	0	0	0	0	0	0	0	0	0	0	0	0	0	0	0	0	0	0	0	25	6	3	2	0	0	0	0	0	0	0	0	0	0	0	0	0	0	0	0	0	0	0	0	0	0	0	0	0	0	0	0	0	0	0	0	0	0	0	0	0	0	0	0	0	0	0	0	0	0	0
40.00004354195114	9797	1726	0	0	0	0	0	52	26	9	4	0	0	0	0	0	0	0	0	0	0	0	0	0	0	0	0	0	0	0	0	0	0	0	0	0	0	0	0	0	0	0	0	0	0	0	0	0	0	0	0	0	0	0	0	0	0	0	40	21	9	4	0	0	0	0	0	0	0	0	0	0	0	0	0	0	0	0	0	0	0	0	0	0	0	0	0	0	0	0	0	0	0	0	0	0	0	0	0	0	0	0	0	0	0	0	0	0	0
45.000170774816	9689	1714	0	0	0	0	0	86	62	22	12	0	0	0	0	0	0	0	0	0	0	0	0	0	0	0	0	0	0	0	0	0	0	0	0	0	0	0	0	0	0	0	0	0	0	0	0	0	0	0	0	0	0	0	0	0	0	0	48	35	21	10	0	0	0	0	0	0	0	0	0	0	0	0	0	0	0	0	0	0	0	0	0	0	0	0	0	0	0	0	0	0	0	0	0	0	0	0	0	0	0	0	0	0	0	0	0	0	0
50.00015960764038	9583	1694	0	0	0	0	0	143	103	64	36	0	0	0	0	0	0	0	0	0	0	0	0	0	0	0	0	0	0	0	0	0	0	0	0	0	0	0	0	0	0	0	0	0	0	0	0	0	0	0	0	0	0	0	0	0	0	0	63	44	37	23	0	0	0	0	0	0	0	0	0	0	0	0	0	0	0	0	0	0	0	0	0	0	0	0	0	0	0	0	0	0	0	0	0	0	0	0	0	0	0	0	0	0	0	0	0	0	0
55.00020192890555	9446	1682	0	0	0	0	0	218	165	114	72	0	0	0	0	0	0	0	0	0	0	0	0	0	0	0	0	0	0	0	0	0	0	0	0	0	0	0	0	0	0	0	0	0	0	0	0	0	0	0	0	0	0	0	0	0	0	0	78	61	47	43	0	0	0	0	0	0	0	0	0	0	0	0	0	0	0	0	0	0	0	0	0	0	0	0	0	0	0	0	0	0	0	0	0	0	0	0	0	0	0	0	0	0	0	0	0	0	0
60.00008073182281	9346	1678	0	0	0	0	0	308	238	180	128	0	0	0	0	0	0	0	0	0	0	0	0	0	0	0	0	0	0	0	0	0	0	0	0	0	0	0	0	0	0	0	0	0	0	0	0	0	0	0	0	0	0	0	0	0	0	0	90	69	61	55	0	0	0	0	0	0	0	0	0	0	0	0	0	0	0	0	0	0	0	0	0	0	0	0	0	0	0	0	0	0	0	0	0	0	0	0	0	0	0	0	0	0	0	0	0	0	0
65.00024795655433	9183	1657	3	0	0	0	0	398	317	251	199	0	0	0	0	0	0	0	0	0	0	0	0	0	0	0	0	0	0	0	0	0	0	0	0	0	0	0	0	0	0	0	0	0	0	0	0	0	0	0	0	0	0	0	0	0	0	0	95	82	70	71	13	0	0	0	0	0	0	0	0	0	0	0	0	0	0	0	0	0	0	0	0	0	0	0	0	0	0	0	0	0	0	0	0	0	0	0	0	0	0	0	0	0	0	0	0	0	0
70.00001148168704	9018	1637	7	0	0	0	0	502	409	337	310	0	0	0	0	0	0	0	0	0	0	0	0	0	0	0	0	0	0	0	0	0	0	0	0	0	0	0	0	0	0	0	0	0	0	0	0	0	0	0	0	0	0	0	0	0	0	0	107	89	84	82	24	0	0	0	0	0	0	0	0	0	0	0	0	0	0	0	0	0	0	0	0	0	0	0	0	0	0	0	0	0	0	0	0	0	0	0	0	0	0	0	0	0	0	0	0	0	0
75.00027615447802	8849	1606	22	0	0	0	0	617	522	453	430	0	0	0	0	0	0	0	0	0	0	0	0	0	0	0	0	0	0	0	0	0	0	0	0	0	0	0	0	0	0	0	0	0	0	0	0	0	0	0	0	0	0	0	0	0	0	0	121	98	90	91	55	0	0	0	0	0	0	0	0	0	0	0	0	0	0	0	0	0	0	0	0	0	0	0	0	0	0	0	0	0	0	0	0	0	0	0	0	0	0	0	0	0	0	0	0	0	0
80.00024999716425	8645	1566	49	0	0	0	0	740	660	571	580	0	0	0	0	0	0	0	0	0	0	0	0	0	0	0	0	0	0	0	0	0	0	0	0	0	0	0	0	0	0	0	0	0	0	0	0	0	0	0	0	0	0	0	0	0	0	0	137	114	102	102	83	0	0	0	0	0	0	0	0	0	0	0	0	0	0	0	0	0	0	0	0	0	0	0	0	0	0	0	0	0	0	0	0	0	0	0	0	0	0	0	0	0	0	0	0	0	0
85.0001291791869	8412	1512	98	0	0	0	0	900	813	690	758	0	0	0	0	0	0	0	0	0	0	0	0	0	0	0	0	0	0	0	0	0	0	0	0	0	0	0	0	0	0	0	0	0	0	0	0	0	0	0	0	0	0	0	0	0	0	0	154	130	117	113	91	0	0	0	0	0	0	0	0	0	0	0	0	0	0	0	0	0	0	0	0	0	0	0	0	0	0	0	0	0	0	0	0	0	0	0	0	0	0	0	0	0	0	0	0	0	0
90.00010410602258	8178	1449	138	0	0	0	0	1071	974	828	929	0	0	0	0	0	0	0	0	0	0	0	0	0	0	0	0	0	0	0	0	0	0	0	0	0	0	0	0	0	0	0	0	0	0	0	0	0	0	0	0	0	0	0	0	0	0	0	161	144	129	133	105	0	0	0	0	0	0	0	0	0	0	0	0	0	0	0	0	0	0	0	0	0	0	0	0	0	0	0	0	0	0	0	0	0	0	0	0	0	0	0	0	0	0	0	0	0	0
95.00013224781176	7929	1364	219	0	0	0	0	1262	1138	988	1175	0	0	0	0	0	0	0	0	0	0	0	0	0	0	0	0	0	0	0	0	0	0	0	0	0	0	0	0	0	0	0	0	0	0	0	0	0	0	0	0	0	0	0	0	0	0	0	176	157	145	147	122	0	0	0	0	0	0	0	0	0	0	0	0	0	0	0	0	0	0	0	0	0	0	0	0	0	0	0	0	0	0	0	0	0	0	0	0	0	0	0	0	0	0	0	0	0	0
100.00021374862008	7623	1263	300	0	0	0	0	1447	1337	1163	1437	0	0	0	0	0	0	0	0	0	0	0	0	0	0	0	0	0	0	0	0	0	0	0	0	0	0	0	0	0	0	0	0	0	0	0	0	0	0	0	0	0	0	0	0	0	0	0	183	169	158	162	137	0	0	0	0	0	0	0	0	0	0	0	0	0	0	0	0	0	0	0	0	0	0	0	0	0	0	0	0	0	0	0	0	0	0	0	0	0	0	0	0	0	0	0	0	0	0
105.00007270251186	7371	1167	389	0	0	0	0	1673	1537	1352	1742	0	0	0	0	0	0	0	0	0	0	0	0	0	0	0	0	0	0	0	0	0	0	0	0	0	0	0	0	0	0	0	0	0	0	0	0	0	0	0	0	0	0	0	0	0	0	0	192	181	170	169	151	0	0	0	0	0	0	0	0	0	0	0	0	0	0	0	0	0	0	0	0	0	0	0	0	0	0	0	0	0	0	0	0	0	0	0	0	0	0	0	0	0	0	0	0	0	0
110.00003253654366	7123	1055	485	0	0	0	0	1884	1761	1562	2053	0	0	0	0	0	0	0	0	0	0	0	0	0	0	0	0	0	0	0	0	0	0	0	0	0	0	0	0	0	0	0	0	0	0	0	0	0	0	0	0	0	0	0	0	0	0	0	210	188	179	181	164	0	0	0	0	0	0	0	0	0	0	0	0	0	0	0	0	0	0	0	0	0	0	0	0	0	0	0	0	0	0	0	0	0	0	0	0	0	0	0	0	0	0	0	0	0	0
115.00004490895519	6794	928	605	0	0	0	0	2116	1967	1752	2383	0	0	0	0	0	0	0	0	0	0	0	0	0	0	0	0	0	0	0	0	0	0	0	0	0	0	0	0	0	0	0	0	0	0	0	0	0	0	0	0	0	0	0	0	0	0	0	216	199	191	191	177	0	0	0	0	0	0	0	0	0	0	0	0	0	0	0	0	0	0	0	0	0	0	0	0	0	0	0	0	0	0	0	0	0	0	0	0	0	0	0	0	0	0	0	0	0	0
120.00012061089642	6556	771	757	0	0	0	0	2367	2198	1984	2782	0	0	0	0	0	0	0	0	0	0	0	0	0	0	0	0	0	0	0	0	0	0	0	0	0	0	0	0	0	0	0	0	0	0	0	0	0	0	0	0	0	0	0	0	0	0	0	222	210	202	207	188	0	0	0	0	0	0	0	0	0	0	0	0	0	0	0	0	0	0	0	0	0	0	0	0	0	0	0	0	0	0	0	0	0	0	0	0	0	0	0	0	0	0	0	0	0	0
125.0000890244793	6195	615	904	0	0	1	0	2617	2431	2207	3180	3	0	0	0	0	0	0	0	0	0	0	0	0	0	0	0	0	0	0	0	0	0	0	0	0	0	0	0	0	0	0	0	0	0	0	0	0	0	0	0	0	0	0	0	0	0	0	231	221	206	215	198	25	0	0	0	0	0	0	0	0	0	0	0	0	0	0	0	0	0	0	0	0	0	0	0	0	0	0	0	0	0	0	0	0	0	0	0	0	0	0	0	0	0	0	0	0	0
130.00010344575028	5863	426	1082	0	0	0	0	2887	2689	2444	3599	0	0	0	0	0	0	0	0	0	0	0	0	0	0	0	0	0	0	0	0	0	0	0	0	0	0	0	0	0	0	0	0	0	0	0	0	0	0	0	0	0	0	0	0	0	0	0	243	229	218	225	204	48	0	0	0	0	0	0	0	0	0	0	0	0	0	0	0	0	0	0	0	0	0	0	0	0	0	0	0	0	0	0	0	0	0	0	0	0	0	0	0	0	0	0	0	0	0
135.00015272651578	5584	236	1264	0	0	5	0	3167	2966	2694	4055	2	2	0	0	0	0	0	0	0	0	0	0	0	0	0	0	0	0	0	0	0	0	0	0	0	0	0	0	0	0	0	0	0	0	0	0	0	0	0	0	0	0	0	0	0	0	0	246	237	231	237	217	90	3	0	0	0	0	0	0	0	0	0	0	0	0	0	0	0	0	0	0	0	0	0	0	0	0	0	0	0	0	0	0	0	0	0	0	0	0	0	0	0	0	0	0	0	0
140.00002377804958	5294	30	1464	0	0	20	0	3443	3235	2956	4527	9	10	1	0	0	0	0	0	0	0	0	0	0	0	0	0	0	0	0	0	0	0	0	0	0	0	0	0	0	0	0	0	0	0	0	0	0	0	0	0	0	0	0	0	0	0	0	249	245	237	252	229	152	6	2	0	0	0	0	0	0	0	0	0	0	0	0	0	0	0	0	0	0	0	0	0	0	0	0	0	0	0	0	0	0	0	0	0	0	0	0	0	0	0	0	0	0	0
145.0000230078245	4964	0	1488	0	0	51	0	3704	3506	3237	4848	204	21	5	0	0	0	0	0	0	0	0	0	0	0	0	0	0	0	0	0	0	0	0	0	0	0	0	0	0	0	0	0	0	0	0	0	0	0	0	0	0	0	0	0	0	0	0	252	248	246	260	243	186	12	7	0	0	0	0	0	0	0	0	0	0	0	0	0	0	0	0	0	0	0	0	0	0	0	0	0	0	0	0	0	0	0	0	0	0	0	0	0	0	0	0	0	0	0
150.0000583199987	4645	0	1476	0	0	103	0	3985	3793	3523	5165	460	42	22	0	0	0	0	0	0	0	0	0	0	0	0	0	0	0	0	0	0	0	0	0	0	0	0	0	0	0	0	0	0	0	0	0	0	0	0	0	0	0	0	0	0	0	0	264	253	248	266	249	199	27	16	0	0	0	0	0	0	0	0	0	0	0	0	0	0	0	0	0	0	0	0	0	0	0	0	0	0	0	0	0	0	0	0	0	0	0	0	0	0	0	0	0	0	0
155.00004373620953	4145	0	1468	0	0	171	0	4286	4073	3780	5466	697	91	42	0	0	0	0	0	0	0	0	0	0	0	0	0	0	0	0	0	0	0	0	0	0	0	0	0	0	0	0	0	0	0	0	0	0	0	0	0	0	0	0	0	0	0	0	283	261	252	269	260	211	48	31	0	0	0	0	0	0	0	0	0	0	0	0	0	0	0	0	0	0	0	0	0	0	0	0	0	0	0	0	0	0	0	0	0	0	0	0	0	0	0	0	0	0	0
160.0000103883683	3700	0	1460	0	0	241	0	4629	4366	4088	5769	948	160	81	0	0	0	0	0	0	0	0	0	0	0	0	0	0	0	0	0	0	0	0	0	0	0	0	0	0	0	0	0	0	0	0	0	0	0	0	0	0	0	0	0	0	0	0	296	279	268	278	263	225	66	57	0	0	0	0	0	0	0	0	0	0	0	0	0	0	0	0	0	0	0	0	0	0	0	0	0	0	0	0	0	0	0	0	0	0	0	0	0	0	0	0	0	0	0
165.0000571630581	3200	0	1457	0	0	318	0	4973	4685	4398	6100	1209	249	157	2	0	0	0	0	0	0	0	0	0	0	0	0	0	0	0	0	0	0	0	0	0	0	0	0	0	0	0	0	0	0	0	0	0	0	0	0	0	0	0	0	0	0	0	314	288	285	292	270	235	88	81	14	0	0	0	0	0	0	0	0	0	0	0	0	0	0	0	0	0	0	0	0	0	0	0	0	0	0	0	0	0	0	0	0	0	0	0	0	0	0	0	0	0	0
170.00001008469872	2740	0	1455	0	0	408	0	5327	5047	4723	6466	1492	360	259	12	0	0	0	0	0	0	0	0	0	0	0	0	0	0	0	0	0	0	0	0	0	0	0	0	0	0	0	0	0	0	0	0	0	0	0	0	0	0	0	0	0	0	0	327	309	292	309	277	241	109	104	32	0	0	0	0	0	0	0	0	0	0	0	0	0	0	0	0	0	0	0	0	0	0	0	0	0	0	0	0	0	0	0	0	0	0	0	0	0	0	0	0	0	0
175.00000120910605	2140	0	1448	0	0	493	0	5697	5410	5063	6842	1772	504	375	21	2	1	0	0	0	0	0	0	0	0	0	0	0	0	0	0	0	0	0	0	0	0	0	0	0	0	0	0	0	0	0	0	0	0	0	0	0	0	0	0	0	0	0	338	321	308	325	290	255	127	117	77	1	2	3	1	0	0	0	0	0	0	0	0	0	0	0	0	0	0	0	0	0	0	0	0	0	0	0	0	0	0	0	0	0	0	0	0	0	0	0	0	0	0
180.00003272435703	1551	0	1449	0	0	599	0	6088	5807	5437	7228	2062	674	504	46	7	4	4	0	2	0	0	0	0	0	0	0	0	0	0	0	0	0	0	0	0	0	0	0	0	0	0	0	0	0	0	0	0	0	0	0	0	0	0	0	0	0	0	342	337	324	338	302	262	150	138	117	6	3	6	6	4	5	0	0	0	0	0	0	0	0	0	0	0	0	0	0	0	0	0	0	0	0	0	0	0	0	0	0	0	0	0	0	0	0	0	0	0	0
185.00001468326784	837	0	1439	0	10	714	0	6455	6208	5832	7616	2366	869	674	96	24	23	9	0	9	1	0	0	0	0	0	0	0	0	0	0	0	0	0	0	0	0	0	0	0	0	0	0	0	0	0	0	0	0	0	0	0	0	0	0	0	0	0	348	338	336	356	311	273	168	156	144	17	15	17	22	11	10	12	6	1	0	0	0	0	0	0	0	0	0	0	0	0	0	0	0	0	0	0	0	0	0	0	0	0	0	0	0	0	0	0	0	0	0
190.00001352158463	169	0	1432	0	31	827	0	6833	6597	6199	8039	2648	1080	863	184	49	44	31	7	35	2	0	0	0	0	0	0	0	0	0	0	0	0	0	0	0	0	0	0	0	0	0	0	0	0	0	0	0	0	0	0	0	0	0	0	0	0	0	356	344	337	362	329	279	188	174	167	22	17	34	46	37	34	23	19	11	6	0	0	0	0	0	0	0	0	0	0	0	0	0	0	0	0	0	0	0	0	0	0	0	0	0	0	0	0	0	0	0	0
195.00000046066066	34	0	1394	0	83	927	3	7206	6968	6564	8448	2941	1296	1062	295	74	67	69	25	90	1	2	0	11	1	0	0	0	0	0	0	0	0	0	0	0	0	0	0	0	0	0	0	0	0	0	0	0	0	0	0	0	0	0	0	0	0	0	363	351	345	363	343	285	211	189	190	26	21	46	65	64	55	56	29	21	18	8	1	1	0	0	0	0	0	0	0	0	0	0	0	0	0	0	0	0	0	0	0	0	0	0	0	0	0	0	0	0	0
200.00001108947077	17	0	1350	0	141	1057	15	7593	7286	6890	8805	3290	1518	1259	420	101	82	115	82	158	2	18	0	35	0	14	0	0	0	0	0	0	0	0	0	0	0	0	0	0	0	0	0	0	0	0	0	0	0	0	0	0	0	0	0	0	0	0	373	355	350	370	349	285	235	209	199	36	27	58	81	91	78	79	69	49	49	24	11	2	6	1	0	0	0	0	0	0	0	0	0	0	0	0	0	0	0	0	0	0	0	0	0	0	0	0	0	0	0
205.000008406217	17	0	1288	0	201	1214	38	7973	7575	7165	9097	3656	1701	1434	593	134	108	161	155	230	3	52	0	62	3	44	0	3	1	3	0	0	0	0	0	0	0	0	0	0	0	0	0	0	0	0	0	0	0	0	0	0	0	0	0	0	0	0	375	366	353	372	343	286	252	228	206	49	33	71	92	102	92	111	86	79	94	55	39	34	34	16	0	0	0	0	0	0	0	0	0	0	0	0	0	0	0	0	0	0	0	0	0	0	0	0	0	0	0
210.00000435099906	15	0	1225	0	267	1359	75	8264	7824	7415	9395	4034	1896	1617	780	173	131	212	221	303	5	109	0	127	3	96	0	22	18	16	1	0	0	0	0	0	0	0	0	0	0	0	0	0	0	0	0	0	0	0	0	0	0	0	0	0	0	0	375	368	361	383	337	289	273	247	227	57	53	87	111	120	109	131	123	112	120	94	62	51	71	49	13	2	0	0	0	0	0	0	0	0	0	0	0	0	0	0	0	0	0	0	0	0	0	0	0	0	0
215.00000216064205	7	0	1152	0	349	1490	140	8529	8051	7657	9644	4388	2064	1779	981	212	156	263	295	382	8	193	0	185	3	174	0	55	52	48	10	0	0	0	0	0	0	0	0	0	0	0	0	0	0	0	0	0	0	0	0	0	0	0	0	0	0	0	384	371	364	384	333	294	285	260	240	66	62	100	146	152	135	149	130	132	162	120	116	112	112	83	41	10	9	9	9	0	0	0	0	0	0	0	0	0	0	0	0	0	0	0	0	0	0	0	0	0	0
220.00000619963055	8	0	1087	0	418	1605	214	8762	8280	7877	9863	4702	2219	1951	1182	243	193	317	375	462	6	278	0	275	5	264	0	102	106	99	40	0	2	1	6	2	0	0	0	0	0	0	0	0	0	0	0	0	0	0	0	0	0	0	0	0	0	0	393	384	357	379	327	294	300	274	241	66	63	113	163	173	163	190	153	155	181	154	162	150	163	135	85	48	42	31	24	10	5	6	3	0	0	0	0	0	0	0	0	0	0	0	0	0	0	0	0	0	0
225.00000168032255	9	0	1004	0	508	1723	284	8984	8473	8061	10063	4962	2367	2102	1354	271	226	375	455	554	9	376	0	352	4	363	2	172	174	177	99	0	12	6	15	12	0	3	0	0	0	0	0	0	0	0	0	0	0	0	0	0	0	0	0	0	0	0	388	375	350	372	317	291	307	274	251	69	65	120	183	190	179	218	193	181	207	170	189	195	210	192	136	85	72	78	72	26	17	14	10	9	8	3	0	0	0	0	0	0	0	0	0	0	0	0	0	0	0
230.00000391358785	8	0	926	0	590	1878	345	9204	8650	8224	10246	5203	2506	2245	1508	306	253	432	533	631	9	457	0	433	7	452	11	252	244	263	171	0	36	23	40	30	0	6	3	3	0	0	0	0	0	0	0	0	0	0	0	0	0	0	0	0	0	0	393	385	348	373	304	287	312	275	245	75	72	127	191	196	192	241	218	209	248	183	213	200	237	226	180	145	127	124	108	51	34	33	30	26	17	10	0	0	0	0	0	0	0	0	0	0	0	0	0	0	0
235.0000067795171	3	0	849	0	670	2005	433	9378	8800	8380	10411	5434	2645	2384	1669	332	283	479	626	714	10	562	0	527	8	551	31	343	329	358	251	0	77	62	72	63	0	26	17	13	3	2	0	0	0	0	0	0	0	0	0	0	0	0	0	0	0	0	388	396	369	383	298	279	320	276	242	86	76	139	209	214	201	259	230	239	278	230	256	235	264	248	237	198	173	170	160	113	104	109	85	51	38	31	8	1	0	0	0	0	0	0	0	0	0	0	0	0	0
240.00000939786148	3	0	774	0	750	2152	532	9539	8953	8520	10581	5620	2769	2488	1833	377	312	544	715	780	11	658	0	616	4	650	75	438	423	465	355	0	136	102	120	112	5	63	35	25	11	9	2	0	0	0	0	0	0	0	0	0	0	0	0	0	0	0	388	392	380	396	281	271	328	282	238	90	84	146	224	226	217	273	239	253	299	258	304	297	297	288	273	263	239	231	220	170	154	185	161	133	114	85	11	15	0	0	0	0	0	0	0	0	0	0	0	0	0
245.00000471335147	4	0	707	0	825	2370	590	9694	9089	8653	10727	5803	2882	2585	1966	411	346	590	781	855	12	769	0	694	11	746	147	545	519	566	438	0	214	175	195	173	24	110	81	52	25	29	11	0	0	0	0	0	0	0	0	0	0	0	0	0	0	0	384	395	374	399	264	253	337	287	234	90	85	147	236	238	239	299	251	266	310	285	338	332	366	332	303	283	276	274	258	210	195	224	205	189	177	156	27	22	16	1	0	0	0	0	0	0	0	0	0	0	0
250.0000038187692	5	0	635	0	896	2538	667	9830	9222	8781	10863	5966	2975	2673	2085	434	368	636	861	923	18	863	0	786	9	848	233	650	612	657	532	3	302	255	267	257	55	151	127	118	64	69	31	0	0	0	0	0	0	0	0	0	0	0	0	0	0	0	376	394	376	386	252	242	345	292	240	89	86	147	240	240	244	298	280	290	321	300	358	354	396	386	345	318	299	297	281	255	244	261	244	235	229	204	49	40	36	3	0	0	0	0	0	0	0	0	0	0	0
255.00000231286802	4	0	566	0	964	2712	743	9940	9331	8902	10986	6103	3078	2760	2206	459	381	688	940	993	24	949	0	858	16	937	330	754	709	778	646	21	391	338	338	337	92	204	201	185	114	132	76	0	0	0	0	0	0	0	0	0	0	0	0	0	0	0	368	392	375	387	244	234	346	296	227	86	84	143	235	236	261	316	278	309	345	313	373	375	415	402	399	354	337	332	319	288	276	310	290	273	260	240	53	67	69	10	0	0	0	0	0	0	0	0	0	0	0
260.0000004838235	5	0	505	0	1026	2824	813	10047	9430	8997	11110	6220	3165	2830	2297	490	414	731	1011	1064	29	1035	0	937	14	1040	414	859	807	892	773	51	481	413	421	423	160	266	285	257	175	208	147	0	2	0	0	0	0	0	0	0	0	0	0	0	0	0	369	385	368	379	229	227	349	289	219	94	99	161	233	232	264	333	294	317	358	328	377	373	440	443	459	419	399	393	372	308	289	336	318	316	308	281	63	79	98	12	4	5	0	0	0	0	0	0	0	0	0
265.0000024170035	4	0	460	0	1080	2879	913	10128	9533	9094	11207	6285	3265	2921	2401	521	438	778	1081	1121	38	1113	0	1002	7	1131	515	974	899	1008	877	106	579	509	519	510	237	332	357	328	234	272	210	0	9	2	0	0	0	0	0	0	0	0	0	0	0	0	360	382	361	367	238	213	354	280	219	100	99	163	254	251	293	337	306	337	379	352	417	428	479	457	486	452	443	438	428	334	307	337	317	324	317	303	139	92	131	15	9	33	18	0	0	0	0	0	0	0	0
270.0000142893578	1	0	413	0	1133	2986	983	10227	9639	9170	11311	6380	3353	2975	2475	543	457	823	1140	1169	47	1209	0	1065	13	1217	606	1077	991	1099	998	197	681	593	612	601	313	403	455	387	307	356	276	6	22	10	1	0	0	0	0	0	0	0	0	0	0	0	356	379	359	365	248	208	350	275	222	114	112	178	265	256	296	361	313	354	395	356	420	433	493	505	522	477	474	458	448	345	307	354	327	341	331	326	232	157	155	19	12	49	40	1	0	0	0	0	0	0	0
275.0000042363978	5	0	356	0	1201	3064	1061	10310	9722	9254	11396	6460	3427	3037	2558	561	491	855	1208	1215	44	1292	0	1141	19	1300	707	1176	1086	1227	1115	281	791	705	712	708	395	479	526	471	393	431	354	17	46	27	3	0	8	0	0	0	0	0	0	0	0	0	347	372	358	361	246	212	360	278	215	114	119	187	289	263	297	360	336	386	414	377	431	439	489	503	543	484	498	491	484	401	358	394	337	335	331	351	300	246	222	23	15	80	60	23	0	0	0	0	0	0	0
280.0000028798012	3	0	302	0	1250	3129	1162	10396	9807	9337	11473	6543	3515	3095	2634	585	517	896	1264	1270	60	1381	0	1213	12	1374	796	1272	1175	1354	1228	378	892	817	814	789	485	556	596	540	468	503	416	44	65	51	7	0	21	1	0	0	0	0	0	0	0	0	337	361	353	358	234	213	376	289	214	124	117	194	302	279	339	381	339	383	430	382	446	452	512	515	595	536	536	517	504	490	465	482	410	393	371	359	347	318	303	38	18	107	87	46	0	0	0	0	0	0	0
285.0000057591363	0	0	244	0	1303	3211	1227	10462	9879	9409	11545	6608	3589	3156	2704	613	539	933	1325	1331	71	1471	0	1288	19	1449	890	1382	1256	1460	1336	497	983	917	924	901	591	644	687	608	537	586	480	95	89	79	9	0	36	8	0	0	0	0	0	0	0	0	325	350	336	352	237	212	379	286	201	130	135	212	315	286	350	409	367	390	437	384	444	442	519	543	603	546	568	557	549	537	506	553	497	489	445	428	345	370	388	56	24	141	115	67	0	0	0	0	0	0	0
290.00000679093944	4	0	223	0	1327	3237	1310	10531	9944	9465	11616	6684	3662	3206	2782	641	565	971	1378	1382	109	1567	0	1342	12	1545	981	1474	1335	1554	1454	600	1094	1033	1035	1006	684	747	783	684	626	665	552	154	123	111	17	0	52	20	0	0	0	0	0	0	0	0	320	341	326	345	222	208	377	293	191	136	149	232	340	309	380	419	382	433	470	381	441	433	494	540	620	548	569	560	554	566	537	592	535	532	510	517	362	420	441	70	37	176	149	99	7	0	0	0	0	0	0
295.00000066841613	0	0	169	0	1388	3276	1368	10586	10015	9530	11680	6738	3753	3264	2837	660	588	1009	1440	1453	105	1635	0	1416	15	1634	1079	1559	1417	1654	1548	706	1189	1144	1127	1096	784	835	890	763	707	762	641	216	172	154	21	0	75	41	0	0	0	0	0	0	0	0	318	326	324	340	213	209	381	291	182	132	144	227	355	324	406	446	396	449	478	385	458	450	503	531	660	583	593	582	574	580	547	629	567	558	536	559	414	463	502	79	53	208	181	133	18	0	0	0	0	0	0
300.00000378502693	1	0	146	0	1415	3332	1417	10648	10070	9580	11742	6798	3805	3311	2897	687	616	1056	1494	1507	135	1722	0	1478	24	1720	1159	1628	1499	1738	1643	825	1273	1240	1235	1191	890	916	988	862	808	862	728	288	242	207	36	0	101	68	0	0	0	0	0	0	0	0	317	328	317	335	211	203	389	288	186	124	142	221	358	323	412	456	419	477	487	377	459	444	496	535	661	601	619	614	595	595	540	623	566	581	567	587	466	495	548	85	61	251	216	169	19	11	12	7	1	0	0
305.0000000034669	4	0	127	0	1437	3320	1498	10699	10107	9633	11797	6848	3877	3375	2936	711	642	1087	1552	1559	171	1791	0	1550	12	1804	1255	1706	1571	1824	1736	943	1365	1334	1335	1262	1018	1010	1084	968	903	951	821	364	318	271	47	2	117	93	0	0	0	1	0	0	0	0	311	324	317	321	201	194	391	289	186	118	139	217	357	314	415	456	423	505	516	447	528	495	522	524	661	599	613	611	587	612	556	619	546	574	556	587	501	533	581	91	63	275	248	209	53	12	11	10	12	0	0
310.00000026106807	3	0	112	0	1447	3319	1550	10756	10158	9682	11837	6891	3949	3428	2981	730	669	1123	1619	1599	239	1882	0	1614	24	1888	1353	1787	1645	1906	1833	1067	1459	1436	1425	1350	1117	1095	1189	1071	997	1035	911	440	394	358	61	3	148	122	0	0	0	2	4	0	0	0	316	310	322	324	194	194	400	294	181	115	136	212	357	312	418	462	420	506	527	473	566	541	592	608	681	607	616	608	578	637	595	687	603	593	554	565	520	581	622	98	68	304	277	254	91	31	17	10	11	7	2
315.0000062986967	0	0	78	0	1481	3279	1621	10805	10201	9733	11875	6937	3996	3477	3011	748	687	1157	1674	1648	261	1950	0	1685	22	1962	1443	1863	1730	1986	1910	1178	1546	1546	1509	1436	1231	1174	1282	1159	1087	1133	1005	523	473	465	71	6	195	160	0	0	0	4	5	1	0	1	311	309	312	324	186	195	414	304	169	108	134	203	354	312	425	466	421	517	518	490	581	562	629	649	689	599	618	608	584	636	590	690	616	641	611	607	520	615	679	106	73	334	306	298	130	57	49	44	31	11	15
320.0000012280653	4	0	65	0	1484	3228	1692	10848	10237	9774	11938	6997	4055	3519	3058	762	709	1182	1736	1693	325	2027	0	1759	26	2030	1531	1969	1802	2067	1989	1314	1618	1639	1611	1534	1323	1250	1390	1253	1183	1200	1087	596	566	546	86	8	249	207	3	0	0	9	5	1	0	2	307	303	313	318	177	189	428	312	157	104	132	201	349	307	427	468	434	526	530	490	569	547	616	659	776	650	643	618	583	633	601	696	621	637	611	633	509	653	718	121	79	364	323	327	193	95	94	74	55	9	22
325.00000159851305	2	0	48	0	1499	3210	1749	10895	10286	9818	11982	7033	4114	3571	3090	781	733	1208	1791	1732	361	2105	0	1835	25	2103	1596	2037	1881	2157	2087	1447	1697	1722	1685	1615	1422	1334	1498	1322	1274	1289	1169	680	659	625	102	12	295	261	17	0	0	18	12	3	0	4	311	308	302	322	171	178	434	318	150	102	127	195	350	303	429	469	424	532	528	496	586	566	616	642	826	709	724	692	658	644	606	702	612	646	616	640	504	684	761	126	87	385	352	370	227	152	141	122	102	36	24
330.00000128699645	2	0	45	0	1497	3203	1809	10948	10320	9856	12034	7065	4158	3618	3127	792	750	1235	1830	1766	419	2171	0	1897	34	2177	1676	2125	1950	2257	2177	1562	1798	1798	1781	1700	1524	1415	1582	1418	1367	1370	1257	778	763	718	121	14	350	316	26	0	0	32	24	6	0	7	309	307	305	314	166	177	435	324	148	100	125	193	350	294	435	468	418	530	512	509	606	592	639	659	846	740	755	723	675	644	595	694	602	628	598	626	563	731	811	131	95	411	376	403	270	211	211	177	155	65	64
335.00000332429386	0	0	48	0	1494	3174	1903	10996	10364	9897	12076	7103	4204	3659	3163	804	763	1263	1880	1803	465	2234	0	1966	21	2236	1757	2196	2015	2339	2251	1684	1885	1892	1877	1800	1605	1505	1662	1507	1462	1444	1342	885	851	803	134	20	407	365	44	0	1	57	50	18	0	11	310	302	302	323	160	169	441	321	147	101	123	191	343	283	437	474	411	536	518	519	631	621	669	682	857	734	743	715	672	671	620	705	591	601	587	614	565	814	859	142	97	433	396	450	286	228	244	217	212	116	114
340.00000209679007	0	0	47	0	1501	3212	1966	11042	10404	9937	12111	7132	4265	3697	3188	821	788	1286	1930	1844	512	2303	0	2016	23	2306	1831	2266	2074	2410	2332	1798	1972	1966	1963	1893	1683	1586	1757	1579	1543	1518	1427	984	938	904	150	28	449	417	69	0	2	85	72	41	0	19	308	307	295	317	160	162	455	323	152	102	121	182	337	275	439	470	415	538	517	505	620	617	675	713	878	730	734	709	662	686	642	736	621	625	602	603	558	864	947	153	96	450	423	490	306	260	288	255	233	149	178
345.0000073957402	0	0	42	0	1498	3223	2036	11084	10434	9972	12155	7158	4314	3745	3223	831	804	1309	1972	1881	561	2360	0	2072	26	2362	1923	2341	2147	2489	2407	1896	2067	2056	2048	1968	1781	1658	1853	1652	1622	1598	1504	1077	1038	996	161	40	498	461	96	0	8	112	95	59	2	42	307	308	296	315	156	157	458	325	156	103	121	178	328	272	439	466	407	546	515	498	608	606	666	713	918	750	752	731	675	685	629	737	641	639	630	636	546	865	1011	176	106	475	446	524	326	286	312	275	261	170	203
350.00000298152065	2	0	37	0	1501	3212	2092	11112	10492	10002	12178	7190	4372	3780	3255	848	819	1326	1998	1917	614	2414	0	2121	23	2414	2006	2423	2220	2569	2496	2004	2147	2150	2133	2041	1881	1729	1938	1727	1689	1664	1580	1164	1145	1084	179	52	558	518	124	0	17	150	124	80	6	63	301	306	289	326	160	148	448	322	153	97	118	174	324	262	442	465	401	546	514	489	610	613	651	708	947	771	772	743	701	679	612	718	623	629	631	646	585	866	1028	187	113	489	461	565	341	306	338	293	282	174	207
355.0000015597718	2	0	30	0	1508	3141	2143	11149	10528	10035	12207	7215	4428	3823	3272	859	833	1347	2029	1950	653	2469	0	2176	34	2467	2077	2507	2290	2650	2583	2102	2243	2224	2218	2118	1971	1810	2010	1790	1761	1728	1645	1261	1268	1180	194	62	605	571	161	0	29	185	147	107	10	86	297	302	276	321	156	140	444	314	151	92	118	167	318	258	442	469	395	544	504	484	606	598	652	715	959	789	810	776	740	707	624	703	604	606	606	633	585	861	1028	188	129	516	484	597	346	314	361	311	294	194	212
360.0000024539061	0	0	35	0	1498	3114	2198	11190	10554	10057	12246	7246	4496	3853	3294	865	845	1361	2070	1979	724	2525	0	2225	35	2527	2158	2575	2357	2709	2665	2205	2326	2299	2304	2190	2066	1863	2090	1859	1830	1796	1712	1329	1361	1291	211	77	672	629	214	0	50	224	171	128	14	108	295	289	266	313	157	133	444	310	144	89	113	163	314	250	442	469	398	550	501	476	614	608	649	708	951	793	837	809	768	761	677	760	653	607	598	610	611	864	1028	188	135	539	511	628	384	321	379	312	302	217	249
365.00000014249486	2	0	19	0	1509	3073	2262	11222	10582	10089	12291	7267	4532	3889	3310	875	855	1378	2113	1998	765	2587	0	2268	32	2576	2231	2646	2419	2768	2751	2316	2411	2390	2383	2261	2138	1931	2162	1927	1901	1864	1790	1398	1466	1396	227	92	735	681	264	1	76	262	206	164	26	138	295	286	264	311	161	134	441	302	127	84	111	160	313	248	443	472	395	555	496	471	626	621	668	700	963	797	821	795	758	790	708	784	684	662	646	646	610	939	1040	188	135	556	525	668	430	334	390	310	293	211	255
370.0000042019571	1	0	15	0	1510	3046	2322	11247	10611	10124	12319	7280	4576	3923	3340	885	861	1393	2162	2036	814	2640	0	2301	25	2624	2294	2710	2485	2839	2831	2441	2497	2485	2456	2326	2218	1997	2249	1991	1965	1920	1857	1478	1545	1519	252	105	795	727	304	6	97	306	232	201	37	162	291	280	267	303	158	140	451	293	119	79	108	155	309	242	444	467	385	559	497	467	615	610	679	743	955	795	836	809	773	820	749	816	712	686	673	680	597	979	1114	195	132	569	529	725	454	381	446	348	297	202	248
375.0000007370723	3	0	32	0	1490	3041	2359	11283	10633	10151	12344	7307	4622	3943	3365	911	873	1414	2192	2054	872	2685	0	2337	34	2677	2359	2773	2546	2911	2896	2539	2586	2589	2540	2397	2287	2051	2326	2056	2023	1993	1929	1550	1647	1632	272	120	856	790	357	24	126	348	263	234	58	186	285	277	262	297	149	142	464	303	110	94	123	159	305	235	444	466	375	557	501	457	603	589	667	729	967	783	819	793	773	866	774	839	741	723	709	702	626	1009	1167	208	130	569	546	764	518	410	493	378	325	195	243
380.0000008468195	1	0	16	0	1516	3003	2406	11306	10661	10182	12363	7321	4674	3969	3403	922	888	1428	2216	2078	887	2740	0	2372	34	2719	2412	2825	2597	2986	2966	2645	2676	2666	2610	2479	2386	2126	2409	2150	2096	2061	1991	1627	1740	1745	288	133	907	855	428	34	159	400	300	259	81	207	276	275	251	292	150	146	481	317	123	96	120	173	320	243	446	462	371	560	494	464	621	602	660	714	1014	807	837	796	775	875	795	884	780	738	732	727	670	1040	1218	219	127	585	555	796	582	447	536	417	367	227	259
385.000001829623	0	0	34	0	1504	2978	2479	11336	10691	10216	12404	7346	4721	4006	3437	938	902	1442	2246	2096	933	2788	0	2413	24	2760	2478	2881	2656	3046	3036	2760	2746	2739	2678	2553	2451	2194	2488	2220	2175	2136	2045	1689	1835	1848	306	147	961	915	490	44	195	434	330	281	114	238	274	271	245	289	150	149	497	321	150	109	139	178	315	245	467	459	358	557	494	464	611	602	665	734	1012	807	862	829	822	887	783	868	772	770	775	758	676	1098	1250	231	135	614	570	830	617	510	623	482	425	311	329
390.000000433161	1	0	18	0	1516	3055	2513	11375	10713	10228	12422	7368	4758	4041	3464	952	919	1454	2276	2119	962	2835	0	2456	34	2799	2532	2937	2708	3110	3109	2879	2816	2816	2750	2634	2533	2263	2556	2287	2248	2198	2113	1769	1945	1965	322	159	1004	974	552	69	235	488	366	316	141	276	274	265	244	292	140	141	501	325	158	125	157	211	340	260	476	480	357	553	482	461	606	596	676	733	1000	796	843	823	813	904	791	851	752	734	744	760	673	1116	1317	242	139	629	600	858	649	548	682	536	503	370	396
395.0000006830549	0	0	22	0	1514	3041	2556	11397	10733	10245	12450	7387	4800	4083	3502	967	934	1473	2296	2150	1007	2880	0	2482	39	2844	2576	3003	2777	3174	3177	2986	2896	2884	2822	2692	2625	2322	2648	2366	2310	2277	2184	1839	2049	2086	347	177	1047	1027	606	97	270	541	410	362	175	301	274	274	244	286	135	139	504	329	160	139	175	222	366	294	521	497	371	550	478	454	595	591	664	724	1024	811	838	810	800	906	804	898	788	762	729	734	653	1131	1344	253	147	655	615	898	661	571	723	562	540	406	429
400.0000002049241	0	0	16	0	1526	3011	2610	11424	10753	10262	12479	7403	4850	4113	3523	982	943	1494	2328	2164	1031	2922	0	2515	44	2884	2625	3050	2818	3225	3244	3093	2964	2954	2894	2780	2705	2378	2729	2426	2375	2347	2264	1906	2144	2205	369	187	1094	1078	669	130	307	600	452	397	212	340	269	276	252	283	129	138	504	336	168	155	190	252	402	307	527	519	386	560	461	452	589	585	666	707	1031	815	853	825	822	892	776	882	758	758	758	745	642	1173	1368	259	149	665	642	943	666	582	759	580	564	432	451
405.00000221763327	0	0	13	0	1542	3032	2660	11451	10775	10290	12506	7426	4895	4144	3562	987	957	1518	2366	2182	1048	2963	0	2549	37	2926	2672	3103	2869	3281	3309	3184	3028	3025	2970	2855	2794	2436	2803	2503	2442	2416	2333	1972	2240	2327	389	204	1155	1133	743	173	346	663	492	434	244	378	268	272	256	291	129	141	504	346	192	154	190	253	405	296	527	514	403	600	491	442	582	578	666	712	1030	810	854	830	814	882	763	856	726	737	735	733	621	1197	1412	263	149	671	658	979	711	566	771	589	573	481	500
410.0000036592003	3	0	24	0	1531	3084	2700	11474	10801	10313	12543	7442	4947	4168	3587	999	971	1535	2393	2208	1098	3002	0	2584	32	2962	2716	3157	2926	3337	3390	3282	3095	3105	3021	2922	2884	2509	2865	2570	2511	2485	2400	2040	2338	2421	410	218	1214	1188	808	208	391	728	540	480	279	420	264	275	255	291	127	135	507	345	192	150	188	246	404	295	533	508	395	613	485	441	578	566	646	698	1027	800	836	815	809	896	770	851	707	712	707	721	647	1188	1455	269	145	678	675	1028	753	568	781	586	571	540	568
415.0000037747588	0	0	25	0	1525	3079	2740	11496	10822	10338	12564	7457	4979	4198	3606	1010	989	1551	2422	2230	1149	3043	0	2615	42	3005	2774	3223	2963	3395	3445	3382	3160	3163	3101	2976	2948	2589	2922	2628	2591	2544	2462	2118	2416	2540	432	239	1258	1252	886	241	439	793	604	532	305	470	255	268	258	286	123	142	517	347	181	147	180	240	397	298	555	522	387	615	497	450	585	573	637	686	1028	783	826	802	795	934	820	893	721	706	705	714	671	1203	1482	278	147	692	685	1060	756	626	846	605	577	566	588
420.0000039629277	2	0	20	0	1526	3039	2784	11513	10837	10359	12586	7472	5026	4229	3637	1023	998	1574	2455	2248	1193	3084	0	2650	41	3056	2818	3263	3018	3450	3509	3494	3227	3238	3184	3053	3019	2649	2990	2686	2657	2598	2529	2186	2510	2650	456	250	1316	1317	957	284	487	860	647	571	338	523	255	255	252	283	114	134	538	340	164	162	190	251	390	293	556	525	403	617	486	454	581	567	628	673	1018	782	839	812	802	920	793	901	754	751	747	730	658	1230	1498	284	146	705	692	1099	787	633	891	650	627	567	609
425.000001598452	0	0	27	0	1527	2998	2839	11545	10860	10382	12613	7481	5071	4259	3660	1043	1009	1598	2494	2267	1234	3123	0	2673	45	3094	2850	3310	3067	3513	3562	3591	3293	3294	3255	3124	3090	2718	3059	2745	2720	2651	2595	2252	2601	2760	466	266	1360	1384	1044	335	524	936	697	624	373	559	248	247	244	278	117	129	550	354	176	165	198	256	399	298	558	521	394	616	479	450	579	575	633	660	1004	769	821	796	786	907	779	883	730	729	762	766	678	1272	1532	291	151	723	701	1139	842	614	894	627	640	578	617
430.000003686167	0	0	17	0	1547	2990	2906	11568	10877	10394	12636	7494	5113	4290	3685	1058	1024	1617	2523	2293	1258	3162	0	2696	46	3132	2892	3366	3116	3560	3615	3686	3360	3349	3305	3185	3168	2790	3127	2793	2782	2714	2667	2304	2685	2872	481	280	1419	1440	1119	381	571	1005	742	664	426	602	259	245	241	270	118	132	560	356	186	176	212	257	396	293	575	516	388	639	471	472	620	619	693	709	1001	754	812	785	775	891	766	862	702	709	737	745	704	1313	1580	300	153	736	718	1176	885	647	932	633	635	600	631
435.0000073866389	1	0	11	0	1566	2973	2974	11589	10895	10418	12664	7505	5152	4317	3701	1071	1040	1637	2562	2313	1301	3192	0	2733	43	3168	2928	3428	3156	3613	3661	3779	3424	3415	3360	3244	3236	2846	3172	2836	2842	2764	2724	2381	2791	2987	501	299	1462	1503	1199	428	632	1076	791	709	464	636	258	248	241	263	123	130	565	355	202	176	220	274	412	293	577	522	378	646	493	461	616	609	695	746	992	733	786	773	756	892	767	860	690	679	707	729	705	1361	1629	308	154	735	731	1211	930	686	1005	682	652	632	678
440.0000009860119	0	0	7	0	1586	2971	3029	11599	10914	10436	12684	7519	5194	4342	3738	1081	1053	1655	2591	2335	1337	3238	0	2765	39	3216	2965	3476	3221	3663	3714	3869	3478	3474	3413	3305	3300	2911	3256	2897	2888	2816	2776	2435	2900	3114	523	311	1517	1560	1285	489	684	1134	835	770	516	688	249	240	250	262	125	124	574	346	207	179	225	275	412	288	577	518	388	665	485	452	601	597	689	736	1037	738	783	766	745	868	753	839	689	691	705	713	683	1408	1688	316	150	750	746	1246	948	704	1052	713	706	633	688
445.0000014948671	2	0	11	0	1588	2964	3075	11626	10933	10460	12713	7532	5240	4376	3758	1095	1066	1674	2618	2365	1378	3273	0	2796	50	3245	3007	3518	3273	3728	3777	3952	3543	3536	3473	3369	3383	2976	3313	2948	2949	2869	2832	2492	2996	3256	543	324	1569	1613	1370	544	734	1201	873	817	568	744	251	237	246	264	121	123	574	348	206	168	220	276	434	318	613	519	380	660	489	444	588	582	678	730	1076	808	835	814	788	850	739	821	667	659	685	703	658	1407	1755	325	154	764	750	1282	955	729	1099	740	731	628	668
450.0000017933104	0	0	11	0	1586	2907	3127	11649	10948	10478	12739	7550	5276	4410	3785	1108	1081	1696	2667	2390	1428	3312	0	2825	50	3278	3042	3560	3309	3775	3830	4051	3607	3584	3520	3425	3446	3045	3363	3011	2995	2922	2885	2560	3106	3375	568	342	1628	1664	1461	598	792	1277	920	880	624	800	254	231	242	257	121	125	572	348	213	166	214	269	457	340	660	566	383	658	482	432	572	567	664	725	1069	808	857	831	809	850	730	808	650	640	650	684	618	1403	1768	337	156	766	758	1317	970	728	1135	764	762	672	671
455.0000039528923	2	0	18	0	1581	2918	3169	11668	10970	10504	12760	7561	5316	4446	3806	1117	1097	1713	2704	2414	1480	3349	0	2846	55	3312	3068	3609	3354	3827	3876	4144	3667	3659	3566	3482	3516	3103	3415	3050	3050	2970	2925	2627	3205	3488	583	358	1686	1716	1543	656	841	1375	988	931	676	847	251	231	239	249	117	127	582	350	216	168	216	281	456	341	679	606	409	668	474	427	570	559	663	707	1071	793	828	831	808	900	789	858	665	651	644	655	597	1404	1771	338	159	776	764	1357	978	743	1153	764	768	744	752
460.00000516605917	0	0	17	0	1585	2938	3212	11687	10979	10521	12783	7571	5356	4481	3835	1126	1115	1735	2734	2447	1538	3388	0	2873	58	3343	3108	3657	3402	3872	3925	4227	3730	3733	3636	3553	3584	3150	3480	3090	3095	3033	2970	2686	3303	3613	608	366	1752	1776	1620	722	903	1450	1030	981	719	907	244	222	238	246	113	132	582	353	213	181	226	287	464	345	695	608	439	697	478	431	572	572	663	695	1060	782	819	824	804	905	806	890	694	697	691	672	593	1396	1781	338	165	789	774	1390	968	729	1171	767	769	786	818
465.00000009703194	0	0	21	0	1584	2890	3286	11708	11000	10536	12804	7582	5387	4503	3856	1142	1130	1747	2765	2470	1591	3432	0	2900	45	3379	3151	3702	3441	3920	3973	4308	3773	3792	3707	3604	3647	3204	3548	3139	3143	3075	3021	2752	3404	3745	632	377	1810	1843	1708	774	963	1523	1083	1036	773	960	241	212	234	247	111	129	582	350	222	176	220	293	479	342	697	619	434	721	512	427	564	563	664	699	1062	773	810	813	795	901	787	863	684	702	706	709	636	1408	1790	340	161	794	773	1431	986	697	1165	734	752	770	812
470.0000014469803	0	0	11	0	1599	2808	3334	11719	11017	10559	12820	7595	5426	4518	3888	1156	1154	1773	2804	2503	1629	3485	0	2928	48	3405	3193	3751	3479	3966	4030	4389	3830	3849	3757	3668	3720	3242	3609	3187	3187	3130	3069	2818	3514	3900	654	386	1871	1899	1784	839	1009	1613	1124	1085	830	1033	239	206	231	243	114	125	588	341	230	179	228	297	472	335	697	611	452	766	527	436	560	562	673	693	1061	764	812	799	779	897	773	846	658	675	688	703	705	1450	1804	342	151	795	771	1469	991	684	1165	708	723	763	799
475.0000015957306	1	0	7	0	1605	2812	3372	11733	11039	10568	12840	7607	5466	4545	3917	1166	1174	1793	2845	2529	1674	3529	0	2947	64	3445	3230	3800	3516	4024	4079	4470	3897	3901	3814	3732	3792	3299	3660	3238	3231	3185	3124	2886	3588	4022	676	397	1922	1958	1874	903	1060	1686	1179	1135	887	1089	243	202	231	232	122	114	587	343	222	177	224	297	478	342	699	603	443	767	565	444	565	558	663	677	1075	760	811	790	772	901	783	861	666	657	668	675	714	1472	1854	348	147	790	783	1507	1020	689	1201	715	711	752	802
480.000004056396	1	0	16	0	1594	2738	3430	11754	11051	10586	12860	7616	5508	4571	3941	1179	1195	1813	2881	2559	1737	3573	0	2972	59	3488	3261	3846	3543	4069	4132	4555	3942	3958	3875	3782	3847	3357	3712	3283	3283	3225	3179	2932	3684	4150	690	405	1975	2001	1956	985	1113	1766	1218	1171	951	1140	236	208	226	224	116	102	595	332	220	172	219	285	483	352	730	602	430	767	559	473	591	588	686	681	1073	759	806	794	785	898	794	869	668	660	676	680	707	1509	1892	360	139	800	779	1532	1096	679	1206	707	722	729	780
485.00000439871684	0	0	12	0	1596	2700	3456	11771	11067	10596	12873	7627	5551	4599	3965	1191	1212	1830	2916	2598	1780	3620	0	3006	68	3524	3298	3891	3588	4115	4179	4642	3993	4018	3924	3840	3920	3429	3779	3323	3320	3281	3227	2991	3784	4297	716	417	2033	2062	2041	1050	1166	1857	1272	1225	1002	1196	231	203	225	225	110	102	593	324	210	168	214	280	478	349	730	623	437	764	550	461	570	583	694	705	1075	762	799	784	771	890	784	853	651	653	683	672	682	1549	1937	365	140	800	787	1572	1186	709	1244	692	704	713	750
490.0000005357776	1	0	22	0	1585	2630	3523	11790	11084	10614	12890	7636	5592	4621	3996	1210	1224	1846	2958	2615	1839	3672	0	3036	51	3562	3334	3931	3626	4166	4236	4722	4033	4067	3972	3886	3980	3480	3848	3364	3357	3324	3273	3047	3897	4407	744	427	2081	2127	2130	1113	1214	1935	1330	1267	1056	1247	227	209	217	223	109	101	588	310	205	176	231	288	471	343	730	618	441	760	541	454	565	574	683	685	1084	758	788	770	760	872	767	841	642	635	670	665	658	1591	1994	372	148	800	803	1600	1224	771	1323	747	734	686	728
495.0000013347831	2	0	10	0	1603	2602	3551	11810	11098	10635	12912	7648	5638	4644	4022	1232	1245	1871	2998	2636	1862	3711	0	3062	78	3611	3377	3972	3670	4211	4278	4800	4083	4112	4024	3948	4036	3532	3904	3409	3399	3369	3329	3091	4017	4542	770	442	2144	2188	2242	1196	1270	2016	1364	1326	1125	1294	226	211	222	226	111	108	591	295	207	175	236	304	487	345	732	611	433	759	531	468	580	591	685	676	1117	776	794	774	755	860	744	817	620	605	647	654	638	1579	2044	388	148	810	807	1635	1233	852	1423	817	791	685	707
500.0000007491122	1	0	17	0	1586	2528	3619	11828	11112	10650	12925	7662	5676	4663	4044	1246	1258	1887	3033	2657	1930	3756	0	3088	61	3649	3408	4013	3714	4246	4325	4885	4137	4169	4086	3991	4098	3582	3953	3454	3443	3404	3378	3136	4127	4674	793	458	2198	2254	2346	1254	1322	2102	1411	1368	1184	1355	226	203	222	229	104	106	589	288	190	170	225	292	487	350	736	604	423	756	521	453	566	578	688	694	1107	771	804	798	775	844	723	800	601	583	619	635	635	1567	2050	394	152	822	797	1675	1264	864	1482	879	852	693	701
505.00000248349835	2	0	9	0	1589	2489	3648	11848	11129	10662	12939	7671	5712	4679	4065	1252	1274	1915	3064	2683	1984	3786	0	3126	67	3686	3439	4049	3755	4291	4376	4960	4195	4218	4139	4041	4158	3637	4007	3499	3495	3442	3421	3187	4239	4796	822	472	2258	2312	2437	1332	1375	2197	1463	1416	1245	1407	219	203	218	227	97	99	590	286	172	160	222	289	483	348	752	609	418	754	505	447	558	559	669	670	1113	766	801	790	756	853	730	797	583	563	588	608	649	1566	2051	395	160	832	806	1716	1295	862	1490	857	861	712	712
510.0000012003447	0	0	12	0	1585	2451	3689	11864	11146	10673	12956	7679	5741	4697	4087	1265	1284	1938	3093	2703	2052	3831	0	3160	68	3719	3474	4077	3778	4338	4426	5021	4247	4263	4196	4082	4217	3683	4051	3533	3532	3492	3458	3231	4330	4928	846	480	2311	2364	2534	1408	1436	2283	1513	1477	1303	1459	221	203	217	221	98	97	590	283	170	164	221	279	482	335	754	607	413	754	495	434	549	540	651	660	1137	779	803	783	768	888	772	833	616	572	583	583	638	1564	2051	395	162	846	808	1751	1303	878	1534	871	826	734	744
515.000002880166	2	0	14	0	1581	2414	3739	11886	11164	10692	12972	7690	5775	4717	4099	1283	1301	1961	3136	2727	2111	3874	0	3188	72	3757	3499	4116	3813	4384	4467	5107	4301	4318	4266	4125	4279	3732	4091	3575	3568	3528	3499	3275	4448	5069	874	495	2374	2416	2653	1483	1492	2365	1562	1546	1348	1512	222	201	214	225	101	96	579	280	168	170	236	281	478	343	785	608	405	750	492	420	533	527	638	646	1123	771	802	785	788	908	797	859	643	613	617	620	619	1629	2057	395	159	834	814	1792	1302	898	1571	880	848	798	791
520.0000012337123	0	0	6	0	1590	2483	3799	11897	11172	10705	12984	7701	5814	4738	4123	1293	1315	1982	3168	2760	2158	3909	0	3219	74	3780	3526	4145	3847	4419	4509	5178	4360	4376	4313	4177	4354	3788	4140	3614	3602	3557	3547	3333	4565	5192	898	509	2420	2465	2730	1547	1544	2482	1621	1610	1405	1566	217	196	211	217	100	103	577	285	170	164	235	291	492	346	787	625	411	757	480	409	521	518	636	626	1119	770	789	768	760	896	779	849	640	627	638	654	607	1635	2139	399	150	835	821	1831	1311	885	1599	892	880	851	864
525.0000004090872	1	0	12	0	1584	2517	3863	11910	11177	10710	12996	7711	5862	4763	4147	1305	1333	2003	3191	2782	2233	3961	0	3248	70	3809	3556	4186	3880	4457	4554	5259	4407	4421	4361	4220	4424	3837	4204	3665	3648	3594	3575	3382	4660	5306	923	525	2485	2519	2827	1617	1594	2553	1676	1674	1448	1621	214	195	206	215	104	98	574	287	170	168	234	272	487	339	789	614	434	797	497	397	517	511	624	620	1104	750	780	745	748	913	795	849	631	609	632	663	637	1635	2161	411	146	825	821	1867	1307	871	1608	868	878	905	926
530.0000067741934	0	0	14	0	1586	2519	3895	11921	11189	10726	13010	7719	5897	4794	4167	1323	1352	2017	3225	2797	2276	4010	0	3281	74	3830	3611	4259	3911	4500	4603	5335	4461	4463	4407	4270	4484	3894	4253	3704	3693	3636	3611	3429	4771	5425	952	535	2536	2572	2939	1689	1650	2669	1730	1736	1517	1683	207	193	201	212	103	95	568	282	184	196	270	302	498	346	809	619	426	797	513	426	542	521	624	611	1086	738	755	725	732	895	786	850	640	624	640	648	614	1629	2165	415	143	832	822	1902	1305	854	1630	858	861	917	961
535.0000052153041	1	0	7	0	1603	2467	3954	11941	11207	10738	13022	7728	5933	4808	4184	1337	1367	2036	3257	2822	2316	4041	0	3302	55	3863	3663	4290	3951	4532	4649	5405	4503	4510	4461	4315	4560	3947	4307	3740	3735	3682	3657	3474	4888	5556	973	545	2591	2632	3041	1762	1708	2765	1786	1799	1576	1741	199	189	199	208	102	96	561	277	187	201	281	319	515	356	814	620	432	825	537	454	570	549	656	626	1083	732	745	699	713	879	761	837	624	596	630	649	624	1645	2169	417	149	836	821	1936	1355	830	1638	836	849	893	960
540.0000017287307	3	0	3	0	1620	2434	3980	11955	11223	10751	13037	7738	5964	4831	4204	1346	1383	2049	3287	2842	2349	4074	0	3324	64	3884	3697	4326	3992	4567	4702	5466	4553	4558	4512	4363	4628	3981	4349	3798	3773	3719	3696	3514	5008	5671	1000	561	2646	2682	3165	1846	1773	2867	1837	1862	1643	1805	195	185	196	203	103	101	556	270	188	196	273	319	526	366	816	613	427	839	535	494	601	580	691	661	1079	710	725	689	704	864	741	816	598	589	612	638	659	1676	2189	417	147	838	832	1968	1408	833	1644	808	828	853	928
545.0000071523382	0	0	7	0	1622	2412	4011	11965	11232	10768	13055	7747	5999	4850	4223	1360	1396	2067	3316	2869	2395	4114	0	3350	80	3928	3737	4374	4026	4603	4747	5551	4605	4603	4548	4407	4667	4019	4399	3843	3808	3766	3739	3546	5107	5792	1035	575	2693	2736	3285	1924	1829	2987	1895	1924	1699	1882	189	180	185	198	102	107	563	269	200	194	269	307	518	360	816	607	416	843	557	496	601	580	712	679	1097	710	721	686	700	849	727	802	573	569	597	624	646	1689	2231	423	141	840	830	1998	1418	879	1711	836	838	823	899
550.000002968025	0	0	10	0	1623	2304	4087	11975	11247	10781	13064	7758	6035	4871	4238	1371	1411	2080	3345	2889	2445	4153	0	3374	64	3959	3768	4405	4055	4653	4797	5625	4647	4657	4585	4445	4722	4072	4448	3881	3837	3803	3779	3594	5218	5926	1063	580	2752	2789	3385	1998	1881	3087	1953	1977	1763	1933	188	177	185	194	97	108	574	272	199	198	276	320	508	345	820	603	406	840	547	509	610	585	706	690	1137	740	746	705	716	842	720	794	561	560	582	594	630	1686	2253	433	135	833	818	2044	1416	906	1761	875	876	819	877
555.0000016415133	1	0	15	0	1621	2257	4134	11985	11258	10794	13082	7765	6070	4894	4256	1390	1429	2104	3386	2908	2494	4190	0	3399	73	3990	3793	4449	4090	4689	4832	5702	4696	4715	4630	4486	4766	4120	4492	3923	3870	3839	3819	3639	5329	6046	1088	592	2805	2840	3541	2083	1932	3179	2004	2026	1834	1996	177	168	180	192	98	109	575	280	191	193	270	317	512	347	838	604	399	833	533	523	634	608	720	693	1167	770	768	723	735	840	710	794	553	562	571	584	606	1675	2257	434	135	840	820	2077	1443	906	1791	888	894	850	889
560.0000083503871	2	0	5	0	1633	2233	4163	11998	11266	10806	13097	7775	6115	4915	4283	1407	1455	2125	3416	2923	2524	4225	0	3443	77	4025	3825	4492	4121	4739	4875	5788	4751	4773	4674	4529	4836	4161	4536	3951	3898	3877	3857	3688	5441	6206	1121	598	2851	2913	3632	2158	1985	3259	2070	2079	1903	2044	170	161	174	185	95	111	576	286	192	185	263	312	516	354	865	628	402	836	526	517	633	611	734	715	1185	796	784	729	738	848	719	786	530	542	570	576	582	1666	2257	434	135	859	837	2100	1472	893	1797	869	897	840	888
565.0000005798034	0	0	9	0	1627	2192	4194	12011	11279	10818	13103	7787	6155	4928	4301	1420	1464	2145	3439	2946	2590	4262	0	3467	96	4050	3861	4528	4153	4796	4923	5867	4806	4822	4718	4575	4874	4207	4575	3990	3943	3907	3889	3741	5546	6342	1153	614	2907	2958	3752	2240	2034	3378	2130	2146	1962	2097	168	151	172	178	94	105	571	279	185	179	254	301	512	347	865	637	419	835	518	509	616	600	724	701	1194	791	802	764	782	880	753	816	558	542	563	549	558	1657	2257	434	130	850	847	2134	1485	896	1830	876	900	840	888
570.0000009885297	1	0	6	0	1629	2150	4250	12023	11288	10826	13116	7798	6188	4946	4318	1440	1478	2171	3477	2965	2628	4299	0	3485	78	4077	3892	4575	4199	4838	4969	5946	4856	4864	4759	4622	4929	4254	4627	4029	3974	3952	3915	3776	5655	6484	1176	623	2965	3008	3885	2327	2100	3487	2192	2198	2026	2139	166	144	166	172	91	100	574	281	177	183	267	300	505	336	866	632	410	826	506	504	614	587	699	687	1223	807	814	779	788	909	784	834	587	574	586	571	566	1669	2257	434	124	855	846	2182	1480	905	1867	881	919	849	891
575.0000014884786	0	0	8	0	1633	2124	4279	12030	11294	10835	13124	7804	6218	4966	4333	1449	1488	2193	3501	2988	2680	4331	0	3514	85	4096	3930	4611	4233	4879	5008	6005	4905	4915	4809	4671	4988	4301	4672	4066	4010	3974	3952	3814	5783	6607	1196	635	3007	3051	3984	2421	2156	3597	2250	2264	2084	2196	165	142	162	166	88	97	573	276	172	179	265	316	526	345	870	627	400	825	495	504	621	598	695	669	1214	821	836	798	810	908	787	863	619	614	614	592	585	1741	2278	434	118	850	839	2219	1487	913	1894	901	935	839	889
580.0000011376954	1	0	6	0	1643	2110	4331	12040	11303	10846	13133	7810	6252	4982	4344	1459	1509	2215	3527	3011	2726	4374	0	3550	79	4126	3965	4649	4271	4922	5048	6056	4952	4953	4851	4710	5049	4357	4728	4116	4044	4009	3974	3865	5890	6743	1217	638	3052	3112	4129	2513	2209	3693	2300	2316	2141	2240	158	143	160	163	86	97	565	280	177	180	259	308	520	338	870	621	409	859	505	490	621	602	713	688	1203	802	811	789	811	930	814	866	606	603	633	619	568	1804	2361	443	116	836	839	2252	1538	894	1907	878	939	832	874
585.0000042715682	0	0	10	0	1650	2110	4386	12047	11313	10853	13142	7815	6287	5000	4359	1472	1527	2236	3565	3025	2777	4405	0	3578	92	4156	3999	4683	4313	4957	5086	6112	4991	4999	4886	4764	5103	4399	4789	4156	4071	4051	4015	3905	6006	6891	1242	651	3099	3158	4247	2615	2267	3806	2345	2372	2201	2286	161	140	161	166	87	91	558	273	182	174	251	302	507	327	870	612	396	860	517	479	611	586	700	674	1189	781	789	774	796	934	833	887	617	618	635	612	568	1804	2437	456	111	830	835	2279	1542	903	1935	871	906	844	878
590.0000022551149	2	0	6	0	1662	2079	4442	12055	11325	10859	13155	7821	6316	5022	4375	1490	1546	2253	3599	3047	2807	4455	0	3599	97	4195	4030	4716	4356	5006	5137	6169	5040	5036	4923	4808	5162	4447	4844	4190	4105	4083	4053	3946	6109	7036	1277	660	3151	3209	4345	2705	2323	3908	2410	2431	2255	2354	160	149	162	166	90	89	551	261	195	175	252	300	507	321	873	604	381	855	508	487	612	571	691	667	1207	783	773	766	780	926	830	896	639	634	649	635	587	1803	2452	472	112	826	832	2307	1573	932	2002	903	905	848	881
595.0000011417612	0	0	11	0	1654	2008	4510	12064	11331	10871	13161	7828	6343	5044	4393	1500	1562	2268	3636	3069	2876	4489	0	3622	83	4224	4063	4748	4395	5052	5169	6240	5077	5086	4971	4844	5219	4494	4898	4223	4137	4121	4086	3987	6210	7160	1298	672	3202	3251	4482	2787	2376	4029	2449	2480	2330	2399	151	144	167	162	84	91	548	255	182	170	245	291	506	326	888	617	373	852	500	496	618	577	679	654	1201	787	775	789	798	924	815	871	614	630	655	653	598	1796	2454	473	120	838	824	2333	1584	926	2009	898	926	836	868
600.0000004306728	1	0	8	0	1654	1987	4545	12079	11339	10879	13170	7838	6366	5065	4414	1518	1574	2283	3667	3090	2926	4519	0	3647	102	4251	4103	4779	4427	5096	5209	6310	5123	5137	5019	4891	5277	4549	4934	4253	4167	4165	4128	4037	6309	7299	1317	679	3243	3297	4605	2872	2436	4133	2497	2532	2393	2447	150	141	158	164	84	85	561	249	169	172	243	287	497	316	888	613	390	847	489	487	607	585	700	671	1186	785	777	774	788	941	829	868	599	610	641	623	647	1847	2461	473	129	856	833	2367	1593	945	2046	898	905	893	915
