>time	Ribosome	coli Pol	coli Pol-P	coli Pol-2.0	coli Pol-P-2.0	gp1	gp1-3.5	gp0.3	gp0.4	gp0.5	gp0.6A	gp0.7	gp1.1	gp1.2	gp1.3	gp1.4	gp1.5	gp1.6	gp1.7	gp1.8	gp2.0	gp2.5	gp2.8	gp3.0	gp3.5	gp3.8	gp4A	gp4.2	gp4.3	gp4.5	gp4.7	gp5.0	gp5.3	gp5.5	gp5.7	gp5.9	gp6.0	gp6.3	gp6.5	gp6.7	gp7	gp7.3	gp7.7	gp8	gp9	gp10A	gp11	gp12	gp13	gp14	gp15	gp16	gp17	gp17.5	gp18	gp18.5	gp19	gp19.5	RNA: gp0.3	RNA: gp0.4	RNA: gp0.5	RNA: gp0.6A	RNA: gp0.7	RNA: gp1	RNA: gp1.1	RNA: gp1.2	RNA: gp1.3	RNA: gp1.4	RNA: gp1.5	RNA: gp1.6	RNA: gp1.7	RNA: gp1.8	RNA: gp2.0	RNA: gp2.5	RNA: gp3.0	RNA: gp3.5	RNA: gp3.8	RNA: gp4A	RNA: gp4.2	RNA: gp4.3	RNA: gp4.5	RNA: gp4.7	RNA: gp5.0	RNA: gp5.3	RNA: gp5.5	RNA: gp5.7	RNA: gp5.9	RNA: gp6.0	RNA: gp6.3	RNA: gp6.5	RNA: gp6.7	RNA: gp7	RNA: gp7.3	RNA: gp7.7	RNA: gp8	RNA: gp9	RNA: gp10A	RNA: gp11	RNA: gp12	RNA: gp13	RNA: gp14	RNA: gp15	RNA: gp16	RNA: gp17	RNA: gp17.5	RNA: gp18	RNA: gp18.5	RNA: gp19	RNA: gp19.5	NumColiPoly:	4	NumT7Poly	2	NumOfTimePoints:	121	NumOfProteins:	58	NumOfCoding	51
0.0037476807821594784	10000	1800	0	0	0	0	0	0	0	0	0	0	0	0	0	0	0	0	0	0	0	0	0	0	0	0	0	0	0	0	0	0	0	0	0	0	0	0	0	0	0	0	0	0	0	0	0	0	0	0	0	0	0	0	0	0	0	0	0	0	0	0	0	0	0	0	0	0	0	0	0	0	0	0	0	0	0	0	0	0	0	0	0	0	0	0	0	0	0	0	0	0	0	0	0	0	0	0	0	0	0	0	0	0	0	0	0	0	0
5.00457654556712	10000	1800	0	0	0	0	0	0	0	0	0	0	0	0	0	0	0	0	0	0	0	0	0	0	0	0	0	0	0	0	0	0	0	0	0	0	0	0	0	0	0	0	0	0	0	0	0	0	0	0	0	0	0	0	0	0	0	0	0	0	0	0	0	0	0	0	0	0	0	0	0	0	0	0	0	0	0	0	0	0	0	0	0	0	0	0	0	0	0	0	0	0	0	0	0	0	0	0	0	0	0	0	0	0	0	0	0	0	0
10.000127488137164	10000	1794	0	0	0	0	0	0	0	0	0	0	0	0	0	0	0	0	0	0	0	0	0	0	0	0	0	0	0	0	0	0	0	0	0	0	0	0	0	0	0	0	0	0	0	0	0	0	0	0	0	0	0	0	0	0	0	0	0	0	0	0	0	0	0	0	0	0	0	0	0	0	0	0	0	0	0	0	0	0	0	0	0	0	0	0	0	0	0	0	0	0	0	0	0	0	0	0	0	0	0	0	0	0	0	0	0	0	0
15.01507582383848	10000	1785	0	0	0	0	0	0	0	0	0	0	0	0	0	0	0	0	0	0	0	0	0	0	0	0	0	0	0	0	0	0	0	0	0	0	0	0	0	0	0	0	0	0	0	0	0	0	0	0	0	0	0	0	0	0	0	0	0	0	0	0	0	0	0	0	0	0	0	0	0	0	0	0	0	0	0	0	0	0	0	0	0	0	0	0	0	0	0	0	0	0	0	0	0	0	0	0	0	0	0	0	0	0	0	0	0	0	0
20.0001930078842	9994	1770	0	0	0	0	0	0	0	0	0	0	0	0	0	0	0	0	0	0	0	0	0	0	0	0	0	0	0	0	0	0	0	0	0	0	0	0	0	0	0	0	0	0	0	0	0	0	0	0	0	0	0	0	0	0	0	0	0	0	0	0	0	0	0	0	0	0	0	0	0	0	0	0	0	0	0	0	0	0	0	0	0	0	0	0	0	0	0	0	0	0	0	0	0	0	0	0	0	0	0	0	0	0	0	0	0	0	0
25.000281419020517	9981	1763	0	0	0	0	0	0	0	0	0	0	0	0	0	0	0	0	0	0	0	0	0	0	0	0	0	0	0	0	0	0	0	0	0	0	0	0	0	0	0	0	0	0	0	0	0	0	0	0	0	0	0	0	0	0	0	0	0	0	0	0	0	0	0	0	0	0	0	0	0	0	0	0	0	0	0	0	0	0	0	0	0	0	0	0	0	0	0	0	0	0	0	0	0	0	0	0	0	0	0	0	0	0	0	0	0	0	0
30.000002466341066	9941	1752	0	0	0	0	0	4	0	0	0	0	0	0	0	0	0	0	0	0	0	0	0	0	0	0	0	0	0	0	0	0	0	0	0	0	0	0	0	0	0	0	0	0	0	0	0	0	0	0	0	0	0	0	0	0	0	0	9	3	0	0	0	0	0	0	0	0	0	0	0	0	0	0	0	0	0	0	0	0	0	0	0	0	0	0	0	0	0	0	0	0	0	0	0	0	0	0	0	0	0	0	0	0	0	0	0	0	0
35.00002336283496	9871	1737	0	0	0	0	0	17	7	1	0	0	0	0	0	0	0	0	0	0	0	0	0	0	0	0	0	0	0	0	0	0	0	0	0	0	0	0	0	0	0	0	0	0	0	0	0	0	0	0	0	0	0	0	0	0	0	0	20	11	3	0	0	0	0	0	0	0	0	0	0	0	0	0	0	0	0	0	0	0	0	0	0	0	0	0	0	0	0	0	0	0	0	0	0	0	0	0	0	0	0	0	0	0	0	0	0	0	0
40.00000512249776	9797	1724	0	0	0	0	0	51	28	9	1	0	0	0	0	0	0	0	0	0	0	0	0	0	0	0	0	0	0	0	0	0	0	0	0	0	0	0	0	0	0	0	0	0	0	0	0	0	0	0	0	0	0	0	0	0	0	0	39	17	9	4	0	0	0	0	0	0	0	0	0	0	0	0	0	0	0	0	0	0	0	0	0	0	0	0	0	0	0	0	0	0	0	0	0	0	0	0	0	0	0	0	0	0	0	0	0	0	0
45.000017858559964	9701	1713	0	0	0	0	0	96	64	27	9	0	0	0	0	0	0	0	0	0	0	0	0	0	0	0	0	0	0	0	0	0	0	0	0	0	0	0	0	0	0	0	0	0	0	0	0	0	0	0	0	0	0	0	0	0	0	0	53	31	24	11	0	0	0	0	0	0	0	0	0	0	0	0	0	0	0	0	0	0	0	0	0	0	0	0	0	0	0	0	0	0	0	0	0	0	0	0	0	0	0	0	0	0	0	0	0	0	0
50.00001367315795	9616	1703	0	0	0	0	0	165	109	65	29	0	0	0	0	0	0	0	0	0	0	0	0	0	0	0	0	0	0	0	0	0	0	0	0	0	0	0	0	0	0	0	0	0	0	0	0	0	0	0	0	0	0	0	0	0	0	0	62	43	34	24	0	0	0	0	0	0	0	0	0	0	0	0	0	0	0	0	0	0	0	0	0	0	0	0	0	0	0	0	0	0	0	0	0	0	0	0	0	0	0	0	0	0	0	0	0	0	0
55.00063222944048	9506	1686	0	0	0	0	0	232	164	108	66	0	0	0	0	0	0	0	0	0	0	0	0	0	0	0	0	0	0	0	0	0	0	0	0	0	0	0	0	0	0	0	0	0	0	0	0	0	0	0	0	0	0	0	0	0	0	0	69	55	41	37	0	0	0	0	0	0	0	0	0	0	0	0	0	0	0	0	0	0	0	0	0	0	0	0	0	0	0	0	0	0	0	0	0	0	0	0	0	0	0	0	0	0	0	0	0	0	0
60.00013600733738	9355	1678	0	0	0	0	0	312	239	167	121	0	0	0	0	0	0	0	0	0	0	0	0	0	0	0	0	0	0	0	0	0	0	0	0	0	0	0	0	0	0	0	0	0	0	0	0	0	0	0	0	0	0	0	0	0	0	0	84	65	57	50	0	0	0	0	0	0	0	0	0	0	0	0	0	0	0	0	0	0	0	0	0	0	0	0	0	0	0	0	0	0	0	0	0	0	0	0	0	0	0	0	0	0	0	0	0	0	0
65.00028454377947	9230	1663	0	0	0	0	0	412	324	241	189	0	0	0	0	0	0	0	0	0	0	0	0	0	0	0	0	0	0	0	0	0	0	0	0	0	0	0	0	0	0	0	0	0	0	0	0	0	0	0	0	0	0	0	0	0	0	0	95	79	69	64	0	0	0	0	0	0	0	0	0	0	0	0	0	0	0	0	0	0	0	0	0	0	0	0	0	0	0	0	0	0	0	0	0	0	0	0	0	0	0	0	0	0	0	0	0	0	0
70.00022663050562	9057	1649	3	0	0	0	0	521	423	338	278	0	0	0	0	0	0	0	0	0	0	0	0	0	0	0	0	0	0	0	0	0	0	0	0	0	0	0	0	0	0	0	0	0	0	0	0	0	0	0	0	0	0	0	0	0	0	0	110	96	79	72	22	0	0	0	0	0	0	0	0	0	0	0	0	0	0	0	0	0	0	0	0	0	0	0	0	0	0	0	0	0	0	0	0	0	0	0	0	0	0	0	0	0	0	0	0	0	0
75.0000519831789	8871	1630	10	0	0	0	0	651	533	435	370	1	0	0	0	0	0	0	0	0	0	0	0	0	0	0	0	0	0	0	0	0	0	0	0	0	0	0	0	0	0	0	0	0	0	0	0	0	0	0	0	0	0	0	0	0	0	0	126	106	93	84	45	0	0	0	0	0	0	0	0	0	0	0	0	0	0	0	0	0	0	0	0	0	0	0	0	0	0	0	0	0	0	0	0	0	0	0	0	0	0	0	0	0	0	0	0	0	0
80.00003407894138	8671	1592	30	0	0	0	0	789	667	562	490	0	0	0	0	0	0	0	0	0	0	0	0	0	0	0	0	0	0	0	0	0	0	0	0	0	0	0	0	0	0	0	0	0	0	0	0	0	0	0	0	0	0	0	0	0	0	0	137	116	103	100	70	0	0	0	0	0	0	0	0	0	0	0	0	0	0	0	0	0	0	0	0	0	0	0	0	0	0	0	0	0	0	0	0	0	0	0	0	0	0	0	0	0	0	0	0	0	0
85.0001732778233	8475	1546	62	0	0	0	0	958	810	708	634	0	0	0	0	0	0	0	0	0	0	0	0	0	0	0	0	0	0	0	0	0	0	0	0	0	0	0	0	0	0	0	0	0	0	0	0	0	0	0	0	0	0	0	0	0	0	0	144	130	117	111	88	0	0	0	0	0	0	0	0	0	0	0	0	0	0	0	0	0	0	0	0	0	0	0	0	0	0	0	0	0	0	0	0	0	0	0	0	0	0	0	0	0	0	0	0	0	0
90.000005122511	8245	1472	120	0	0	0	0	1116	959	867	837	0	0	0	0	0	0	0	0	0	0	0	0	0	0	0	0	0	0	0	0	0	0	0	0	0	0	0	0	0	0	0	0	0	0	0	0	0	0	0	0	0	0	0	0	0	0	0	163	145	131	122	103	0	0	0	0	0	0	0	0	0	0	0	0	0	0	0	0	0	0	0	0	0	0	0	0	0	0	0	0	0	0	0	0	0	0	0	0	0	0	0	0	0	0	0	0	0	0
95.0000065263334	8003	1393	180	0	0	0	0	1281	1125	1015	1055	0	0	0	0	0	0	0	0	0	0	0	0	0	0	0	0	0	0	0	0	0	0	0	0	0	0	0	0	0	0	0	0	0	0	0	0	0	0	0	0	0	0	0	0	0	0	0	178	154	139	134	109	0	0	0	0	0	0	0	0	0	0	0	0	0	0	0	0	0	0	0	0	0	0	0	0	0	0	0	0	0	0	0	0	0	0	0	0	0	0	0	0	0	0	0	0	0	0
100.00013030241448	7743	1304	259	0	0	0	0	1505	1304	1174	1302	0	0	0	0	0	0	0	0	0	0	0	0	0	0	0	0	0	0	0	0	0	0	0	0	0	0	0	0	0	0	0	0	0	0	0	0	0	0	0	0	0	0	0	0	0	0	0	189	171	157	148	121	0	0	0	0	0	0	0	0	0	0	0	0	0	0	0	0	0	0	0	0	0	0	0	0	0	0	0	0	0	0	0	0	0	0	0	0	0	0	0	0	0	0	0	0	0	0
105.0000157858456	7434	1205	344	0	0	0	0	1717	1496	1367	1564	1	0	0	0	0	0	0	0	0	0	0	0	0	0	0	0	0	0	0	0	0	0	0	0	0	0	0	0	0	0	0	0	0	0	0	0	0	0	0	0	0	0	0	0	0	0	0	202	186	174	160	139	0	0	0	0	0	0	0	0	0	0	0	0	0	0	0	0	0	0	0	0	0	0	0	0	0	0	0	0	0	0	0	0	0	0	0	0	0	0	0	0	0	0	0	0	0	0
110.00002240436802	7125	1095	443	0	0	0	0	1935	1720	1570	1870	0	0	0	0	0	0	0	0	0	0	0	0	0	0	0	0	0	0	0	0	0	0	0	0	0	0	0	0	0	0	0	0	0	0	0	0	0	0	0	0	0	0	0	0	0	0	0	218	196	186	180	157	0	0	0	0	0	0	0	0	0	0	0	0	0	0	0	0	0	0	0	0	0	0	0	0	0	0	0	0	0	0	0	0	0	0	0	0	0	0	0	0	0	0	0	0	0	0
115.00004864253012	6811	974	549	0	0	0	0	2192	1952	1790	2185	1	0	0	0	0	0	0	0	0	0	0	0	0	0	0	0	0	0	0	0	0	0	0	0	0	0	0	0	0	0	0	0	0	0	0	0	0	0	0	0	0	0	0	0	0	0	0	232	211	203	192	168	0	0	0	0	0	0	0	0	0	0	0	0	0	0	0	0	0	0	0	0	0	0	0	0	0	0	0	0	0	0	0	0	0	0	0	0	0	0	0	0	0	0	0	0	0	0
120.0000491246217	6477	822	685	0	0	0	0	2441	2193	2023	2552	0	0	0	0	0	0	0	0	0	0	0	0	0	0	0	0	0	0	0	0	0	0	0	0	0	0	0	0	0	0	0	0	0	0	0	0	0	0	0	0	0	0	0	0	0	0	0	239	224	216	206	184	0	0	0	0	0	0	0	0	0	0	0	0	0	0	0	0	0	0	0	0	0	0	0	0	0	0	0	0	0	0	0	0	0	0	0	0	0	0	0	0	0	0	0	0	0	0
125.00001054791069	6191	667	831	0	0	0	0	2708	2455	2292	2943	1	0	0	0	0	0	0	0	0	0	0	0	0	0	0	0	0	0	0	0	0	0	0	0	0	0	0	0	0	0	0	0	0	0	0	0	0	0	0	0	0	0	0	0	0	0	0	253	232	223	219	196	0	0	0	0	0	0	0	0	0	0	0	0	0	0	0	0	0	0	0	0	0	0	0	0	0	0	0	0	0	0	0	0	0	0	0	0	0	0	0	0	0	0	0	0	0	0
130.00005564529474	5821	499	988	0	0	0	0	2989	2698	2566	3340	1	0	0	0	0	0	0	0	0	0	0	0	0	0	0	0	0	0	0	0	0	0	0	0	0	0	0	0	0	0	0	0	0	0	0	0	0	0	0	0	0	0	0	0	0	0	0	266	245	235	226	215	42	0	0	0	0	0	0	0	0	0	0	0	0	0	0	0	0	0	0	0	0	0	0	0	0	0	0	0	0	0	0	0	0	0	0	0	0	0	0	0	0	0	0	0	0	0
135.0000196217794	5516	317	1167	0	0	6	0	3293	2988	2841	3818	1	2	0	0	0	0	0	0	0	0	0	0	0	0	0	0	0	0	0	0	0	0	0	0	0	0	0	0	0	0	0	0	0	0	0	0	0	0	0	0	0	0	0	0	0	0	0	273	260	249	242	225	88	0	0	0	0	0	0	0	0	0	0	0	0	0	0	0	0	0	0	0	0	0	0	0	0	0	0	0	0	0	0	0	0	0	0	0	0	0	0	0	0	0	0	0	0	0
140.00000683923352	5118	124	1349	0	0	15	0	3582	3294	3153	4302	4	10	0	0	0	0	0	0	0	0	0	0	0	0	0	0	0	0	0	0	0	0	0	0	0	0	0	0	0	0	0	0	0	0	0	0	0	0	0	0	0	0	0	0	0	0	0	285	273	262	256	238	142	6	1	0	0	0	0	0	0	0	0	0	0	0	0	0	0	0	0	0	0	0	0	0	0	0	0	0	0	0	0	0	0	0	0	0	0	0	0	0	0	0	0	0	0	0
145.00001542683034	4724	0	1469	0	0	44	0	3921	3605	3450	4716	110	26	4	0	0	0	0	0	0	0	0	0	0	0	0	0	0	0	0	0	0	0	0	0	0	0	0	0	0	0	0	0	0	0	0	0	0	0	0	0	0	0	0	0	0	0	0	290	282	274	270	244	180	16	10	0	0	0	0	0	0	0	0	0	0	0	0	0	0	0	0	0	0	0	0	0	0	0	0	0	0	0	0	0	0	0	0	0	0	0	0	0	0	0	0	0	0	0
150.0001049888983	4393	0	1464	0	0	88	0	4267	3942	3774	5030	323	58	20	0	0	0	0	0	0	0	0	0	0	0	0	0	0	0	0	0	0	0	0	0	0	0	0	0	0	0	0	0	0	0	0	0	0	0	0	0	0	0	0	0	0	0	0	292	285	281	285	258	200	28	17	0	0	0	0	0	0	0	0	0	0	0	0	0	0	0	0	0	0	0	0	0	0	0	0	0	0	0	0	0	0	0	0	0	0	0	0	0	0	0	0	0	0	0
155.00012437162903	3966	0	1456	0	0	147	0	4604	4258	4071	5356	587	101	38	0	0	0	0	0	0	0	0	0	0	0	0	0	0	0	0	0	0	0	0	0	0	0	0	0	0	0	0	0	0	0	0	0	0	0	0	0	0	0	0	0	0	0	0	298	292	289	291	275	215	45	30	0	0	0	0	0	0	0	0	0	0	0	0	0	0	0	0	0	0	0	0	0	0	0	0	0	0	0	0	0	0	0	0	0	0	0	0	0	0	0	0	0	0	0
160.00000056863823	3522	0	1451	0	0	209	0	4974	4580	4379	5698	833	175	73	0	0	0	0	0	0	0	0	0	0	0	0	0	0	0	0	0	0	0	0	0	0	0	0	0	0	0	0	0	0	0	0	0	0	0	0	0	0	0	0	0	0	0	0	301	295	292	299	283	228	71	52	0	0	0	0	0	0	0	0	0	0	0	0	0	0	0	0	0	0	0	0	0	0	0	0	0	0	0	0	0	0	0	0	0	0	0	0	0	0	0	0	0	0	0
165.00000745647412	3097	0	1448	0	0	298	0	5312	4912	4715	6037	1119	272	141	0	0	0	0	0	0	0	0	0	0	0	0	0	0	0	0	0	0	0	0	0	0	0	0	0	0	0	0	0	0	0	0	0	0	0	0	0	0	0	0	0	0	0	0	301	299	299	307	292	236	79	71	0	0	0	0	0	0	0	0	0	0	0	0	0	0	0	0	0	0	0	0	0	0	0	0	0	0	0	0	0	0	0	0	0	0	0	0	0	0	0	0	0	0	0
170.0000091963695	2727	0	1445	0	0	407	0	5683	5270	5065	6391	1383	362	220	7	0	0	0	0	0	0	0	0	0	0	0	0	0	0	0	0	0	0	0	0	0	0	0	0	0	0	0	0	0	0	0	0	0	0	0	0	0	0	0	0	0	0	0	313	300	300	312	303	254	89	80	35	0	0	0	0	0	0	0	0	0	0	0	0	0	0	0	0	0	0	0	0	0	0	0	0	0	0	0	0	0	0	0	0	0	0	0	0	0	0	0	0	0	0
175.00002412391692	2278	0	1453	0	0	506	0	6037	5632	5390	6741	1694	473	304	22	0	3	0	0	0	0	0	0	0	0	0	0	0	0	0	0	0	0	0	0	0	0	0	0	0	0	0	0	0	0	0	0	0	0	0	0	0	0	0	0	0	0	0	324	314	300	314	308	270	110	94	58	1	2	0	0	0	0	0	0	0	0	0	0	0	0	0	0	0	0	0	0	0	0	0	0	0	0	0	0	0	0	0	0	0	0	0	0	0	0	0	0	0	0
180.0000125260426	1566	0	1452	0	0	610	0	6385	6002	5724	7114	1987	613	411	52	5	5	0	0	0	0	0	0	0	0	0	0	0	0	0	0	0	0	0	0	0	0	0	0	0	0	0	0	0	0	0	0	0	0	0	0	0	0	0	0	0	0	0	335	324	314	318	314	280	137	119	89	7	4	3	7	3	1	1	0	0	0	0	0	0	0	0	0	0	0	0	0	0	0	0	0	0	0	0	0	0	0	0	0	0	0	0	0	0	0	0	0	0	0
185.00000503805552	1109	0	1448	0	6	725	0	6777	6399	6116	7498	2320	779	546	90	18	14	4	0	10	0	0	0	0	0	0	0	0	0	0	0	0	0	0	0	0	0	0	0	0	0	0	0	0	0	0	0	0	0	0	0	0	0	0	0	0	0	0	341	330	320	333	315	294	153	143	100	15	9	17	16	11	10	5	1	1	0	0	0	0	0	0	0	0	0	0	0	0	0	0	0	0	0	0	0	0	0	0	0	0	0	0	0	0	0	0	0	0	0
190.00001324605998	360	0	1446	0	20	832	0	7171	6772	6467	7907	2627	978	704	161	44	32	28	3	34	2	0	0	0	0	0	0	0	0	0	0	0	0	0	0	0	0	0	0	0	0	0	0	0	0	0	0	0	0	0	0	0	0	0	0	0	0	0	357	334	327	338	327	299	171	163	127	15	14	30	35	22	24	25	4	4	1	0	0	0	0	0	0	0	0	0	0	0	0	0	0	0	0	0	0	0	0	0	0	0	0	0	0	0	0	0	0	0	0
195.00000324299262	66	0	1422	0	56	968	2	7562	7189	6856	8274	2962	1183	882	246	70	48	56	20	82	1	2	0	4	0	0	0	0	0	0	0	0	0	0	0	0	0	0	0	0	0	0	0	0	0	0	0	0	0	0	0	0	0	0	0	0	0	0	369	344	335	342	334	307	187	183	154	23	16	33	55	53	45	47	23	13	12	2	0	0	0	0	0	0	0	0	0	0	0	0	0	0	0	0	0	0	0	0	0	0	0	0	0	0	0	0	0	0	0
200.0000019697185	24	0	1353	0	120	1121	5	7961	7531	7208	8627	3335	1378	1078	349	89	67	91	55	143	2	12	0	14	0	9	0	0	0	0	0	0	0	0	0	0	0	0	0	0	0	0	0	0	0	0	0	0	0	0	0	0	0	0	0	0	0	0	373	356	345	350	333	303	209	190	163	29	21	43	65	63	55	63	45	34	42	12	8	4	5	6	0	0	0	0	0	0	0	0	0	0	0	0	0	0	0	0	0	0	0	0	0	0	0	0	0	0	0
205.0000062852314	15	0	1306	0	172	1254	25	8320	7829	7512	8962	3691	1566	1260	448	117	93	133	116	208	1	47	0	45	1	26	0	5	5	4	0	0	0	0	0	0	0	0	0	0	0	0	0	0	0	0	0	0	0	0	0	0	0	0	0	0	0	0	376	359	355	356	322	301	225	210	173	34	34	60	92	92	84	92	65	62	72	47	26	18	25	17	0	0	0	0	0	0	0	0	0	0	0	0	0	0	0	0	0	0	0	0	0	0	0	0	0	0	0
210.00000449562813	9	0	1257	0	222	1403	59	8648	8112	7772	9249	4040	1724	1442	571	146	114	183	185	273	3	104	0	91	1	79	0	18	16	19	5	0	0	0	0	0	0	0	0	0	0	0	0	0	0	0	0	0	0	0	0	0	0	0	0	0	0	0	381	364	355	363	325	287	238	226	183	40	38	75	118	114	116	124	91	85	90	72	53	39	43	34	19	2	0	0	0	0	0	0	0	0	0	0	0	0	0	0	0	0	0	0	0	0	0	0	0	0	0
215.00000084413944	13	0	1185	0	309	1584	105	8925	8347	8006	9540	4388	1884	1614	713	170	134	238	251	339	5	165	0	149	8	143	0	44	29	51	16	0	0	0	0	0	0	0	0	0	0	0	0	0	0	0	0	0	0	0	0	0	0	0	0	0	0	0	386	369	359	372	320	279	254	238	204	41	42	89	137	132	125	152	128	106	117	92	86	71	74	59	41	20	17	16	15	0	0	0	0	0	0	0	0	0	0	0	0	0	0	0	0	0	0	0	0	0	0
220.00003193826146	10	0	1124	0	371	1735	162	9164	8580	8233	9793	4727	2039	1763	892	194	158	290	324	421	7	242	0	206	4	200	0	98	64	84	32	0	5	5	8	2	0	0	0	0	0	0	0	0	0	0	0	0	0	0	0	0	0	0	0	0	0	0	395	375	357	380	310	275	267	248	214	50	48	105	151	143	142	174	153	144	165	111	114	104	112	97	63	45	41	38	35	16	15	10	5	0	0	0	0	0	0	0	0	0	0	0	0	0	0	0	0	0	0
225.0000029870096	12	0	1056	0	445	1861	233	9431	8798	8427	9998	5003	2181	1898	1047	217	186	344	413	496	4	342	0	287	3	271	0	156	114	155	67	0	24	17	21	19	0	2	2	0	0	0	0	0	0	0	0	0	0	0	0	0	0	0	0	0	0	0	396	384	365	381	293	270	289	254	222	56	54	118	174	167	158	183	178	166	192	145	168	150	161	130	100	68	61	55	55	35	34	41	35	28	19	7	0	0	0	0	0	0	0	0	0	0	0	0	0	0	0
230.00000774491028	3	0	981	0	533	2020	292	9618	8977	8602	10215	5247	2326	2041	1202	244	206	400	495	569	6	446	0	365	7	375	6	231	181	224	116	0	56	40	45	39	0	18	13	4	1	0	0	0	0	0	0	0	0	0	0	0	0	0	0	0	0	0	401	384	377	387	287	263	300	260	231	60	61	134	202	183	175	206	188	181	219	172	190	184	218	194	141	109	108	96	90	54	52	64	55	44	46	35	0	0	0	0	0	0	0	0	0	0	0	0	0	0	0
235.00000556418053	4	0	919	0	607	2170	381	9804	9149	8782	10394	5465	2476	2151	1368	269	229	462	586	627	1	537	0	454	6	469	23	310	268	298	167	0	86	75	80	74	1	42	30	26	10	12	2	0	0	0	0	0	0	0	0	0	0	0	0	0	0	0	407	387	382	391	291	252	318	280	232	63	63	135	209	191	177	215	208	201	243	186	190	182	227	224	197	150	142	137	136	96	93	115	90	72	68	52	23	0	0	0	0	0	0	0	0	0	0	0	0	0	0
240.00001593874242	6	0	859	0	677	2329	450	9977	9292	8924	10566	5656	2602	2276	1514	295	254	523	668	706	9	634	0	538	8	556	61	389	345	394	253	0	136	122	124	119	11	65	59	50	27	29	16	0	0	0	0	0	0	0	0	0	0	0	0	0	0	0	400	383	387	399	287	243	334	289	232	66	61	140	227	212	205	217	211	218	263	195	196	185	222	229	248	200	193	186	173	132	134	174	158	126	120	96	50	24	0	0	0	0	0	0	0	0	0	0	0	0	0
245.00000087318816	4	0	792	0	744	2586	519	10144	9443	9072	10708	5839	2709	2395	1641	319	270	577	754	791	8	730	0	629	13	650	116	476	403	480	343	0	193	172	177	168	27	110	98	86	61	54	37	0	0	0	0	0	0	0	0	0	0	0	0	0	0	0	398	381	384	404	281	238	350	300	225	70	73	158	243	223	223	252	217	220	267	206	217	201	220	223	276	260	259	247	233	170	160	212	200	185	181	162	73	56	29	1	0	0	0	0	0	0	0	0	0	0	0
250.00001000638517	2	0	706	0	835	2823	606	10299	9568	9221	10867	5997	2841	2502	1770	345	294	621	832	864	12	813	0	705	4	745	180	555	474	554	419	7	268	233	250	231	64	167	166	138	101	99	76	0	0	0	0	0	0	0	0	0	0	0	0	0	0	0	402	374	375	395	280	228	361	307	228	85	83	165	254	229	229	260	233	222	268	203	219	215	240	224	282	272	272	274	267	211	185	245	235	222	214	190	125	90	64	6	0	0	0	0	0	0	0	0	0	0	0
255.00000362094434	4	0	639	0	911	3028	675	10427	9694	9357	11013	6110	2946	2608	1884	364	323	669	926	937	19	907	0	776	11	830	259	626	536	635	506	30	351	317	319	314	104	220	232	197	149	144	134	0	0	0	0	0	0	0	0	0	0	0	0	0	0	0	394	374	371	392	275	221	369	321	229	84	88	175	255	228	231	263	250	255	284	196	219	210	247	255	289	276	274	273	268	233	218	295	274	248	240	225	180	122	98	12	1	0	0	0	0	0	0	0	0	0	0
260.00000234519587	3	0	571	0	981	3197	748	10557	9817	9464	11154	6244	3061	2694	1992	390	338	716	1001	1004	18	974	0	839	12	906	343	698	616	699	572	65	443	402	404	402	163	293	321	277	205	220	179	0	9	0	1	0	0	0	0	0	0	0	0	0	0	0	383	376	380	391	272	213	384	322	227	89	88	176	252	226	231	258	252	270	312	193	217	210	249	249	299	277	273	273	272	234	214	296	292	288	293	262	193	171	130	21	7	8	1	0	0	0	0	0	0	0	0
265.0000049230405	5	0	513	0	1042	3319	819	10687	9939	9574	11288	6360	3162	2809	2092	421	364	763	1080	1065	29	1047	0	922	15	1001	441	786	680	777	644	100	532	486	482	488	230	350	405	359	274	293	244	9	31	5	2	0	0	0	0	0	0	0	0	0	0	0	377	360	373	394	264	205	395	321	234	98	100	177	244	222	231	256	244	272	319	208	234	220	244	248	333	304	291	289	278	239	217	291	288	286	296	284	204	201	192	33	12	32	19	0	0	0	0	0	0	0	0
270.000001943377	1	0	460	0	1100	3405	902	10795	10043	9680	11416	6454	3261	2885	2187	438	388	814	1163	1136	39	1122	0	993	12	1108	532	854	749	851	710	167	613	567	571	561	310	413	486	434	351	375	324	25	69	21	5	0	1	0	0	0	0	0	0	0	0	0	385	366	370	392	260	207	404	331	238	97	96	183	259	239	241	255	240	272	325	234	277	262	280	271	343	322	316	311	310	285	266	339	317	297	292	281	259	247	232	41	18	55	46	2	0	0	0	0	0	0	0
275.000006097404	3	0	391	0	1175	3480	958	10909	10144	9778	11531	6547	3380	2974	2269	468	423	863	1262	1207	46	1201	0	1068	16	1199	627	924	803	927	773	245	691	655	634	648	395	469	577	507	446	454	415	44	111	45	10	0	10	0	0	0	0	0	0	0	0	0	383	376	376	390	259	208	410	334	251	96	96	188	314	300	319	286	231	272	314	240	282	271	305	312	350	324	314	313	312	327	303	397	372	348	336	300	300	303	281	57	25	89	73	25	0	0	0	0	0	0	0
280.0000042423054	4	0	339	0	1229	3545	1019	11008	10241	9874	11634	6630	3477	3054	2342	501	440	899	1338	1294	50	1265	0	1130	14	1295	731	1029	868	982	848	347	773	738	709	728	479	532	673	587	519	537	505	80	184	75	19	0	19	5	0	0	0	0	0	0	0	0	378	366	384	386	244	203	413	336	245	91	88	185	325	312	346	348	275	285	314	271	322	300	326	313	377	327	313	315	312	327	300	417	390	390	390	361	304	381	338	64	36	130	107	51	0	0	0	0	0	0	0
285.00000013139015	2	0	302	0	1280	3623	1093	11111	10324	9973	11739	6705	3561	3128	2409	524	457	942	1416	1365	79	1332	0	1199	13	1365	818	1115	938	1061	921	445	864	816	786	807	564	605	783	681	599	622	581	130	253	126	27	0	48	17	0	0	0	0	0	0	0	0	379	361	373	386	237	201	421	334	241	95	87	173	322	312	352	365	327	347	369	273	330	315	355	344	413	367	340	343	335	325	301	425	389	396	401	380	332	390	437	85	49	164	143	85	0	0	0	0	0	0	0
290.00000444625505	1	0	243	0	1347	3655	1151	11186	10395	10055	11822	6779	3661	3207	2491	553	480	985	1484	1444	95	1403	0	1254	16	1447	893	1197	1014	1150	1002	557	948	866	853	886	642	667	851	777	687	709	658	196	326	182	40	0	80	37	0	0	0	0	0	0	0	0	378	364	370	381	237	193	422	335	245	107	104	193	325	317	368	379	331	384	411	290	335	323	350	361	435	398	386	387	375	343	311	416	382	397	398	381	373	420	455	99	54	197	175	133	10	0	0	0	0	0	0
295.00000978426823	4	0	207	0	1389	3626	1233	11276	10482	10132	11900	6852	3747	3287	2557	574	490	1028	1557	1509	130	1479	0	1327	11	1511	969	1279	1084	1222	1082	651	1031	937	925	952	738	736	948	876	784	792	737	264	397	242	52	0	112	60	0	0	0	0	0	0	0	0	369	367	370	380	232	189	429	330	255	114	113	197	345	332	371	389	347	389	411	325	366	352	374	368	473	417	402	397	389	391	359	452	398	402	392	369	400	485	490	101	67	229	202	169	29	0	0	0	0	0	0
300.0000014761526	1	0	149	0	1444	3604	1301	11352	10559	10188	11989	6922	3828	3355	2632	590	520	1067	1639	1583	154	1552	0	1412	16	1593	1058	1352	1146	1298	1162	741	1108	1013	1011	1019	827	801	1034	957	855	886	807	340	491	317	61	0	152	94	0	0	0	0	0	0	0	0	361	355	371	381	226	191	438	329	237	114	120	202	366	337	373	387	350	416	423	361	414	399	410	406	493	445	436	434	418	410	393	501	445	445	428	379	404	545	547	108	82	266	243	207	52	8	8	3	1	0	0
305.00000215864424	2	0	112	0	1483	3613	1373	11431	10616	10257	12054	6982	3908	3416	2700	610	536	1101	1691	1649	178	1635	0	1478	11	1686	1142	1424	1217	1367	1231	840	1191	1084	1068	1102	879	880	1126	1024	932	966	871	435	581	417	87	1	188	123	0	0	0	0	0	0	0	0	354	346	358	381	215	183	453	339	234	117	126	197	363	335	375	387	344	419	435	391	441	420	435	410	508	451	447	442	435	413	391	502	448	474	463	425	398	559	621	118	85	292	289	235	77	23	20	11	7	0	0
310.00000282286965	1	0	84	0	1506	3572	1442	11499	10671	10324	12125	7045	3984	3470	2764	630	567	1128	1754	1703	212	1709	0	1556	26	1775	1237	1493	1282	1437	1311	943	1279	1154	1151	1186	952	947	1213	1111	1010	1055	929	527	680	517	99	4	236	158	0	0	0	3	0	0	0	0	348	339	358	370	223	182	464	343	232	114	119	206	372	344	390	398	335	417	434	430	483	474	503	481	538	480	468	466	448	416	397	492	437	467	461	429	397	591	652	126	91	313	308	284	110	41	36	31	24	2	2
315.0000033874021	1	0	82	0	1498	3541	1502	11559	10722	10397	12181	7102	4061	3523	2827	653	584	1162	1814	1753	276	1773	0	1607	26	1843	1311	1584	1359	1528	1387	1042	1343	1230	1233	1258	1041	1020	1292	1201	1094	1139	1002	606	782	609	116	5	295	204	2	0	0	9	7	1	0	0	353	334	350	364	227	176	475	349	219	111	118	194	367	338	391	396	343	424	428	453	509	488	525	529	566	506	499	494	473	464	435	524	453	477	454	427	437	609	687	135	99	337	328	333	152	67	58	47	35	13	16
320.0000024385912	0	0	66	0	1515	3492	1573	11618	10780	10451	12228	7156	4136	3581	2898	667	604	1196	1864	1813	351	1839	0	1659	14	1923	1393	1682	1435	1608	1465	1144	1417	1298	1307	1333	1112	1077	1373	1269	1172	1217	1080	697	881	701	135	13	341	258	11	0	0	13	11	4	0	1	366	343	344	358	220	166	483	360	222	116	119	185	371	351	433	401	340	431	447	442	514	504	553	566	634	537	515	508	489	488	464	562	478	507	484	441	445	631	720	145	110	359	349	362	211	113	109	93	65	21	18
325.00000139780667	2	0	45	0	1528	3436	1628	11670	10842	10507	12283	7206	4211	3637	2958	688	621	1222	1911	1861	405	1907	0	1721	27	1994	1464	1767	1502	1681	1544	1231	1502	1373	1390	1406	1196	1140	1455	1357	1249	1286	1137	789	994	801	155	26	389	302	23	0	0	21	20	10	0	2	350	343	356	355	211	171	479	362	204	116	123	185	371	352	453	440	359	432	442	440	512	506	558	571	683	599	586	575	552	526	499	593	500	531	512	465	439	645	740	149	116	386	375	398	266	169	156	138	108	35	31
330.00000178180443	0	0	51	0	1518	3395	1687	11710	10893	10558	12329	7259	4288	3684	3011	709	633	1246	1976	1918	494	1968	0	1789	22	2054	1557	1838	1570	1748	1623	1330	1568	1448	1471	1485	1277	1208	1538	1417	1309	1343	1208	886	1096	901	178	36	451	357	43	0	2	43	30	20	0	6	343	339	359	356	205	156	491	356	195	116	119	186	388	359	458	453	384	473	450	438	511	499	558	578	726	631	632	618	602	574	538	638	539	563	542	486	427	647	765	156	119	414	403	440	287	232	227	195	151	43	38
335.0000020406899	4	0	34	0	1533	3332	1740	11748	10935	10606	12381	7301	4353	3725	3058	728	650	1264	2035	1960	545	2013	0	1835	24	2112	1624	1918	1642	1829	1708	1437	1649	1532	1555	1568	1346	1293	1617	1498	1379	1422	1266	951	1198	1022	199	45	515	405	62	0	3	62	49	29	0	10	345	335	350	353	207	156	513	350	184	109	119	184	385	353	460	459	391	498	501	438	511	500	563	573	738	648	647	651	628	587	556	687	575	594	580	523	435	669	772	160	120	431	427	480	329	274	291	261	222	54	37
340.00000050156103	2	0	35	0	1536	3300	1798	11796	10985	10645	12431	7323	4419	3777	3104	750	664	1282	2099	1997	604	2071	0	1887	22	2169	1709	1984	1718	1896	1769	1546	1728	1612	1636	1645	1408	1350	1700	1568	1450	1491	1343	1026	1296	1134	226	68	574	444	98	0	5	104	71	47	0	13	339	331	352	347	200	152	527	367	209	118	132	194	385	358	483	467	394	508	500	444	530	509	562	569	753	669	644	645	619	585	549	671	582	611	614	561	462	712	802	160	119	450	437	515	341	289	311	273	268	90	80
345.00000840961803	0	0	44	0	1522	3312	1860	11838	11018	10688	12463	7362	4474	3839	3149	762	672	1303	2149	2037	680	2121	0	1934	36	2227	1786	2048	1784	1962	1831	1658	1812	1690	1711	1720	1494	1414	1764	1637	1528	1563	1419	1115	1398	1238	239	78	634	507	140	0	14	133	95	73	1	19	331	325	341	345	192	154	525	380	216	116	130	190	399	369	488	478	407	515	500	460	538	522	599	600	760	657	652	668	653	620	579	690	574	594	581	563	465	737	845	169	121	458	450	556	354	330	369	314	279	185	141
350.0000064690949	0	0	22	0	1550	3352	1929	11887	11051	10723	12496	7392	4535	3884	3195	779	693	1328	2201	2091	709	2196	0	1968	32	2288	1848	2104	1846	2037	1892	1777	1884	1769	1786	1794	1596	1469	1841	1718	1601	1621	1473	1186	1489	1353	264	98	686	560	189	0	29	174	119	113	1	30	329	322	333	342	185	148	532	376	218	130	150	191	399	360	488	476	407	533	503	500	570	553	598	603	766	656	654	663	649	667	633	737	611	611	588	553	473	773	882	181	120	466	459	590	351	335	388	330	323	231	224
355.0000009306451	1	0	23	0	1553	3350	2000	11933	11081	10773	12530	7421	4601	3929	3228	791	705	1352	2236	2130	764	2251	0	2023	29	2348	1920	2170	1906	2104	1952	1872	1947	1850	1858	1860	1678	1542	1920	1800	1680	1694	1529	1256	1565	1441	283	119	729	609	237	0	49	212	155	145	3	49	321	314	336	337	184	144	533	364	229	148	167	225	420	365	490	472	401	540	516	492	573	567	649	634	801	665	659	668	651	701	671	784	658	657	627	588	503	823	919	192	128	498	472	620	360	347	403	337	325	273	262
360.0000014727907	0	0	26	0	1551	3377	2035	11980	11118	10821	12560	7461	4659	3980	3266	806	724	1365	2285	2174	825	2302	0	2087	33	2406	1986	2235	1959	2162	2011	1983	2015	1913	1928	1915	1772	1619	1996	1866	1736	1766	1605	1344	1655	1537	300	131	777	672	293	0	77	267	192	187	10	73	310	304	329	339	185	132	533	359	230	146	165	230	429	382	516	483	392	541	519	501	583	572	640	636	817	701	695	701	679	696	663	780	660	677	671	630	521	863	982	202	133	522	500	647	448	335	406	333	325	328	322
365.0000010669022	2	0	30	0	1549	3433	2092	12018	11146	10851	12602	7480	4721	4019	3310	820	745	1385	2329	2213	881	2358	0	2127	23	2459	2053	2280	2006	2231	2089	2085	2104	2001	1995	1991	1852	1682	2073	1941	1821	1836	1656	1412	1744	1639	324	147	833	725	344	5	109	301	220	226	18	100	308	295	317	330	184	127	524	357	231	151	162	225	418	381	537	496	401	542	506	504	593	589	662	631	857	709	697	691	688	699	656	767	638	652	654	633	554	899	1031	218	137	539	515	684	497	362	434	336	314	353	364
370.00000169126764	1	0	24	0	1551	3427	2135	12041	11174	10882	12642	7507	4780	4064	3344	839	759	1403	2367	2249	929	2418	0	2166	29	2511	2103	2328	2057	2308	2150	2197	2164	2076	2056	2052	1939	1737	2142	2004	1890	1897	1725	1479	1836	1736	345	163	892	793	406	17	132	342	249	256	39	137	306	289	307	318	181	127	519	344	222	145	154	221	412	373	538	517	414	564	525	512	614	599	660	652	868	733	735	723	713	693	642	748	621	628	636	614	597	923	1074	230	142	566	531	728	503	426	517	390	348	345	362
375.0000014089309	1	0	22	0	1550	3379	2174	12084	11205	10907	12671	7534	4821	4088	3384	856	776	1423	2409	2274	980	2470	0	2204	30	2561	2182	2396	2120	2366	2206	2290	2230	2135	2143	2115	2007	1800	2231	2081	1954	1964	1792	1545	1933	1841	356	192	936	856	461	26	173	388	282	282	63	174	299	285	301	307	179	125	526	338	206	150	164	216	405	363	538	508	418	575	520	499	598	582	661	652	877	731	733	733	715	703	646	742	588	607	610	594	615	932	1095	238	151	589	549	770	571	447	579	451	418	342	368
380.00000253626547	2	0	17	0	1552	3345	2215	12112	11236	10938	12700	7560	4865	4120	3421	866	794	1447	2451	2303	1033	2527	0	2245	29	2607	2252	2447	2178	2418	2265	2401	2304	2198	2216	2190	2082	1854	2310	2143	2009	2026	1856	1622	2021	1942	378	211	992	914	534	48	216	422	331	315	96	199	298	288	295	300	172	123	529	336	207	150	163	226	412	372	540	506	405	589	534	497	597	571	647	631	899	748	748	742	702	732	675	780	613	614	610	572	619	930	1116	241	155	600	579	801	613	484	602	449	450	338	363
385.00000007824485	1	0	31	0	1536	3280	2257	12137	11259	10969	12734	7582	4914	4148	3455	884	810	1467	2487	2351	1103	2580	0	2282	33	2664	2316	2512	2233	2487	2335	2485	2384	2256	2292	2260	2167	1924	2386	2198	2066	2074	1907	1694	2108	2042	399	220	1029	963	588	79	249	476	378	358	124	237	294	285	287	297	161	125	521	333	205	165	181	246	424	384	563	501	398	591	524	509	606	591	658	630	898	749	752	748	727	767	699	801	633	650	653	600	628	970	1121	246	157	630	593	843	641	538	686	514	472	362	382
390.000001526764	1	0	29	0	1538	3240	2310	12164	11281	10993	12760	7603	4960	4179	3494	895	826	1482	2530	2390	1143	2621	0	2320	40	2709	2369	2573	2275	2549	2415	2571	2435	2321	2358	2320	2241	1989	2452	2259	2111	2135	1956	1772	2211	2148	419	233	1082	1017	661	111	294	541	422	397	151	263	283	285	286	290	156	120	526	333	192	164	184	252	443	394	579	522	398	589	515	504	602	590	674	646	886	734	747	742	726	815	760	858	676	655	665	610	606	994	1157	248	153	645	610	886	646	551	731	554	525	401	397
395.0000016019539	1	0	22	0	1541	3295	2343	12184	11303	11012	12792	7627	5001	4209	3518	913	840	1512	2561	2424	1191	2668	0	2355	46	2753	2443	2626	2325	2604	2475	2660	2511	2380	2427	2383	2314	2036	2528	2309	2171	2199	2006	1829	2312	2251	443	245	1144	1085	742	157	326	584	464	439	190	292	278	272	283	281	147	125	523	327	192	165	187	251	449	405	610	525	423	613	515	494	588	592	689	680	894	722	731	728	706	814	763	884	725	716	732	643	645	1035	1195	257	153	660	627	925	642	563	758	566	544	480	470
400.0000111347525	4	0	15	0	1546	3329	2402	12214	11324	11045	12815	7646	5042	4244	3537	924	859	1533	2600	2459	1233	2713	0	2389	38	2806	2502	2677	2375	2657	2530	2751	2578	2437	2506	2448	2393	2107	2607	2361	2238	2262	2054	1900	2412	2382	464	256	1195	1147	818	193	363	645	512	481	241	338	281	272	276	276	143	126	516	315	206	180	206	260	447	401	617	551	414	628	538	502	606	609	689	674	913	731	742	737	707	797	744	864	701	721	748	695	683	1101	1238	267	151	664	637	964	637	541	760	555	564	515	516
405.0000007861813	0	0	16	0	1549	3320	2465	12234	11350	11072	12839	7661	5086	4274	3564	948	881	1559	2641	2494	1273	2750	0	2431	23	2849	2543	2729	2420	2724	2600	2849	2636	2496	2578	2502	2475	2160	2687	2416	2305	2310	2105	1970	2519	2490	479	272	1251	1192	875	238	419	698	564	527	289	382	281	274	283	269	138	122	530	308	209	190	231	300	478	431	649	548	436	649	544	495	599	597	693	687	946	742	759	757	719	798	731	844	680	701	725	683	727	1193	1304	274	158	669	635	1008	662	529	753	537	546	546	545
410.00000327830264	0	0	8	0	1559	3405	2504	12255	11383	11092	12856	7681	5132	4302	3591	961	896	1587	2682	2533	1320	2799	0	2475	42	2904	2594	2793	2478	2775	2670	2931	2687	2567	2644	2552	2552	2213	2753	2488	2363	2366	2166	2034	2613	2595	497	283	1311	1252	949	293	471	752	611	579	333	421	272	272	279	273	133	129	533	317	212	194	225	295	496	446	674	580	439	658	562	483	582	578	669	673	950	752	781	780	730	828	759	866	688	689	698	651	720	1254	1391	284	164	687	645	1043	687	528	750	518	513	577	593
415.00000035476	0	0	20	0	1550	3383	2580	12273	11402	11118	12873	7699	5172	4329	3615	977	917	1607	2726	2572	1386	2846	0	2507	32	2960	2644	2842	2520	2828	2728	3022	2745	2631	2714	2606	2621	2267	2832	2538	2425	2424	2216	2099	2711	2689	511	300	1365	1302	1023	345	527	824	657	622	361	472	268	269	274	272	125	131	540	324	206	195	233	299	493	447	697	609	467	686	571	514	609	585	662	658	969	763	782	778	728	821	753	865	686	703	705	648	707	1260	1472	298	171	699	659	1072	694	560	794	538	503	561	623
420.00000198209773	1	0	13	0	1555	3368	2620	12296	11433	11144	12891	7716	5215	4351	3641	998	934	1626	2760	2595	1432	2887	0	2545	39	3013	2694	2879	2570	2890	2798	3114	2805	2698	2770	2671	2704	2323	2906	2582	2474	2483	2261	2153	2825	2799	529	311	1422	1359	1099	400	576	876	695	671	404	521	265	269	265	270	122	134	541	327	211	203	235	295	504	451	711	614	490	717	593	551	665	633	684	677	957	762	769	789	746	818	737	849	668	693	691	649	719	1304	1508	314	172	713	675	1111	733	548	816	560	534	534	608
425.00000678911334	0	0	14	0	1555	3299	2674	12318	11457	11168	12918	7733	5260	4376	3668	1020	957	1655	2808	2628	1486	2938	0	2585	35	3066	2752	2927	2617	2929	2858	3203	2873	2768	2826	2742	2777	2387	2973	2627	2532	2527	2312	2213	2915	2907	551	325	1478	1419	1181	444	623	919	737	711	453	562	266	269	258	267	122	133	555	331	208	199	233	300	513	444	714	610	494	740	616	548	660	652	737	722	951	740	738	764	727	840	753	855	650	667	670	627	697	1349	1556	320	179	728	685	1152	827	546	831	552	535	528	602
430.0000034612271	1	0	20	0	1552	3257	2714	12349	11482	11200	12936	7746	5303	4398	3693	1037	979	1682	2844	2651	1543	2988	0	2623	41	3117	2793	2974	2676	2982	2919	3272	2930	2821	2889	2810	2847	2448	3030	2673	2587	2597	2369	2266	3022	3040	573	347	1538	1464	1256	495	673	972	785	756	504	614	254	270	259	261	111	142	570	336	209	192	226	290	504	440	729	608	487	749	620	539	643	638	723	739	974	743	731	751	717	841	760	869	664	680	671	619	699	1370	1605	329	180	743	703	1187	898	602	891	580	544	514	581
435.00000120861887	1	0	14	0	1557	3157	2774	12369	11502	11222	12959	7759	5342	4423	3715	1053	1000	1704	2888	2697	1599	3033	0	2657	39	3159	2840	3034	2715	3041	2978	3376	2983	2870	2938	2868	2916	2505	3103	2722	2637	2643	2406	2332	3143	3145	592	362	1592	1521	1330	554	711	1038	821	794	557	657	244	260	255	263	107	149	590	343	195	196	239	300	500	427	736	630	472	748	610	533	630	631	705	722	1010	760	747	761	728	846	763	899	689	701	683	637	682	1399	1644	339	177	759	724	1222	946	661	967	650	600	494	562
440.0000002615915	0	0	10	0	1562	3111	2827	12390	11520	11236	12981	7768	5393	4455	3735	1068	1015	1720	2920	2719	1662	3094	0	2701	42	3191	2875	3083	2762	3087	3041	3460	3046	2921	3002	2931	2979	2578	3148	2779	2697	2691	2458	2384	3238	3275	617	376	1642	1569	1404	609	753	1120	862	834	600	695	240	250	253	260	112	154	602	350	201	211	257	316	512	429	749	641	486	763	601	569	669	649	696	709	1053	819	791	801	755	841	752	890	684	723	709	661	653	1396	1698	349	180	756	735	1270	972	733	1062	695	666	499	538
445.0000041034853	1	0	11	0	1567	3030	2875	12412	11538	11259	12997	7781	5433	4482	3761	1078	1029	1746	2961	2752	1716	3131	0	2734	49	3241	2917	3123	2805	3129	3096	3525	3101	2967	3048	2981	3033	2633	3216	2818	2745	2742	2510	2451	3340	3385	640	395	1691	1627	1498	672	795	1202	913	876	661	739	231	250	254	256	118	143	602	360	203	199	251	320	530	438	760	636	499	772	613	587	692	668	725	731	1048	799	788	802	761	837	737	866	660	700	688	671	637	1386	1709	357	183	776	747	1315	992	751	1123	754	731	524	548
450.0000002928448	1	0	10	0	1573	2990	2942	12431	11557	11281	13020	7794	5482	4502	3786	1092	1047	1768	2996	2786	1767	3192	0	2759	38	3288	2967	3165	2843	3186	3151	3617	3148	3030	3107	3029	3098	2700	3270	2854	2792	2787	2554	2508	3444	3500	662	405	1749	1675	1583	728	854	1264	952	923	707	768	234	240	248	247	109	139	595	355	204	200	252	318	523	430	760	638	497	779	610	575	674	652	721	740	1030	785	769	797	761	875	782	863	649	679	660	643	635	1385	1714	358	191	791	761	1353	980	769	1157	764	739	544	558
455.0000002112498	1	0	17	0	1570	2975	2991	12455	11571	11299	13040	7803	5528	4528	3815	1103	1055	1787	3033	2817	1824	3242	0	2795	46	3329	3010	3225	2888	3241	3191	3688	3200	3083	3172	3087	3161	2744	3328	2890	2838	2838	2602	2563	3545	3615	685	421	1799	1726	1665	786	902	1344	996	972	763	805	227	244	245	243	105	131	591	358	200	195	243	312	518	437	788	637	482	796	630	564	653	635	701	720	1046	782	755	785	757	925	825	921	702	717	674	622	633	1377	1717	358	195	806	773	1390	982	764	1173	772	737	602	610
460.0000015208422	0	0	13	0	1581	2942	3056	12467	11584	11311	13056	7818	5568	4554	3841	1123	1071	1805	3062	2863	1853	3287	0	2833	28	3372	3067	3273	2921	3291	3254	3756	3260	3138	3215	3133	3228	2814	3386	2938	2892	2900	2644	2625	3646	3747	709	441	1857	1772	1759	851	954	1426	1047	1029	803	851	219	238	237	244	107	128	596	352	198	201	246	307	507	432	790	664	471	794	617	548	631	615	686	712	1069	807	775	794	768	920	828	940	719	733	713	650	642	1408	1720	359	189	820	773	1434	1009	729	1164	743	732	702	685
465.0000073402964	1	0	10	0	1597	2999	3096	12480	11594	11328	13066	7826	5614	4585	3861	1128	1094	1821	3093	2885	1886	3327	0	2872	42	3410	3109	3326	2964	3331	3305	3842	3307	3184	3265	3183	3301	2868	3434	2992	2941	2955	2697	2696	3730	3864	739	452	1917	1838	1854	922	1003	1503	1092	1088	845	908	211	230	230	234	110	118	593	351	199	208	254	315	514	434	792	651	477	794	604	559	639	621	675	690	1053	792	770	804	783	908	809	912	696	731	735	672	686	1457	1764	362	184	824	776	1474	1087	720	1176	718	713	781	793
470.00000741268065	1	0	15	0	1606	3056	3162	12501	11610	11344	13080	7838	5652	4601	3886	1142	1115	1840	3123	2922	1937	3370	0	2908	45	3456	3161	3368	3013	3373	3361	3901	3373	3231	3317	3240	3366	2928	3498	3043	2990	3008	2738	2758	3807	3995	760	469	1970	1890	1955	989	1050	1596	1135	1141	898	956	208	228	218	223	106	109	590	350	204	201	250	307	511	426	806	644	470	792	596	574	669	659	729	711	1046	776	759	784	767	899	792	887	672	703	719	681	711	1498	1836	377	174	829	782	1517	1126	759	1221	730	710	783	825
475.0000038364979	0	0	5	0	1627	3033	3217	12512	11628	11360	13095	7848	5689	4624	3902	1156	1133	1857	3154	2954	1975	3418	0	2944	36	3500	3212	3409	3062	3423	3393	3978	3434	3273	3365	3295	3424	2978	3560	3093	3051	3061	2781	2820	3906	4128	785	487	2018	1961	2059	1056	1113	1670	1188	1195	948	1011	201	226	218	222	100	105	588	334	208	209	258	322	511	429	829	659	457	811	612	572	665	668	759	762	1034	758	743	765	750	888	777	869	645	676	698	661	739	1539	1891	391	171	842	769	1552	1134	798	1290	788	733	782	834
480.0000008759422	1	0	10	0	1631	2996	3273	12520	11643	11374	13105	7862	5728	4643	3926	1167	1150	1878	3183	2976	2023	3460	0	2971	48	3533	3259	3451	3104	3479	3432	4037	3481	3334	3416	3350	3482	3032	3613	3130	3108	3115	2826	2884	3989	4236	812	507	2076	2019	2145	1137	1170	1759	1236	1242	1001	1055	194	223	221	219	95	98	580	332	212	203	250	313	517	422	829	674	476	813	598	566	651	658	745	760	1057	759	731	747	738	877	760	850	626	655	672	637	751	1580	1936	405	177	841	773	1583	1153	814	1328	816	779	786	816
485.00000029539774	0	0	6	0	1636	2987	3318	12538	11651	11389	13117	7869	5768	4667	3952	1185	1173	1901	3216	3001	2059	3498	0	3000	54	3567	3309	3505	3138	3528	3486	4126	3541	3386	3471	3389	3547	3088	3665	3170	3157	3164	2865	2928	4080	4346	834	520	2130	2071	2252	1214	1230	1852	1283	1302	1068	1112	196	224	211	212	90	99	574	319	202	196	244	304	510	407	829	662	477	835	610	576	663	661	727	744	1111	809	773	783	762	861	746	838	612	639	641	615	722	1641	1982	413	186	849	784	1620	1239	785	1337	809	801	761	811
490.00000546744263	0	0	14	0	1628	2941	3383	12544	11672	11400	13133	7877	5794	4688	3970	1203	1188	1926	3255	3031	2127	3550	0	3033	47	3604	3344	3553	3175	3566	3540	4203	3585	3439	3512	3430	3611	3158	3725	3228	3199	3199	2907	2974	4183	4476	851	529	2196	2126	2344	1281	1280	1932	1347	1356	1121	1159	192	228	208	207	92	96	573	313	188	191	240	292	505	397	830	654	471	833	608	566	654	650	713	732	1135	836	808	806	813	883	763	831	587	612	628	598	692	1642	2048	422	188	850	794	1660	1264	796	1360	808	775	763	799
495.0000026306699	1	0	11	0	1629	2936	3415	12557	11682	11410	13147	7891	5826	4721	3991	1215	1208	1946	3284	3055	2183	3597	0	3054	59	3649	3377	3594	3222	3610	3590	4271	3641	3494	3564	3472	3678	3196	3778	3265	3253	3245	2949	3024	4282	4594	877	544	2253	2174	2424	1332	1335	2007	1413	1409	1182	1221	189	222	207	211	87	95	578	308	186	182	232	283	501	383	831	648	457	829	605	567	657	652	692	719	1130	828	810	802	810	943	831	895	629	616	619	581	663	1655	2071	430	189	860	802	1701	1274	873	1465	863	789	752	807
500.00000023125233	0	0	9	0	1626	2875	3470	12569	11700	11425	13167	7898	5861	4735	4015	1222	1223	1964	3320	3084	2251	3641	0	3078	48	3686	3406	3646	3261	3657	3641	4333	3698	3553	3600	3519	3737	3251	3831	3310	3299	3287	2996	3074	4387	4721	908	553	2317	2232	2531	1410	1388	2099	1468	1456	1245	1268	185	212	203	211	80	89	583	297	176	175	225	277	487	383	851	648	449	837	595	557	640	644	703	719	1126	814	785	782	791	927	813	903	666	686	667	616	631	1653	2096	430	190	850	800	1743	1278	863	1493	891	834	743	784
505.00000218321514	0	0	13	0	1623	2804	3513	12581	11717	11441	13184	7905	5903	4761	4030	1239	1241	1983	3354	3108	2306	3683	0	3113	59	3725	3451	3687	3302	3701	3686	4406	3751	3602	3651	3560	3794	3307	3879	3347	3340	3331	3042	3130	4497	4853	930	565	2362	2280	2634	1494	1444	2201	1528	1503	1298	1309	182	208	197	199	79	88	576	302	170	175	225	271	479	376	852	667	445	839	597	547	635	643	694	730	1110	792	767	773	770	920	795	879	632	659	673	663	619	1651	2105	432	192	859	804	1790	1306	862	1525	886	834	732	765
510.0000005492134	0	0	13	0	1628	2743	3555	12589	11732	11454	13199	7909	5939	4785	4047	1261	1251	1999	3383	3131	2363	3725	0	3145	73	3774	3489	3725	3343	3743	3734	4488	3811	3642	3702	3611	3846	3355	3933	3396	3381	3372	3087	3177	4590	4975	957	589	2409	2313	2725	1566	1502	2307	1581	1564	1349	1364	178	204	197	189	85	83	576	297	174	190	242	287	477	375	852	652	457	860	602	535	621	634	709	755	1112	774	752	763	768	947	811	901	638	655	656	637	598	1653	2111	433	183	858	813	1829	1338	871	1554	880	848	774	782
515.0000053012437	3	0	13	0	1633	2716	3624	12603	11745	11471	13215	7919	5973	4803	4064	1274	1264	2011	3413	3156	2401	3775	0	3169	49	3823	3536	3760	3377	3785	3781	4560	3858	3703	3755	3658	3908	3412	3989	3435	3436	3409	3121	3232	4697	5116	996	599	2458	2357	2815	1638	1561	2405	1627	1612	1399	1412	174	199	195	187	77	81	573	297	178	202	257	290	481	376	854	643	445	861	593	521	608	616	684	744	1131	788	758	770	767	961	822	924	660	677	683	642	616	1645	2129	433	178	862	809	1867	1376	892	1599	896	852	821	847
520.0000022763569	1	0	14	0	1637	2704	3670	12617	11756	11492	13228	7922	6014	4813	4089	1280	1287	2024	3445	3178	2463	3807	0	3204	50	3861	3578	3804	3417	3833	3831	4621	3907	3760	3799	3707	3962	3456	4043	3484	3469	3454	3162	3279	4799	5246	1022	612	2521	2407	2910	1725	1616	2507	1680	1658	1446	1460	171	194	188	185	71	77	572	293	188	209	262	315	496	377	857	635	425	860	576	530	607	619	662	728	1164	815	771	780	780	951	804	910	656	690	706	657	634	1641	2133	437	171	864	810	1906	1402	904	1628	904	878	834	875
525.0000019351875	2	0	3	0	1649	2684	3699	12629	11769	11502	13241	7926	6050	4829	4109	1292	1305	2045	3466	3201	2509	3840	0	3234	59	3900	3619	3842	3460	3877	3880	4716	3959	3808	3854	3755	4027	3505	4102	3526	3513	3490	3209	3332	4896	5374	1042	635	2561	2453	3025	1817	1663	2605	1723	1702	1510	1515	172	196	182	184	72	81	570	288	171	203	261	311	487	378	876	637	417	850	566	544	624	635	667	731	1161	813	785	801	799	949	786	896	633	672	690	658	656	1672	2133	438	160	846	817	1934	1429	908	1674	925	873	843	905
530.0000042005482	0	0	2	0	1650	2646	3755	12646	11782	11510	13250	7928	6080	4847	4126	1311	1323	2061	3498	3225	2572	3887	0	3256	57	3935	3666	3874	3505	3924	3919	4793	4007	3852	3905	3794	4088	3559	4145	3566	3548	3526	3238	3376	5003	5526	1074	651	2626	2494	3130	1899	1719	2712	1776	1752	1567	1567	175	200	180	181	73	79	575	281	174	210	273	324	493	378	883	641	430	857	557	539	626	633	672	712	1148	801	772	788	790	927	765	877	615	655	659	633	636	1722	2166	438	157	845	795	1970	1422	920	1700	928	876	868	926
535.0000010828466	0	0	9	0	1648	2673	3776	12660	11795	11523	13261	7933	6113	4867	4138	1324	1338	2086	3537	3248	2636	3927	0	3280	72	3966	3697	3906	3542	3966	3974	4864	4056	3907	3949	3851	4140	3602	4185	3598	3599	3577	3282	3422	5109	5665	1094	664	2682	2539	3239	1981	1782	2809	1839	1800	1617	1618	171	205	183	182	69	78	574	280	184	214	268	317	522	412	922	647	432	872	571	552	660	678	708	738	1154	795	765	768	776	919	765	868	597	633	632	605	641	1717	2234	452	148	846	799	2004	1448	925	1737	917	865	846	903
540.000004001278	2	0	13	0	1640	2614	3845	12672	11805	11534	13272	7940	6148	4883	4151	1342	1361	2111	3566	3274	2701	3960	0	3305	64	3994	3742	3943	3593	4005	4028	4946	4106	3963	4002	3895	4209	3647	4234	3633	3639	3612	3314	3472	5221	5797	1117	676	2743	2586	3345	2063	1834	2896	1906	1845	1674	1673	175	200	186	183	67	78	578	270	174	209	259	307	515	410	925	667	446	877	563	544	646	667	710	753	1140	778	761	766	774	930	786	897	609	629	626	582	653	1716	2246	462	142	852	800	2024	1470	919	1754	912	921	853	911
545.000002849975	0	0	10	0	1644	2561	3893	12683	11821	11545	13282	7946	6191	4903	4167	1351	1378	2128	3596	3303	2742	3999	0	3326	68	4021	3790	3981	3629	4038	4072	5022	4148	4006	4057	3942	4272	3694	4287	3665	3668	3650	3357	3520	5329	5916	1133	689	2791	2638	3450	2155	1882	3004	1960	1905	1717	1745	177	200	184	183	68	73	566	265	172	200	256	296	507	397	931	659	447	908	572	533	630	651	690	737	1160	783	758	759	753	968	824	912	613	640	642	593	636	1709	2246	462	146	857	802	2063	1527	921	1777	908	913	884	927
550.0000021235334	0	0	5	0	1648	2526	3936	12693	11837	11555	13291	7950	6234	4916	4176	1363	1396	2149	3631	3340	2773	4036	0	3358	73	4064	3825	4018	3659	4083	4113	5100	4203	4056	4108	3994	4345	3745	4333	3714	3706	3684	3398	3573	5437	6057	1164	699	2844	2691	3574	2243	1952	3101	2014	1978	1777	1815	175	195	188	185	64	78	571	262	177	191	248	290	499	381	932	665	442	902	576	527	616	640	691	741	1185	803	787	780	769	964	822	924	635	682	669	605	622	1704	2246	462	150	883	826	2091	1522	936	1820	923	903	939	996
555.000002562875	1	0	4	0	1643	2541	3979	12704	11846	11569	13304	7953	6262	4933	4186	1374	1413	2165	3674	3369	2837	4069	0	3380	63	4082	3865	4052	3704	4124	4155	5169	4246	4093	4159	4042	4421	3796	4389	3757	3746	3722	3426	3614	5545	6192	1193	711	2902	2735	3692	2323	2015	3204	2073	2027	1832	1884	173	190	182	188	57	80	580	263	163	183	244	284	494	379	950	671	437	901	570	511	604	625	679	727	1178	799	795	785	791	982	835	935	634	684	689	636	605	1726	2250	464	147	890	835	2126	1527	950	1879	957	921	967	1050
560.0000057734077	2	0	4	0	1646	2484	4047	12718	11859	11580	13313	7959	6296	4950	4206	1385	1425	2184	3713	3389	2896	4112	0	3407	59	4116	3909	4093	3744	4160	4202	5231	4304	4143	4202	4082	4465	3842	4452	3797	3779	3764	3465	3669	5665	6328	1219	723	2951	2782	3806	2414	2064	3310	2109	2075	1894	1938	170	185	178	186	57	75	586	263	152	173	236	278	488	374	950	669	447	902	555	496	590	613	670	711	1173	784	772	769	769	1005	848	956	649	704	697	641	594	1748	2270	464	139	882	833	2172	1522	936	1890	943	954	958	1044
565.0000016182638	1	0	7	0	1644	2482	4081	12732	11871	11592	13325	7964	6318	4960	4215	1396	1442	2210	3751	3410	2946	4151	0	3437	75	4147	3948	4124	3774	4199	4238	5297	4344	4196	4253	4127	4524	3883	4493	3834	3819	3806	3515	3708	5761	6443	1243	730	2991	2842	3911	2512	2115	3422	2169	2132	1946	2003	169	181	169	181	64	70	591	278	147	186	262	293	483	364	950	658	437	896	542	478	571	591	658	696	1167	778	777	775	768	982	825	956	663	723	722	656	629	1776	2320	477	137	866	835	2219	1511	925	1912	937	938	956	1045
570.0000012985669	0	0	6	0	1649	2437	4138	12743	11888	11598	13333	7971	6357	4981	4233	1405	1456	2229	3784	3430	2998	4194	0	3457	68	4182	3987	4154	3813	4247	4283	5356	4387	4239	4302	4172	4586	3930	4545	3876	3869	3842	3553	3745	5875	6565	1269	734	3045	2896	4043	2610	2171	3537	2221	2184	1997	2052	165	175	167	178	73	67	589	285	152	178	259	295	510	382	954	647	426	915	553	469	556	578	645	673	1152	756	758	758	757	977	804	937	642	696	707	668	705	1834	2360	491	132	848	836	2250	1545	899	1913	905	916	940	1013
575.0000008540306	2	0	12	0	1644	2417	4166	12750	11894	11607	13344	7979	6388	4991	4249	1418	1469	2247	3817	3446	3055	4249	0	3484	87	4208	4016	4185	3852	4282	4328	5430	4429	4281	4341	4214	4657	3974	4594	3912	3912	3891	3597	3786	6001	6703	1293	742	3087	2951	4161	2697	2225	3622	2278	2242	2061	2114	163	176	166	176	70	69	584	288	146	188	264	298	506	375	965	635	413	911	548	457	546	562	629	659	1141	734	736	745	742	967	783	913	623	671	681	643	704	1909	2417	497	138	846	832	2278	1579	881	1902	882	886	912	993
580.0000001094953	0	0	11	0	1647	2405	4222	12762	11903	11618	13353	7984	6424	5006	4259	1423	1488	2261	3839	3460	3131	4280	0	3507	86	4243	4048	4213	3879	4319	4356	5502	4473	4324	4385	4256	4715	4011	4652	3940	3946	3925	3640	3825	6107	6845	1322	754	3137	3010	4291	2785	2286	3728	2334	2300	2131	2160	162	172	169	174	71	69	588	285	155	185	255	307	527	374	967	641	405	906	541	447	524	550	610	645	1126	716	713	726	730	951	777	906	614	653	649	616	724	1910	2504	506	150	866	838	2307	1608	914	1951	883	867	961	1005
585.0000007930149	0	0	8	0	1655	2416	4289	12774	11911	11624	13367	7984	6450	5022	4277	1428	1506	2277	3878	3484	3169	4314	0	3543	72	4272	4083	4244	3917	4365	4393	5591	4508	4353	4438	4300	4763	4068	4702	3973	3982	3967	3686	3864	6199	6987	1347	763	3195	3050	4401	2878	2348	3845	2383	2362	2195	2221	156	170	164	171	73	75	583	285	161	184	245	301	516	358	968	633	405	906	531	435	515	534	601	623	1115	693	700	707	710	932	765	878	597	655	653	603	700	1928	2532	527	150	864	845	2331	1609	919	1998	904	899	976	1035
590.0000050478969	1	0	7	0	1665	2394	4334	12786	11925	11637	13377	7992	6486	5044	4289	1440	1523	2294	3912	3507	3210	4355	0	3568	81	4301	4102	4283	3947	4394	4435	5670	4553	4386	4473	4342	4813	4113	4733	4005	4020	4008	3723	3905	6289	7119	1379	769	3245	3106	4534	2977	2414	3951	2430	2421	2261	2279	152	166	165	171	71	68	572	271	167	193	255	308	513	356	975	624	393	900	521	433	517	527	586	605	1103	679	686	689	703	920	744	864	580	633	624	588	673	1932	2572	529	153	857	833	2377	1646	906	2030	920	904	962	1038
595.0000024252759	1	0	2	0	1678	2356	4382	12795	11931	11642	13388	8001	6512	5059	4300	1456	1540	2311	3945	3526	3257	4390	0	3597	75	4337	4138	4315	3982	4422	4466	5733	4590	4426	4515	4388	4880	4156	4774	4036	4058	4043	3758	3945	6412	7280	1413	777	3292	3160	4644	3064	2466	4064	2481	2470	2324	2345	144	166	164	167	69	69	564	264	184	212	267	315	507	349	992	635	385	895	516	453	534	550	607	593	1082	667	675	668	681	893	715	853	566	615	599	576	679	1936	2588	540	167	862	837	2413	1636	923	2057	916	903	930	1004
600.0000081287261	2	0	7	0	1680	2307	4436	12802	11938	11644	13398	8009	6550	5071	4315	1466	1558	2326	3978	3550	3314	4428	0	3621	78	4368	4187	4338	4016	4457	4493	5796	4627	4472	4571	4430	4928	4206	4826	4062	4091	4083	3790	4002	6522	7424	1437	785	3336	3200	4775	3157	2509	4192	2532	2519	2390	2403	146	158	160	164	68	67	558	250	186	214	273	314	518	350	997	635	401	901	502	441	522	540	607	613	1068	656	656	661	675	876	697	836	552	597	581	566	668	1973	2609	540	161	871	847	2455	1634	915	2102	948	908	1011	1039
