>time	Ribosome	coli Pol	coli Pol-P	coli Pol-2.0	coli Pol-P-2.0	gp1	gp1-3.5	gp0.3	gp0.4	gp0.5	gp0.6A	gp0.7	gp1.1	gp1.2	gp1.3	gp1.4	gp1.5	gp1.6	gp1.7	gp1.8	gp2.0	gp2.5	gp2.8	gp3.0	gp3.5	gp3.8	gp4A	gp4.2	gp4.3	gp4.5	gp4.7	gp5.0	gp5.3	gp5.5	gp5.7	gp5.9	gp6.0	gp6.3	gp6.5	gp6.7	gp7	gp7.3	gp7.7	gp8	gp9	gp10A	gp11	gp12	gp13	gp14	gp15	gp16	gp17	gp17.5	gp18	gp18.5	gp19	gp19.5	RNA: gp0.3	RNA: gp0.4	RNA: gp0.5	RNA: gp0.6A	RNA: gp0.7	RNA: gp1	RNA: gp1.1	RNA: gp1.2	RNA: gp1.3	RNA: gp1.4	RNA: gp1.5	RNA: gp1.6	RNA: gp1.7	RNA: gp1.8	RNA: gp2.0	RNA: gp2.5	RNA: gp3.0	RNA: gp3.5	RNA: gp3.8	RNA: gp4A	RNA: gp4.2	RNA: gp4.3	RNA: gp4.5	RNA: gp4.7	RNA: gp5.0	RNA: gp5.3	RNA: gp5.5	RNA: gp5.7	RNA: gp5.9	RNA: gp6.0	RNA: gp6.3	RNA: gp6.5	RNA: gp6.7	RNA: gp7	RNA: gp7.3	RNA: gp7.7	RNA: gp8	RNA: gp9	RNA: gp10A	RNA: gp11	RNA: gp12	RNA: gp13	RNA: gp14	RNA: gp15	RNA: gp16	RNA: gp17	RNA: gp17.5	RNA: gp18	RNA: gp18.5	RNA: gp19	RNA: gp19.5	NumColiPoly:	4	NumT7Poly	2	NumOfTimePoints:	121	NumOfProteins:	58	NumOfCoding	51
0.006707921495279135	10000	1800	0	0	0	0	0	0	0	0	0	0	0	0	0	0	0	0	0	0	0	0	0	0	0	0	0	0	0	0	0	0	0	0	0	0	0	0	0	0	0	0	0	0	0	0	0	0	0	0	0	0	0	0	0	0	0	0	0	0	0	0	0	0	0	0	0	0	0	0	0	0	0	0	0	0	0	0	0	0	0	0	0	0	0	0	0	0	0	0	0	0	0	0	0	0	0	0	0	0	0	0	0	0	0	0	0	0	0
5.004421319876833	10000	1800	0	0	0	0	0	0	0	0	0	0	0	0	0	0	0	0	0	0	0	0	0	0	0	0	0	0	0	0	0	0	0	0	0	0	0	0	0	0	0	0	0	0	0	0	0	0	0	0	0	0	0	0	0	0	0	0	0	0	0	0	0	0	0	0	0	0	0	0	0	0	0	0	0	0	0	0	0	0	0	0	0	0	0	0	0	0	0	0	0	0	0	0	0	0	0	0	0	0	0	0	0	0	0	0	0	0	0
10.000669606187513	10000	1793	0	0	0	0	0	0	0	0	0	0	0	0	0	0	0	0	0	0	0	0	0	0	0	0	0	0	0	0	0	0	0	0	0	0	0	0	0	0	0	0	0	0	0	0	0	0	0	0	0	0	0	0	0	0	0	0	0	0	0	0	0	0	0	0	0	0	0	0	0	0	0	0	0	0	0	0	0	0	0	0	0	0	0	0	0	0	0	0	0	0	0	0	0	0	0	0	0	0	0	0	0	0	0	0	0	0	0
15.005379063383645	10000	1784	0	0	0	0	0	0	0	0	0	0	0	0	0	0	0	0	0	0	0	0	0	0	0	0	0	0	0	0	0	0	0	0	0	0	0	0	0	0	0	0	0	0	0	0	0	0	0	0	0	0	0	0	0	0	0	0	0	0	0	0	0	0	0	0	0	0	0	0	0	0	0	0	0	0	0	0	0	0	0	0	0	0	0	0	0	0	0	0	0	0	0	0	0	0	0	0	0	0	0	0	0	0	0	0	0	0	0
20.000342675955643	9994	1773	0	0	0	0	0	0	0	0	0	0	0	0	0	0	0	0	0	0	0	0	0	0	0	0	0	0	0	0	0	0	0	0	0	0	0	0	0	0	0	0	0	0	0	0	0	0	0	0	0	0	0	0	0	0	0	0	0	0	0	0	0	0	0	0	0	0	0	0	0	0	0	0	0	0	0	0	0	0	0	0	0	0	0	0	0	0	0	0	0	0	0	0	0	0	0	0	0	0	0	0	0	0	0	0	0	0	0
25.00070201750249	9972	1762	0	0	0	0	0	1	0	0	0	0	0	0	0	0	0	0	0	0	0	0	0	0	0	0	0	0	0	0	0	0	0	0	0	0	0	0	0	0	0	0	0	0	0	0	0	0	0	0	0	0	0	0	0	0	0	0	5	0	0	0	0	0	0	0	0	0	0	0	0	0	0	0	0	0	0	0	0	0	0	0	0	0	0	0	0	0	0	0	0	0	0	0	0	0	0	0	0	0	0	0	0	0	0	0	0	0	0
30.00142416267275	9933	1748	0	0	0	0	0	6	1	0	0	0	0	0	0	0	0	0	0	0	0	0	0	0	0	0	0	0	0	0	0	0	0	0	0	0	0	0	0	0	0	0	0	0	0	0	0	0	0	0	0	0	0	0	0	0	0	0	13	2	0	0	0	0	0	0	0	0	0	0	0	0	0	0	0	0	0	0	0	0	0	0	0	0	0	0	0	0	0	0	0	0	0	0	0	0	0	0	0	0	0	0	0	0	0	0	0	0	0
35.000501993144674	9875	1739	0	0	0	0	0	21	11	2	0	0	0	0	0	0	0	0	0	0	0	0	0	0	0	0	0	0	0	0	0	0	0	0	0	0	0	0	0	0	0	0	0	0	0	0	0	0	0	0	0	0	0	0	0	0	0	0	28	11	1	0	0	0	0	0	0	0	0	0	0	0	0	0	0	0	0	0	0	0	0	0	0	0	0	0	0	0	0	0	0	0	0	0	0	0	0	0	0	0	0	0	0	0	0	0	0	0	0
40.0000840909914	9792	1721	0	0	0	0	0	50	29	11	7	0	0	0	0	0	0	0	0	0	0	0	0	0	0	0	0	0	0	0	0	0	0	0	0	0	0	0	0	0	0	0	0	0	0	0	0	0	0	0	0	0	0	0	0	0	0	0	38	20	12	6	0	0	0	0	0	0	0	0	0	0	0	0	0	0	0	0	0	0	0	0	0	0	0	0	0	0	0	0	0	0	0	0	0	0	0	0	0	0	0	0	0	0	0	0	0	0	0
45.00000342840469	9697	1706	0	0	0	0	0	95	58	30	29	0	0	0	0	0	0	0	0	0	0	0	0	0	0	0	0	0	0	0	0	0	0	0	0	0	0	0	0	0	0	0	0	0	0	0	0	0	0	0	0	0	0	0	0	0	0	0	47	30	23	19	0	0	0	0	0	0	0	0	0	0	0	0	0	0	0	0	0	0	0	0	0	0	0	0	0	0	0	0	0	0	0	0	0	0	0	0	0	0	0	0	0	0	0	0	0	0	0
50.000182237368435	9594	1688	0	0	0	0	0	147	107	65	58	0	0	0	0	0	0	0	0	0	0	0	0	0	0	0	0	0	0	0	0	0	0	0	0	0	0	0	0	0	0	0	0	0	0	0	0	0	0	0	0	0	0	0	0	0	0	0	62	42	28	29	0	0	0	0	0	0	0	0	0	0	0	0	0	0	0	0	0	0	0	0	0	0	0	0	0	0	0	0	0	0	0	0	0	0	0	0	0	0	0	0	0	0	0	0	0	0	0
55.00055030272007	9447	1672	0	0	0	0	0	219	165	114	105	0	0	0	0	0	0	0	0	0	0	0	0	0	0	0	0	0	0	0	0	0	0	0	0	0	0	0	0	0	0	0	0	0	0	0	0	0	0	0	0	0	0	0	0	0	0	0	78	56	48	40	0	0	0	0	0	0	0	0	0	0	0	0	0	0	0	0	0	0	0	0	0	0	0	0	0	0	0	0	0	0	0	0	0	0	0	0	0	0	0	0	0	0	0	0	0	0	0
60.00036596847047	9322	1662	0	0	0	0	0	291	239	182	156	0	0	0	0	0	0	0	0	0	0	0	0	0	0	0	0	0	0	0	0	0	0	0	0	0	0	0	0	0	0	0	0	0	0	0	0	0	0	0	0	0	0	0	0	0	0	0	89	71	58	51	0	0	0	0	0	0	0	0	0	0	0	0	0	0	0	0	0	0	0	0	0	0	0	0	0	0	0	0	0	0	0	0	0	0	0	0	0	0	0	0	0	0	0	0	0	0	0
65.00003348205455	9138	1651	1	0	0	0	0	387	322	250	227	0	0	0	0	0	0	0	0	0	0	0	0	0	0	0	0	0	0	0	0	0	0	0	0	0	0	0	0	0	0	0	0	0	0	0	0	0	0	0	0	0	0	0	0	0	0	0	100	88	73	65	13	0	0	0	0	0	0	0	0	0	0	0	0	0	0	0	0	0	0	0	0	0	0	0	0	0	0	0	0	0	0	0	0	0	0	0	0	0	0	0	0	0	0	0	0	0	0
70.00006995831868	8951	1630	6	0	0	0	0	494	423	338	328	0	0	0	0	0	0	0	0	0	0	0	0	0	0	0	0	0	0	0	0	0	0	0	0	0	0	0	0	0	0	0	0	0	0	0	0	0	0	0	0	0	0	0	0	0	0	0	111	97	94	86	39	0	0	0	0	0	0	0	0	0	0	0	0	0	0	0	0	0	0	0	0	0	0	0	0	0	0	0	0	0	0	0	0	0	0	0	0	0	0	0	0	0	0	0	0	0	0
75.00009838710508	8761	1593	27	0	0	0	0	620	544	448	455	0	0	0	0	0	0	0	0	0	0	0	0	0	0	0	0	0	0	0	0	0	0	0	0	0	0	0	0	0	0	0	0	0	0	0	0	0	0	0	0	0	0	0	0	0	0	0	131	105	99	101	66	0	0	0	0	0	0	0	0	0	0	0	0	0	0	0	0	0	0	0	0	0	0	0	0	0	0	0	0	0	0	0	0	0	0	0	0	0	0	0	0	0	0	0	0	0	0
80.00004727146627	8559	1548	59	0	0	0	0	760	676	568	603	0	0	0	0	0	0	0	0	0	0	0	0	0	0	0	0	0	0	0	0	0	0	0	0	0	0	0	0	0	0	0	0	0	0	0	0	0	0	0	0	0	0	0	0	0	0	0	144	119	113	111	81	0	0	0	0	0	0	0	0	0	0	0	0	0	0	0	0	0	0	0	0	0	0	0	0	0	0	0	0	0	0	0	0	0	0	0	0	0	0	0	0	0	0	0	0	0	0
85.00003762718993	8282	1484	107	0	0	0	0	924	826	700	779	0	0	0	0	0	0	0	0	0	0	0	0	0	0	0	0	0	0	0	0	0	0	0	0	0	0	0	0	0	0	0	0	0	0	0	0	0	0	0	0	0	0	0	0	0	0	0	152	134	128	122	105	0	0	0	0	0	0	0	0	0	0	0	0	0	0	0	0	0	0	0	0	0	0	0	0	0	0	0	0	0	0	0	0	0	0	0	0	0	0	0	0	0	0	0	0	0	0
90.00013124495034	8085	1416	160	0	0	0	0	1109	979	852	985	0	0	0	0	0	0	0	0	0	0	0	0	0	0	0	0	0	0	0	0	0	0	0	0	0	0	0	0	0	0	0	0	0	0	0	0	0	0	0	0	0	0	0	0	0	0	0	164	142	138	141	116	0	0	0	0	0	0	0	0	0	0	0	0	0	0	0	0	0	0	0	0	0	0	0	0	0	0	0	0	0	0	0	0	0	0	0	0	0	0	0	0	0	0	0	0	0	0
95.00000196737807	7836	1336	227	0	0	0	0	1298	1163	1015	1224	0	0	0	0	0	0	0	0	0	0	0	0	0	0	0	0	0	0	0	0	0	0	0	0	0	0	0	0	0	0	0	0	0	0	0	0	0	0	0	0	0	0	0	0	0	0	0	180	158	148	151	126	0	0	0	0	0	0	0	0	0	0	0	0	0	0	0	0	0	0	0	0	0	0	0	0	0	0	0	0	0	0	0	0	0	0	0	0	0	0	0	0	0	0	0	0	0	0
100.0000137884131	7548	1237	312	0	0	0	0	1494	1332	1199	1488	0	0	0	0	0	0	0	0	0	0	0	0	0	0	0	0	0	0	0	0	0	0	0	0	0	0	0	0	0	0	0	0	0	0	0	0	0	0	0	0	0	0	0	0	0	0	0	192	170	160	162	141	0	0	0	0	0	0	0	0	0	0	0	0	0	0	0	0	0	0	0	0	0	0	0	0	0	0	0	0	0	0	0	0	0	0	0	0	0	0	0	0	0	0	0	0	0	0
105.00007848841933	7277	1112	421	0	0	0	0	1712	1544	1397	1793	0	0	0	0	0	0	0	0	0	0	0	0	0	0	0	0	0	0	0	0	0	0	0	0	0	0	0	0	0	0	0	0	0	0	0	0	0	0	0	0	0	0	0	0	0	0	0	202	181	172	179	153	0	0	0	0	0	0	0	0	0	0	0	0	0	0	0	0	0	0	0	0	0	0	0	0	0	0	0	0	0	0	0	0	0	0	0	0	0	0	0	0	0	0	0	0	0	0
110.00005015712442	6907	980	543	0	0	0	0	1944	1744	1605	2155	0	0	0	0	0	0	0	0	0	0	0	0	0	0	0	0	0	0	0	0	0	0	0	0	0	0	0	0	0	0	0	0	0	0	0	0	0	0	0	0	0	0	0	0	0	0	0	213	190	184	190	168	0	0	0	0	0	0	0	0	0	0	0	0	0	0	0	0	0	0	0	0	0	0	0	0	0	0	0	0	0	0	0	0	0	0	0	0	0	0	0	0	0	0	0	0	0	0
115.00002741125925	6613	826	687	0	0	0	0	2209	2007	1821	2543	0	0	0	0	0	0	0	0	0	0	0	0	0	0	0	0	0	0	0	0	0	0	0	0	0	0	0	0	0	0	0	0	0	0	0	0	0	0	0	0	0	0	0	0	0	0	0	231	204	191	205	180	0	0	0	0	0	0	0	0	0	0	0	0	0	0	0	0	0	0	0	0	0	0	0	0	0	0	0	0	0	0	0	0	0	0	0	0	0	0	0	0	0	0	0	0	0	0
120.00003091897648	6344	671	837	0	0	0	0	2480	2240	2038	2943	0	0	0	0	0	0	0	0	0	0	0	0	0	0	0	0	0	0	0	0	0	0	0	0	0	0	0	0	0	0	0	0	0	0	0	0	0	0	0	0	0	0	0	0	0	0	0	242	223	204	214	197	0	0	0	0	0	0	0	0	0	0	0	0	0	0	0	0	0	0	0	0	0	0	0	0	0	0	0	0	0	0	0	0	0	0	0	0	0	0	0	0	0	0	0	0	0	0
125.00002399190029	5967	499	1005	0	0	0	0	2748	2487	2269	3364	1	0	0	0	0	0	0	0	0	0	0	0	0	0	0	0	0	0	0	0	0	0	0	0	0	0	0	0	0	0	0	0	0	0	0	0	0	0	0	0	0	0	0	0	0	0	0	249	237	223	233	208	13	0	0	0	0	0	0	0	0	0	0	0	0	0	0	0	0	0	0	0	0	0	0	0	0	0	0	0	0	0	0	0	0	0	0	0	0	0	0	0	0	0	0	0	0	0
130.00000575027278	5637	314	1178	0	0	1	0	3036	2778	2522	3814	1	0	0	0	0	0	0	0	0	0	0	0	0	0	0	0	0	0	0	0	0	0	0	0	0	0	0	0	0	0	0	0	0	0	0	0	0	0	0	0	0	0	0	0	0	0	0	254	248	234	244	216	98	0	0	0	0	0	0	0	0	0	0	0	0	0	0	0	0	0	0	0	0	0	0	0	0	0	0	0	0	0	0	0	0	0	0	0	0	0	0	0	0	0	0	0	0	0
135.00010755111688	5307	113	1366	0	0	5	0	3312	3076	2793	4307	6	6	0	0	0	0	0	0	0	0	0	0	0	0	0	0	0	0	0	0	0	0	0	0	0	0	0	0	0	0	0	0	0	0	0	0	0	0	0	0	0	0	0	0	0	0	0	259	249	247	256	229	154	7	0	0	0	0	0	0	0	0	0	0	0	0	0	0	0	0	0	0	0	0	0	0	0	0	0	0	0	0	0	0	0	0	0	0	0	0	0	0	0	0	0	0	0	0
140.0000791414018	4916	0	1475	0	0	23	0	3586	3350	3094	4710	119	27	4	0	0	0	0	0	0	0	0	0	0	0	0	0	0	0	0	0	0	0	0	0	0	0	0	0	0	0	0	0	0	0	0	0	0	0	0	0	0	0	0	0	0	0	0	269	258	250	264	246	181	17	6	0	0	0	0	0	0	0	0	0	0	0	0	0	0	0	0	0	0	0	0	0	0	0	0	0	0	0	0	0	0	0	0	0	0	0	0	0	0	0	0	0	0	0
145.00004219136767	4517	0	1470	0	0	57	0	3910	3639	3389	4987	344	62	18	0	0	0	0	0	0	0	0	0	0	0	0	0	0	0	0	0	0	0	0	0	0	0	0	0	0	0	0	0	0	0	0	0	0	0	0	0	0	0	0	0	0	0	0	277	264	257	268	259	197	34	24	0	0	0	0	0	0	0	0	0	0	0	0	0	0	0	0	0	0	0	0	0	0	0	0	0	0	0	0	0	0	0	0	0	0	0	0	0	0	0	0	0	0	0
150.00003347860059	4092	0	1462	0	0	97	0	4208	3949	3689	5272	599	117	56	0	0	0	0	0	0	0	0	0	0	0	0	0	0	0	0	0	0	0	0	0	0	0	0	0	0	0	0	0	0	0	0	0	0	0	0	0	0	0	0	0	0	0	0	293	273	265	276	267	212	46	40	0	0	0	0	0	0	0	0	0	0	0	0	0	0	0	0	0	0	0	0	0	0	0	0	0	0	0	0	0	0	0	0	0	0	0	0	0	0	0	0	0	0	0
155.00002287647078	3705	0	1457	0	0	167	0	4584	4267	4004	5591	849	178	114	0	0	0	0	0	0	0	0	0	0	0	0	0	0	0	0	0	0	0	0	0	0	0	0	0	0	0	0	0	0	0	0	0	0	0	0	0	0	0	0	0	0	0	0	304	282	275	281	273	223	63	50	0	0	0	0	0	0	0	0	0	0	0	0	0	0	0	0	0	0	0	0	0	0	0	0	0	0	0	0	0	0	0	0	0	0	0	0	0	0	0	0	0	0	0
160.00000710691975	3201	0	1453	0	0	225	0	4901	4616	4333	5920	1123	268	177	0	0	0	0	0	0	0	0	0	0	0	0	0	0	0	0	0	0	0	0	0	0	0	0	0	0	0	0	0	0	0	0	0	0	0	0	0	0	0	0	0	0	0	0	307	298	287	295	281	235	82	64	0	0	0	0	0	0	0	0	0	0	0	0	0	0	0	0	0	0	0	0	0	0	0	0	0	0	0	0	0	0	0	0	0	0	0	0	0	0	0	0	0	0	0
165.00005968507972	2737	0	1451	0	0	306	0	5261	4955	4632	6260	1394	382	254	2	0	0	0	0	0	0	0	0	0	0	0	0	0	0	0	0	0	0	0	0	0	0	0	0	0	0	0	0	0	0	0	0	0	0	0	0	0	0	0	0	0	0	0	319	306	297	308	288	250	98	81	26	0	0	0	0	0	0	0	0	0	0	0	0	0	0	0	0	0	0	0	0	0	0	0	0	0	0	0	0	0	0	0	0	0	0	0	0	0	0	0	0	0	0
170.00001471122005	2246	0	1460	0	0	397	0	5624	5296	4987	6589	1666	503	356	21	1	1	0	0	0	0	0	0	0	0	0	0	0	0	0	0	0	0	0	0	0	0	0	0	0	0	0	0	0	0	0	0	0	0	0	0	0	0	0	0	0	0	0	321	317	303	317	295	263	117	104	84	2	4	2	1	0	0	0	0	0	0	0	0	0	0	0	0	0	0	0	0	0	0	0	0	0	0	0	0	0	0	0	0	0	0	0	0	0	0	0	0	0	0
175.000001904511	1635	0	1458	0	1	508	0	5966	5661	5324	6965	1948	660	472	52	12	9	3	0	3	0	0	0	0	0	0	0	0	0	0	0	0	0	0	0	0	0	0	0	0	0	0	0	0	0	0	0	0	0	0	0	0	0	0	0	0	0	0	321	321	312	326	300	275	139	128	112	10	4	8	16	6	8	0	0	0	0	0	0	0	0	0	0	0	0	0	0	0	0	0	0	0	0	0	0	0	0	0	0	0	0	0	0	0	0	0	0	0	0
180.0000102246801	978	0	1443	0	17	632	0	6306	6025	5678	7375	2272	820	629	101	24	19	16	0	22	0	0	0	0	0	0	0	0	0	0	0	0	0	0	0	0	0	0	0	0	0	0	0	0	0	0	0	0	0	0	0	0	0	0	0	0	0	0	337	322	320	337	312	280	155	154	130	14	10	18	24	21	18	7	2	0	0	0	0	0	0	0	0	0	0	0	0	0	0	0	0	0	0	0	0	0	0	0	0	0	0	0	0	0	0	0	0	0	0
185.00001544002006	256	0	1420	0	43	752	0	6705	6357	6030	7758	2584	1015	815	179	44	39	43	10	51	1	0	0	0	0	0	0	0	0	0	0	0	0	0	0	0	0	0	0	0	0	0	0	0	0	0	0	0	0	0	0	0	0	0	0	0	0	0	360	330	322	342	322	290	168	167	156	21	17	35	45	34	28	31	13	4	2	0	0	0	0	0	0	0	0	0	0	0	0	0	0	0	0	0	0	0	0	0	0	0	0	0	0	0	0	0	0	0	0
190.00000417798435	57	0	1385	0	88	882	1	7141	6752	6385	8153	2904	1191	1014	283	74	64	94	36	105	1	3	0	4	0	0	0	0	0	0	0	0	0	0	0	0	0	0	0	0	0	0	0	0	0	0	0	0	0	0	0	0	0	0	0	0	0	0	374	344	328	344	335	295	186	179	183	32	21	43	62	64	58	42	34	22	12	1	0	1	0	0	0	0	0	0	0	0	0	0	0	0	0	0	0	0	0	0	0	0	0	0	0	0	0	0	0	0	0
195.00000007338718	25	0	1322	0	161	1015	10	7553	7095	6727	8510	3225	1384	1202	403	113	94	141	77	176	1	16	0	23	0	13	0	0	0	0	0	0	0	0	0	0	0	0	0	0	0	0	0	0	0	0	0	0	0	0	0	0	0	0	0	0	0	0	378	355	344	357	336	299	211	190	192	45	45	64	81	79	76	77	47	36	37	24	14	6	8	0	0	0	0	0	0	0	0	0	0	0	0	0	0	0	0	0	0	0	0	0	0	0	0	0	0	0	0
200.00000984191232	17	0	1264	0	226	1143	39	7905	7398	7008	8823	3565	1572	1379	544	142	131	203	145	240	1	58	0	60	3	33	0	6	6	4	0	0	0	0	0	0	0	0	0	0	0	0	0	0	0	0	0	0	0	0	0	0	0	0	0	0	0	0	383	369	349	368	326	296	235	204	202	46	47	80	115	117	110	103	86	76	68	36	43	30	30	16	0	0	0	0	0	0	0	0	0	0	0	0	0	0	0	0	0	0	0	0	0	0	0	0	0	0	0
205.00000681261437	16	0	1194	0	305	1263	79	8217	7671	7256	9100	3897	1755	1544	704	173	162	261	217	329	4	102	0	105	3	79	0	25	22	23	1	0	0	0	0	0	0	0	0	0	0	0	0	0	0	0	0	0	0	0	0	0	0	0	0	0	0	0	376	373	367	378	316	301	252	222	209	49	56	86	128	128	124	150	115	103	119	60	63	50	65	44	12	1	0	0	0	0	0	0	0	0	0	0	0	0	0	0	0	0	0	0	0	0	0	0	0	0	0
210.00001597482012	6	0	1133	0	379	1418	121	8504	7920	7493	9365	4244	1902	1694	886	208	194	328	312	404	12	172	0	174	6	131	0	63	47	56	15	0	0	0	0	0	0	0	0	0	0	0	0	0	0	0	0	0	0	0	0	0	0	0	0	0	0	0	370	370	371	389	311	304	262	239	221	55	58	101	142	146	140	166	159	142	142	93	97	80	89	72	53	20	12	10	7	0	0	0	0	0	0	0	0	0	0	0	0	0	0	0	0	0	0	0	0	0	0
215.00000600645473	10	0	1054	0	454	1577	186	8740	8137	7728	9610	4578	2052	1853	1069	245	227	371	405	493	7	255	0	244	5	214	0	120	80	102	49	0	3	1	1	2	0	0	0	0	0	0	0	0	0	0	0	0	0	0	0	0	0	0	0	0	0	0	391	364	359	387	305	296	272	247	231	67	62	113	155	160	157	192	170	167	189	128	162	155	149	108	80	45	30	34	32	11	9	6	1	0	0	0	0	0	0	0	0	0	0	0	0	0	0	0	0	0	0
220.000003168947	7	0	978	0	537	1700	256	8973	8317	7931	9850	4835	2195	2002	1242	276	260	433	480	590	8	348	0	323	8	310	1	185	140	160	90	0	12	11	11	16	0	5	0	0	0	0	0	0	0	0	0	0	0	0	0	0	0	0	0	0	0	0	396	368	357	388	298	292	281	257	235	75	79	135	178	180	171	217	182	185	207	171	188	176	198	182	116	85	86	80	70	34	31	36	23	18	11	2	0	0	0	0	0	0	0	0	0	0	0	0	0	0	0
225.0000017630223	7	0	907	0	619	1841	341	9186	8508	8105	10048	5072	2332	2138	1399	300	281	483	578	671	5	455	0	413	6	399	16	277	225	235	150	0	36	42	30	44	0	16	6	9	0	0	0	0	0	0	0	0	0	0	0	0	0	0	0	0	0	0	390	380	365	387	297	289	293	265	242	79	81	138	204	205	205	241	208	212	233	191	229	214	246	213	155	121	108	104	99	67	57	89	73	60	42	26	0	0	0	0	0	0	0	0	0	0	0	0	0	0	0
230.0000002647023	4	0	837	0	698	1999	414	9367	8666	8256	10231	5285	2462	2260	1537	329	321	542	675	754	7	561	0	483	5	495	38	379	301	328	229	0	79	73	72	77	0	37	33	20	5	3	0	0	0	0	0	0	0	0	0	0	0	0	0	0	0	0	383	376	372	396	293	282	303	260	248	82	82	140	208	212	220	267	228	229	243	201	244	227	271	250	223	192	168	151	144	89	74	111	107	97	89	80	7	0	0	0	0	0	0	0	0	0	0	0	0	0	0
235.0000101745971	7	0	777	0	771	2177	495	9512	8821	8390	10413	5459	2573	2361	1682	363	346	585	781	829	17	657	0	585	7	594	71	472	379	444	320	0	125	118	115	125	4	66	61	53	26	20	11	0	0	0	0	0	0	0	0	0	0	0	0	0	0	0	379	377	370	395	291	272	317	266	245	86	89	139	213	218	228	282	246	258	278	235	287	273	319	279	274	242	231	228	231	120	105	131	114	111	114	109	48	11	1	0	0	0	0	0	0	0	0	0	0	0	0
240.0000024669091	5	0	693	0	857	2355	579	9674	8938	8526	10560	5640	2680	2462	1824	382	377	634	864	907	18	745	0	668	9	703	115	556	463	544	428	0	192	176	183	199	30	105	108	88	51	50	33	0	0	0	0	0	0	0	0	0	0	0	0	0	0	0	371	370	364	390	279	256	323	274	249	92	95	152	220	222	232	294	254	279	307	244	282	272	327	315	309	285	283	270	267	190	185	203	161	140	135	118	67	57	10	0	0	0	0	0	0	0	0	0	0	0	0
245.00000748344257	3	0	635	0	916	2554	672	9816	9061	8647	10694	5789	2783	2537	1938	422	404	675	935	978	20	857	0	746	9	787	186	647	556	643	512	4	269	263	283	277	64	160	164	122	95	82	71	0	0	0	0	0	0	0	0	0	0	0	0	0	0	0	367	360	355	381	274	250	331	279	244	102	108	168	245	237	245	297	264	287	317	280	326	310	344	319	342	311	313	304	306	254	247	273	243	219	194	166	78	76	68	0	0	0	0	0	0	0	0	0	0	0	0
250.00000867345196	4	0	571	0	982	2717	764	9918	9154	8757	10830	5917	2865	2634	2056	454	444	722	1007	1058	27	947	0	836	14	885	265	738	627	736	602	19	360	335	358	359	113	231	213	184	136	124	103	0	3	0	0	0	0	0	0	0	0	0	0	0	0	0	380	357	345	370	264	244	334	278	236	97	107	169	247	231	251	312	265	288	321	289	351	352	395	358	383	360	353	343	341	313	311	346	309	296	271	241	93	92	103	10	0	0	0	0	0	0	0	0	0	0	0
255.00000058826137	4	0	497	0	1048	2865	847	10038	9247	8849	10926	6024	2969	2728	2173	482	471	765	1069	1115	18	1027	0	928	10	967	366	847	713	833	693	66	445	427	446	438	166	312	306	253	181	197	138	0	8	0	0	0	0	0	0	0	0	0	0	0	0	0	383	364	346	358	253	235	347	283	228	99	105	169	256	234	258	317	278	299	332	292	351	355	403	389	402	381	385	380	381	342	333	397	353	364	338	312	179	107	129	15	0	0	0	0	0	0	0	0	0	0	0
260.0000039063829	1	0	442	0	1102	2971	926	10136	9344	8941	11041	6145	3056	2796	2267	501	498	813	1119	1192	42	1116	0	996	12	1056	467	947	810	928	789	120	524	530	527	512	241	403	394	326	251	259	199	5	22	1	0	0	0	0	0	0	0	0	0	0	0	0	385	359	359	352	248	229	363	291	223	93	101	166	267	251	294	337	283	324	354	289	346	350	392	385	445	409	401	389	384	367	355	414	372	382	378	363	270	202	149	18	10	5	0	0	0	0	0	0	0	0	0
265.0000008428903	1	0	385	0	1165	3105	998	10238	9418	9028	11132	6235	3141	2871	2362	543	523	862	1187	1245	53	1197	0	1060	11	1152	561	1031	890	1015	881	179	614	605	626	596	324	488	484	416	337	345	288	12	51	14	0	0	0	0	0	0	0	0	0	0	0	0	381	354	360	362	247	214	375	301	223	97	100	164	275	253	303	363	301	331	359	284	340	343	387	378	476	456	451	439	429	406	392	451	410	411	402	384	330	271	246	25	16	31	21	0	0	0	0	0	0	0	0
270.00000633473644	4	0	316	0	1235	3209	1065	10338	9511	9126	11222	6291	3241	2964	2436	564	543	898	1260	1295	48	1282	0	1125	15	1230	642	1133	962	1101	980	256	723	690	706	685	408	562	566	507	431	444	359	42	79	34	5	0	0	0	0	0	0	0	0	0	0	0	392	358	359	369	239	212	374	303	230	106	110	176	272	249	303	365	315	371	392	278	335	329	376	371	484	459	474	462	459	443	440	503	454	448	426	419	361	344	305	45	17	49	42	0	0	0	0	0	0	0	0
275.00000177131676	1	0	268	0	1282	3302	1137	10430	9587	9201	11310	6358	3330	3040	2516	582	567	931	1328	1343	70	1362	0	1200	18	1323	733	1213	1026	1191	1061	350	819	780	808	779	496	640	676	591	512	513	464	86	109	67	8	0	11	2	0	0	0	0	0	0	0	0	401	371	367	368	227	203	396	295	226	104	113	184	280	259	325	367	317	375	403	281	350	338	374	364	491	461	475	464	459	476	469	536	471	485	462	471	386	433	394	56	21	79	70	25	0	0	0	0	0	0	0
280.00000339418204	2	0	220	0	1329	3383	1211	10523	9650	9278	11386	6441	3409	3101	2592	604	586	964	1385	1405	96	1458	0	1265	10	1407	818	1293	1097	1278	1150	458	916	868	895	855	589	729	791	676	616	605	549	120	160	100	15	0	20	9	0	0	0	0	0	0	0	0	405	375	370	367	217	193	406	298	222	103	110	182	291	269	334	377	324	379	406	279	347	344	388	382	478	454	471	466	466	485	465	544	497	512	487	502	412	476	498	77	42	119	99	50	0	0	0	0	0	0	0
285.00000264581996	3	0	174	0	1381	3414	1277	10612	9715	9342	11465	6504	3479	3171	2675	627	606	999	1441	1461	98	1528	0	1349	14	1466	914	1351	1175	1342	1222	554	1006	955	972	931	692	812	903	786	710	695	630	165	232	137	29	0	32	18	0	0	0	0	0	0	0	0	404	377	371	374	221	184	414	305	219	99	105	179	292	269	336	381	331	399	416	279	356	350	395	377	477	443	460	456	459	478	465	549	485	508	479	521	438	482	552	98	52	158	147	75	0	0	0	0	0	0	0
290.0000020314535	1	0	130	0	1435	3428	1332	10697	9769	9418	11545	6551	3548	3228	2738	651	622	1034	1497	1518	114	1616	0	1413	26	1555	984	1417	1241	1434	1297	685	1095	1055	1060	1030	792	895	1003	875	798	783	724	222	319	199	36	0	48	32	0	0	0	0	0	0	0	0	395	373	371	383	216	172	408	299	227	111	120	189	287	260	348	390	324	402	420	278	350	339	388	384	503	448	452	451	453	474	459	559	502	504	477	508	456	533	573	108	67	197	179	116	8	0	0	0	0	0	0
295.0000098432514	2	0	118	0	1452	3445	1400	10774	9852	9481	11627	6605	3631	3275	2801	673	635	1056	1564	1559	162	1697	0	1478	21	1627	1064	1525	1300	1517	1363	798	1199	1129	1146	1126	888	970	1112	957	901	888	812	301	406	280	58	0	69	49	0	0	0	0	0	0	0	0	395	374	370	386	220	164	409	293	222	111	125	199	309	274	362	384	332	410	427	295	374	356	387	378	508	458	468	470	475	475	449	560	504	517	484	509	454	573	622	113	88	241	217	169	24	0	0	0	0	0	0
300.0000008614557	3	0	102	0	1475	3433	1482	10863	9925	9551	11702	6660	3699	3328	2865	697	661	1090	1622	1616	193	1768	0	1533	12	1706	1170	1621	1365	1589	1433	915	1292	1209	1229	1205	987	1066	1208	1044	995	991	917	382	493	365	75	0	99	80	0	0	0	0	0	0	0	0	396	376	359	385	224	164	416	280	233	115	124	198	311	277	379	407	329	418	435	367	452	431	431	403	521	472	477	467	477	474	439	551	493	506	480	502	454	584	664	119	93	278	256	204	31	17	11	8	0	0	0
305.0000059724714	2	0	92	0	1490	3404	1525	10932	9990	9608	11785	6722	3771	3379	2905	715	690	1132	1685	1656	248	1830	0	1575	23	1796	1238	1698	1431	1664	1496	1030	1380	1295	1315	1291	1067	1143	1300	1128	1098	1070	1010	475	599	467	92	1	139	112	0	0	0	2	1	0	0	0	392	374	358	384	231	151	415	278	227	116	130	207	315	281	386	420	349	423	440	412	497	476	515	465	529	469	477	463	484	498	467	577	491	491	456	490	445	607	686	125	93	307	280	253	40	17	16	16	17	0	0
310.00000580009043	0	0	61	0	1524	3337	1609	11001	10054	9666	11852	6770	3839	3423	2959	735	708	1176	1740	1693	291	1896	0	1639	18	1863	1329	1776	1509	1742	1560	1130	1466	1370	1392	1366	1165	1222	1407	1206	1188	1153	1101	577	694	568	109	8	181	148	0	0	0	4	1	0	0	0	392	371	358	390	240	143	418	279	219	113	126	204	323	291	404	421	358	430	439	444	548	530	579	535	563	479	482	467	485	496	468	595	506	516	476	489	433	613	730	127	95	333	309	302	53	17	18	16	17	5	1
315.00000222508504	1	0	58	0	1526	3284	1657	11075	10104	9734	11921	6816	3903	3462	3018	768	731	1203	1777	1743	358	1964	0	1689	17	1939	1424	1879	1584	1835	1630	1239	1546	1453	1472	1450	1245	1309	1497	1283	1273	1217	1209	658	798	681	125	13	230	200	1	0	0	7	3	1	0	1	387	374	363	392	236	154	422	282	223	117	137	204	326	288	413	442	358	461	460	447	551	521	593	593	621	509	511	490	501	499	467	583	492	524	489	484	430	620	737	134	94	354	329	340	104	26	27	22	18	15	9
320.00000131556766	1	0	40	0	1538	3240	1719	11153	10161	9792	11985	6855	3959	3509	3073	785	753	1232	1839	1785	401	2036	0	1740	21	2012	1504	1957	1674	1926	1706	1336	1623	1522	1537	1529	1322	1376	1582	1375	1353	1293	1286	733	898	803	147	18	285	244	2	0	0	10	8	6	0	2	380	371	363	394	240	155	432	284	213	113	139	216	340	296	415	439	374	475	487	438	536	529	592	590	701	598	585	545	553	501	465	584	492	519	470	472	425	619	754	135	98	372	350	375	132	50	39	29	26	16	18
325.0000039039587	1	0	29	0	1544	3184	1785	11205	10216	9845	12039	6911	4015	3542	3127	801	764	1258	1902	1832	441	2106	0	1791	27	2089	1605	2050	1755	2011	1794	1443	1704	1607	1609	1596	1411	1444	1673	1450	1438	1358	1365	841	1004	918	164	25	336	293	12	0	0	11	14	8	0	4	381	363	356	389	239	158	434	288	195	110	138	213	339	303	437	437	372	488	507	456	548	538	585	586	763	638	624	589	591	514	478	583	477	519	471	484	459	616	757	135	101	402	380	412	145	86	80	66	46	17	29
330.0000004236193	1	0	45	0	1528	3117	1849	11274	10267	9891	12096	6962	4094	3583	3175	813	783	1279	1948	1867	525	2173	0	1845	29	2161	1682	2128	1822	2090	1871	1540	1782	1704	1681	1683	1496	1529	1762	1517	1519	1426	1441	938	1094	1040	182	31	401	341	26	0	3	21	18	13	0	7	377	357	340	384	235	162	440	288	181	106	135	206	332	299	438	454	367	487	499	464	564	567	617	602	773	651	646	613	607	529	490	603	491	523	468	488	466	650	758	135	100	415	402	445	182	108	112	102	84	25	44
335.0000007800953	1	0	47	0	1521	3050	1915	11323	10320	9931	12162	7006	4142	3631	3222	827	794	1305	2003	1904	594	2242	0	1890	33	2241	1762	2216	1894	2178	1951	1639	1871	1794	1766	1754	1585	1593	1846	1581	1589	1499	1514	1036	1190	1153	201	39	438	388	53	0	5	35	24	15	0	10	378	364	336	373	226	173	456	287	179	101	130	200	330	290	443	454	381	509	504	483	572	577	625	616	772	650	687	658	660	603	559	648	526	540	482	498	500	699	794	136	96	438	417	489	234	115	122	112	111	30	45
340.00000125717037	2	0	25	0	1535	3022	1981	11376	10377	9969	12212	7043	4193	3670	3259	840	810	1338	2044	1936	643	2302	0	1941	27	2300	1848	2297	1981	2261	2017	1734	1965	1897	1846	1838	1669	1663	1945	1645	1650	1548	1578	1124	1297	1273	216	51	499	437	76	0	7	52	35	33	0	19	367	358	341	365	221	177	477	289	173	98	128	193	327	290	446	462	382	509	520	495	597	576	625	625	797	649	682	664	677	696	633	722	591	594	530	527	518	771	846	143	93	451	430	523	303	153	160	135	118	59	67
345.00000020706636	0	0	36	0	1525	3017	2039	11429	10428	10009	12252	7077	4250	3713	3301	861	829	1367	2077	1970	703	2361	0	1990	23	2376	1920	2359	2064	2351	2106	1815	2041	1982	1915	1926	1747	1745	2014	1713	1704	1612	1650	1206	1403	1370	230	69	557	496	118	0	10	66	53	42	0	27	360	352	336	369	218	177	487	296	162	100	127	187	324	287	446	473	381	520	520	499	598	574	639	631	831	687	701	677	696	739	686	787	652	655	599	582	533	844	931	156	89	467	448	551	393	208	210	174	149	96	108
350.00000119979126	1	0	29	0	1526	3058	2099	11472	10466	10050	12286	7122	4309	3749	3331	873	845	1397	2126	2010	750	2422	0	2037	28	2445	2001	2448	2144	2439	2184	1924	2115	2037	2005	2007	1850	1826	2078	1784	1781	1665	1728	1297	1502	1479	244	87	611	547	152	0	14	84	67	54	1	35	354	353	322	358	210	173	493	290	169	119	145	202	322	278	447	469	383	531	521	515	609	584	652	642	848	686	703	689	725	750	689	802	681	706	679	646	541	891	1012	180	93	489	464	581	454	311	298	236	195	116	137
355.00000007044247	0	0	28	0	1520	3060	2146	11511	10498	10081	12330	7165	4361	3782	3366	885	865	1419	2166	2043	812	2489	0	2083	32	2509	2065	2513	2204	2515	2272	2027	2205	2110	2081	2084	1936	1899	2172	1859	1852	1737	1787	1372	1604	1582	265	100	665	595	203	0	21	111	82	76	3	44	355	353	321	343	205	163	508	303	167	124	139	200	342	294	457	465	377	533	532	520	631	617	671	654	861	689	717	707	736	755	698	792	661	703	681	665	531	889	1070	194	106	504	482	612	483	387	395	331	284	158	163
360.0000097150173	2	0	20	0	1527	3052	2200	11542	10534	10104	12367	7200	4420	3812	3403	897	879	1438	2205	2070	852	2547	0	2122	32	2566	2144	2581	2257	2597	2351	2131	2269	2189	2166	2174	2035	1973	2257	1939	1932	1810	1844	1447	1708	1696	280	116	721	659	271	0	38	149	111	109	5	56	347	354	314	346	198	152	500	316	169	132	157	212	340	294	476	488	368	533	529	507	622	606	685	694	871	689	717	710	743	751	705	806	673	702	671	663	566	883	1080	205	130	529	515	646	504	403	450	388	364	217	212
365.0000024976456	2	0	27	0	1523	3061	2246	11592	10559	10137	12408	7221	4477	3843	3430	910	896	1459	2238	2102	901	2593	0	2162	29	2626	2214	2648	2319	2652	2415	2238	2341	2253	2230	2236	2134	2056	2337	2008	1995	1884	1917	1529	1802	1797	298	137	786	704	314	0	54	181	148	133	11	85	342	345	313	346	188	148	500	309	171	141	165	216	354	303	478	493	392	539	511	505	615	589	675	688	900	708	727	725	752	732	688	803	661	705	671	643	591	921	1081	205	136	551	542	676	541	438	485	403	383	311	295
370.00000214808915	1	0	23	0	1527	3102	2300	11619	10585	10177	12443	7253	4523	3882	3461	921	912	1474	2284	2137	944	2636	0	2196	26	2683	2280	2724	2373	2721	2499	2347	2411	2321	2305	2311	2224	2128	2406	2070	2060	1943	1988	1605	1891	1916	324	152	851	756	378	2	72	223	189	171	16	101	338	337	302	350	191	143	502	306	173	143	167	230	368	313	480	488	388	554	506	491	612	573	660	671	942	724	745	746	769	759	706	799	633	678	659	637	610	982	1117	205	142	575	564	718	573	455	525	439	417	376	372
375.00000005740173	0	0	19	0	1527	3159	2344	11643	10617	10200	12480	7279	4569	3911	3491	933	931	1500	2323	2162	981	2689	0	2240	24	2744	2338	2777	2421	2781	2554	2453	2478	2380	2380	2391	2300	2194	2492	2122	2133	2009	2048	1651	1990	2050	353	169	902	807	440	8	97	268	233	206	27	134	328	326	297	346	196	134	503	296	178	162	192	262	368	299	480	479	372	565	512	477	599	572	651	658	949	744	777	783	804	762	697	819	656	696	661	617	608	1027	1188	217	137	585	585	767	598	476	567	462	443	408	430
380.0000040349717	0	0	19	0	1526	3205	2391	11668	10645	10223	12518	7304	4614	3934	3513	953	950	1521	2363	2187	1040	2746	0	2286	24	2788	2411	2838	2476	2836	2623	2567	2548	2457	2455	2459	2375	2265	2556	2187	2194	2075	2111	1718	2081	2157	376	188	950	866	510	21	130	331	270	237	35	188	321	316	294	344	192	139	512	292	185	167	190	257	372	307	494	473	364	564	501	456	582	559	640	642	938	736	765	773	806	776	705	813	631	676	662	642	603	1029	1254	233	135	596	603	809	611	508	616	484	463	445	474
385.0000133802539	0	0	26	0	1525	3210	2437	11694	10675	10259	12548	7324	4656	3959	3538	968	969	1544	2401	2209	1085	2781	0	2326	40	2832	2477	2892	2540	2893	2681	2661	2610	2525	2531	2535	2448	2337	2627	2234	2275	2123	2170	1775	2185	2273	390	199	1001	917	584	46	169	390	322	289	51	228	309	311	284	335	185	145	521	293	199	167	183	248	388	330	540	492	358	563	491	446	569	550	626	629	939	729	751	753	789	786	717	832	646	656	642	621	594	1026	1256	242	142	610	595	849	646	496	636	501	506	464	467
390.00000063465376	1	0	20	0	1532	3198	2489	11721	10708	10287	12582	7350	4704	3990	3563	979	979	1572	2428	2244	1126	2823	0	2360	37	2871	2535	2945	2606	2943	2741	2742	2683	2610	2593	2602	2546	2398	2708	2292	2332	2189	2235	1846	2284	2410	406	210	1055	970	643	77	222	448	366	330	69	257	299	305	281	328	174	159	537	305	203	165	178	240	386	324	543	517	387	573	485	439	555	536	610	611	940	727	753	748	789	815	746	855	652	643	629	600	595	1025	1263	243	155	632	606	882	674	487	639	498	502	483	510
395.0000024234264	0	0	11	0	1537	3147	2535	11746	10736	10309	12619	7374	4750	4016	3586	1000	997	1589	2472	2270	1172	2868	0	2389	34	2920	2589	2993	2651	3001	2798	2869	2743	2669	2660	2686	2625	2469	2791	2354	2390	2246	2292	1924	2373	2522	423	220	1104	1016	702	123	266	508	411	370	99	310	299	295	277	317	169	170	549	305	190	177	209	263	382	319	543	506	405	612	513	432	538	520	595	595	936	717	741	741	779	815	728	842	660	670	645	607	597	1062	1263	244	162	646	621	914	711	531	690	514	483	466	504
400.0000000611764	0	0	23	0	1524	3084	2588	11781	10773	10330	12646	7402	4800	4040	3614	1017	1013	1611	2503	2303	1234	2915	0	2426	31	2964	2632	3034	2692	3056	2858	2969	2816	2747	2723	2749	2701	2530	2861	2416	2446	2295	2359	2001	2461	2628	451	228	1152	1064	754	170	313	575	450	422	131	355	298	293	268	316	170	167	551	304	178	171	209	274	401	325	548	507	395	616	523	421	526	507	583	586	927	702	727	730	756	813	714	821	633	673	681	661	632	1119	1298	244	159	658	636	954	757	554	728	549	519	451	488
405.00000267235305	1	0	21	0	1523	3053	2642	11812	10804	10348	12672	7424	4846	4057	3636	1030	1029	1633	2540	2344	1282	2978	0	2464	33	3011	2681	3108	2736	3107	2919	3071	2895	2811	2784	2821	2778	2598	2930	2466	2512	2356	2421	2063	2537	2734	479	241	1213	1125	823	211	357	633	494	471	164	390	297	297	274	310	167	154	557	312	178	167	207	274	422	350	610	534	388	615	510	434	542	514	566	569	921	686	713	719	743	830	748	850	657	663	672	656	644	1125	1366	255	154	664	643	992	779	578	770	587	546	435	470
410.0000034282761	0	0	14	0	1528	2993	2687	11843	10824	10376	12697	7445	4894	4084	3658	1048	1044	1650	2574	2376	1321	3021	0	2508	32	3054	2735	3162	2767	3171	2974	3166	2962	2865	2843	2893	2852	2658	3012	2526	2579	2415	2492	2132	2639	2849	499	259	1255	1191	888	268	399	684	544	510	213	416	291	292	276	315	162	154	558	317	178	164	203	267	417	350	613	569	431	630	488	451	565	536	586	578	910	672	698	705	738	814	735	853	665	685	703	677	660	1154	1392	275	148	681	642	1035	806	618	831	612	572	459	475
415.0000046458266	2	0	8	0	1530	3008	2722	11868	10853	10395	12729	7471	4952	4110	3677	1066	1056	1672	2614	2401	1373	3064	0	2554	36	3089	2787	3210	2817	3220	3024	3260	3020	2926	2903	2948	2926	2714	3088	2588	2639	2480	2553	2199	2721	2968	522	282	1307	1255	953	304	451	737	607	553	267	458	289	288	271	318	156	160	563	313	165	159	200	263	412	347	613	556	444	682	521	445	551	529	598	610	904	662	681	683	722	804	714	838	650	671	714	693	664	1208	1417	277	153	682	651	1067	800	624	858	639	606	476	506
420.0000002738646	0	0	23	0	1513	3020	2765	11889	10879	10419	12743	7486	4993	4136	3696	1083	1076	1691	2646	2430	1427	3106	0	2588	41	3130	2835	3257	2861	3275	3072	3336	3075	2978	2957	3003	2986	2773	3151	2646	2698	2539	2598	2263	2828	3076	544	292	1365	1320	1025	373	485	802	656	597	301	488	290	285	276	307	146	154	577	311	164	165	196	258	411	342	618	554	436	688	540	446	556	543	587	601	916	653	665	666	702	793	698	829	635	647	691	669	681	1215	1484	287	169	709	669	1106	852	598	858	644	611	510	529
425.00000052315244	0	0	15	0	1524	3006	2827	11912	10903	10434	12768	7507	5036	4165	3711	1107	1098	1715	2688	2458	1476	3150	0	2627	39	3170	2874	3315	2903	3315	3126	3428	3129	3022	3017	3061	3061	2827	3215	2691	2751	2589	2653	2328	2924	3188	569	309	1424	1371	1091	439	524	873	706	646	353	523	272	277	275	309	142	153	590	320	160	168	208	255	412	336	620	553	433	684	530	443	550	538	597	600	948	676	681	659	702	779	678	811	612	621	672	647	668	1213	1506	296	169	716	690	1138	877	600	857	620	587	575	582
430.0000029017217	1	0	12	0	1531	3029	2884	11936	10935	10463	12796	7522	5091	4195	3734	1124	1118	1731	2714	2480	1525	3198	0	2660	48	3214	2912	3361	2944	3348	3165	3514	3176	3070	3075	3108	3126	2878	3275	2744	2818	2650	2707	2388	3020	3316	590	327	1483	1424	1160	495	573	943	766	690	383	575	264	268	269	313	136	141	589	323	161	164	206	267	428	335	620	549	428	681	529	446	539	528	591	595	942	685	705	684	722	780	662	799	604	594	646	629	659	1243	1507	298	170	727	701	1178	919	642	929	655	592	636	675
435.000001703598	0	0	11	0	1536	3021	2939	11956	10958	10490	12819	7540	5129	4218	3752	1134	1138	1746	2740	2507	1576	3237	0	2681	41	3266	2958	3403	2994	3404	3216	3597	3237	3127	3125	3167	3192	2928	3340	2794	2867	2693	2760	2443	3140	3436	611	339	1533	1477	1239	555	629	1019	813	747	430	619	258	266	264	298	131	141	589	320	163	157	201	260	426	324	623	543	420	685	519	436	528	523	583	580	960	683	699	675	714	772	646	786	585	585	639	613	669	1315	1540	300	175	739	718	1225	951	660	970	686	656	613	680
440.0000038243133	1	0	20	0	1526	2994	3002	11985	10975	10508	12840	7555	5172	4237	3778	1145	1156	1765	2773	2534	1643	3277	0	2709	38	3306	3007	3439	3042	3456	3259	3684	3283	3181	3173	3223	3253	2977	3402	2826	2907	2749	2806	2510	3238	3549	631	349	1593	1531	1314	620	686	1088	855	802	479	671	246	264	259	289	129	140	592	322	163	153	194	255	420	326	645	550	403	685	512	428	514	509	572	574	949	682	701	677	717	768	627	767	566	571	609	592	674	1371	1614	311	167	751	722	1253	952	666	1010	707	664	618	672
445.0000047416547	1	0	6	0	1536	3013	3064	12011	10999	10536	12859	7572	5214	4271	3803	1159	1165	1777	2804	2560	1685	3320	0	2744	43	3341	3050	3486	3084	3512	3302	3767	3344	3231	3220	3281	3309	3032	3468	2862	2955	2803	2859	2565	3337	3668	646	359	1650	1592	1398	679	736	1168	907	860	521	718	249	258	252	286	134	129	593	320	151	148	190	249	415	321	645	558	419	688	502	418	504	501	564	560	943	665	698	673	716	795	654	761	549	548	589	571	660	1395	1692	331	162	759	722	1295	995	668	1047	722	690	623	689
450.0000011023096	1	0	9	0	1535	2969	3126	12030	11018	10554	12898	7589	5251	4296	3813	1170	1178	1802	2828	2587	1734	3353	0	2781	37	3375	3099	3527	3112	3552	3349	3857	3395	3277	3271	3340	3375	3074	3519	2917	3001	2850	2894	2639	3440	3793	669	376	1721	1653	1482	735	784	1244	950	923	566	767	244	261	248	278	132	122	595	315	144	140	181	243	408	315	645	552	415	699	515	449	536	529	578	552	948	653	686	664	704	798	666	778	575	565	587	560	645	1426	1737	342	170	769	730	1338	1017	650	1049	711	695	653	690
455.0000011984112	1	0	9	0	1536	2981	3165	12050	11033	10581	12917	7595	5294	4328	3832	1197	1193	1818	2862	2602	1785	3402	0	2815	45	3423	3150	3572	3159	3603	3392	3930	3451	3336	3325	3397	3441	3128	3587	2950	3049	2895	2944	2690	3540	3905	687	391	1767	1705	1568	806	845	1309	1000	965	622	827	240	253	249	269	132	120	592	320	143	161	197	252	407	306	645	547	403	693	503	451	529	533	592	582	941	639	685	655	696	793	658	766	563	570	609	586	620	1439	1771	355	188	784	747	1369	1012	684	1114	734	684	689	730
460.00000120234097	2	0	21	0	1529	2957	3215	12075	11040	10598	12938	7614	5334	4358	3859	1214	1201	1833	2892	2627	1842	3434	0	2861	47	3470	3197	3610	3198	3645	3436	4027	3504	3388	3382	3444	3499	3173	3647	3003	3089	2932	2978	2755	3654	4023	721	410	1821	1764	1643	856	911	1374	1049	1013	673	877	234	249	246	267	136	126	591	321	167	167	208	264	414	317	659	548	392	695	500	450	524	520	577	577	946	633	679	638	676	802	676	795	572	566	590	585	620	1433	1800	363	191	794	764	1404	1037	696	1148	760	721	709	781
465.00000247784374	1	0	13	0	1537	2952	3266	12099	11060	10618	12959	7623	5367	4382	3881	1230	1222	1848	2923	2644	1890	3471	0	2889	60	3506	3251	3664	3244	3688	3476	4113	3551	3447	3429	3492	3560	3217	3703	3041	3133	2986	3022	2826	3760	4134	749	423	1873	1811	1716	911	970	1458	1103	1062	713	932	224	245	237	259	133	127	592	313	157	179	211	257	419	321	661	548	392	694	502	468	531	526	566	564	978	649	687	642	674	793	652	780	556	578	618	586	589	1434	1821	369	194	791	783	1442	1099	672	1142	734	728	706	758
470.00000657984106	0	0	11	0	1552	2865	3327	12113	11075	10634	12980	7635	5415	4416	3914	1240	1237	1861	2964	2666	1917	3509	0	2920	47	3544	3297	3700	3285	3729	3523	4182	3589	3499	3472	3542	3620	3259	3754	3082	3166	3036	3073	2879	3884	4236	775	434	1928	1873	1803	978	1041	1540	1158	1119	761	993	217	237	236	247	127	114	607	302	156	183	222	275	421	320	671	545	386	707	519	471	526	519	546	548	980	657	712	671	696	791	641	761	534	553	593	584	584	1441	1825	370	196	802	796	1486	1116	703	1186	739	710	710	773
475.0000001832603	2	0	8	0	1560	2830	3371	12131	11093	10653	12996	7645	5445	4443	3952	1252	1257	1878	2999	2684	1959	3543	0	2946	51	3587	3341	3732	3326	3758	3570	4245	3645	3546	3530	3592	3674	3304	3817	3122	3208	3064	3122	2931	4002	4352	793	449	1993	1926	1902	1026	1106	1626	1212	1185	813	1049	212	237	230	244	123	119	613	304	162	179	217	271	435	338	709	554	381	705	512	460	516	508	530	537	970	646	697	662	699	802	649	757	520	523	570	554	580	1429	1845	371	198	814	808	1529	1113	743	1241	778	744	687	769
480.0000101690946	0	0	8	0	1566	2774	3409	12148	11110	10670	13012	7657	5497	4464	3974	1264	1270	1901	3028	2702	2004	3581	0	2981	55	3627	3381	3785	3351	3791	3601	4327	3703	3613	3579	3644	3751	3354	3866	3160	3254	3115	3165	2980	4099	4478	819	458	2046	1985	2008	1101	1169	1712	1271	1248	858	1112	213	234	224	241	114	129	610	312	164	173	213	261	431	331	712	591	398	712	497	478	528	520	533	521	958	638	685	647	685	814	668	787	555	544	562	531	607	1424	1845	374	189	817	816	1567	1114	737	1261	794	772	675	751
485.0000014200804	1	0	8	0	1560	2721	3438	12169	11123	10683	13027	7666	5535	4490	3991	1283	1287	1919	3056	2733	2063	3627	0	2999	73	3666	3443	3821	3387	3824	3632	4405	3755	3677	3640	3692	3809	3420	3921	3192	3295	3155	3207	3034	4203	4612	845	471	2103	2037	2103	1171	1210	1792	1326	1284	913	1164	201	233	223	239	117	131	599	312	157	168	203	256	423	323	715	582	430	744	509	497	570	567	594	571	946	626	672	628	668	816	668	783	556	558	592	555	624	1477	1846	374	184	821	805	1617	1168	707	1261	778	773	668	747
490.000001010294	1	0	15	0	1552	2634	3515	12188	11143	10705	13048	7676	5584	4511	4010	1299	1302	1935	3076	2763	2113	3662	0	3022	62	3708	3486	3859	3421	3872	3677	4482	3797	3720	3690	3748	3874	3470	3976	3231	3342	3200	3254	3077	4317	4752	870	486	2168	2101	2205	1250	1259	1873	1386	1336	981	1213	200	231	221	237	121	130	609	304	151	179	216	271	422	318	715	571	422	754	524	522	600	599	628	614	936	606	649	609	654	806	654	784	562	561	586	562	607	1536	1900	374	176	832	808	1655	1208	728	1292	768	742	655	721
495.0000029878908	0	0	10	0	1558	2642	3550	12201	11158	10725	13065	7682	5616	4530	4037	1309	1311	1952	3108	2783	2162	3696	0	3047	57	3738	3528	3897	3462	3908	3717	4546	3845	3761	3742	3794	3929	3521	4025	3270	3376	3243	3303	3131	4419	4894	901	497	2215	2152	2309	1329	1316	1975	1438	1392	1037	1273	198	223	223	235	115	124	616	304	152	177	216	274	435	323	717	572	415	753	517	546	627	635	654	641	986	619	639	594	644	796	637	771	558	553	575	567	587	1540	1976	389	171	838	817	1685	1215	755	1338	808	759	675	747
500.000000405012	1	0	11	0	1559	2592	3620	12213	11175	10737	13079	7694	5669	4551	4062	1323	1322	1970	3135	2798	2220	3738	0	3081	54	3787	3560	3937	3496	3942	3763	4627	3888	3801	3791	3837	3996	3556	4081	3307	3411	3278	3345	3177	4510	5023	922	505	2284	2206	2415	1402	1371	2054	1500	1432	1087	1321	193	225	219	229	108	126	620	314	167	178	221	280	435	331	740	564	405	752	509	540	610	628	658	673	1035	666	696	644	679	796	628	745	544	523	562	560	581	1532	1993	401	166	845	821	1722	1259	771	1368	813	772	698	765
505.00000533111586	2	0	5	0	1569	2553	3656	12228	11195	10752	13100	7711	5717	4568	4077	1339	1346	1987	3165	2816	2244	3780	0	3112	65	3821	3602	3994	3527	3982	3810	4701	3924	3858	3839	3870	4061	3607	4121	3338	3452	3323	3372	3228	4611	5183	942	518	2346	2270	2515	1488	1437	2149	1545	1476	1150	1384	187	216	221	224	103	127	628	317	159	175	217	269	445	341	750	593	404	752	506	537	613	623	650	662	1065	687	714	666	711	807	644	747	534	508	539	533	601	1526	2001	405	163	862	815	1755	1309	784	1394	813	785	685	762
510.00001212007874	1	0	13	0	1562	2492	3698	12244	11214	10762	13117	7722	5756	4590	4097	1352	1363	2004	3187	2836	2309	3820	0	3145	65	3861	3639	4039	3568	4028	3846	4767	3982	3903	3889	3916	4126	3653	4170	3387	3487	3370	3406	3269	4721	5300	968	530	2400	2326	2622	1557	1497	2243	1597	1514	1195	1443	188	210	216	221	101	119	621	316	153	172	214	257	437	337	760	600	426	750	496	550	636	636	650	662	1072	672	704	654	696	812	656	754	552	510	532	517	600	1517	2001	407	169	888	833	1794	1355	820	1453	841	781	700	760
515.0000004541081	0	0	13	0	1559	2478	3735	12260	11234	10772	13135	7732	5797	4609	4129	1370	1376	2023	3218	2856	2364	3861	0	3185	73	3899	3688	4078	3622	4071	3886	4841	4023	3947	3931	3961	4175	3698	4228	3417	3510	3410	3428	3310	4828	5451	995	543	2466	2389	2733	1644	1565	2355	1646	1562	1252	1491	184	209	204	213	101	110	618	310	151	200	247	267	428	331	760	596	420	750	486	566	644	660	692	674	1087	689	730	685	727	848	687	786	562	520	544	529	599	1549	2008	409	164	885	827	1831	1358	847	1503	883	816	772	820
520.000003899689	0	0	9	0	1573	2504	3777	12276	11248	10792	13151	7738	5832	4639	4155	1390	1390	2045	3248	2873	2399	3909	0	3210	75	3937	3736	4115	3661	4120	3933	4918	4078	3987	3960	4006	4222	3745	4275	3458	3543	3444	3461	3355	4922	5609	1026	567	2517	2452	2840	1718	1607	2466	1709	1617	1303	1542	177	206	199	211	100	108	617	307	163	212	266	309	459	351	764	587	427	798	498	556	636	642	689	694	1098	723	755	714	760	874	718	810	585	544	559	549	591	1591	2042	409	162	880	806	1874	1375	879	1551	910	842	832	881
525.000001495892	1	0	5	0	1587	2510	3866	12287	11255	10806	13165	7745	5880	4662	4165	1404	1410	2058	3277	2892	2436	3947	0	3239	54	3966	3771	4154	3711	4162	3977	4978	4120	4031	4005	4050	4271	3793	4329	3497	3576	3476	3491	3397	5008	5742	1048	577	2564	2485	2942	1813	1657	2569	1766	1662	1369	1593	186	204	186	205	94	109	622	307	179	206	270	306	475	354	766	583	416	795	504	552	623	630	679	681	1121	723	760	726	773	891	722	839	613	565	581	569	605	1590	2100	425	159	874	807	1921	1411	865	1580	919	875	870	933
530.0000008657777	2	0	6	0	1587	2501	3910	12296	11265	10824	13174	7755	5916	4679	4178	1421	1424	2069	3308	2919	2478	3977	0	3260	67	4000	3809	4191	3754	4211	4023	5071	4161	4075	4053	4103	4338	3840	4379	3519	3609	3509	3533	3450	5114	5877	1073	595	2622	2538	3059	1882	1715	2649	1817	1724	1440	1648	182	214	188	200	88	104	637	304	187	197	265	292	471	347	766	574	409	791	495	548	627	636	678	683	1148	756	786	749	789	884	706	819	599	575	609	594	624	1606	2107	433	154	853	805	1950	1413	866	1600	917	868	881	960
535.0000045808919	0	0	11	0	1592	2477	3975	12308	11280	10843	13180	7764	5950	4699	4200	1436	1437	2087	3339	2949	2510	4013	0	3283	68	4026	3851	4233	3793	4242	4070	5146	4205	4120	4095	4155	4397	3884	4426	3555	3638	3553	3571	3487	5227	6002	1101	606	2672	2601	3178	1952	1774	2751	1880	1773	1493	1702	180	213	193	207	84	102	642	310	188	205	276	300	469	341	781	572	401	786	476	545	615	625	674	670	1138	749	792	764	804	898	706	807	578	552	583	591	606	1628	2133	433	155	854	789	1982	1424	849	1636	919	872	894	963
540.0000047810422	1	0	14	0	1601	2475	4010	12317	11298	10855	13196	7774	5994	4719	4216	1444	1454	2102	3369	2975	2547	4053	0	3310	77	4058	3896	4276	3826	4284	4108	5220	4247	4171	4139	4207	4449	3931	4484	3585	3675	3580	3601	3533	5343	6123	1128	621	2715	2646	3283	2042	1826	2844	1935	1826	1561	1767	180	206	192	205	81	102	644	324	195	196	265	296	495	372	818	577	407	789	466	564	623	617	665	673	1148	758	798	756	804	945	759	859	618	549	565	572	585	1622	2166	441	160	859	797	2007	1453	856	1649	906	877	891	955
545.0000013930862	1	0	8	0	1614	2398	4060	12330	11316	10865	13212	7780	6032	4740	4234	1460	1471	2112	3396	2994	2590	4086	0	3336	76	4083	3935	4309	3863	4325	4148	5279	4295	4215	4177	4263	4508	3979	4537	3616	3716	3614	3640	3570	5438	6266	1151	630	2770	2701	3397	2123	1883	2942	1981	1883	1616	1820	178	199	190	206	77	100	643	320	198	195	256	290	492	365	841	607	411	797	481	565	621	636	679	675	1137	759	798	757	800	981	790	894	668	596	600	579	572	1635	2168	445	152	870	803	2029	1496	837	1663	904	877	885	954
550.0000105397751	1	0	12	0	1605	2352	4092	12339	11328	10874	13220	7788	6067	4763	4254	1470	1486	2137	3434	3022	2661	4121	0	3357	81	4123	3966	4350	3907	4364	4188	5358	4343	4271	4224	4313	4567	4025	4587	3656	3749	3638	3671	3612	5542	6410	1180	640	2824	2745	3511	2214	1943	3020	2033	1943	1677	1869	174	198	187	200	74	100	641	318	188	191	245	283	487	355	842	626	415	795	473	563	624	635	674	682	1144	766	795	744	787	988	795	910	689	632	642	630	575	1658	2188	445	151	864	795	2066	1545	861	1706	909	878	880	954
555.0000084543468	0	0	8	0	1606	2323	4145	12346	11337	10880	13234	7793	6110	4781	4267	1482	1501	2155	3465	3043	2711	4155	0	3384	78	4159	4011	4390	3938	4396	4232	5442	4391	4333	4278	4356	4625	4084	4635	3696	3785	3679	3705	3665	5638	6522	1208	648	2867	2786	3640	2296	1994	3110	2088	1990	1737	1940	173	200	183	199	77	100	640	314	177	183	240	272	479	344	843	616	428	819	467	558	615	634	665	664	1149	755	792	746	788	968	784	892	685	624	657	661	601	1686	2217	452	152	871	804	2110	1537	899	1762	937	906	887	952
560.0000078972907	0	0	13	0	1601	2283	4185	12354	11351	10893	13248	7800	6147	4797	4284	1499	1513	2173	3495	3063	2765	4189	0	3412	77	4190	4040	4424	3976	4437	4265	5510	4429	4383	4318	4407	4684	4131	4691	3741	3815	3726	3741	3706	5749	6647	1240	657	2919	2843	3771	2378	2051	3194	2134	2040	1798	1990	170	197	183	198	70	92	641	304	178	216	290	325	477	333	843	611	429	857	515	555	616	628	646	637	1163	770	790	745	790	962	785	900	680	611	646	658	662	1754	2247	457	146	874	812	2141	1530	917	1824	966	927	857	926
565.0000072586163	1	0	8	0	1621	2258	4219	12365	11362	10901	13262	7807	6178	4817	4306	1507	1530	2183	3516	3081	2792	4224	0	3432	82	4216	4100	4460	4015	4478	4316	5588	4473	4429	4353	4459	4748	4184	4751	3790	3864	3761	3775	3748	5833	6776	1270	671	2989	2893	3907	2465	2112	3284	2180	2097	1864	2052	165	198	181	200	78	87	641	309	187	215	281	330	510	350	847	596	419	854	519	543	610	622	653	647	1148	765	790	756	814	970	782	893	671	612	634	653	683	1820	2326	466	143	864	803	2178	1543	879	1815	950	945	838	888
570.000000812102	0	0	12	0	1631	2239	4257	12373	11378	10910	13274	7815	6218	4849	4330	1520	1542	2198	3549	3101	2838	4256	0	3457	80	4239	4131	4495	4051	4520	4352	5631	4522	4478	4386	4507	4793	4223	4799	3830	3907	3792	3807	3792	5935	6891	1295	682	3046	2944	4035	2545	2151	3401	2238	2141	1920	2111	161	193	183	192	79	78	631	304	195	205	276	326	505	344	847	590	407	849	513	530	596	606	652	664	1132	751	763	741	794	959	765	887	672	616	632	646	715	1854	2406	479	144	852	806	2216	1546	881	1826	927	913	834	879
575.0000003106895	1	0	6	0	1642	2247	4305	12382	11388	10919	13288	7820	6254	4870	4352	1534	1557	2214	3579	3112	2876	4299	0	3477	77	4270	4170	4530	4078	4565	4388	5712	4563	4512	4426	4552	4859	4257	4848	3872	3946	3831	3845	3837	6032	7014	1321	687	3105	2995	4169	2641	2203	3516	2287	2192	1984	2163	159	188	179	188	84	74	623	295	192	207	277	320	502	345	855	584	399	846	499	513	579	591	642	645	1144	742	751	726	777	937	743	860	649	594	618	647	710	1887	2451	495	147	849	803	2247	1542	877	1845	928	909	850	892
580.000004939071	1	0	11	0	1644	2285	4328	12390	11403	10932	13296	7827	6299	4890	4367	1542	1568	2233	3619	3136	2922	4335	0	3501	100	4306	4216	4571	4114	4604	4421	5777	4597	4560	4475	4598	4911	4296	4899	3907	3967	3871	3882	3872	6149	7138	1346	695	3159	3054	4297	2742	2271	3629	2353	2250	2032	2210	161	185	175	187	79	79	618	295	192	200	284	326	511	374	907	598	392	840	486	500	565	579	627	629	1167	758	756	731	778	935	754	873	646	579	598	627	700	1897	2504	501	148	866	819	2276	1553	872	1865	904	902	892	937
585.0000004493677	0	0	9	0	1653	2287	4407	12404	11409	10945	13311	7832	6331	4910	4380	1557	1586	2253	3643	3158	2960	4373	0	3523	87	4329	4266	4609	4144	4643	4459	5865	4632	4595	4519	4635	4975	4335	4942	3943	4005	3910	3912	3912	6262	7271	1381	702	3212	3100	4431	2833	2312	3752	2414	2303	2087	2258	158	181	171	183	78	73	610	286	186	192	275	321	531	397	957	649	415	835	480	485	545	565	608	612	1168	761	768	745	791	945	758	872	634	584	606	617	678	1898	2529	508	165	879	834	2313	1567	850	1869	879	895	921	1000
590.0000075755269	0	0	8	0	1659	2297	4459	12413	11419	10960	13323	7838	6369	4930	4398	1564	1618	2275	3669	3177	3014	4411	0	3537	88	4352	4310	4641	4175	4689	4505	5932	4670	4643	4566	4681	5025	4384	5000	3981	4040	3943	3945	3956	6383	7411	1402	712	3262	3153	4564	2924	2366	3846	2472	2359	2158	2303	160	180	165	184	80	75	598	280	187	191	270	319	534	391	957	675	470	869	472	474	530	555	588	595	1152	742	745	729	782	944	740	863	632	587	601	611	655	1902	2547	516	162	887	847	2355	1557	853	1888	878	870	924	1034
595.0000050272164	1	0	11	0	1658	2258	4505	12424	11430	10970	13339	7845	6411	4948	4406	1578	1628	2292	3694	3212	3066	4450	0	3567	93	4379	4335	4677	4205	4721	4545	5995	4717	4680	4594	4725	5068	4432	5041	4013	4075	3972	3977	3997	6504	7553	1429	719	3308	3206	4697	3013	2429	3973	2525	2412	2214	2368	158	179	164	175	76	73	598	278	192	186	263	314	526	392	960	665	457	889	516	488	557	570	583	579	1141	722	734	718	756	944	739	877	645	576	585	608	610	1890	2561	519	164	886	845	2397	1577	844	1924	898	876	892	1008
600.000002016009	0	0	5	0	1667	2171	4559	12440	11442	10980	13349	7856	6445	4970	4423	1590	1641	2316	3722	3231	3120	4477	0	3593	94	4410	4368	4705	4234	4753	4577	6088	4753	4721	4637	4772	5132	4472	5095	4049	4107	4009	4021	4037	6605	7715	1462	729	3355	3241	4824	3103	2481	4067	2580	2464	2278	2414	160	176	163	177	72	73	595	273	187	178	252	311	519	385	960	654	460	905	505	511	564	583	596	609	1126	698	722	705	739	930	725	858	625	581	602	612	608	1884	2567	519	166	885	845	2440	1667	824	1922	875	870	885	989
