>time	Ribosome	coli Pol	coli Pol-P	coli Pol-2.0	coli Pol-P-2.0	gp1	gp1-3.5	gp0.3	gp0.4	gp0.5	gp0.6A	gp0.7	gp1.1	gp1.2	gp1.3	gp1.4	gp1.5	gp1.6	gp1.7	gp1.8	gp2.0	gp2.5	gp2.8	gp3.0	gp3.5	gp3.8	gp4A	gp4.2	gp4.3	gp4.5	gp4.7	gp5.0	gp5.3	gp5.5	gp5.7	gp5.9	gp6.0	gp6.3	gp6.5	gp6.7	gp7	gp7.3	gp7.7	gp8	gp9	gp10A	gp11	gp12	gp13	gp14	gp15	gp16	gp17	gp17.5	gp18	gp18.5	gp19	gp19.5
0.002883640628209604	0	0	0	0	0	0	0	0	0	0	0	0	0	0	0	0	0	0	0	0	0	0	0	0	0	0	0	0	0	0	0	0	0	0	0	0	0	0	0	0	0	0	0	0	0	0	0	0	0	0	0	0	0	0	0	0	0	0
5.001086488329367	0	0	0	0	0	0	0	0	0	0	0	0	0	0	0	0	0	0	0	0	0	0	0	0	0	0	0	0	0	0	0	0	0	0	0	0	0	0	0	0	0	0	0	0	0	0	0	0	0	0	0	0	0	0	0	0	0	0
10.000127657587036	0	0	0	0	0	0	0	0	0	0	0	0	0	0	0	0	0	0	0	0	0	0	0	0	0	0	0	0	0	0	0	0	0	0	0	0	0	0	0	0	0	0	0	0	0	0	0	0	0	0	0	0	0	0	0	0	0	0
15.000069852857848	0	0	0	0	0	0	0	0	0	0	0	0	0	0	0	0	0	0	0	0	0	0	0	0	0	0	0	0	0	0	0	0	0	0	0	0	0	0	0	0	0	0	0	0	0	0	0	0	0	0	0	0	0	0	0	0	0	0
20.00065171457893	0	0	0	0	0	0	0	0	0	0	0	0	0	0	0	0	0	0	0	0	0	0	0	0	0	0	0	0	0	0	0	0	0	0	0	0	0	0	0	0	0	0	0	0	0	0	0	0	0	0	0	0	0	0	0	0	0	0
25.00085661474219	0	0	0	0	0	0	0	0	0	0	0	0	0	0	0	0	0	0	0	0	0	0	0	0	0	0	0	0	0	0	0	0	0	0	0	0	0	0	0	0	0	0	0	0	0	0	0	0	0	0	0	0	0	0	0	0	0	0
30.000422435264802	0	0	0	0	0	0	0	1404	104	0	0	0	0	0	0	0	0	0	0	0	0	0	0	0	0	0	0	0	0	0	0	0	0	0	0	0	0	0	0	0	0	0	0	0	0	0	0	0	0	0	0	0	0	0	0	0	0	0
35.001169405119825	0	0	0	0	0	0	0	4914	728	224	0	0	0	0	0	0	0	0	0	0	0	0	0	0	0	0	0	0	0	0	0	0	0	0	0	0	0	0	0	0	0	0	0	0	0	0	0	0	0	0	0	0	0	0	0	0	0	0
40.000695839167605	0	0	0	0	0	0	0	8307	2184	1232	424	0	0	0	0	0	0	0	0	0	0	0	0	0	0	0	0	0	0	0	0	0	0	0	0	0	0	0	0	0	0	0	0	0	0	0	0	0	0	0	0	0	0	0	0	0	0	0
45.00006594522716	0	0	0	0	0	0	0	13806	3692	2856	1484	0	0	0	0	0	0	0	0	0	0	0	0	0	0	0	0	0	0	0	0	0	0	0	0	0	0	0	0	0	0	0	0	0	0	0	0	0	0	0	0	0	0	0	0	0	0	0
50.00078069428137	0	0	0	0	0	0	0	21996	6604	4424	3180	0	0	0	0	0	0	0	0	0	0	0	0	0	0	0	0	0	0	0	0	0	0	0	0	0	0	0	0	0	0	0	0	0	0	0	0	0	0	0	0	0	0	0	0	0	0	0
55.000251101004245	0	0	0	0	0	0	0	31356	10140	7112	5512	0	0	0	0	0	0	0	0	0	0	0	0	0	0	0	0	0	0	0	0	0	0	0	0	0	0	0	0	0	0	0	0	0	0	0	0	0	0	0	0	0	0	0	0	0	0	0
60.0002677644447	0	0	0	0	0	0	0	40365	14560	10584	8533	0	0	0	0	0	0	0	0	0	0	0	0	0	0	0	0	0	0	0	0	0	0	0	0	0	0	0	0	0	0	0	0	0	0	0	0	0	0	0	0	0	0	0	0	0	0	0
65.00026208739489	0	0	0	0	0	0	0	53235	18720	14784	12561	0	0	0	0	0	0	0	0	0	0	0	0	0	0	0	0	0	0	0	0	0	0	0	0	0	0	0	0	0	0	0	0	0	0	0	0	0	0	0	0	0	0	0	0	0	0	0
70.00019828368417	0	0	0	0	0	0	0	64701	23504	20160	17596	5026	0	0	0	0	0	0	0	0	0	0	0	0	0	0	0	0	0	0	0	0	0	0	0	0	0	0	0	0	0	0	0	0	0	0	0	0	0	0	0	0	0	0	0	0	0	0
75.00002123843606	0	0	0	0	0	0	0	77454	29536	26656	22843	13283	0	0	0	0	0	0	0	0	0	0	0	0	0	0	0	0	0	0	0	0	0	0	0	0	0	0	0	0	0	0	0	0	0	0	0	0	0	0	0	0	0	0	0	0	0	0
80.00010457593164	0	0	0	0	0	0	0	91845	35412	32200	28991	25848	0	0	0	0	0	0	0	0	0	0	0	0	0	0	0	0	0	0	0	0	0	0	0	0	0	0	0	0	0	0	0	0	0	0	0	0	0	0	0	0	0	0	0	0	0	0
85.00005267110419	0	0	0	0	0	0	0	110916	42432	39368	35616	43080	0	0	0	0	0	0	0	0	0	0	0	0	0	0	0	0	0	0	0	0	0	0	0	0	0	0	0	0	0	0	0	0	0	0	0	0	0	0	0	0	0	0	0	0	0	0
90.000130786537	0	0	0	0	0	0	0	129753	51324	46760	43619	66056	0	0	0	0	0	0	0	0	0	0	0	0	0	0	0	0	0	0	0	0	0	0	0	0	0	0	0	0	0	0	0	0	0	0	0	0	0	0	0	0	0	0	0	0	0	0
95.00011608162367	0	0	0	0	0	0	0	148941	59020	55832	51251	91545	0	0	0	0	0	0	0	0	0	0	0	0	0	0	0	0	0	0	0	0	0	0	0	0	0	0	0	0	0	0	0	0	0	0	0	0	0	0	0	0	0	0	0	0	0	0
100.00004345893228	0	0	0	0	0	0	0	169416	67756	65464	61268	123137	0	0	0	0	0	0	0	0	0	0	0	0	0	0	0	0	0	0	0	0	0	0	0	0	0	0	0	0	0	0	0	0	0	0	0	0	0	0	0	0	0	0	0	0	0	0
105.00002776939333	0	0	0	0	0	0	0	191061	78156	75096	71656	158319	0	0	0	0	0	0	0	0	0	0	0	0	0	0	0	0	0	0	0	0	0	0	0	0	0	0	0	0	0	0	0	0	0	0	0	0	0	0	0	0	0	0	0	0	0	0
110.00038323884165	0	0	0	0	0	0	0	214695	88504	84896	81408	199604	0	0	0	0	0	0	0	0	0	0	0	0	0	0	0	0	0	0	0	0	0	0	0	0	0	0	0	0	0	0	0	0	0	0	0	0	0	0	0	0	0	0	0	0	0	0
115.00001202660275	0	0	0	0	0	0	0	240786	100048	96376	91849	246274	0	0	0	0	0	0	0	0	0	0	0	0	0	0	0	0	0	0	0	0	0	0	0	0	0	0	0	0	0	0	0	0	0	0	0	0	0	0	0	0	0	0	0	0	0	0
120.00021552272135	0	0	0	0	0	0	0	266292	111852	108416	103085	301560	0	0	0	0	0	0	0	0	0	0	0	0	0	0	0	0	0	0	0	0	0	0	0	0	0	0	0	0	0	0	0	0	0	0	0	0	0	0	0	0	0	0	0	0	0	0
125.00000301761	0	0	0	0	0	0	0	296010	124540	119896	114692	355051	0	0	0	0	0	0	0	0	0	0	0	0	0	0	0	0	0	0	0	0	0	0	0	0	0	0	0	0	0	0	0	0	0	0	0	0	0	0	0	0	0	0	0	0	0	0
130.0001968299352	0	0	0	0	0	7947	0	325962	137852	133224	127041	411773	0	0	0	0	0	0	0	0	0	0	0	0	0	0	0	0	0	0	0	0	0	0	0	0	0	0	0	0	0	0	0	0	0	0	0	0	0	0	0	0	0	0	0	0	0	0
135.00009644616586	0	0	0	0	0	23841	0	354744	151060	148904	140927	478188	210	0	0	0	0	0	0	0	0	0	0	0	0	0	0	0	0	0	0	0	0	0	0	0	0	0	0	0	0	0	0	0	0	0	0	0	0	0	0	0	0	0	0	0	0	0
140.00001307010774	0	0	0	0	0	58278	0	389727	166192	164136	156191	555014	924	602	0	0	0	0	0	0	0	0	0	0	0	0	0	0	0	0	0	0	0	0	0	0	0	0	0	0	0	0	0	0	0	0	0	0	0	0	0	0	0	0	0	0	0	0
145.00003116063752	0	0	0	0	0	95364	0	425061	180804	178976	171614	626814	2478	1290	0	0	0	0	0	0	0	0	0	0	0	0	0	0	0	0	0	0	0	0	0	0	0	0	0	0	0	0	0	0	0	0	0	0	0	0	0	0	0	0	0	0	0	0
150.00000658408968	0	0	0	0	0	143046	0	459459	196768	195160	187249	714410	4704	4730	0	0	0	0	0	0	0	0	0	0	0	0	0	0	0	0	0	0	0	0	0	0	0	0	0	0	0	0	0	0	0	0	0	0	0	0	0	0	0	0	0	0	0	0
155.0000008374327	0	0	0	0	0	203090	0	495495	212056	211176	204739	790159	7392	9460	0	0	0	0	0	0	0	0	0	0	0	0	0	0	0	0	0	0	0	0	0	0	0	0	0	0	0	0	0	0	0	0	0	0	0	0	0	0	0	0	0	0	0	0
160.00001956610163	0	0	0	0	0	286092	0	533637	227916	227640	220586	875601	11676	15308	0	0	0	0	0	0	0	0	0	0	0	0	0	0	0	0	0	0	0	0	0	0	0	0	0	0	0	0	0	0	0	0	0	0	0	0	0	0	0	0	0	0	0	0
165.00002314883216	0	0	0	0	0	377041	0	574119	244504	244832	237599	969659	16170	22360	2154	0	0	0	0	0	0	0	0	0	0	0	0	0	0	0	0	0	0	0	0	0	0	0	0	0	0	0	0	0	0	0	0	0	0	0	0	0	0	0	0	0	0	0
170.0000234114528	0	0	0	0	0	482118	0	613782	261040	263536	255672	1071256	21630	30702	7898	102	58	0	0	0	0	0	0	0	0	0	0	0	0	0	0	0	0	0	0	0	0	0	0	0	0	0	0	0	0	0	0	0	0	0	0	0	0	0	0	0	0	0
175.0000111952002	0	0	0	0	0	582780	0	654966	278720	280840	271413	1172135	27636	41108	21181	612	493	430	0	192	198	0	0	0	0	0	0	0	0	0	0	0	0	0	0	0	0	0	0	0	0	0	0	0	0	0	0	0	0	0	0	0	0	0	0	0	0	0
180.00000027513113	0	0	0	0	0	718762	0	695799	297284	301280	290334	1281271	34944	54696	37695	1632	928	1376	0	1152	1254	0	0	0	0	0	0	0	0	0	0	0	0	0	0	0	0	0	0	0	0	0	0	0	0	0	0	0	0	0	0	0	0	0	0	0	0	0
185.00002448152242	0	0	0	0	0	859159	0	739089	316836	322448	310792	1395792	42378	66994	66415	2754	1595	2924	1773	3072	3168	232	0	0	0	0	0	0	0	0	0	0	0	0	0	0	0	0	0	0	0	0	0	0	0	0	0	0	0	0	0	0	0	0	0	0	0	0
190.00000285739713	0	0	0	0	0	1010152	0	784134	336232	341712	330985	1510672	51072	82818	102674	4539	2610	5848	7880	6192	6732	1624	0	1043	304	363	0	0	0	0	0	0	0	0	0	0	0	0	0	0	0	0	0	0	0	0	0	0	0	0	0	0	0	0	0	0	0	0
195.00000486094964	0	0	0	0	0	1177922	0	830817	353392	359856	348687	1624116	59178	100104	147549	6171	3480	10320	18715	9552	10824	6960	0	5364	3344	4356	0	0	70	0	0	0	0	0	0	0	0	0	0	0	0	0	0	0	0	0	0	0	0	0	0	0	0	0	0	0	0	0
200.00000459523972	0	0	0	0	0	1347458	0	871767	368160	375984	365170	1746176	66066	114638	200322	8772	4901	14792	36248	12960	15510	19024	0	12516	8056	9075	0	1568	980	267	0	0	0	0	0	0	0	0	0	0	0	0	0	0	0	0	0	0	0	0	0	0	0	0	0	0	0	0
205.0000096331534	0	0	0	0	0	1510813	0	908271	381420	388360	379268	1873980	72114	125646	259198	11220	6003	19608	54963	17184	20724	35960	0	20264	15200	14883	0	6160	2870	2314	540	0	0	0	0	0	0	0	0	0	0	0	0	0	0	0	0	0	0	0	0	0	0	0	0	0	0	0
210.00000224488446	0	0	0	0	0	1718318	0	940212	393692	401744	391988	2007169	78666	138116	329562	13056	7076	25112	72102	21312	26664	52896	0	28757	23408	22627	0	10416	5180	5785	3645	0	0	0	0	0	0	0	0	0	0	0	0	0	0	0	0	0	0	0	0	0	0	0	0	0	0	0
215.0000414929965	0	0	0	0	0	1940834	0	970749	405912	414176	404390	2124203	84756	150328	388438	15198	8178	30100	92984	25824	33594	72848	0	41571	34960	33638	0	16800	7630	9523	7965	0	590	714	140	371	0	0	0	0	0	0	0	0	0	0	0	0	0	0	0	0	0	0	0	0	0	0
220.00000097432118	0	0	0	0	0	2163350	0	999414	416104	425824	416580	2221133	90468	161508	452699	16728	9193	35002	110123	29616	38214	91408	0	53491	45144	44286	566	25312	11830	14418	13365	0	3068	2040	1260	1378	0	222	84	0	0	0	0	0	0	0	0	0	0	0	0	0	0	0	0	0	0	0
225.00000199637464	0	0	0	0	0	2383217	0	1024803	425776	435624	426597	2305857	95256	170882	502959	18411	10063	39732	127656	33936	43362	116696	0	68689	57304	54208	13584	33824	17010	21004	19980	0	7906	4590	3780	3021	0	962	1344	1335	133	202	0	0	0	0	0	0	0	0	0	0	0	0	0	0	0	0
230.00001257101695	0	0	0	0	0	2643702	0	1048086	434772	444864	434918	2395966	99540	179826	551783	20145	10933	43516	144795	37104	48048	140592	0	83440	70376	66913	29998	44016	22260	29192	28215	0	14278	8874	6020	4982	300	2109	3612	2937	1197	909	130	0	0	0	0	0	0	0	0	0	0	0	0	0	0	0
235.00000456566252	0	0	0	0	0	2911251	0	1069497	441844	453880	442656	2466330	104538	187910	595940	21471	11948	47472	158388	40128	52734	161936	0	97148	84208	78892	59430	53312	27580	37113	38880	0	19824	14178	10220	7685	4200	3515	6468	6319	3857	3434	1820	0	0	0	0	0	0	0	0	0	0	0	0	0	0	0
240.00000959037456	0	0	0	0	0	3189396	0	1089504	449228	461888	449387	2529155	109074	195822	641174	22848	12673	50482	172572	43104	57882	183512	0	109664	94848	91355	93956	63728	33320	43966	49545	0	26668	20298	14210	10706	12300	4921	10584	11303	8246	7474	5590	0	0	0	0	0	0	0	0	0	0	0	0	0	0	0
245.00000158462748	0	0	0	0	0	3478137	0	1107639	455520	469000	456224	2593416	113190	203046	683536	24480	13456	54438	188332	46272	62700	204160	0	120392	105640	101277	134708	72688	38850	51620	60615	4928	36698	28152	19460	14999	21600	6401	15456	16198	15827	12625	10140	0	0	0	0	0	0	0	0	0	0	0	0	0	0	0
250.00000311654242	0	0	0	0	0	3759814	0	1123317	461760	475664	462213	2646189	117054	211130	720872	26316	14123	57620	202122	49008	67386	224576	0	133206	117344	112651	185082	81424	44870	59007	74250	23232	46610	36720	25060	18709	35700	8399	19572	20915	23674	18786	17420	0	307	0	0	0	0	0	0	0	0	0	0	0	0	0
255.000002241206	0	0	0	0	0	3967319	0	1138644	467272	482384	468679	2691782	121212	217924	758926	27744	14935	60974	214336	51744	72138	245688	0	143636	128744	124025	237154	91392	50120	66750	84105	49280	55696	44472	31290	21995	53400	10952	26208	27412	32718	25553	24830	0	3377	345	196	0	0	0	0	0	0	0	0	0	0	0
260.0000033699305	0	0	0	0	0	4167760	0	1151397	472628	487480	474774	2743119	124740	225148	792672	30039	15689	64242	227929	54528	76890	263088	0	156003	141512	134310	286396	100688	55860	76184	96255	94336	64428	50898	35980	26659	69300	13838	33516	34532	42161	31411	33800	1611	11973	2760	196	0	0	0	0	0	0	0	0	0	0	0
265.0000175549064	0	0	0	0	0	4330232	0	1165788	477776	492856	480286	2785840	128268	231942	825341	31059	16153	67596	240537	57840	81246	282112	0	168370	155040	143264	336770	110432	60270	83037	106515	144320	72216	58854	41720	29892	94200	16280	42840	42008	52269	39794	42120	11814	23025	9660	1372	0	138	0	0	0	0	0	0	0	0	0
270.00000370986083	0	0	0	0	0	4498002	0	1177722	482300	498400	485586	2822817	131796	238048	853702	32538	16762	70348	253933	60288	85338	301832	0	180141	165832	151855	384314	122304	65870	90513	117720	206272	82246	68544	46830	34079	123000	18574	50148	48149	63574	47874	52650	26313	38068	18975	2548	0	1242	392	0	0	0	0	0	0	0	0
275.000004514662	0	0	0	0	0	4633984	0	1188369	486824	503160	489614	2855486	135786	244154	878473	33711	17632	73014	264374	62400	89694	322480	0	190422	177688	163592	438084	131712	71680	98879	129600	280896	92748	77214	52150	38478	146400	21682	56532	54201	73682	55853	62530	49404	58944	33465	4312	0	2622	2352	0	0	0	0	0	0	0	0
280.0000035120282	0	0	0	0	0	4759370	0	1198782	490828	507808	493748	2886001	139398	250174	906116	35343	18212	75164	277967	65136	93720	339416	0	199213	189544	173635	491854	141232	76930	106533	138510	354112	104548	88332	59010	43354	171300	24494	63252	61410	82593	62620	73320	78402	77364	52095	6860	0	4968	4312	0	0	0	0	0	0	0	0
285.000008410034	0	0	0	0	0	4880341	0	1208493	494572	511560	497140	2919388	142800	255850	931246	36567	18879	77228	289787	67584	97680	358672	0	208004	203072	183557	558642	151648	81970	114543	149445	421696	116112	98328	63490	48071	195900	27232	71568	68174	94563	70397	83460	111159	99775	74175	9408	0	8832	7644	0	0	0	0	0	0	0	0
290.00000264552324	0	0	0	0	0	4981003	0	1216449	498316	515592	501698	2946313	145572	261010	955658	37740	19256	79292	301607	69408	100914	375840	0	218732	213560	190938	602224	161728	86940	121752	159975	485056	126850	105672	70210	52417	219600	30488	79800	77252	105735	80396	93470	151971	120344	100395	12152	0	12558	13720	0	0	0	0	0	0	0	0
295.00000492651714	0	0	0	0	0	5078133	0	1224990	501800	519008	505514	2974315	148554	265568	979352	38760	19749	82302	310472	71568	105336	394632	0	227225	225568	198440	650900	171136	91210	128783	170235	546304	135700	114954	75390	57293	250200	33522	88368	85173	117971	88274	104520	189561	143676	130755	14308	0	17940	20776	0	0	0	0	0	0	0	0
300.0000006931009	0	0	0	0	0	5158486	0	1234350	504868	522312	509383	2999086	151536	269954	1001969	40035	20300	84968	323080	73536	110088	414584	0	235420	236056	207999	691652	180544	95550	136526	181845	618112	146202	122808	81690	61586	274800	36223	96768	93094	129143	97061	116870	238965	167008	158010	17836	0	23046	28812	0	0	0	0	178	0	0	0
305.0000118238515	0	0	0	0	0	5237073	0	1240785	507832	525560	512722	3020267	154434	274082	1021714	40800	20793	89010	332339	75744	114576	428272	0	244211	246088	215501	746554	188720	100310	143290	192375	696256	156232	131070	86730	65667	300000	38850	105084	101193	139916	105848	128180	283536	194638	182160	20776	4764	29118	37632	0	0	0	469	712	0	0	0
310.0000007669244	0	0	0	0	0	5318309	0	1247103	510640	528864	516538	3036422	156828	279414	1047562	41922	21257	91848	341204	77856	118932	442888	0	250022	254904	223729	791834	195664	105840	149075	201420	770176	167678	139230	92470	69907	324900	41551	112476	108758	150689	114736	137800	322737	225645	207000	23128	7146	35604	47824	2988	0	0	871	1424	715	0	0
315.00000319983803	0	0	0	0	0	5394247	0	1254357	513812	531944	520036	3058680	159642	282940	1069461	42432	21692	93654	351054	80064	122892	455648	0	257323	267520	230142	833718	203840	109620	154504	212220	830720	174640	148818	98210	73617	356700	43808	120372	115077	162260	121301	149500	358179	252968	239775	26068	10322	42918	58996	8217	0	0	1407	2314	1573	0	49
320.00000104010695	0	0	0	0	0	5456057	0	1261728	516308	534464	522633	3070886	162666	288444	1090283	43299	22243	96578	360904	82032	127314	471888	0	266263	276488	237523	883526	211456	114240	159755	220725	915200	183254	156978	103250	76797	379500	45880	127176	122286	172235	127765	158990	402213	288273	271515	29400	20644	48990	67816	12699	0	0	2814	2759	3003	0	294
325.0000005019461	0	0	0	0	0	5520516	0	1266408	518544	537600	526025	3087400	165396	293174	1109669	44217	22881	98814	372724	84096	130812	488592	0	274309	285000	244783	930504	218736	118160	165896	230445	984192	192812	165342	107800	80401	403200	48322	135744	126825	180614	133623	168610	448395	321122	307050	33516	26996	59340	77812	29880	0	0	4422	4272	4576	0	833
330.0000001333905	0	0	0	0	0	5585858	0	1272726	520936	540568	528569	3105350	168252	297904	1123311	45492	23316	101824	380604	85728	133584	507152	0	282355	294424	251801	983708	227248	122920	172037	236790	1061632	200600	173400	111160	84588	431700	50431	141120	132521	189658	139481	176800	511224	349673	342585	36848	34142	68310	88200	53784	0	1659	6901	6586	8437	0	1421
335.0000014168976	0	0	0	0	0	5652083	0	1278342	523016	542864	531166	3118633	171780	301860	1139825	46359	23693	104920	390848	87840	136554	517592	0	290252	304304	258698	1031252	236992	127680	178089	246105	1137664	210512	178704	116200	88033	452700	52651	146160	138573	196042	144733	186160	557943	381908	379155	39200	46052	77556	99960	73953	0	4424	8844	8989	12584	0	2940
340.0000005088455	0	0	0	0	0	5713893	0	1282320	525460	545216	533074	3131198	174216	305558	1154185	47583	24331	106898	400501	89376	139260	531976	0	297553	312208	265232	1067476	243376	132650	183429	255555	1217216	218772	186456	120470	91319	485700	54353	151284	143112	204820	149682	194090	604125	410766	419520	43512	57962	86664	110740	109062	0	10507	11859	11837	17446	1172	4018
345.00000120925733	0	0	0	0	0	5755394	0	1287351	527748	547344	536042	3141968	176946	309428	1165673	48195	24708	109994	409957	91344	142296	547520	0	303364	323608	272008	1112756	251664	137060	189392	265410	1299584	227268	193698	125300	94976	508200	56610	155988	147829	212800	155540	200720	647622	440852	457125	48412	73048	94530	121520	135207	0	17696	14539	14774	22451	4102	5537
350.00000075557153	0	0	0	0	0	5804842	0	1292499	529412	549528	538480	3154892	178878	313212	1177161	49164	25230	113004	417443	93216	145596	562832	0	310069	332880	278542	1152942	258832	140980	194999	275535	1360832	234584	200124	130270	98527	530700	58497	162204	152279	220780	159984	206960	698637	475850	498525	51352	81782	102810	134064	168822	0	27097	17152	17533	28457	8204	7595
355.0000065058422	0	0	0	0	0	5839279	0	1296360	531284	551376	540229	3166021	181104	316394	1191162	50133	25433	115154	427293	94608	148896	576752	0	318115	341544	285802	1187468	266448	144690	200250	285525	1424896	244024	207468	135100	101919	548100	60162	166656	157619	228760	164226	212160	733542	505629	537165	54880	92898	111642	147588	212148	0	45346	20569	20648	32175	12306	8673
360.00000990515747	0	0	0	0	0	5887844	0	1300572	533104	553112	542084	3172842	183162	320006	1201214	50694	25694	117304	434188	95856	152856	587888	0	325267	349600	291368	1227088	273728	148120	205679	293895	1493888	252402	214608	139720	105788	570000	62382	172284	162692	235809	169074	219830	765225	539399	573045	59192	107190	119232	157780	264438	6590	62489	23249	23318	37895	22268	10045
365.0000002201259	0	0	0	0	0	5928462	0	1304433	534768	554960	543939	3181817	185556	323532	1211984	51408	26129	119626	444235	97680	155562	599952	0	331227	358720	298749	1258784	280000	152390	211909	301860	1560064	263140	219810	143850	108385	594000	64528	179172	169367	243390	175134	227630	813555	573783	608580	63504	121482	126822	170128	311499	15816	81844	27135	27056	43901	32816	11270
370.0000023634489	0	0	0	0	0	5973495	0	1309698	536536	556976	545529	3191510	187866	326284	1223472	52428	26738	120916	453494	99120	158466	615496	0	336144	366928	303710	1300102	287168	156240	217783	311175	1618496	271636	227664	148610	112201	616200	66785	185388	173194	252301	181295	234130	853830	606325	645495	67816	134980	134826	180516	351837	31632	105070	31155	30527	49192	49224	12250
375.000002749802	0	0	0	0	0	6004400	0	1313091	537732	558768	546960	3201203	190134	328778	1234960	52836	27144	122550	461177	100368	161436	625008	0	342998	374984	308792	1335760	293776	160440	222945	318465	1680448	280250	233274	152810	116600	640500	69227	190596	179869	260547	186244	240500	882828	631499	682065	71932	141332	144072	193452	406368	61946	122213	35108	35155	56199	66218	13818
380.0000030598185	0	0	0	0	0	6036188	0	1317654	538928	560448	548391	3206588	191898	331186	1246089	53550	27579	124958	470239	101808	163812	637536	0	348362	382736	315568	1369720	300496	164080	228374	325485	1740288	287684	238884	157150	119886	663300	71484	197568	185209	269458	192001	248430	911826	655138	713460	76048	156418	151800	205212	448200	93578	141015	39530	39249	61490	87314	16023
385.00000068440056	0	0	0	0	0	6065327	0	1320696	539968	561904	550087	3214127	194124	334712	1256500	54468	27840	126248	479892	103056	166518	648440	0	354173	388968	320650	1402548	307776	168140	234070	334935	1798720	297596	245718	161980	122960	685800	73741	202776	189926	275177	197758	257660	937065	679391	743130	80164	167534	159114	217952	499743	131800	166453	43885	43343	67925	103136	17640
390.00000244690176	0	0	0	0	0	6104179	0	1323855	540904	563136	551836	3222025	196182	337206	1267629	55182	28188	128054	486393	104160	169158	660504	0	360282	396872	328031	1432546	312816	172480	239321	343575	1868416	305856	251124	165550	126882	702300	76516	208572	194821	281960	204020	265200	969822	705793	774525	84476	180238	166980	230888	561744	160796	191891	48173	47526	75075	129506	19600
395.00000115621543	0	0	0	0	0	6125371	0	1327482	541944	565096	553479	3227769	198030	340044	1277681	55641	28565	129860	491909	105360	172590	669784	0	363709	403864	333839	1460280	319200	176050	243771	351135	1929664	313762	257754	169050	129585	729600	79106	215040	199627	289940	209171	272220	1003116	734958	806955	86240	189766	174708	242844	621504	209562	220647	52193	52421	81224	141812	21413
400.00000197780184	0	0	0	0	0	6152744	0	1329939	543244	566384	554327	3232436	199710	343226	1288092	56100	28855	131924	497622	106224	175428	679064	0	369371	411768	338679	1487448	325584	179760	248488	359775	1979648	322258	264180	172760	133030	750600	80549	219408	205323	298319	214928	280280	1031040	759211	838695	89964	206440	182988	255780	676782	279416	248297	56816	56515	89518	165838	23275
405.00000220780197	0	0	0	0	0	6176585	0	1332279	544284	567336	555652	3239257	201684	346322	1302093	56865	29232	133558	504123	106704	178200	688576	0	374139	419520	343640	1519144	332416	182140	252671	367740	2027520	329456	271626	177100	136104	768600	82769	224868	211019	306565	220079	286910	1061649	787455	871815	94276	218350	190578	269304	740277	349270	280371	61439	59897	96811	190450	25284
410.00000274091104	0	0	0	0	0	6201309	0	1333917	545168	569016	556765	3246437	203490	349074	1319684	57375	29522	135278	510230	107808	181104	697856	0	379056	429400	349085	1546312	337120	184870	257744	375840	2076800	339014	275808	180950	139390	787500	84804	230748	215202	313880	225735	293800	1094406	819997	905970	98784	227084	198858	278908	800037	401990	310233	65459	64169	105105	227368	27097
415.00000026917655	0	0	0	0	0	6227799	0	1336959	546052	570472	557666	3251104	205044	351740	1332249	58038	30073	136826	518307	109008	184008	707832	0	384271	437608	354893	1573480	342496	188090	262194	381105	2131008	347274	281622	184800	142994	809700	87542	236880	220809	319998	231391	299260	1130385	851925	940815	103880	236612	207276	290276	863532	491614	345625	71087	68085	111111	258426	28910
420.00000683313135	0	0	0	0	0	6255172	0	1339299	547352	571704	558302	3255771	206976	354320	1348045	58752	30537	138890	526975	110304	186516	717576	0	388294	442624	359733	1597818	347424	191170	266733	389610	2183808	355534	288456	188370	146280	825900	89910	243180	225170	327180	237249	306540	1164216	883239	971520	110348	249316	215142	302428	919557	578602	375487	76782	72001	116974	294172	30723
425.0000033577813	0	0	0	0	0	6275481	0	1342575	548184	572488	559309	3259002	208488	357158	1357738	59415	31030	140352	532885	111792	190212	727088	0	394701	449008	365904	1619326	352576	194250	271984	398250	2239424	363440	294576	193200	149460	847800	92019	248724	229264	334096	243309	314210	1193214	912097	1009470	114072	260432	225216	313796	980064	655046	407561	81539	76629	123552	332262	33271
430.00000579164146	0	0	0	0	0	6294907	0	1345383	548964	573664	560422	3260797	210630	360082	1366713	60537	31349	141900	540371	112848	194040	738456	0	399022	455848	370260	1645362	357840	196980	277235	405675	2289408	370520	299574	197470	152693	867600	94239	254184	235227	342209	249268	322270	1227045	940341	1046730	117992	272342	233634	326536	1047294	752578	442400	87971	81257	129415	361562	35819
435.0000068193102	0	0	0	0	0	6310801	0	1348542	549952	574784	561588	3265105	212478	363006	1374252	61200	31726	143018	547857	114384	196878	745880	0	404982	461168	374737	1669700	362656	200200	281863	412830	2335168	378072	304266	201320	155926	886500	96459	261324	240122	351386	254722	327730	1254432	968892	1086060	121520	279488	244122	338492	1121247	819796	471709	92862	86330	137995	392034	38465
440.0000018943267	0	0	0	0	0	6326695	0	1350648	550628	576016	562807	3268336	214158	365328	1385022	62067	32132	145168	554752	115968	199716	755160	0	409154	468008	380061	1700264	368816	203910	286847	418635	2392896	385978	310182	205310	158364	906300	99012	266448	246174	360031	260479	333840	1285041	998978	1125045	127596	288222	252264	350056	1186983	918646	499912	97686	91492	143429	417232	40964
445.00000238513746	0	0	0	0	0	6346121	0	1352637	551408	577136	563655	3272285	216090	368252	1392202	62883	32712	147060	562041	117408	202686	764904	0	413028	476216	386353	1731960	376432	206850	290318	422820	2451328	392232	315792	209720	160643	924600	101195	272328	250980	368144	265832	340730	1310817	1026915	1169895	130928	296162	260544	362404	1240767	1009588	528668	102577	95408	150007	444774	44051
450.00000412612263	0	0	0	0	0	6362015	0	1354626	552396	578088	564450	3275875	217854	370832	1401536	63852	33437	148694	567951	118944	206250	776968	0	418690	483816	392766	1754034	380128	209510	294412	428625	2516096	399784	321096	213710	163558	940200	102934	277116	255074	374794	270276	346190	1347333	1056387	1210260	133868	305690	268962	374360	1299033	1109756	559636	109545	99947	157443	481692	47089
455.0000005864511	0	0	0	0	0	6380558	0	1356615	553228	578760	565298	3279824	219534	373068	1409075	64872	33988	150328	574649	120048	210144	787408	0	423756	492328	397243	1776674	384160	212170	298328	433215	2575232	405330	326604	217560	166791	955800	105006	281988	258812	382641	274821	351650	1373646	1086780	1251660	138180	316012	277104	383376	1366263	1190154	587839	115843	104842	165451	518610	50078
460.0000026268668	0	0	0	0	0	6392920	0	1358955	554060	579768	565828	3283773	221424	375992	1415896	65535	34423	152220	582332	121680	213510	797152	0	428375	499928	401962	1793088	388752	215250	302333	439290	2620992	411466	331092	221410	169547	973800	106819	287364	262639	389158	280376	359190	1403181	1117787	1298235	143668	328716	285246	395136	1422288	1283732	613830	121873	108936	174460	551426	52969
465.00000736183244	0	0	0	0	0	6411463	0	1360710	554684	580496	566358	3286286	223272	378142	1421640	66249	34800	153424	590409	122976	217008	807824	0	433590	506920	407407	1819690	393904	217350	306427	446850	2670272	417248	336600	224700	172091	989700	108521	292404	267445	397005	284618	364520	1440234	1150022	1337910	150136	335862	293664	407288	1479807	1387854	642033	127300	113475	181181	584828	56350
470.00000015204984	0	0	0	0	0	6422059	0	1363869	555308	581560	567153	3289158	224910	380378	1430256	67167	35293	155144	598486	124368	219846	816872	0	438060	515128	412247	1838368	398832	219450	309898	452655	2724480	423148	340476	227920	175165	1007100	110556	296352	271450	402458	289163	369200	1467084	1183485	1380345	155624	351742	301668	417676	1544049	1486704	673554	132526	118459	187044	612370	59241
475.0000030262238	0	0	0	0	0	6434421	0	1366209	556036	582120	567789	3292748	227346	382872	1437077	67830	35670	157294	604002	125856	222288	828240	0	443871	522272	416845	1863272	405104	221900	313369	457515	2773760	431172	346188	232050	177709	1021800	112554	300048	274921	407778	293809	375830	1496619	1216641	1422090	158956	362064	308706	430220	1621737	1561830	706181	137886	122731	195052	659250	61936
480.000004743611	0	0	0	0	0	6439719	0	1367379	557128	582568	568690	3295979	229110	384420	1444257	68697	36105	159100	610503	126864	226380	839840	0	449533	531544	421443	1888742	410144	225400	317107	464130	2827264	437308	351696	235130	179617	1040700	114404	304836	278036	412433	298152	381030	1520784	1248262	1470045	165620	373180	314916	442176	1694196	1654090	736596	143715	126736	202202	699684	64337
485.00000552016695	0	0	0	0	0	6454730	0	1369017	557908	583184	569326	3297056	231000	386398	1451437	69258	36511	160992	617201	128256	230076	850744	0	454748	540208	426162	1911382	414960	228970	321468	468585	2875136	442618	355980	238700	182373	1058400	116254	309456	281329	417354	302192	385580	1544412	1281725	1521795	172284	390648	322506	451976	1771137	1754258	765905	150348	130118	209209	727226	67179
490.00000030602547	0	0	0	0	0	6463560	0	1370889	558688	583744	569909	3300646	232764	388032	1459335	69768	36888	162282	626657	129552	233376	859560	0	459367	548872	430760	1935720	420560	232190	325295	475065	2926528	448990	361386	242550	184758	1070100	117734	314748	285067	423871	305424	389350	1570725	1315802	1566300	178360	400970	330372	461972	1846584	1863652	804615	157249	134479	217360	757112	69531
495.00000744906475	0	0	0	0	0	6472390	0	1372878	559520	584360	570598	3303518	234234	389838	1466156	70584	37236	164002	632567	130848	236742	867912	0	463390	556624	436326	1961756	424592	235970	330190	481950	2966656	455834	366078	245560	187196	1085700	120102	318864	288627	429590	309262	393770	1595427	1346809	1612530	184828	416850	337548	471968	1920537	1949322	833371	163614	140264	225368	785826	71785
500.00000803248366	0	0	0	0	0	6478571	0	1374516	560092	585424	571075	3306749	236376	391558	1472618	71196	37642	165636	638674	132288	239712	876032	0	468158	561944	441045	1983830	429408	238560	335085	487890	3022272	461970	371382	249060	189157	1102800	122100	323904	292098	436905	313706	399100	1620129	1374746	1652205	191492	430348	345828	482160	2013165	2046854	867104	169778	144981	233090	812782	74480
505.00000160626126	0	0	0	0	0	6488284	0	1376505	560560	586040	571552	3308903	237762	393450	1479080	71910	38077	166926	644190	133440	243078	886240	0	472330	567872	446248	2006470	433664	241570	339268	493965	3075072	467044	376584	252000	192072	1118400	123987	328860	296370	443023	317039	404300	1646442	1401148	1694640	198940	435112	352590	492352	2087865	2135160	898072	176076	150232	240955	846184	77763
510.0000063220465	0	0	0	0	0	6501529	0	1377675	561236	586656	572135	3312134	239400	395170	1486260	72369	38367	168474	651479	134352	247236	895984	0	475906	576080	450725	2024582	437584	244510	343006	499905	3118720	473298	380868	256060	194404	1136100	125800	333816	300197	449540	321887	408720	1672755	1430313	1740180	203448	442258	360180	503916	2174517	2244554	931252	180833	154237	248105	887204	80556
515.0000012339626	0	0	0	0	0	6513891	0	1379781	561860	587664	572665	3313211	240954	396976	1490568	73134	38570	170710	657980	135408	250338	908280	0	482015	583528	456049	2045524	442400	247730	347456	505575	3162368	478608	385458	260120	197054	1153800	127428	338184	304024	456456	326836	414050	1692087	1459785	1786410	208936	450198	368874	516264	2262663	2371082	957243	186796	158598	256971	921192	83104
520.0000028385281	0	0	0	0	0	6525370	0	1381068	562276	588112	573195	3315365	242676	398524	1495953	73899	39005	172344	662314	136464	253770	918024	0	485740	590064	459437	2072692	446544	250390	351550	511650	3216576	485570	390354	263830	199969	1169100	129426	342468	309008	462441	331886	418860	1718400	1492634	1827120	213052	458138	375498	524104	2356785	2476522	989870	193496	163760	263978	954594	85750
525.0000008152527	0	0	0	0	0	6539498	0	1383174	562848	588560	573884	3316801	244188	400072	1500620	74511	39585	173892	668027	137712	256212	926376	0	489465	599032	465124	2095898	451136	253050	355733	517860	3265152	492650	395556	267400	202831	1187100	131313	347592	312568	469224	336027	424190	1737195	1524255	1867140	216776	472430	382398	532728	2436714	2605686	1020285	200665	167587	270985	989168	88445
530.0000063427583	0	0	0	0	0	6548328	0	1383993	563368	589232	574520	3317519	245826	401448	1505646	75225	39962	175182	673346	138624	259710	934032	0	493935	607088	470327	2116274	455392	255780	359827	524070	3318656	500202	399840	271950	204951	1206600	133274	352380	317018	476007	340572	430690	1758138	1548815	1911645	220108	485928	389988	543704	2521125	2728260	1046276	207767	172660	278993	1019054	90797
535.0000004160729	0	0	0	0	0	6560690	0	1385748	564096	589736	575103	3320032	247422	403254	1509595	76194	40252	176644	679453	139968	263274	942848	0	497511	612864	474320	2138348	459088	257880	363031	528795	3363712	506338	405654	274820	207495	1226100	135124	357420	320578	482258	344814	437190	1778544	1574603	1953390	225400	493868	396336	554288	2616741	2840290	1075032	214735	177911	286572	1055972	94227
540.0000055156332	0	0	0	0	0	6566871	0	1387152	564304	590128	575633	3325058	248892	404716	1514262	76755	40658	178708	685954	141744	266640	952592	0	500789	622288	477950	2162120	463680	260190	366413	533925	3422848	512474	410346	278530	210092	1238700	137270	362376	324939	487844	349561	442650	1804857	1604075	1994790	230496	509748	402822	562912	2716839	2968136	1106553	221435	183518	296296	1094062	96481
545.0000002964443	0	0	0	0	0	6573052	0	1388556	564876	590688	575845	3327571	250236	406264	1520006	77418	41006	180342	692455	142944	270138	961640	0	504812	628520	483032	2180232	467712	262920	369617	540000	3474944	517784	415038	281540	212901	1254900	139009	366912	328321	493563	352894	447330	1824726	1629249	2044125	236768	518482	411102	573300	2800503	3086756	1141945	227867	188680	303160	1125120	99323
550.0000022410301	0	0	0	0	0	6579233	0	1389960	565500	591360	576163	3329007	251454	407812	1523955	77826	41586	182664	699153	143856	273108	969528	0	508388	636576	487146	2202306	471856	265510	373800	546210	3524224	523920	419220	284410	214491	1272300	140637	371616	331792	499814	357136	452790	1842984	1661484	2090355	242452	524040	418554	585648	2893131	3190878	1172913	234969	194198	310024	1156178	101626
555.0000041107293	0	0	0	0	0	6585414	0	1391130	565968	591920	576587	3331161	252966	409102	1527186	78336	41934	184212	703093	145152	275814	977880	0	511219	645392	491260	2225512	476112	268380	377360	551070	3575616	530056	423300	287630	216823	1290600	142191	375732	335797	506065	361984	459940	1870908	1696482	2144865	248332	531186	424902	595840	3002193	3297636	1202222	241669	198381	316459	1192510	104713
560.0000002588729	0	0	0	0	0	6596010	0	1392183	566488	592480	577064	3334392	254058	410650	1531853	78693	42311	185158	709397	146304	279972	987392	0	515242	652992	495737	2248718	480144	270760	381187	555660	3634048	534776	427584	290780	218625	1303800	143338	380352	339357	512316	366226	464750	1896147	1728103	2183505	252644	535950	433872	604856	3084363	3436026	1233743	248034	201407	323609	1228842	107604
565.0000033522944	0	0	0	0	0	6603074	0	1393587	566852	593208	577488	3337982	255318	411940	1535084	79101	42630	186620	714716	147072	283734	996440	0	520308	659984	500940	2271924	484512	273280	385993	562815	3682624	540558	432684	293300	221116	1321800	144855	385056	343095	519631	370367	470470	1917627	1763408	2232150	259504	543096	440082	616224	3165786	3567826	1266923	254131	206213	330616	1271034	110005
570.0000030841918	0	0	0	0	0	6607489	0	1394406	567216	593880	577859	3339777	256746	413488	1540469	79662	43181	188082	719247	148080	286506	1004560	0	524331	667432	505780	2287772	489104	276290	389642	568350	3727680	546694	437784	296030	223395	1337100	146779	390684	346210	526414	374710	475670	1943940	1801169	2279760	264600	548654	446706	624652	3248703	3686446	1295679	260898	210129	337051	1300920	112945
575.0000022961827	0	0	0	0	0	6614553	0	1395576	567684	594160	578442	3340495	258048	414262	1542623	80172	43442	189200	722990	149328	289740	1014072	0	528056	675488	510741	2302488	492912	279300	393113	574155	3791040	551296	442374	299110	225886	1350900	148851	394464	349948	530803	377841	480610	1965957	1832790	2327025	270480	558182	454848	636412	3343572	3814292	1329412	266593	214490	344058	1340768	115052
580.0000008756704	0	0	0	0	0	6627798	0	1396746	568152	594832	579025	3343367	259224	415724	1546931	80886	43819	189974	730082	150336	293568	1023816	0	532079	684000	515097	2321732	497056	282100	396228	580770	3841728	556252	446760	301560	227794	1368000	150590	398916	352796	536788	381881	486460	1993344	1866253	2372565	277732	566916	461472	646800	3430971	3919732	1358721	273762	220008	351208	1375928	117404
585.0000078345635	0	0	0	0	0	6633096	0	1397448	568568	595056	579502	3346957	260358	416326	1551957	81549	44167	191522	735204	151152	296472	1031704	0	535357	691448	518606	2341542	501200	284760	398987	587115	3887488	560264	451248	304640	230232	1383300	152218	403620	357246	542108	385820	491790	2019120	1901251	2418450	284200	570886	469338	657776	3516876	4039670	1395219	281132	224636	357929	1410502	120001
590.000004539261	0	0	0	0	0	6642809	0	1398852	569036	595280	580138	3349111	261408	417358	1554829	82161	44602	192640	739932	152064	300234	1040056	0	538337	698288	522841	2363050	506464	286720	402369	592650	3936064	565692	454716	307370	232246	1398300	153402	408072	359738	546763	389355	497250	2038452	1933793	2469855	289884	578826	476790	668360	3610998	4154336	1423975	289239	228641	365222	1442732	122794
595.000003269511	0	0	0	0	0	6648990	0	1400256	569608	596008	580456	3350547	263130	419078	1558419	82416	44892	194360	745448	152880	303798	1046320	0	541615	707712	527197	2381162	511616	289590	405395	598455	3979008	570058	459918	309820	233995	1416000	154919	412944	363031	552216	392486	502320	2069598	1965107	2524710	294784	589942	486174	679336	3710349	4272956	1456049	295939	232201	374231	1476134	125685
600.0000048663586	0	0	0	0	0	6657820	0	1401543	570232	596344	580880	3353419	264348	420368	1562368	83079	45356	195650	750176	153984	307362	1056528	0	544744	713792	529980	2399840	515872	292320	409400	603990	4026176	574660	465222	313320	236486	1431600	156473	417480	365612	555807	396627	507130	2096448	1999184	2576115	300076	601852	492798	692860	3805965	4413982	1485358	303644	236117	381238	1507778	128037
