>time	Ribosome	coli Pol	coli Pol-P	coli Pol-2.0	coli Pol-P-2.0	gp1	gp1-3.5	gp0.3	gp0.4	gp0.5	gp0.6A	gp0.7	gp1.1	gp1.2	gp1.3	gp1.4	gp1.5	gp1.6	gp1.7	gp1.8	gp2.0	gp2.5	gp2.8	gp3.0	gp3.5	gp3.8	gp4A	gp4.2	gp4.3	gp4.5	gp4.7	gp5.0	gp5.3	gp5.5	gp5.7	gp5.9	gp6.0	gp6.3	gp6.5	gp6.7	gp7	gp7.3	gp7.7	gp8	gp9	gp10A	gp11	gp12	gp13	gp14	gp15	gp16	gp17	gp17.5	gp18	gp18.5	gp19	gp19.5	RNA: gp0.3	RNA: gp0.4	RNA: gp0.5	RNA: gp0.6A	RNA: gp0.7	RNA: gp1	RNA: gp1.1	RNA: gp1.2	RNA: gp1.3	RNA: gp1.4	RNA: gp1.5	RNA: gp1.6	RNA: gp1.7	RNA: gp1.8	RNA: gp2.0	RNA: gp2.5	RNA: gp3.0	RNA: gp3.5	RNA: gp3.8	RNA: gp4A	RNA: gp4.2	RNA: gp4.3	RNA: gp4.5	RNA: gp4.7	RNA: gp5.0	RNA: gp5.3	RNA: gp5.5	RNA: gp5.7	RNA: gp5.9	RNA: gp6.0	RNA: gp6.3	RNA: gp6.5	RNA: gp6.7	RNA: gp7	RNA: gp7.3	RNA: gp7.7	RNA: gp8	RNA: gp9	RNA: gp10A	RNA: gp11	RNA: gp12	RNA: gp13	RNA: gp14	RNA: gp15	RNA: gp16	RNA: gp17	RNA: gp17.5	RNA: gp18	RNA: gp18.5	RNA: gp19	RNA: gp19.5	NumColiPoly:	4	NumT7Poly	2	NumOfTimePoints:	121	NumOfProteins:	58	NumOfCoding	51
4.90756300342736E-4	10000	1800	0	0	0	0	0	0	0	0	0	0	0	0	0	0	0	0	0	0	0	0	0	0	0	0	0	0	0	0	0	0	0	0	0	0	0	0	0	0	0	0	0	0	0	0	0	0	0	0	0	0	0	0	0	0	0	0	0	0	0	0	0	0	0	0	0	0	0	0	0	0	0	0	0	0	0	0	0	0	0	0	0	0	0	0	0	0	0	0	0	0	0	0	0	0	0	0	0	0	0	0	0	0	0	0	0	0	0
5.015708403019087	10000	1800	0	0	0	0	0	0	0	0	0	0	0	0	0	0	0	0	0	0	0	0	0	0	0	0	0	0	0	0	0	0	0	0	0	0	0	0	0	0	0	0	0	0	0	0	0	0	0	0	0	0	0	0	0	0	0	0	0	0	0	0	0	0	0	0	0	0	0	0	0	0	0	0	0	0	0	0	0	0	0	0	0	0	0	0	0	0	0	0	0	0	0	0	0	0	0	0	0	0	0	0	0	0	0	0	0	0	0
10.010774743432352	10000	1794	0	0	0	0	0	0	0	0	0	0	0	0	0	0	0	0	0	0	0	0	0	0	0	0	0	0	0	0	0	0	0	0	0	0	0	0	0	0	0	0	0	0	0	0	0	0	0	0	0	0	0	0	0	0	0	0	0	0	0	0	0	0	0	0	0	0	0	0	0	0	0	0	0	0	0	0	0	0	0	0	0	0	0	0	0	0	0	0	0	0	0	0	0	0	0	0	0	0	0	0	0	0	0	0	0	0	0
15.000855469358516	10000	1785	0	0	0	0	0	0	0	0	0	0	0	0	0	0	0	0	0	0	0	0	0	0	0	0	0	0	0	0	0	0	0	0	0	0	0	0	0	0	0	0	0	0	0	0	0	0	0	0	0	0	0	0	0	0	0	0	0	0	0	0	0	0	0	0	0	0	0	0	0	0	0	0	0	0	0	0	0	0	0	0	0	0	0	0	0	0	0	0	0	0	0	0	0	0	0	0	0	0	0	0	0	0	0	0	0	0	0
20.000141390017543	9994	1772	0	0	0	0	0	0	0	0	0	0	0	0	0	0	0	0	0	0	0	0	0	0	0	0	0	0	0	0	0	0	0	0	0	0	0	0	0	0	0	0	0	0	0	0	0	0	0	0	0	0	0	0	0	0	0	0	0	0	0	0	0	0	0	0	0	0	0	0	0	0	0	0	0	0	0	0	0	0	0	0	0	0	0	0	0	0	0	0	0	0	0	0	0	0	0	0	0	0	0	0	0	0	0	0	0	0	0
25.00083120793753	9975	1761	0	0	0	0	0	0	0	0	0	0	0	0	0	0	0	0	0	0	0	0	0	0	0	0	0	0	0	0	0	0	0	0	0	0	0	0	0	0	0	0	0	0	0	0	0	0	0	0	0	0	0	0	0	0	0	0	0	0	0	0	0	0	0	0	0	0	0	0	0	0	0	0	0	0	0	0	0	0	0	0	0	0	0	0	0	0	0	0	0	0	0	0	0	0	0	0	0	0	0	0	0	0	0	0	0	0	0
30.0001024747639	9930	1747	0	0	0	0	0	4	1	0	0	0	0	0	0	0	0	0	0	0	0	0	0	0	0	0	0	0	0	0	0	0	0	0	0	0	0	0	0	0	0	0	0	0	0	0	0	0	0	0	0	0	0	0	0	0	0	0	16	4	0	0	0	0	0	0	0	0	0	0	0	0	0	0	0	0	0	0	0	0	0	0	0	0	0	0	0	0	0	0	0	0	0	0	0	0	0	0	0	0	0	0	0	0	0	0	0	0	0
35.00045648839507	9884	1739	0	0	0	0	0	24	9	0	0	0	0	0	0	0	0	0	0	0	0	0	0	0	0	0	0	0	0	0	0	0	0	0	0	0	0	0	0	0	0	0	0	0	0	0	0	0	0	0	0	0	0	0	0	0	0	0	24	9	2	0	0	0	0	0	0	0	0	0	0	0	0	0	0	0	0	0	0	0	0	0	0	0	0	0	0	0	0	0	0	0	0	0	0	0	0	0	0	0	0	0	0	0	0	0	0	0	0
40.00010318560317	9795	1726	0	0	0	0	0	50	30	11	3	0	0	0	0	0	0	0	0	0	0	0	0	0	0	0	0	0	0	0	0	0	0	0	0	0	0	0	0	0	0	0	0	0	0	0	0	0	0	0	0	0	0	0	0	0	0	0	32	23	12	4	0	0	0	0	0	0	0	0	0	0	0	0	0	0	0	0	0	0	0	0	0	0	0	0	0	0	0	0	0	0	0	0	0	0	0	0	0	0	0	0	0	0	0	0	0	0	0
45.000358025627186	9700	1712	0	0	0	0	0	88	62	36	15	0	0	0	0	0	0	0	0	0	0	0	0	0	0	0	0	0	0	0	0	0	0	0	0	0	0	0	0	0	0	0	0	0	0	0	0	0	0	0	0	0	0	0	0	0	0	0	47	30	20	20	0	0	0	0	0	0	0	0	0	0	0	0	0	0	0	0	0	0	0	0	0	0	0	0	0	0	0	0	0	0	0	0	0	0	0	0	0	0	0	0	0	0	0	0	0	0	0
50.000176424555406	9635	1702	0	0	0	0	0	153	113	61	48	0	0	0	0	0	0	0	0	0	0	0	0	0	0	0	0	0	0	0	0	0	0	0	0	0	0	0	0	0	0	0	0	0	0	0	0	0	0	0	0	0	0	0	0	0	0	0	58	41	27	25	0	0	0	0	0	0	0	0	0	0	0	0	0	0	0	0	0	0	0	0	0	0	0	0	0	0	0	0	0	0	0	0	0	0	0	0	0	0	0	0	0	0	0	0	0	0	0
55.00001769065961	9501	1689	0	0	0	0	0	205	172	108	77	0	0	0	0	0	0	0	0	0	0	0	0	0	0	0	0	0	0	0	0	0	0	0	0	0	0	0	0	0	0	0	0	0	0	0	0	0	0	0	0	0	0	0	0	0	0	0	70	53	45	35	0	0	0	0	0	0	0	0	0	0	0	0	0	0	0	0	0	0	0	0	0	0	0	0	0	0	0	0	0	0	0	0	0	0	0	0	0	0	0	0	0	0	0	0	0	0	0
60.00011738253625	9381	1677	0	0	0	0	0	288	247	164	128	0	0	0	0	0	0	0	0	0	0	0	0	0	0	0	0	0	0	0	0	0	0	0	0	0	0	0	0	0	0	0	0	0	0	0	0	0	0	0	0	0	0	0	0	0	0	0	87	62	55	54	0	0	0	0	0	0	0	0	0	0	0	0	0	0	0	0	0	0	0	0	0	0	0	0	0	0	0	0	0	0	0	0	0	0	0	0	0	0	0	0	0	0	0	0	0	0	0
65.0001471294455	9234	1664	0	0	0	0	0	386	328	231	192	0	0	0	0	0	0	0	0	0	0	0	0	0	0	0	0	0	0	0	0	0	0	0	0	0	0	0	0	0	0	0	0	0	0	0	0	0	0	0	0	0	0	0	0	0	0	0	97	77	68	66	0	0	0	0	0	0	0	0	0	0	0	0	0	0	0	0	0	0	0	0	0	0	0	0	0	0	0	0	0	0	0	0	0	0	0	0	0	0	0	0	0	0	0	0	0	0	0
70.00037536518919	9065	1656	2	0	0	0	0	480	423	318	280	0	0	0	0	0	0	0	0	0	0	0	0	0	0	0	0	0	0	0	0	0	0	0	0	0	0	0	0	0	0	0	0	0	0	0	0	0	0	0	0	0	0	0	0	0	0	0	102	91	80	79	26	0	0	0	0	0	0	0	0	0	0	0	0	0	0	0	0	0	0	0	0	0	0	0	0	0	0	0	0	0	0	0	0	0	0	0	0	0	0	0	0	0	0	0	0	0	0
75.00000733313736	8913	1623	18	0	0	0	0	601	541	424	401	0	0	0	0	0	0	0	0	0	0	0	0	0	0	0	0	0	0	0	0	0	0	0	0	0	0	0	0	0	0	0	0	0	0	0	0	0	0	0	0	0	0	0	0	0	0	0	106	102	98	92	62	0	0	0	0	0	0	0	0	0	0	0	0	0	0	0	0	0	0	0	0	0	0	0	0	0	0	0	0	0	0	0	0	0	0	0	0	0	0	0	0	0	0	0	0	0	0
80.00001881343475	8715	1582	42	0	0	0	0	726	644	527	527	0	0	0	0	0	0	0	0	0	0	0	0	0	0	0	0	0	0	0	0	0	0	0	0	0	0	0	0	0	0	0	0	0	0	0	0	0	0	0	0	0	0	0	0	0	0	0	122	104	102	106	76	0	0	0	0	0	0	0	0	0	0	0	0	0	0	0	0	0	0	0	0	0	0	0	0	0	0	0	0	0	0	0	0	0	0	0	0	0	0	0	0	0	0	0	0	0	0
85.00031969019064	8508	1541	69	0	0	0	0	858	753	650	678	0	0	0	0	0	0	0	0	0	0	0	0	0	0	0	0	0	0	0	0	0	0	0	0	0	0	0	0	0	0	0	0	0	0	0	0	0	0	0	0	0	0	0	0	0	0	0	135	116	106	113	92	0	0	0	0	0	0	0	0	0	0	0	0	0	0	0	0	0	0	0	0	0	0	0	0	0	0	0	0	0	0	0	0	0	0	0	0	0	0	0	0	0	0	0	0	0	0
90.00001341559965	8274	1467	124	0	0	0	0	997	882	778	877	0	0	0	0	0	0	0	0	0	0	0	0	0	0	0	0	0	0	0	0	0	0	0	0	0	0	0	0	0	0	0	0	0	0	0	0	0	0	0	0	0	0	0	0	0	0	0	148	132	116	118	108	0	0	0	0	0	0	0	0	0	0	0	0	0	0	0	0	0	0	0	0	0	0	0	0	0	0	0	0	0	0	0	0	0	0	0	0	0	0	0	0	0	0	0	0	0	0
95.00000130417969	8026	1380	198	0	0	0	0	1150	1027	932	1108	0	0	0	0	0	0	0	0	0	0	0	0	0	0	0	0	0	0	0	0	0	0	0	0	0	0	0	0	0	0	0	0	0	0	0	0	0	0	0	0	0	0	0	0	0	0	0	160	139	132	137	115	0	0	0	0	0	0	0	0	0	0	0	0	0	0	0	0	0	0	0	0	0	0	0	0	0	0	0	0	0	0	0	0	0	0	0	0	0	0	0	0	0	0	0	0	0	0
100.0000017375509	7715	1295	274	0	0	0	0	1298	1198	1100	1341	0	0	0	0	0	0	0	0	0	0	0	0	0	0	0	0	0	0	0	0	0	0	0	0	0	0	0	0	0	0	0	0	0	0	0	0	0	0	0	0	0	0	0	0	0	0	0	178	153	143	148	124	0	0	0	0	0	0	0	0	0	0	0	0	0	0	0	0	0	0	0	0	0	0	0	0	0	0	0	0	0	0	0	0	0	0	0	0	0	0	0	0	0	0	0	0	0	0
105.00016711883731	7482	1177	370	0	0	0	0	1503	1381	1287	1608	0	0	0	0	0	0	0	0	0	0	0	0	0	0	0	0	0	0	0	0	0	0	0	0	0	0	0	0	0	0	0	0	0	0	0	0	0	0	0	0	0	0	0	0	0	0	0	188	165	152	158	138	0	0	0	0	0	0	0	0	0	0	0	0	0	0	0	0	0	0	0	0	0	0	0	0	0	0	0	0	0	0	0	0	0	0	0	0	0	0	0	0	0	0	0	0	0	0
110.00008532908411	7187	1045	493	0	0	0	0	1701	1585	1456	1915	0	0	0	0	0	0	0	0	0	0	0	0	0	0	0	0	0	0	0	0	0	0	0	0	0	0	0	0	0	0	0	0	0	0	0	0	0	0	0	0	0	0	0	0	0	0	0	197	180	164	169	152	0	0	0	0	0	0	0	0	0	0	0	0	0	0	0	0	0	0	0	0	0	0	0	0	0	0	0	0	0	0	0	0	0	0	0	0	0	0	0	0	0	0	0	0	0	0
115.00001997011417	6842	903	622	0	0	0	0	1906	1795	1661	2258	1	0	0	0	0	0	0	0	0	0	0	0	0	0	0	0	0	0	0	0	0	0	0	0	0	0	0	0	0	0	0	0	0	0	0	0	0	0	0	0	0	0	0	0	0	0	0	207	192	179	189	164	0	0	0	0	0	0	0	0	0	0	0	0	0	0	0	0	0	0	0	0	0	0	0	0	0	0	0	0	0	0	0	0	0	0	0	0	0	0	0	0	0	0	0	0	0	0
120.00004627593523	6591	778	739	0	0	0	0	2146	2048	1871	2608	0	0	0	0	0	0	0	0	0	0	0	0	0	0	0	0	0	0	0	0	0	0	0	0	0	0	0	0	0	0	0	0	0	0	0	0	0	0	0	0	0	0	0	0	0	0	0	212	200	194	199	172	0	0	0	0	0	0	0	0	0	0	0	0	0	0	0	0	0	0	0	0	0	0	0	0	0	0	0	0	0	0	0	0	0	0	0	0	0	0	0	0	0	0	0	0	0	0
125.00013766889738	6242	621	884	0	0	0	0	2387	2260	2093	3011	0	0	0	0	0	0	0	0	0	0	0	0	0	0	0	0	0	0	0	0	0	0	0	0	0	0	0	0	0	0	0	0	0	0	0	0	0	0	0	0	0	0	0	0	0	0	0	218	208	204	204	194	3	0	0	0	0	0	0	0	0	0	0	0	0	0	0	0	0	0	0	0	0	0	0	0	0	0	0	0	0	0	0	0	0	0	0	0	0	0	0	0	0	0	0	0	0	0
130.00010020517567	5915	454	1033	0	0	0	0	2647	2496	2321	3425	2	0	0	0	0	0	0	0	0	0	0	0	0	0	0	0	0	0	0	0	0	0	0	0	0	0	0	0	0	0	0	0	0	0	0	0	0	0	0	0	0	0	0	0	0	0	0	237	215	209	212	202	77	0	0	0	0	0	0	0	0	0	0	0	0	0	0	0	0	0	0	0	0	0	0	0	0	0	0	0	0	0	0	0	0	0	0	0	0	0	0	0	0	0	0	0	0	0
135.00001893371805	5603	269	1213	0	0	11	0	2918	2759	2581	3861	0	0	0	0	0	0	0	0	0	0	0	0	0	0	0	0	0	0	0	0	0	0	0	0	0	0	0	0	0	0	0	0	0	0	0	0	0	0	0	0	0	0	0	0	0	0	0	253	228	216	221	212	140	1	0	0	0	0	0	0	0	0	0	0	0	0	0	0	0	0	0	0	0	0	0	0	0	0	0	0	0	0	0	0	0	0	0	0	0	0	0	0	0	0	0	0	0	0
140.00001402352552	5233	81	1397	0	0	28	0	3208	3025	2839	4322	6	6	1	0	0	0	0	0	0	0	0	0	0	0	0	0	0	0	0	0	0	0	0	0	0	0	0	0	0	0	0	0	0	0	0	0	0	0	0	0	0	0	0	0	0	0	0	260	245	231	237	223	177	9	1	0	0	0	0	0	0	0	0	0	0	0	0	0	0	0	0	0	0	0	0	0	0	0	0	0	0	0	0	0	0	0	0	0	0	0	0	0	0	0	0	0	0	0
145.00002019732477	4760	0	1472	0	0	52	0	3468	3323	3102	4707	138	29	7	0	0	0	0	0	0	0	0	0	0	0	0	0	0	0	0	0	0	0	0	0	0	0	0	0	0	0	0	0	0	0	0	0	0	0	0	0	0	0	0	0	0	0	0	261	258	247	254	230	190	18	16	0	0	0	0	0	0	0	0	0	0	0	0	0	0	0	0	0	0	0	0	0	0	0	0	0	0	0	0	0	0	0	0	0	0	0	0	0	0	0	0	0	0	0
150.00002339969237	4380	0	1460	0	0	103	0	3766	3628	3368	5026	376	69	39	0	0	0	0	0	0	0	0	0	0	0	0	0	0	0	0	0	0	0	0	0	0	0	0	0	0	0	0	0	0	0	0	0	0	0	0	0	0	0	0	0	0	0	0	266	260	256	268	241	209	40	29	0	0	0	0	0	0	0	0	0	0	0	0	0	0	0	0	0	0	0	0	0	0	0	0	0	0	0	0	0	0	0	0	0	0	0	0	0	0	0	0	0	0	0
155.0000186843836	3916	0	1458	0	0	165	0	4080	3922	3646	5334	597	140	78	0	0	0	0	0	0	0	0	0	0	0	0	0	0	0	0	0	0	0	0	0	0	0	0	0	0	0	0	0	0	0	0	0	0	0	0	0	0	0	0	0	0	0	0	278	263	259	275	256	221	58	53	0	0	0	0	0	0	0	0	0	0	0	0	0	0	0	0	0	0	0	0	0	0	0	0	0	0	0	0	0	0	0	0	0	0	0	0	0	0	0	0	0	0	0
160.00000937905023	3404	0	1454	0	0	241	0	4401	4204	3941	5642	845	211	144	0	0	0	0	0	0	0	0	0	0	0	0	0	0	0	0	0	0	0	0	0	0	0	0	0	0	0	0	0	0	0	0	0	0	0	0	0	0	0	0	0	0	0	0	285	276	269	280	273	230	80	68	0	0	0	0	0	0	0	0	0	0	0	0	0	0	0	0	0	0	0	0	0	0	0	0	0	0	0	0	0	0	0	0	0	0	0	0	0	0	0	0	0	0	0
165.00005105133235	3089	0	1447	0	0	351	0	4749	4529	4269	5972	1131	320	229	0	0	0	0	0	0	0	0	0	0	0	0	0	0	0	0	0	0	0	0	0	0	0	0	0	0	0	0	0	0	0	0	0	0	0	0	0	0	0	0	0	0	0	0	291	285	273	285	278	242	94	79	13	0	0	0	0	0	0	0	0	0	0	0	0	0	0	0	0	0	0	0	0	0	0	0	0	0	0	0	0	0	0	0	0	0	0	0	0	0	0	0	0	0	0
170.00000607195668	2596	0	1438	0	0	443	0	5057	4862	4581	6317	1393	431	317	7	1	1	0	0	0	0	0	0	0	0	0	0	0	0	0	0	0	0	0	0	0	0	0	0	0	0	0	0	0	0	0	0	0	0	0	0	0	0	0	0	0	0	0	297	289	285	297	283	249	111	98	46	1	1	1	0	0	0	0	0	0	0	0	0	0	0	0	0	0	0	0	0	0	0	0	0	0	0	0	0	0	0	0	0	0	0	0	0	0	0	0	0	0	0
175.0000202432551	2057	0	1438	0	0	549	0	5423	5191	4927	6693	1673	589	451	39	5	3	1	0	4	0	0	0	0	0	0	0	0	0	0	0	0	0	0	0	0	0	0	0	0	0	0	0	0	0	0	0	0	0	0	0	0	0	0	0	0	0	0	310	296	289	307	291	263	136	120	88	5	2	10	4	7	6	1	0	0	0	0	0	0	0	0	0	0	0	0	0	0	0	0	0	0	0	0	0	0	0	0	0	0	0	0	0	0	0	0	0	0	0
180.0000507890869	1416	0	1430	0	8	669	0	5759	5531	5259	7050	1969	762	604	80	18	8	15	0	23	0	0	0	0	0	0	0	0	0	0	0	0	0	0	0	0	0	0	0	0	0	0	0	0	0	0	0	0	0	0	0	0	0	0	0	0	0	0	331	312	298	311	300	274	153	142	112	13	9	18	23	17	9	5	1	0	0	0	0	0	0	0	0	0	0	0	0	0	0	0	0	0	0	0	0	0	0	0	0	0	0	0	0	0	0	0	0	0	0
185.00000305693604	645	0	1407	0	29	773	0	6130	5880	5605	7397	2280	951	754	145	41	27	35	6	52	1	0	0	0	0	0	0	0	0	0	0	0	0	0	0	0	0	0	0	0	0	0	0	0	0	0	0	0	0	0	0	0	0	0	0	0	0	0	347	328	314	323	311	293	173	164	133	21	15	27	41	30	21	12	7	3	3	0	0	0	0	0	0	0	0	0	0	0	0	0	0	0	0	0	0	0	0	0	0	0	0	0	0	0	0	0	0	0	0
190.00001138571727	87	0	1369	0	68	873	3	6506	6251	5961	7797	2573	1137	958	223	73	52	65	32	98	0	4	0	4	0	0	0	0	0	0	0	0	0	0	0	0	0	0	0	0	0	0	0	0	0	0	0	0	0	0	0	0	0	0	0	0	0	0	358	336	327	335	312	301	189	177	152	25	22	48	60	50	42	25	15	9	9	2	2	0	0	0	0	0	0	0	0	0	0	0	0	0	0	0	0	0	0	0	0	0	0	0	0	0	0	0	0	0	0
195.00003516359806	23	0	1327	0	117	1022	9	6908	6606	6292	8166	2888	1347	1160	319	108	76	120	68	165	0	12	0	13	1	6	0	0	0	0	0	0	0	0	0	0	0	0	0	0	0	0	0	0	0	0	0	0	0	0	0	0	0	0	0	0	0	0	370	355	337	350	317	301	209	192	178	32	30	67	82	73	64	62	36	26	25	12	8	5	3	2	0	0	0	0	0	0	0	0	0	0	0	0	0	0	0	0	0	0	0	0	0	0	0	0	0	0	0
200.00000270591138	20	0	1265	0	185	1186	19	7306	6918	6620	8505	3210	1544	1346	451	146	107	176	143	240	3	35	0	38	4	18	0	5	6	2	0	0	0	0	0	0	0	0	0	0	0	0	0	0	0	0	0	0	0	0	0	0	0	0	0	0	0	0	375	362	357	350	318	303	227	214	185	37	40	80	111	111	95	83	62	56	46	26	24	23	25	12	0	0	0	0	0	0	0	0	0	0	0	0	0	0	0	0	0	0	0	0	0	0	0	0	0	0	0
205.00000659807554	21	0	1194	0	264	1355	51	7646	7191	6878	8792	3543	1730	1536	594	184	140	234	230	330	7	78	0	81	3	48	0	21	23	14	3	0	0	0	0	0	0	0	0	0	0	0	0	0	0	0	0	0	0	0	0	0	0	0	0	0	0	0	373	363	359	362	323	302	243	231	197	49	49	100	131	131	119	117	93	79	88	46	31	30	41	28	12	0	0	0	0	0	0	0	0	0	0	0	0	0	0	0	0	0	0	0	0	0	0	0	0	0	0
210.0000022347166	9	0	1123	0	345	1500	103	7937	7415	7130	9094	3885	1914	1699	772	213	169	303	323	420	1	157	0	137	2	93	0	44	43	40	16	0	0	0	0	0	0	0	0	0	0	0	0	0	0	0	0	0	0	0	0	0	0	0	0	0	0	0	387	364	362	365	327	300	263	242	210	50	51	101	148	149	142	149	132	121	107	72	64	57	55	45	26	12	10	9	8	0	0	0	0	0	0	0	0	0	0	0	0	0	0	0	0	0	0	0	0	0	0
215.00001465166198	10	0	1034	0	448	1646	164	8210	7660	7365	9327	4192	2079	1863	967	250	195	368	420	501	5	215	0	201	5	163	0	88	69	68	51	0	1	0	1	1	0	0	0	0	0	0	0	0	0	0	0	0	0	0	0	0	0	0	0	0	0	0	393	368	366	367	323	289	266	251	227	56	52	105	159	160	165	186	153	144	161	115	116	131	122	79	47	33	27	21	20	8	9	7	2	0	0	0	0	0	0	0	0	0	0	0	0	0	0	0	0	0	0
220.0000057051766	13	0	957	0	534	1777	240	8456	7858	7589	9541	4463	2236	2015	1119	279	230	428	511	601	7	320	0	283	8	240	1	142	120	121	76	0	8	8	9	5	0	4	2	0	0	0	0	0	0	0	0	0	0	0	0	0	0	0	0	0	0	0	386	379	383	373	318	283	284	246	230	57	60	115	165	164	172	198	183	173	184	141	135	136	157	144	81	55	53	47	44	24	18	25	26	22	13	1	0	0	0	0	0	0	0	0	0	0	0	0	0	0	0
225.00000606778093	8	0	869	0	626	1907	322	8683	8048	7790	9751	4698	2384	2156	1273	312	262	485	616	687	7	409	0	372	5	325	6	218	193	199	114	0	28	28	23	26	0	11	13	6	0	0	0	0	0	0	0	0	0	0	0	0	0	0	0	0	0	0	382	376	390	380	315	271	299	254	236	67	66	123	177	179	187	212	192	193	186	154	160	155	172	158	131	85	73	68	66	43	42	47	39	30	27	23	0	0	0	0	0	0	0	0	0	0	0	0	0	0	0
230.00000310369515	3	0	803	0	701	2038	393	8875	8232	7995	9948	4928	2502	2278	1411	343	283	543	705	766	9	535	0	466	5	409	21	300	254	294	171	0	61	58	52	59	0	26	26	20	11	7	4	0	0	0	0	0	0	0	0	0	0	0	0	0	0	0	385	377	385	379	311	273	305	265	239	77	77	140	198	191	198	225	206	218	224	180	216	203	211	193	180	161	140	127	114	60	65	90	82	65	56	39	17	0	0	0	0	0	0	0	0	0	0	0	0	0	0
235.00000009897764	6	0	736	0	767	2203	468	9040	8390	8169	10126	5119	2642	2400	1550	371	311	607	795	842	24	638	0	553	10	492	47	392	325	384	258	0	100	95	93	103	4	47	56	43	21	24	16	0	0	0	0	0	0	0	0	0	0	0	0	0	0	0	382	380	387	376	308	273	317	264	239	83	80	139	219	205	210	248	216	234	231	206	239	226	244	236	205	197	190	186	189	102	92	134	122	104	97	85	27	27	0	0	0	0	0	0	0	0	0	0	0	0	0
240.00002016788395	7	0	661	0	846	2431	540	9207	8523	8308	10293	5307	2766	2504	1708	402	336	641	868	916	14	721	0	635	10	595	78	474	405	470	333	0	154	164	149	162	17	76	89	73	45	42	29	0	0	0	0	0	0	0	0	0	0	0	0	0	0	0	383	382	382	378	298	276	338	270	233	82	78	140	216	200	210	263	230	254	258	222	257	244	278	268	252	225	211	203	202	123	115	159	142	138	136	126	42	52	33	1	0	0	0	0	0	0	0	0	0	0	0
245.00000005983824	4	0	588	0	915	2648	610	9348	8657	8457	10416	5449	2877	2617	1842	438	363	699	954	987	20	811	0	714	10	680	137	569	478	563	413	4	231	225	209	226	38	115	138	118	88	72	58	0	0	0	0	0	0	0	0	0	0	0	0	0	0	0	381	381	378	369	285	272	354	278	231	99	96	148	210	197	213	268	240	270	277	252	284	267	280	284	286	273	256	240	239	136	119	177	167	165	159	145	94	58	67	10	0	0	0	0	0	0	0	0	0	0	0
250.00000022263387	3	0	528	0	973	2838	690	9482	8778	8583	10542	5575	3004	2713	1965	469	395	751	1023	1050	24	910	0	805	11	761	196	669	550	659	497	21	300	300	281	306	72	155	185	161	124	104	95	0	1	0	0	0	0	0	0	0	0	0	0	0	0	0	383	385	378	373	275	270	365	284	225	100	114	176	224	208	215	266	238	272	286	278	325	311	308	294	323	303	287	265	253	167	158	209	185	176	173	166	122	105	87	21	1	0	0	0	0	0	0	0	0	0	0
255.00000024612743	1	0	475	0	1031	2983	768	9618	8884	8702	10667	5722	3113	2815	2087	495	420	797	1092	1117	32	998	0	878	17	851	296	778	641	737	594	46	376	400	357	370	117	201	243	214	186	151	146	0	7	0	0	0	0	0	0	0	0	0	0	0	0	0	389	390	376	378	271	262	373	295	226	99	111	196	246	217	217	265	230	271	284	295	351	339	369	367	353	342	327	302	287	189	177	229	203	213	194	182	126	151	130	23	10	9	1	0	0	0	0	0	0	0	0
260.00000457904133	1	0	409	0	1104	3152	840	9735	8978	8800	10773	5844	3213	2911	2196	523	454	836	1166	1174	41	1095	0	955	19	937	385	877	750	830	671	86	481	467	444	453	179	247	311	260	237	210	202	5	24	5	3	0	0	0	0	0	0	0	0	0	0	0	397	395	375	373	273	247	380	304	233	101	112	203	275	258	269	277	230	275	293	296	360	347	385	394	378	349	345	344	340	248	231	273	241	233	213	208	162	170	183	31	17	33	21	0	0	0	0	0	0	0	0
265.00000660712334	1	0	334	0	1178	3195	927	9844	9075	8914	10888	5966	3320	2979	2297	548	487	887	1243	1253	50	1173	0	1017	12	1011	483	972	848	919	771	141	573	564	532	548	248	304	372	328	294	267	254	15	39	19	9	0	0	0	0	0	0	0	0	0	0	0	383	392	374	373	263	256	389	307	236	101	111	201	294	279	316	330	255	281	295	292	362	342	383	405	449	400	378	362	343	283	276	345	317	293	257	239	180	212	223	33	23	74	48	0	0	0	0	0	0	0	0
270.00000145444653	4	0	277	0	1240	3297	995	9958	9184	9008	10991	6063	3417	3066	2367	578	510	932	1322	1317	68	1257	0	1071	17	1087	574	1057	934	1019	867	206	660	657	629	642	316	381	443	391	346	325	322	33	79	46	14	0	7	0	0	0	0	0	0	0	0	0	377	385	380	381	262	258	410	309	242	103	114	196	303	289	336	370	296	333	333	286	352	338	377	397	489	461	433	413	389	296	276	350	337	346	326	298	210	258	272	38	30	93	81	22	0	0	0	0	0	0	0
275.00000255403626	5	0	234	0	1296	3380	1059	10037	9273	9102	11085	6148	3514	3149	2450	594	540	980	1392	1374	82	1328	0	1133	19	1163	667	1147	1010	1091	979	298	754	743	706	727	395	440	520	471	402	392	379	61	130	72	27	0	18	4	0	0	0	0	0	0	0	0	372	387	374	386	257	249	417	316	252	104	119	211	314	295	340	388	327	362	376	288	350	338	366	390	505	482	458	442	421	302	269	346	326	345	331	331	249	286	332	45	34	135	118	57	0	0	0	0	0	0	0
280.0000024324247	1	0	194	0	1340	3447	1150	10132	9352	9193	11182	6230	3587	3217	2535	612	565	1026	1472	1439	115	1413	0	1188	14	1258	749	1234	1066	1175	1063	396	851	819	806	823	480	513	607	548	479	461	442	100	169	128	33	0	35	18	0	0	0	0	0	0	0	0	362	380	377	373	255	241	416	324	255	100	118	207	320	300	343	387	332	384	370	313	378	368	397	393	515	491	479	465	463	366	342	389	342	338	319	321	276	329	364	57	38	164	147	94	0	0	0	0	0	0	0
285.00000038523416	6	0	138	0	1404	3422	1236	10207	9428	9278	11260	6295	3679	3291	2612	636	598	1066	1555	1505	118	1488	0	1273	14	1326	837	1325	1138	1245	1148	517	961	930	901	912	561	573	668	618	543	539	506	149	221	176	39	0	61	40	0	0	0	0	0	0	0	0	354	368	374	372	254	235	425	322	256	112	128	205	322	297	352	385	330	406	407	360	436	406	439	420	519	488	488	484	487	431	416	468	410	404	363	332	288	376	408	61	47	192	177	135	13	0	0	0	0	0	0
290.0000015899287	3	0	119	0	1429	3427	1299	10290	9490	9362	11351	6370	3761	3356	2703	655	618	1107	1628	1559	177	1577	0	1321	15	1386	933	1402	1212	1331	1223	610	1065	1022	992	1009	648	661	756	677	597	595	579	185	275	241	55	0	98	67	0	0	0	0	0	0	0	0	346	358	366	366	241	227	431	323	253	114	130	214	334	310	364	395	325	405	410	379	440	428	476	474	532	489	487	477	484	486	478	533	482	481	433	400	323	429	460	77	54	223	206	168	36	1	0	0	0	0	0
295.00000236171206	1	0	102	0	1455	3397	1381	10352	9560	9429	11426	6428	3834	3414	2775	671	641	1148	1689	1606	215	1661	0	1399	14	1465	1021	1490	1285	1413	1306	718	1157	1118	1065	1089	724	757	841	768	685	672	651	234	344	301	64	0	128	97	0	0	0	0	0	0	0	0	338	352	363	358	240	218	447	316	257	113	129	216	332	310	377	400	329	412	408	380	452	431	475	483	570	515	503	490	493	482	476	562	524	539	508	479	355	487	528	88	59	256	241	200	89	17	16	15	2	0	0
300.00000183141964	2	0	66	0	1498	3410	1452	10422	9630	9484	11493	6489	3907	3482	2835	694	658	1185	1752	1654	240	1744	0	1449	21	1538	1095	1573	1348	1489	1400	838	1256	1203	1138	1180	817	838	923	848	775	752	715	289	425	373	76	0	156	125	0	0	0	1	0	0	0	0	331	339	357	348	233	207	454	320	263	125	133	216	337	307	384	409	346	419	410	412	496	473	490	487	619	557	551	532	525	502	483	575	531	548	521	520	430	502	588	102	69	271	274	236	97	61	42	24	12	0	0
305.00000377932713	3	0	65	0	1500	3417	1518	10482	9670	9554	11556	6557	3976	3531	2894	712	679	1224	1803	1711	293	1826	0	1498	20	1613	1180	1657	1423	1566	1482	962	1350	1301	1203	1264	908	919	1038	946	862	818	801	353	503	450	88	3	195	167	0	0	0	3	2	0	0	0	324	333	345	342	223	204	456	326	263	130	145	230	353	322	392	420	343	417	402	414	499	484	528	523	637	587	595	577	570	514	480	578	534	556	528	533	452	546	623	115	81	308	306	279	92	79	80	76	65	15	4
310.00000320339035	1	0	61	0	1507	3426	1576	10535	9712	9603	11614	6620	4055	3590	2958	733	695	1260	1864	1778	346	1902	0	1564	17	1680	1251	1745	1492	1643	1535	1077	1432	1388	1298	1357	1004	987	1129	1023	937	917	894	424	578	540	107	9	236	211	2	0	0	10	8	4	0	0	330	321	334	332	219	203	464	327	259	131	150	240	353	321	395	416	355	425	386	426	521	493	527	534	652	581	607	596	586	531	510	591	538	542	525	529	470	593	661	117	86	339	333	317	128	77	83	80	79	22	7
315.0000012341164	1	0	58	0	1509	3460	1619	10590	9747	9650	11656	6670	4123	3640	3022	749	716	1306	1898	1835	408	1965	0	1614	24	1749	1340	1816	1562	1715	1624	1208	1527	1462	1378	1444	1085	1076	1215	1099	1024	993	974	503	661	621	121	15	292	256	8	0	0	16	18	9	0	2	342	334	331	323	204	195	467	331	262	135	148	236	361	334	430	421	344	434	403	428	523	515	553	554	677	589	616	591	583	556	542	628	571	564	544	527	480	671	718	123	94	371	367	360	185	77	83	78	77	49	37
320.000001146696	0	0	43	0	1525	3467	1693	10645	9792	9701	11700	6718	4181	3686	3084	764	737	1346	1961	1879	452	2036	0	1666	29	1807	1423	1900	1632	1795	1709	1309	1605	1544	1458	1514	1158	1158	1305	1181	1118	1080	1053	567	753	694	135	23	346	298	20	0	0	28	29	17	0	5	336	330	334	321	192	185	460	327	259	143	170	243	357	327	431	439	362	449	406	429	510	501	544	562	701	621	658	627	610	578	552	638	581	592	574	554	492	720	807	136	94	403	396	402	239	156	144	108	81	56	37
325.00000530575505	3	0	45	0	1526	3455	1777	10686	9839	9750	11745	6766	4241	3744	3152	786	756	1381	2009	1928	512	2110	0	1722	20	1867	1504	1970	1694	1874	1781	1423	1686	1615	1537	1605	1234	1225	1382	1264	1202	1159	1126	631	849	794	158	31	403	346	35	0	1	45	39	27	0	11	333	328	332	327	178	181	462	330	253	140	169	253	373	323	431	439	363	486	434	423	499	489	537	554	738	633	655	643	630	626	607	670	602	600	561	562	505	726	863	157	96	427	411	442	260	220	215	181	154	76	78
330.0000008149983	1	0	37	0	1533	3431	1830	10733	9877	9801	11792	6805	4302	3791	3198	800	777	1412	2052	1969	561	2160	0	1763	21	1919	1578	2041	1766	1941	1861	1519	1795	1700	1617	1687	1318	1286	1476	1338	1280	1245	1200	707	953	888	173	35	460	401	72	0	5	60	51	35	0	20	322	326	341	329	160	178	465	327	252	139	167	245	379	323	438	432	356	490	460	429	516	502	536	544	756	651	676	672	652	649	635	722	648	638	601	577	549	766	876	169	106	453	442	490	312	251	273	251	214	81	78
335.0000004660041	5	0	37	0	1540	3428	1889	10783	9916	9845	11827	6839	4351	3831	3255	821	794	1439	2098	2019	613	2217	0	1805	38	1977	1662	2107	1831	2009	1938	1638	1875	1790	1685	1766	1406	1362	1557	1426	1365	1318	1259	782	1052	977	185	43	504	454	105	0	18	80	69	52	0	26	311	318	333	329	154	179	466	333	263	160	183	249	374	324	460	450	347	488	460	428	502	495	543	557	753	644	676	679	650	672	658	740	657	671	650	629	557	826	929	170	121	489	468	525	333	274	292	263	249	85	76
340.00000036128415	0	0	32	0	1541	3392	1965	10821	9950	9889	11869	6869	4417	3870	3298	833	810	1470	2139	2052	660	2275	0	1855	20	2039	1733	2173	1885	2071	2016	1760	1960	1879	1776	1840	1494	1437	1636	1509	1436	1373	1339	878	1163	1078	207	53	559	510	149	0	27	115	92	69	1	40	301	311	321	326	141	174	473	338	246	159	184	249	389	328	460	454	369	503	449	420	496	482	534	554	758	631	673	675	653	699	677	792	685	687	647	639	545	881	983	177	128	522	503	562	334	320	348	301	268	94	72
345.00000132886646	2	0	34	0	1539	3458	2030	10852	9984	9914	11907	6896	4479	3911	3350	853	833	1493	2177	2091	723	2327	0	1896	28	2092	1797	2230	1947	2130	2085	1859	2044	1954	1857	1912	1572	1492	1730	1585	1517	1458	1405	954	1259	1189	221	65	617	561	193	0	36	155	116	99	5	44	294	308	315	309	126	178	475	332	236	163	195	264	386	322	460	448	365	519	476	409	482	472	517	543	776	642	673	675	645	696	666	785	693	708	692	673	524	885	1055	192	127	540	518	607	361	325	364	319	312	170	142
350.0000007185052	0	0	25	0	1547	3473	2082	10883	10026	9955	11941	6928	4540	3947	3389	879	864	1525	2229	2132	768	2379	0	1934	30	2138	1861	2296	1997	2189	2161	1959	2109	2026	1926	1966	1654	1570	1802	1658	1588	1544	1463	1032	1340	1314	238	79	678	612	233	0	49	193	148	128	15	59	289	306	312	309	131	173	481	330	233	159	190	258	380	315	460	446	356	518	468	396	474	461	514	529	773	645	677	679	653	698	670	778	682	700	681	680	536	882	1072	202	129	546	527	654	432	319	365	310	306	223	201
355.0000076783724	0	0	17	0	1554	3473	2137	10909	10066	9981	11979	6954	4583	3975	3424	898	897	1552	2269	2175	813	2436	0	1984	22	2184	1935	2345	2042	2255	2220	2067	2179	2099	1985	2034	1751	1638	1885	1736	1662	1627	1548	1102	1432	1410	256	97	736	682	272	0	81	239	182	169	28	81	275	299	307	304	129	168	499	331	218	150	186	252	378	306	460	443	349	512	467	391	465	446	499	520	768	643	675	673	646	711	685	788	692	704	679	664	546	888	1076	202	133	560	537	695	505	365	405	327	311	239	253
360.00000901393594	0	0	34	0	1533	3411	2188	10943	10102	10010	12011	6974	4639	4015	3464	914	917	1588	2302	2206	892	2479	0	2020	26	2235	1987	2398	2092	2318	2275	2180	2249	2173	2056	2109	1822	1717	1977	1809	1732	1707	1633	1174	1536	1521	268	114	798	746	321	0	107	277	217	210	38	100	274	293	300	299	133	168	514	344	203	143	183	248	377	318	486	446	338	508	460	389	469	443	490	506	773	632	670	656	629	708	663	799	695	704	679	667	539	886	1085	202	140	594	566	729	535	449	498	395	342	243	254
365.0000010149636	0	0	25	0	1537	3402	2230	10978	10131	10040	12045	7003	4690	4048	3492	923	946	1618	2347	2228	945	2531	0	2048	34	2288	2060	2440	2144	2370	2327	2291	2313	2244	2126	2167	1905	1783	2064	1880	1806	1773	1702	1246	1643	1638	283	133	856	796	379	9	137	314	246	241	48	122	270	293	289	294	134	164	528	366	193	138	181	241	371	310	487	465	339	508	456	400	478	454	482	490	776	631	673	656	629	701	649	790	686	696	675	687	607	916	1087	203	140	601	592	761	563	497	571	470	446	283	287
370.00000018313597	0	0	20	0	1535	3392	2295	11009	10162	10065	12077	7026	4749	4090	3534	939	965	1642	2385	2265	1004	2569	0	2088	27	2346	2125	2494	2186	2426	2380	2402	2372	2311	2188	2226	1977	1861	2143	1955	1894	1838	1764	1328	1741	1752	309	145	929	861	447	19	167	362	297	264	63	137	266	286	279	293	135	170	533	385	198	137	178	238	367	306	487	457	353	506	441	433	512	478	498	480	773	615	667	645	613	696	637	780	674	678	645	665	640	954	1114	203	132	609	594	810	600	508	607	507	492	336	326
375.0000009522246	2	0	12	0	1542	3398	2342	11028	10190	10093	12104	7048	4804	4136	3558	947	980	1664	2417	2285	1045	2606	0	2123	23	2380	2199	2555	2241	2480	2422	2496	2422	2377	2254	2280	2070	1930	2220	2011	1959	1898	1843	1410	1830	1864	327	157	995	913	484	35	203	423	354	308	81	167	258	282	279	287	129	167	547	387	188	136	174	237	360	301	487	450	346	530	456	447	536	522	562	533	766	602	657	633	595	680	627	769	650	654	627	661	644	1024	1156	213	128	613	603	850	616	520	636	520	507	370	360
380.00000098474607	0	0	28	0	1532	3428	2390	11053	10220	10113	12133	7067	4845	4179	3581	964	996	1689	2454	2308	1101	2652	0	2164	36	2420	2257	2592	2297	2533	2474	2591	2485	2434	2320	2334	2147	1986	2289	2084	2033	1959	1899	1493	1931	1974	343	167	1052	974	548	67	238	487	383	356	111	195	254	279	278	277	126	159	564	383	192	157	191	245	357	292	487	447	341	530	452	432	522	513	550	560	768	592	635	612	581	669	616	755	635	640	607	639	625	1080	1235	223	125	620	606	881	639	530	673	545	520	419	420
385.0000032323411	1	0	14	0	1547	3480	2442	11076	10243	10131	12153	7078	4905	4214	3613	974	1010	1710	2486	2342	1124	2692	0	2202	37	2461	2313	2652	2344	2592	2528	2692	2529	2499	2381	2395	2230	2061	2359	2142	2087	2019	1960	1569	2038	2087	368	181	1108	1029	618	102	277	557	432	399	137	237	250	269	274	265	122	156	566	394	191	153	191	260	372	294	490	443	335	529	447	456	575	549	558	548	827	627	651	612	576	658	609	745	608	631	603	622	647	1137	1301	243	125	633	617	913	657	525	697	558	523	489	488
390.000002424388	0	0	15	0	1544	3522	2502	11105	10272	10157	12181	7089	4957	4251	3638	986	1028	1730	2515	2367	1181	2744	0	2239	37	2505	2361	2708	2401	2634	2575	2785	2584	2553	2440	2443	2303	2128	2426	2199	2151	2074	2010	1636	2138	2206	386	199	1167	1092	687	135	321	615	497	440	178	285	245	265	268	267	114	152	570	392	194	152	186	256	379	308	520	452	327	524	442	469	582	577	606	591	861	684	720	667	630	649	589	734	585	610	584	602	637	1180	1363	259	133	658	616	946	723	535	722	564	537	540	561
395.0000094100167	0	0	17	0	1547	3537	2542	11137	10294	10189	12202	7099	5004	4285	3671	997	1038	1749	2551	2389	1228	2789	0	2275	35	2548	2417	2751	2443	2687	2625	2871	2638	2615	2497	2501	2383	2190	2503	2247	2199	2136	2079	1706	2253	2309	410	211	1218	1148	749	175	368	662	551	490	206	327	257	266	264	268	111	150	570	391	194	164	198	253	371	301	522	466	340	525	444	465	573	573	592	603	865	671	721	692	666	681	616	752	597	601	561	587	623	1206	1410	269	149	679	637	981	759	570	757	568	533	530	581
400.00000042925626	0	0	13	0	1562	3525	2590	11155	10325	10212	12221	7117	5061	4332	3701	1017	1054	1778	2580	2416	1257	2826	0	2304	36	2586	2471	2796	2483	2741	2671	2946	2698	2667	2550	2564	2453	2245	2559	2311	2248	2185	2123	1792	2357	2427	430	230	1280	1196	829	214	423	720	605	542	242	378	248	266	268	267	109	139	570	393	204	165	194	247	368	297	523	461	344	556	459	451	568	560	577	589	908	690	722	682	661	671	613	756	610	622	575	576	606	1202	1448	282	154	703	659	1018	760	611	821	621	561	549	591
405.00000450027864	2	0	14	0	1565	3500	2626	11176	10354	10250	12247	7129	5101	4367	3725	1029	1075	1795	2611	2439	1296	2870	0	2335	35	2626	2535	2863	2527	2793	2722	3019	2750	2730	2600	2630	2514	2302	2625	2360	2314	2241	2173	1873	2454	2531	460	247	1339	1257	900	256	473	791	665	585	280	420	239	258	266	281	107	124	565	387	204	161	189	243	365	292	526	463	331	554	468	438	563	558	567	580	927	725	753	727	699	686	624	748	591	607	570	602	588	1196	1460	290	160	705	677	1067	772	626	869	636	601	551	602
410.0000000309366	0	0	16	0	1567	3447	2671	11193	10376	10268	12265	7146	5158	4391	3755	1037	1090	1811	2637	2454	1338	2917	0	2366	41	2660	2588	2904	2576	2842	2777	3105	2805	2797	2664	2690	2572	2349	2681	2417	2369	2295	2224	1947	2573	2649	473	262	1394	1313	984	294	524	867	709	632	319	484	241	251	251	274	111	121	566	377	211	168	203	257	360	285	526	455	330	556	463	428	546	546	575	594	917	717	750	727	711	745	687	791	619	595	560	577	607	1191	1461	290	161	714	675	1113	772	622	880	618	619	559	587
415.0000118477429	0	0	13	0	1568	3393	2723	11221	10405	10292	12280	7159	5213	4415	3785	1049	1107	1832	2669	2471	1388	2961	0	2404	32	2698	2628	2949	2622	2892	2825	3178	2876	2860	2715	2750	2655	2395	2735	2454	2424	2349	2271	2009	2692	2763	484	273	1452	1371	1068	352	579	933	749	686	366	531	235	247	245	267	106	118	569	374	207	175	197	261	379	294	534	445	323	556	456	412	528	526	565	582	906	697	737	715	702	795	729	844	672	657	615	604	594	1214	1464	291	171	717	697	1158	786	616	898	622	610	553	595
420.00000003664945	0	0	10	0	1574	3348	2759	11242	10423	10314	12299	7172	5255	4451	3812	1060	1116	1849	2703	2497	1421	3006	0	2433	35	2746	2679	2992	2661	2931	2883	3255	2942	2922	2783	2831	2718	2454	2806	2513	2467	2388	2311	2077	2778	2879	515	282	1499	1423	1137	404	644	1012	806	745	424	572	235	246	244	263	103	115	574	363	199	170	197	255	375	297	555	457	317	554	449	398	517	512	548	562	917	686	734	700	687	793	734	876	717	697	654	656	575	1241	1493	292	162	735	708	1191	833	595	894	601	602	536	587
425.0000004001543	1	0	22	0	1564	3329	2801	11265	10441	10337	12310	7181	5303	4484	3841	1086	1136	1875	2738	2515	1484	3047	0	2462	40	2789	2725	3031	2712	2974	2918	3340	2998	2992	2848	2870	2773	2513	2871	2572	2530	2440	2368	2144	2865	2999	543	294	1572	1485	1223	456	692	1073	865	797	476	619	233	248	241	255	102	127	576	356	185	175	192	254	378	297	557	459	332	557	441	391	519	509	536	543	913	688	738	711	689	782	715	859	705	713	678	701	570	1254	1525	303	159	725	713	1234	893	612	927	606	585	580	607
430.00000028946044	0	0	11	0	1577	3325	2857	11284	10469	10351	12333	7194	5348	4504	3869	1101	1155	1895	2764	2545	1517	3092	0	2487	34	2829	2761	3080	2742	3022	2963	3427	3057	3062	2900	2934	2841	2573	2936	2621	2598	2492	2424	2204	2965	3124	562	305	1636	1540	1310	505	750	1141	913	854	521	665	229	245	242	249	102	127	586	356	180	166	186	247	373	289	557	457	328	556	437	419	546	529	552	529	904	674	728	699	684	777	701	840	689	695	654	692	603	1261	1555	307	150	722	716	1271	941	642	975	627	608	611	650
435.00000318606743	0	0	22	0	1564	3298	2893	11304	10490	10365	12363	7203	5383	4537	3895	1111	1171	1916	2796	2565	1569	3128	0	2523	36	2871	2799	3125	2800	3069	2997	3503	3117	3129	2960	2987	2911	2635	3009	2692	2665	2544	2484	2255	3060	3235	593	320	1686	1598	1391	564	802	1215	956	902	579	704	223	234	231	252	107	122	602	364	172	156	182	236	368	282	557	450	323	556	432	434	564	550	581	575	903	666	714	678	672	776	695	850	674	681	641	676	622	1255	1561	310	151	727	720	1302	976	699	1041	662	647	631	673
440.00000155273034	2	0	15	0	1574	3261	2929	11326	10510	10383	12383	7214	5429	4570	3920	1136	1189	1944	2864	2596	1633	3161	0	2546	43	2899	2834	3174	2841	3121	3041	3576	3177	3190	3013	3043	2979	2689	3060	2740	2714	2595	2553	2308	3148	3358	619	337	1747	1665	1474	635	857	1273	1009	938	633	776	217	227	225	245	104	121	607	363	180	182	218	285	401	316	607	461	316	582	452	428	556	553	584	595	894	651	695	670	668	766	679	835	665	686	645	656	628	1251	1565	310	149	746	732	1330	1001	732	1103	710	698	626	673
445.000008725889	1	0	14	0	1585	3160	2999	11344	10525	10404	12404	7222	5481	4593	3937	1148	1205	1968	2900	2621	1665	3190	0	2573	35	2943	2881	3206	2884	3164	3091	3657	3219	3246	3071	3103	3022	2751	3114	2786	2775	2645	2611	2370	3249	3484	638	355	1792	1708	1557	698	904	1361	1064	988	685	821	211	221	222	243	99	113	603	362	188	179	217	290	446	358	647	489	329	587	451	421	546	546	561	588	929	674	691	670	659	751	666	834	644	661	624	644	601	1252	1567	311	143	763	753	1362	1053	752	1157	752	741	638	672
450.0000004699511	0	0	12	0	1594	3110	3039	11362	10538	10427	12429	7235	5513	4627	3957	1162	1220	1990	2940	2646	1702	3217	0	2602	43	2970	2931	3247	2931	3202	3148	3745	3275	3300	3114	3163	3098	2803	3172	2838	2846	2694	2660	2429	3355	3622	656	367	1842	1767	1650	765	945	1436	1122	1051	741	867	202	210	222	239	99	113	591	353	175	176	213	288	460	376	689	548	358	626	476	407	537	532	569	585	956	709	719	692	680	749	647	820	622	654	615	621	604	1304	1571	311	139	764	751	1399	1058	779	1199	758	747	634	669
455.0000065675325	0	0	22	0	1580	3121	3081	11379	10557	10444	12442	7247	5557	4654	3972	1180	1236	2007	2974	2672	1770	3254	0	2626	41	3005	2963	3300	2968	3248	3193	3823	3333	3351	3158	3210	3169	2868	3249	2881	2904	2739	2717	2481	3439	3763	678	379	1890	1821	1761	843	996	1523	1172	1103	790	925	202	207	213	236	94	110	588	348	168	178	207	282	452	372	692	570	404	633	490	408	529	514	554	576	947	709	735	714	692	742	631	791	598	630	591	605	611	1301	1630	311	134	763	755	1439	1082	804	1259	798	803	680	708
460.00000200977706	2	0	11	0	1595	3112	3121	11395	10571	10453	12464	7257	5603	4687	3990	1197	1255	2029	3005	2698	1806	3293	0	2646	42	3041	3005	3342	2999	3292	3239	3917	3380	3409	3208	3255	3239	2915	3307	2943	2956	2779	2763	2536	3545	3892	697	388	1957	1882	1856	895	1051	1619	1220	1156	829	964	203	219	208	228	95	105	583	340	174	190	221	286	444	363	692	574	418	665	497	431	559	537	553	562	954	698	718	698	674	730	625	785	585	604	574	582	613	1330	1635	320	130	764	753	1471	1090	788	1255	792	824	717	736
465.0000051482805	0	0	10	0	1595	3117	3155	11419	10588	10468	12479	7270	5647	4706	4012	1218	1280	2044	3030	2727	1843	3332	0	2679	45	3075	3032	3386	3041	3337	3286	3981	3435	3458	3250	3304	3307	2961	3364	2978	3009	2821	2804	2596	3650	4020	719	403	2007	1944	1954	968	1124	1705	1288	1216	884	1005	197	217	215	227	94	96	586	331	177	208	244	315	457	364	696	571	420	691	529	456	579	563	574	569	945	692	715	701	679	714	613	772	577	599	571	560	610	1414	1669	320	127	771	752	1497	1130	807	1296	796	812	804	816
470.0000018958008	0	0	21	0	1587	3161	3222	11439	10611	10475	12502	7277	5676	4731	4032	1232	1298	2062	3058	2751	1901	3367	0	2714	35	3113	3071	3435	3071	3391	3336	4057	3493	3522	3293	3356	3362	2997	3421	3012	3047	2854	2862	2654	3755	4132	735	419	2051	2004	2072	1043	1181	1802	1336	1271	935	1066	200	216	211	237	87	93	587	329	172	201	243	322	473	369	698	564	415	724	544	475	599	581	599	609	936	674	706	688	670	727	628	776	580	580	554	551	585	1453	1760	332	134	784	762	1523	1155	821	1323	790	835	819	891
475.00000097291655	0	0	16	0	1599	3180	3261	11448	10623	10491	12512	7289	5706	4759	4055	1247	1314	2080	3093	2770	1941	3417	0	2738	41	3155	3095	3480	3122	3441	3374	4140	3551	3584	3354	3412	3429	3048	3477	3045	3091	2899	2899	2712	3858	4267	766	433	2100	2069	2156	1107	1241	1894	1413	1317	985	1124	197	214	210	235	84	93	585	329	191	218	255	336	469	362	707	555	405	722	550	466	585	564	579	608	942	669	684	671	647	715	615	756	563	573	557	550	569	1467	1832	351	133	778	777	1557	1183	850	1372	808	836	818	869
480.0000000091289	0	0	12	0	1612	3134	3310	11462	10635	10509	12519	7298	5741	4790	4089	1259	1333	2109	3125	2794	1976	3464	0	2759	42	3192	3126	3520	3155	3479	3416	4223	3592	3634	3407	3464	3470	3099	3535	3074	3138	2942	2928	2767	3949	4405	784	450	2146	2125	2252	1184	1305	1978	1469	1371	1037	1186	188	203	205	232	85	97	594	336	200	223	265	350	493	383	731	573	396	721	549	477	590	564	564	593	995	705	702	673	645	699	602	743	542	551	531	531	548	1483	1860	363	137	783	782	1594	1180	850	1407	837	871	795	851
485.00000144095975	1	0	13	0	1614	3080	3360	11474	10651	10524	12537	7307	5791	4810	4115	1278	1350	2128	3159	2832	2027	3507	0	2784	52	3231	3166	3567	3187	3510	3459	4288	3646	3680	3451	3508	3525	3143	3580	3114	3185	2983	2968	2831	4063	4537	796	463	2213	2176	2349	1262	1367	2080	1535	1433	1088	1249	186	199	195	228	79	93	601	338	198	228	256	344	498	381	735	580	413	729	532	482	591	574	584	594	1001	721	729	692	673	713	613	737	531	528	514	514	546	1473	1886	370	147	787	794	1631	1178	879	1457	832	875	814	852
490.0000019724248	0	0	8	0	1627	3054	3417	11491	10666	10534	12558	7313	5843	4831	4132	1292	1368	2157	3191	2855	2068	3551	0	2818	46	3268	3203	3604	3236	3554	3505	4354	3696	3741	3504	3555	3595	3177	3632	3140	3219	3023	3004	2879	4175	4649	826	472	2258	2223	2444	1341	1436	2186	1576	1490	1152	1306	181	199	198	222	79	91	609	338	199	224	261	332	496	389	776	591	410	745	551	521	631	624	635	636	989	704	724	714	690	788	688	801	565	537	508	501	540	1480	1889	375	156	787	801	1664	1181	846	1457	829	886	871	910
495.00001351971656	1	0	6	0	1635	3071	3462	11506	10679	10545	12568	7321	5885	4862	4148	1312	1381	2178	3227	2881	2109	3581	0	2850	53	3316	3246	3637	3273	3597	3546	4425	3740	3799	3553	3603	3656	3220	3690	3176	3257	3053	3047	2927	4291	4765	852	482	2297	2268	2546	1415	1483	2283	1630	1556	1223	1357	172	196	192	220	84	88	603	349	199	218	262	348	507	393	778	621	429	744	532	534	656	655	668	688	992	689	709	691	686	822	724	845	619	599	560	536	537	1474	1908	378	151	809	806	1702	1217	836	1460	805	848	850	923
500.0000025096185	2	0	15	0	1633	2988	3504	11521	10686	10558	12583	7328	5923	4879	4166	1326	1401	2208	3255	2915	2161	3616	0	2883	43	3348	3275	3694	3317	3647	3604	4504	3795	3843	3597	3639	3717	3262	3733	3214	3298	3087	3079	2977	4412	4903	878	496	2338	2334	2644	1482	1536	2378	1690	1625	1286	1415	172	187	188	219	92	89	603	344	212	217	255	338	510	405	807	611	440	786	552	523	649	649	669	707	1033	718	725	699	679	823	724	859	644	629	602	603	538	1468	1908	379	151	816	814	1745	1247	836	1475	805	847	822	896
505.00000901127163	1	0	9	0	1640	2932	3510	11531	10699	10571	12598	7335	5964	4904	4179	1339	1415	2232	3287	2955	2200	3656	0	2907	66	3382	3321	3741	3361	3684	3656	4573	3854	3886	3637	3686	3777	3310	3791	3262	3343	3122	3119	3028	4531	5017	917	505	2397	2383	2763	1560	1601	2480	1755	1673	1359	1466	176	191	178	216	88	84	603	342	212	216	245	327	495	397	807	634	438	784	562	510	626	634	664	691	1092	769	773	737	720	829	725	849	637	628	621	620	548	1467	1913	379	143	813	831	1791	1263	863	1514	818	846	789	863
510.0000044334439	0	0	6	0	1646	2838	3562	11538	10716	10581	12614	7339	6007	4920	4197	1347	1433	2253	3319	2981	2249	3710	0	2933	50	3418	3355	3785	3401	3730	3710	4635	3912	3930	3677	3734	3838	3349	3837	3312	3378	3172	3154	3064	4629	5159	947	518	2447	2436	2872	1649	1662	2575	1791	1725	1411	1530	176	186	184	214	91	82	611	338	219	243	285	368	497	390	809	624	453	801	552	504	621	620	653	669	1116	804	804	782	765	854	735	855	647	651	626	627	564	1496	1913	381	142	806	814	1829	1280	872	1563	845	863	751	839
515.0000047469771	0	0	19	0	1631	2771	3605	11546	10729	10591	12622	7348	6052	4945	4217	1355	1456	2282	3357	3001	2318	3744	0	2961	56	3452	3399	3837	3443	3782	3751	4701	3964	3982	3715	3790	3903	3412	3900	3349	3422	3203	3192	3108	4742	5285	977	531	2494	2485	2985	1720	1725	2684	1838	1788	1461	1587	172	183	180	221	86	82	601	339	211	234	276	371	508	390	811	619	447	801	568	533	648	646	672	668	1105	807	813	796	768	886	763	852	634	646	640	644	600	1536	1950	381	136	809	807	1865	1277	878	1582	854	873	751	827
520.0000121368823	1	0	9	0	1645	2729	3682	11556	10739	10601	12634	7357	6085	4966	4239	1374	1473	2304	3384	3029	2362	3785	0	2987	48	3483	3426	3872	3485	3825	3795	4767	4008	4023	3758	3842	3962	3461	3953	3382	3460	3235	3223	3140	4854	5416	999	540	2547	2549	3088	1802	1792	2811	1896	1839	1519	1646	178	184	176	217	81	77	593	336	211	223	270	361	503	378	815	608	435	800	568	525	632	624	663	691	1088	785	796	777	755	930	811	921	686	673	646	648	652	1596	2009	389	132	809	806	1887	1284	868	1608	865	871	769	860
525.0000066009407	0	0	9	0	1649	2778	3718	11573	10745	10610	12648	7366	6121	4984	4258	1389	1487	2326	3411	3057	2413	3825	0	3015	65	3525	3473	3914	3529	3860	3839	4843	4047	4077	3807	3884	4011	3510	4013	3421	3500	3282	3262	3178	4952	5533	1030	555	2605	2614	3188	1900	1856	2898	1945	1884	1589	1694	183	187	169	215	80	77	589	326	198	227	278	370	509	383	845	620	425	797	557	515	621	599	647	680	1085	768	777	755	739	923	812	920	716	713	696	687	664	1609	2079	402	126	798	808	1913	1338	847	1614	845	870	815	893
530.0000021225517	0	0	9	0	1649	2778	3789	11581	10753	10621	12664	7376	6162	5007	4282	1408	1502	2350	3437	3072	2456	3864	0	3043	51	3564	3507	3939	3572	3902	3878	4923	4085	4114	3851	3935	4066	3568	4064	3455	3541	3318	3297	3205	5044	5644	1049	564	2654	2666	3297	1988	1918	3011	1998	1943	1652	1752	184	189	174	215	76	75	577	324	199	226	273	353	500	374	845	636	437	796	543	502	603	584	625	667	1108	780	788	763	744	911	801	913	706	717	706	718	653	1646	2102	415	131	803	805	1944	1375	866	1636	825	845	856	950
535.000002256677	1	0	10	0	1648	2776	3832	11594	10759	10629	12674	7382	6190	5022	4305	1424	1518	2368	3472	3092	2516	3902	0	3074	59	3598	3538	3987	3605	3949	3929	5005	4137	4153	3902	3969	4107	3625	4112	3511	3580	3358	3342	3243	5140	5772	1077	569	2700	2724	3416	2076	1990	3095	2060	1990	1718	1807	184	189	177	218	73	82	572	312	196	247	296	361	498	366	845	631	441	828	552	510	619	581	611	647	1102	776	801	775	770	905	789	894	684	692	695	713	670	1640	2147	419	136	815	822	1981	1412	881	1685	849	864	846	948
540.0000012776344	0	0	6	0	1659	2703	3879	11607	10774	10644	12687	7390	6221	5045	4319	1435	1535	2390	3506	3118	2565	3930	0	3104	63	3636	3584	4029	3630	4006	3967	5071	4185	4197	3963	4023	4174	3669	4159	3554	3636	3396	3384	3289	5251	5896	1102	582	2744	2774	3541	2167	2047	3198	2110	2058	1775	1861	178	189	179	221	69	79	574	293	191	241	286	366	529	398	877	626	431	827	555	518	643	595	604	622	1086	761	779	759	753	892	768	873	659	664	672	695	697	1682	2154	427	148	823	841	2007	1451	902	1733	872	881	834	909
545.000001852576	2	0	14	0	1653	2653	3915	11623	10781	10656	12706	7395	6255	5066	4341	1449	1549	2418	3547	3142	2630	3960	0	3127	68	3664	3621	4067	3671	4045	4011	5143	4233	4250	4008	4066	4233	3720	4213	3590	3672	3445	3426	3333	5350	6014	1118	594	2804	2826	3658	2258	2131	3311	2178	2111	1836	1923	173	186	174	219	82	76	570	297	196	241	280	365	550	420	916	653	432	820	548	547	665	615	662	656	1073	745	764	742	732	875	750	854	634	633	655	668	690	1743	2205	427	137	830	849	2047	1448	930	1791	889	902	814	876
550.0000027763418	0	0	7	0	1661	2613	3964	11629	10793	10664	12718	7404	6298	5081	4350	1465	1570	2434	3583	3165	2684	3996	0	3151	63	3700	3655	4095	3719	4073	4054	5223	4287	4307	4052	4105	4294	3772	4265	3646	3712	3491	3475	3372	5443	6144	1145	604	2858	2879	3786	2352	2185	3428	2233	2169	1888	1976	174	183	166	216	79	72	566	301	192	240	285	357	542	414	919	677	452	833	542	557	667	625	669	669	1061	731	748	724	704	862	736	829	607	613	628	645	664	1740	2277	441	136	828	847	2092	1453	939	1846	930	923	831	874
555.0000009201466	1	0	9	0	1660	2620	3989	11643	10804	10675	12728	7414	6329	5098	4367	1480	1588	2455	3611	3189	2756	4032	0	3179	77	3736	3691	4141	3763	4111	4094	5302	4321	4352	4094	4154	4355	3824	4321	3675	3746	3542	3523	3431	5555	6271	1167	612	2925	2927	3887	2427	2243	3532	2298	2235	1938	2036	173	186	164	211	76	72	561	292	183	234	288	377	554	413	920	672	470	877	578	557	673	646	705	700	1093	736	744	707	687	877	759	841	609	585	606	621	640	1726	2298	453	125	830	847	2138	1464	929	1851	915	924	857	885
560.0000049253562	0	0	6	0	1665	2582	4037	11654	10813	10682	12749	7425	6361	5116	4381	1498	1603	2470	3642	3219	2811	4068	0	3202	77	3770	3729	4188	3813	4145	4135	5369	4362	4392	4136	4200	4416	3866	4368	3720	3778	3580	3561	3469	5663	6386	1188	622	2976	2979	4010	2516	2309	3664	2374	2294	1999	2083	170	185	167	212	79	73	559	282	171	226	282	375	550	400	920	667	460	881	598	551	672	639	705	705	1117	778	783	742	716	879	754	842	633	606	612	614	620	1720	2302	455	130	840	841	2170	1480	901	1857	892	914	917	939
565.000001811971	0	0	6	0	1661	2589	4098	11669	10823	10691	12761	7430	6395	5136	4396	1514	1620	2486	3673	3249	2888	4123	0	3230	71	3806	3766	4229	3843	4198	4174	5439	4411	4443	4175	4243	4476	3909	4412	3765	3806	3628	3594	3518	5770	6506	1223	632	3029	3027	4129	2606	2359	3773	2424	2358	2062	2134	171	180	160	210	77	67	552	290	150	217	271	367	552	409	949	660	448	877	585	578	693	656	709	700	1149	777	795	749	739	876	733	818	604	597	622	629	607	1712	2302	456	136	850	840	2209	1523	896	1894	892	894	963	1004
570.0000047110263	1	0	10	0	1660	2562	4138	11676	10835	10699	12770	7435	6432	5153	4405	1529	1638	2514	3707	3281	2952	4167	0	3260	69	3844	3799	4267	3889	4235	4222	5507	4453	4479	4227	4281	4535	3952	4463	3790	3850	3666	3634	3559	5872	6621	1248	641	3085	3080	4262	2694	2413	3897	2463	2428	2119	2182	173	187	151	203	83	66	547	282	145	216	274	367	544	397	951	687	446	871	576	603	716	691	737	716	1181	815	822	777	761	907	762	822	597	574	605	606	636	1712	2305	456	130	856	834	2244	1565	895	1906	886	891	934	996
575.0000006984934	0	0	9	0	1664	2455	4202	11688	10854	10713	12776	7442	6459	5170	4420	1543	1658	2550	3742	3310	3001	4211	0	3291	67	3879	3834	4310	3922	4268	4260	5582	4498	4524	4271	4327	4600	3981	4507	3827	3885	3694	3663	3599	5986	6780	1278	644	3138	3132	4364	2776	2477	3993	2514	2486	2161	2250	170	183	157	197	86	73	538	278	147	213	265	358	546	397	953	680	459	894	578	594	700	679	754	762	1190	825	835	793	789	930	789	863	645	610	620	608	658	1752	2314	458	128	853	827	2288	1567	931	1961	903	874	914	960
580.0000019498298	0	0	5	0	1669	2404	4241	11703	10869	10721	12796	7452	6479	5189	4438	1557	1676	2574	3771	3330	3047	4257	0	3326	81	3918	3868	4355	3964	4311	4290	5643	4538	4577	4329	4384	4652	4030	4560	3862	3921	3730	3688	3651	6101	6921	1301	656	3191	3184	4491	2867	2530	4101	2566	2537	2222	2316	171	180	156	200	81	72	538	261	147	203	265	346	539	389	954	667	454	898	593	577	679	664	733	742	1203	821	832	801	792	923	782	872	670	629	652	647	640	1845	2355	462	122	854	828	2328	1578	934	2014	941	911	919	944
585.0000055180778	2	0	5	0	1669	2411	4310	11711	10883	10730	12803	7455	6522	5201	4451	1566	1695	2595	3799	3358	3096	4295	0	3349	71	3958	3904	4400	4011	4353	4332	5701	4588	4630	4370	4429	4695	4074	4603	3903	3953	3764	3715	3692	6214	7053	1331	663	3244	3240	4613	2955	2588	4222	2624	2599	2289	2370	167	176	150	195	80	66	540	258	145	190	260	336	534	382	954	660	437	893	578	571	676	669	725	728	1247	844	848	812	803	964	830	905	691	639	654	666	623	1862	2466	472	116	852	821	2363	1607	937	2035	913	922	924	946
590.0000086533855	1	0	5	0	1673	2397	4369	11719	10892	10736	12819	7461	6551	5217	4460	1576	1709	2614	3834	3381	3151	4345	0	3374	81	3999	3931	4446	4042	4387	4369	5768	4637	4692	4425	4467	4751	4120	4651	3943	3979	3806	3759	3740	6339	7182	1354	673	3297	3296	4726	3059	2647	4334	2678	2647	2341	2417	165	175	143	197	80	60	528	254	143	194	266	342	544	386	974	650	423	881	571	576	674	658	713	713	1233	849	873	845	838	987	854	941	728	683	691	663	631	1856	2507	495	116	847	815	2394	1627	927	2059	912	926	965	965
595.0000014528483	2	0	8	0	1670	2379	4396	11725	10904	10743	12830	7464	6580	5235	4469	1589	1730	2633	3872	3400	3206	4384	0	3401	96	4028	3961	4486	4091	4437	4402	5838	4689	4729	4473	4520	4798	4175	4711	3986	4016	3846	3806	3777	6454	7308	1373	684	3351	3341	4856	3143	2704	4456	2733	2696	2400	2466	163	172	141	194	78	62	525	247	143	195	258	331	551	394	1018	678	412	875	564	582	690	677	715	693	1215	829	859	827	821	1025	873	961	751	716	727	701	647	1863	2510	500	119	843	821	2420	1649	952	2109	920	920	947	977
600.00000180752	0	0	13	0	1666	2331	4459	11737	10911	10750	12837	7468	6612	5249	4480	1597	1743	2646	3904	3421	3275	4413	0	3421	88	4064	3992	4524	4128	4481	4446	5904	4733	4774	4515	4561	4859	4225	4769	4035	4046	3884	3829	3819	6540	7443	1402	686	3416	3391	4991	3231	2752	4575	2792	2742	2454	2523	160	171	137	189	70	59	521	240	134	188	251	321	545	381	1021	709	438	878	549	574	677	692	742	716	1196	808	829	806	803	998	857	941	746	731	738	732	656	1859	2528	500	136	867	831	2453	1641	958	2140	921	945	950	971
