>time	Ribosome	coli Pol	coli Pol-P	coli Pol-2.0	coli Pol-P-2.0	gp1	gp1-3.5	gp0.3	gp0.4	gp0.5	gp0.6A	gp0.7	gp1.1	gp1.2	gp1.3	gp1.4	gp1.5	gp1.6	gp1.7	gp1.8	gp2.0	gp2.5	gp2.8	gp3.0	gp3.5	gp3.8	gp4A	gp4.2	gp4.3	gp4.5	gp4.7	gp5.0	gp5.3	gp5.5	gp5.7	gp5.9	gp6.0	gp6.3	gp6.5	gp6.7	gp7	gp7.3	gp7.7	gp8	gp9	gp10A	gp11	gp12	gp13	gp14	gp15	gp16	gp17	gp17.5	gp18	gp18.5	gp19	gp19.5	RNA: gp0.3	RNA: gp0.4	RNA: gp0.5	RNA: gp0.6A	RNA: gp0.7	RNA: gp1	RNA: gp1.1	RNA: gp1.2	RNA: gp1.3	RNA: gp1.4	RNA: gp1.5	RNA: gp1.6	RNA: gp1.7	RNA: gp1.8	RNA: gp2.0	RNA: gp2.5	RNA: gp2.8	RNA: gp3.0	RNA: gp3.5	RNA: gp3.8	RNA: gp4A	RNA: gp4.2	RNA: gp4.3	RNA: gp4.5	RNA: gp4.7	RNA: gp5.0	RNA: gp5.3	RNA: gp5.5	RNA: gp5.7	RNA: gp5.9	RNA: gp6.0	RNA: gp6.3	RNA: gp6.5	RNA: gp6.7	RNA: gp7	RNA: gp7.3	RNA: gp7.7	RNA: gp8	RNA: gp9	RNA: gp10A	RNA: gp11	RNA: gp12	RNA: gp13	RNA: gp14	RNA: gp15	RNA: gp16	RNA: gp17	RNA: gp17.5	RNA: gp18	RNA: gp18.5	RNA: gp19	RNA: gp19.5	NumColiPoly:	4	NumT7Poly	2	NumOfTimePoints:	121	NumOfProteins:	58	NumOfCoding	52
0.002777769512512105	2500	1800	0	0	0	0	0	0	0	0	0	0	0	0	0	0	0	0	0	0	0	0	0	0	0	0	0	0	0	0	0	0	0	0	0	0	0	0	0	0	0	0	0	0	0	0	0	0	0	0	0	0	0	0	0	0	0	0	0	0	0	0	0	0	0	0	0	0	0	0	0	0	0	0	0	0	0	0	0	0	0	0	0	0	0	0	0	0	0	0	0	0	0	0	0	0	0	0	0	0	0	0	0	0	0	0	0	0	0	0
5.006168733421181	2500	1800	0	0	0	0	0	0	0	0	0	0	0	0	0	0	0	0	0	0	0	0	0	0	0	0	0	0	0	0	0	0	0	0	0	0	0	0	0	0	0	0	0	0	0	0	0	0	0	0	0	0	0	0	0	0	0	0	0	0	0	0	0	0	0	0	0	0	0	0	0	0	0	0	0	0	0	0	0	0	0	0	0	0	0	0	0	0	0	0	0	0	0	0	0	0	0	0	0	0	0	0	0	0	0	0	0	0	0	0
10.003903386693223	2500	1793	0	0	0	0	0	0	0	0	0	0	0	0	0	0	0	0	0	0	0	0	0	0	0	0	0	0	0	0	0	0	0	0	0	0	0	0	0	0	0	0	0	0	0	0	0	0	0	0	0	0	0	0	0	0	0	0	0	0	0	0	0	0	0	0	0	0	0	0	0	0	0	0	0	0	0	0	0	0	0	0	0	0	0	0	0	0	0	0	0	0	0	0	0	0	0	0	0	0	0	0	0	0	0	0	0	0	0	0
15.002284461383484	2500	1782	0	0	0	0	0	0	0	0	0	0	0	0	0	0	0	0	0	0	0	0	0	0	0	0	0	0	0	0	0	0	0	0	0	0	0	0	0	0	0	0	0	0	0	0	0	0	0	0	0	0	0	0	0	0	0	0	0	0	0	0	0	0	0	0	0	0	0	0	0	0	0	0	0	0	0	0	0	0	0	0	0	0	0	0	0	0	0	0	0	0	0	0	0	0	0	0	0	0	0	0	0	0	0	0	0	0	0	0
20.000625774264595	2491	1772	0	0	0	0	0	0	0	0	0	0	0	0	0	0	0	0	0	0	0	0	0	0	0	0	0	0	0	0	0	0	0	0	0	0	0	0	0	0	0	0	0	0	0	0	0	0	0	0	0	0	0	0	0	0	0	0	0	0	0	0	0	0	0	0	0	0	0	0	0	0	0	0	0	0	0	0	0	0	0	0	0	0	0	0	0	0	0	0	0	0	0	0	0	0	0	0	0	0	0	0	0	0	0	0	0	0	0	0
25.00075460348184	2468	1762	0	0	0	0	0	0	0	0	0	0	0	0	0	0	0	0	0	0	0	0	0	0	0	0	0	0	0	0	0	0	0	0	0	0	0	0	0	0	0	0	0	0	0	0	0	0	0	0	0	0	0	0	0	0	0	0	2	0	0	0	0	0	0	0	0	0	0	0	0	0	0	0	0	0	0	0	0	0	0	0	0	0	0	0	0	0	0	0	0	0	0	0	0	0	0	0	0	0	0	0	0	0	0	0	0	0	0	0
30.00244041453453	2421	1752	0	0	0	0	0	6	1	0	0	0	0	0	0	0	0	0	0	0	0	0	0	0	0	0	0	0	0	0	0	0	0	0	0	0	0	0	0	0	0	0	0	0	0	0	0	0	0	0	0	0	0	0	0	0	0	0	16	4	0	0	0	0	0	0	0	0	0	0	0	0	0	0	0	0	0	0	0	0	0	0	0	0	0	0	0	0	0	0	0	0	0	0	0	0	0	0	0	0	0	0	0	0	0	0	0	0	0	0
35.00068942451082	2360	1744	0	0	0	0	0	29	16	2	0	0	0	0	0	0	0	0	0	0	0	0	0	0	0	0	0	0	0	0	0	0	0	0	0	0	0	0	0	0	0	0	0	0	0	0	0	0	0	0	0	0	0	0	0	0	0	0	27	13	8	0	0	0	0	0	0	0	0	0	0	0	0	0	0	0	0	0	0	0	0	0	0	0	0	0	0	0	0	0	0	0	0	0	0	0	0	0	0	0	0	0	0	0	0	0	0	0	0	0
40.00071143491266	2302	1739	0	0	0	0	0	58	46	20	5	0	0	0	0	0	0	0	0	0	0	0	0	0	0	0	0	0	0	0	0	0	0	0	0	0	0	0	0	0	0	0	0	0	0	0	0	0	0	0	0	0	0	0	0	0	0	0	37	21	16	9	0	0	0	0	0	0	0	0	0	0	0	0	0	0	0	0	0	0	0	0	0	0	0	0	0	0	0	0	0	0	0	0	0	0	0	0	0	0	0	0	0	0	0	0	0	0	0	0
45.00003443550189	2240	1732	0	0	0	0	0	96	72	49	23	0	0	0	0	0	0	0	0	0	0	0	0	0	0	0	0	0	0	0	0	0	0	0	0	0	0	0	0	0	0	0	0	0	0	0	0	0	0	0	0	0	0	0	0	0	0	0	41	29	23	18	0	0	0	0	0	0	0	0	0	0	0	0	0	0	0	0	0	0	0	0	0	0	0	0	0	0	0	0	0	0	0	0	0	0	0	0	0	0	0	0	0	0	0	0	0	0	0	0
50.00002459612041	2175	1725	0	0	0	0	0	143	108	84	49	0	0	0	0	0	0	0	0	0	0	0	0	0	0	0	0	0	0	0	0	0	0	0	0	0	0	0	0	0	0	0	0	0	0	0	0	0	0	0	0	0	0	0	0	0	0	0	46	37	31	26	0	0	0	0	0	0	0	0	0	0	0	0	0	0	0	0	0	0	0	0	0	0	0	0	0	0	0	0	0	0	0	0	0	0	0	0	0	0	0	0	0	0	0	0	0	0	0	0
55.00000805590188	2072	1723	0	0	0	0	0	182	151	119	88	0	0	0	0	0	0	0	0	0	0	0	0	0	0	0	0	0	0	0	0	0	0	0	0	0	0	0	0	0	0	0	0	0	0	0	0	0	0	0	0	0	0	0	0	0	0	0	56	42	37	39	0	0	0	0	0	0	0	0	0	0	0	0	0	0	0	0	0	0	0	0	0	0	0	0	0	0	0	0	0	0	0	0	0	0	0	0	0	0	0	0	0	0	0	0	0	0	0	0
60.000129943703634	1972	1710	0	0	0	0	0	245	204	174	133	0	0	0	0	0	0	0	0	0	0	0	0	0	0	0	0	0	0	0	0	0	0	0	0	0	0	0	0	0	0	0	0	0	0	0	0	0	0	0	0	0	0	0	0	0	0	0	62	53	42	44	0	0	0	0	0	0	0	0	0	0	0	0	0	0	0	0	0	0	0	0	0	0	0	0	0	0	0	0	0	0	0	0	0	0	0	0	0	0	0	0	0	0	0	0	0	0	0	0
65.0004525522604	1888	1703	0	0	0	0	0	324	273	234	178	0	0	0	0	0	0	0	0	0	0	0	0	0	0	0	0	0	0	0	0	0	0	0	0	0	0	0	0	0	0	0	0	0	0	0	0	0	0	0	0	0	0	0	0	0	0	0	65	55	52	51	1	0	0	0	0	0	0	0	0	0	0	0	0	0	0	0	0	0	0	0	0	0	0	0	0	0	0	0	0	0	0	0	0	0	0	0	0	0	0	0	0	0	0	0	0	0	0	0
70.00004196564817	1781	1695	5	0	0	0	0	401	347	308	234	0	0	0	0	0	0	0	0	0	0	0	0	0	0	0	0	0	0	0	0	0	0	0	0	0	0	0	0	0	0	0	0	0	0	0	0	0	0	0	0	0	0	0	0	0	0	0	70	60	55	57	36	0	0	0	0	0	0	0	0	0	0	0	0	0	0	0	0	0	0	0	0	0	0	0	0	0	0	0	0	0	0	0	0	0	0	0	0	0	0	0	0	0	0	0	0	0	0	0
75.0000097693892	1666	1665	29	0	0	0	0	476	422	386	336	0	0	0	0	0	0	0	0	0	0	0	0	0	0	0	0	0	0	0	0	0	0	0	0	0	0	0	0	0	0	0	0	0	0	0	0	0	0	0	0	0	0	0	0	0	0	0	78	68	61	63	53	0	0	0	0	0	0	0	0	0	0	0	0	0	0	0	0	0	0	0	0	0	0	0	0	0	0	0	0	0	0	0	0	0	0	0	0	0	0	0	0	0	0	0	0	0	0	0
80.00002596319915	1568	1627	53	0	0	0	0	559	501	458	438	2	0	0	0	0	0	0	0	0	0	0	0	0	0	0	0	0	0	0	0	0	0	0	0	0	0	0	0	0	0	0	0	0	0	0	0	0	0	0	0	0	0	0	0	0	0	0	81	75	69	71	60	0	0	0	0	0	0	0	0	0	0	0	0	0	0	0	0	0	0	0	0	0	0	0	0	0	0	0	0	0	0	0	0	0	0	0	0	0	0	0	0	0	0	0	0	0	0	0
85.00005648489665	1424	1559	104	0	0	0	0	644	576	535	572	0	0	0	0	0	0	0	0	0	0	0	0	0	0	0	0	0	0	0	0	0	0	0	0	0	0	0	0	0	0	0	0	0	0	0	0	0	0	0	0	0	0	0	0	0	0	0	84	76	78	78	66	0	0	0	0	0	0	0	0	0	0	0	0	0	0	0	0	0	0	0	0	0	0	0	0	0	0	0	0	0	0	0	0	0	0	0	0	0	0	0	0	0	0	0	0	0	0	0
90.00054183878969	1255	1517	143	0	0	0	0	730	673	640	710	0	0	0	0	0	0	0	0	0	0	0	0	0	0	0	0	0	0	0	0	0	0	0	0	0	0	0	0	0	0	0	0	0	0	0	0	0	0	0	0	0	0	0	0	0	0	0	90	80	80	84	72	0	0	0	0	0	0	0	0	0	0	0	0	0	0	0	0	0	0	0	0	0	0	0	0	0	0	0	0	0	0	0	0	0	0	0	0	0	0	0	0	0	0	0	0	0	0	0
95.0000219264897	1122	1442	206	0	0	0	0	838	771	744	873	0	0	0	0	0	0	0	0	0	0	0	0	0	0	0	0	0	0	0	0	0	0	0	0	0	0	0	0	0	0	0	0	0	0	0	0	0	0	0	0	0	0	0	0	0	0	0	93	86	83	93	80	0	0	0	0	0	0	0	0	0	0	0	0	0	0	0	0	0	0	0	0	0	0	0	0	0	0	0	0	0	0	0	0	0	0	0	0	0	0	0	0	0	0	0	0	0	0	0
100.00008178422922	949	1360	274	0	0	0	0	949	888	847	1043	1	0	0	0	0	0	0	0	0	0	0	0	0	0	0	0	0	0	0	0	0	0	0	0	0	0	0	0	0	0	0	0	0	0	0	0	0	0	0	0	0	0	0	0	0	0	0	103	91	88	101	90	0	0	0	0	0	0	0	0	0	0	0	0	0	0	0	0	0	0	0	0	0	0	0	0	0	0	0	0	0	0	0	0	0	0	0	0	0	0	0	0	0	0	0	0	0	0	0
105.00035534546599	777	1282	344	0	0	0	0	1059	1004	953	1237	0	0	0	0	0	0	0	0	0	0	0	0	0	0	0	0	0	0	0	0	0	0	0	0	0	0	0	0	0	0	0	0	0	0	0	0	0	0	0	0	0	0	0	0	0	0	0	112	100	97	108	92	0	0	0	0	0	0	0	0	0	0	0	0	0	0	0	0	0	0	0	0	0	0	0	0	0	0	0	0	0	0	0	0	0	0	0	0	0	0	0	0	0	0	0	0	0	0	0
110.00003364791306	601	1196	427	0	0	0	0	1194	1124	1065	1458	0	0	0	0	0	0	0	0	0	0	0	0	0	0	0	0	0	0	0	0	0	0	0	0	0	0	0	0	0	0	0	0	0	0	0	0	0	0	0	0	0	0	0	0	0	0	0	113	109	102	121	105	0	0	0	0	0	0	0	0	0	0	0	0	0	0	0	0	0	0	0	0	0	0	0	0	0	0	0	0	0	0	0	0	0	0	0	0	0	0	0	0	0	0	0	0	0	0	0
115.00004536536376	414	1102	510	0	0	0	0	1326	1247	1192	1680	1	0	0	0	0	0	0	0	0	0	0	0	0	0	0	0	0	0	0	0	0	0	0	0	0	0	0	0	0	0	0	0	0	0	0	0	0	0	0	0	0	0	0	0	0	0	0	121	114	109	133	109	0	0	0	0	0	0	0	0	0	0	0	0	0	0	0	0	0	0	0	0	0	0	0	0	0	0	0	0	0	0	0	0	0	0	0	0	0	0	0	0	0	0	0	0	0	0	0
120.00002969271107	265	1009	595	0	0	0	0	1477	1392	1317	1919	0	0	0	0	0	0	0	0	0	0	0	0	0	0	0	0	0	0	0	0	0	0	0	0	0	0	0	0	0	0	0	0	0	0	0	0	0	0	0	0	0	0	0	0	0	0	0	129	119	112	136	123	0	0	0	0	0	0	0	0	0	0	0	0	0	0	0	0	0	0	0	0	0	0	0	0	0	0	0	0	0	0	0	0	0	0	0	0	0	0	0	0	0	0	0	0	0	0	0
125.0001755820548	105	894	701	0	0	0	0	1622	1517	1446	2167	0	0	0	0	0	0	0	0	0	0	0	0	0	0	0	0	0	0	0	0	0	0	0	0	0	0	0	0	0	0	0	0	0	0	0	0	0	0	0	0	0	0	0	0	0	0	0	135	133	118	138	129	16	0	0	0	0	0	0	0	0	0	0	0	0	0	0	0	0	0	0	0	0	0	0	0	0	0	0	0	0	0	0	0	0	0	0	0	0	0	0	0	0	0	0	0	0	0	0
130.0000853518711	32	790	796	0	0	3	0	1754	1660	1581	2424	1	0	0	0	0	0	0	0	0	0	0	0	0	0	0	0	0	0	0	0	0	0	0	0	0	0	0	0	0	0	0	0	0	0	0	0	0	0	0	0	0	0	0	0	0	0	0	140	136	128	144	139	65	1	0	0	0	0	0	0	0	0	0	0	0	0	0	0	0	0	0	0	0	0	0	0	0	0	0	0	0	0	0	0	0	0	0	0	0	0	0	0	0	0	0	0	0	0	0
135.00001911617102	22	662	918	0	0	14	0	1906	1786	1704	2689	0	1	0	0	0	0	0	0	0	0	0	0	0	0	0	0	0	0	0	0	0	0	0	0	0	0	0	0	0	0	0	0	0	0	0	0	0	0	0	0	0	0	0	0	0	0	0	147	139	132	160	141	108	3	0	0	0	0	0	0	0	0	0	0	0	0	0	0	0	0	0	0	0	0	0	0	0	0	0	0	0	0	0	0	0	0	0	0	0	0	0	0	0	0	0	0	0	0	0
140.00000463384464	21	515	1059	0	0	32	0	2057	1905	1802	2972	2	5	1	0	0	0	0	0	0	0	0	0	0	0	0	0	0	0	0	0	0	0	0	0	0	0	0	0	0	0	0	0	0	0	0	0	0	0	0	0	0	0	0	0	0	0	0	153	147	141	167	150	119	11	4	0	0	0	0	0	0	0	0	0	0	0	0	0	0	0	0	0	0	0	0	0	0	0	0	0	0	0	0	0	0	0	0	0	0	0	0	0	0	0	0	0	0	0	0
145.00004299902326	13	382	1183	0	0	75	0	2179	2003	1910	3240	0	18	7	0	0	0	0	0	0	0	0	0	0	0	0	0	0	0	0	0	0	0	0	0	0	0	0	0	0	0	0	0	0	0	0	0	0	0	0	0	0	0	0	0	0	0	0	156	153	147	178	157	128	21	10	0	0	0	0	0	0	0	0	0	0	0	0	0	0	0	0	0	0	0	0	0	0	0	0	0	0	0	0	0	0	0	0	0	0	0	0	0	0	0	0	0	0	0	0
150.00012999168726	11	220	1336	0	0	130	0	2297	2103	2004	3502	0	39	17	0	0	0	0	0	0	0	0	0	0	0	0	0	0	0	0	0	0	0	0	0	0	0	0	0	0	0	0	0	0	0	0	0	0	0	0	0	0	0	0	0	0	0	0	158	156	151	183	164	140	30	18	0	0	0	0	0	0	0	0	0	0	0	0	0	0	0	0	0	0	0	0	0	0	0	0	0	0	0	0	0	0	0	0	0	0	0	0	0	0	0	0	0	0	0	0
155.00003217101806	7	87	1456	0	0	167	0	2398	2194	2096	3755	2	61	33	0	0	0	0	0	0	0	0	0	0	0	0	0	0	0	0	0	0	0	0	0	0	0	0	0	0	0	0	0	0	0	0	0	0	0	0	0	0	0	0	0	0	0	0	162	160	155	187	168	153	43	29	0	0	0	0	0	0	0	0	0	0	0	0	0	0	0	0	0	0	0	0	0	0	0	0	0	0	0	0	0	0	0	0	0	0	0	0	0	0	0	0	0	0	0	0
160.0000398217139	12	1	1537	0	0	235	0	2482	2297	2196	3956	37	92	52	0	0	0	0	0	0	0	0	0	0	0	0	0	0	0	0	0	0	0	0	0	0	0	0	0	0	0	0	0	0	0	0	0	0	0	0	0	0	0	0	0	0	0	0	173	166	161	195	174	156	52	38	0	0	0	0	0	0	0	0	0	0	0	0	0	0	0	0	0	0	0	0	0	0	0	0	0	0	0	0	0	0	0	0	0	0	0	0	0	0	0	0	0	0	0	0
165.00000427667464	7	0	1532	0	0	294	0	2578	2375	2278	4066	155	119	70	0	0	0	0	0	0	0	0	0	0	0	0	0	0	0	0	0	0	0	0	0	0	0	0	0	0	0	0	0	0	0	0	0	0	0	0	0	0	0	0	0	0	0	0	183	177	166	200	183	159	63	54	11	1	1	1	0	0	0	0	0	0	0	0	0	0	0	0	0	0	0	0	0	0	0	0	0	0	0	0	0	0	0	0	0	0	0	0	0	0	0	0	0	0	0	0
170.00001418204135	8	0	1531	0	0	351	0	2679	2456	2353	4178	268	155	99	5	0	0	0	0	0	0	0	0	0	0	0	0	0	0	0	0	0	0	0	0	0	0	0	0	0	0	0	0	0	0	0	0	0	0	0	0	0	0	0	0	0	0	0	188	184	175	213	187	171	73	64	39	8	3	3	1	2	1	0	0	0	0	0	0	0	0	0	0	0	0	0	0	0	0	0	0	0	0	0	0	0	0	0	0	0	0	0	0	0	0	0	0	0	0	0
175.00004264394227	4	0	1526	0	1	419	0	2751	2529	2438	4269	381	188	134	19	0	2	1	0	0	0	0	0	0	0	0	0	0	0	0	0	0	0	0	0	0	0	0	0	0	0	0	0	0	0	0	0	0	0	0	0	0	0	0	0	0	0	0	195	193	183	223	191	179	88	74	54	10	4	8	6	6	6	3	0	0	0	0	0	0	0	0	0	0	0	0	0	0	0	0	0	0	0	0	0	0	0	0	0	0	0	0	0	0	0	0	0	0	0	0
180.00001555415466	6	0	1522	0	2	487	0	2841	2605	2510	4361	478	237	165	32	5	8	2	0	1	0	0	0	0	0	0	0	0	0	0	0	0	0	0	0	0	0	0	0	0	0	0	0	0	0	0	0	0	0	0	0	0	0	0	0	0	0	0	199	195	191	230	197	187	110	89	71	13	11	21	24	20	14	10	6	2	2	1	0	0	0	0	0	0	0	0	0	0	0	0	0	0	0	0	0	0	0	0	0	0	0	0	0	0	0	0	0	0	0	0
185.00000523958303	1	0	1524	0	5	568	0	2917	2686	2587	4462	572	272	197	55	11	12	4	2	7	0	0	0	0	0	0	0	0	0	0	0	0	0	0	0	0	0	0	0	0	0	0	0	0	0	0	0	0	0	0	0	0	0	0	0	0	0	0	206	200	195	241	200	194	123	105	78	15	11	25	33	32	26	26	15	11	10	7	0	0	0	0	0	0	0	0	0	0	0	0	0	0	0	0	0	0	0	0	0	0	0	0	0	0	0	0	0	0	0	0
190.00001134588274	2	1	1519	0	14	637	1	2989	2754	2661	4546	656	316	239	91	17	16	11	4	14	0	0	1	1	0	0	0	0	0	0	0	0	0	0	0	0	0	0	0	0	0	0	0	0	0	0	0	0	0	0	0	0	0	0	0	0	0	0	214	208	200	243	206	201	132	123	96	25	20	37	46	41	38	37	36	33	20	22	4	2	2	2	0	0	0	0	0	0	0	0	0	0	0	0	0	0	0	0	0	0	0	0	0	0	0	0	0	0	0	0
195.00000537391162	5	0	1509	0	28	697	1	3067	2813	2729	4642	722	366	288	129	26	23	23	13	20	1	1	9	2	0	3	0	0	0	0	0	0	0	0	0	0	0	0	0	0	0	0	0	0	0	0	0	0	0	0	0	0	0	0	0	0	0	0	222	217	208	253	215	203	139	132	111	36	35	52	59	56	42	59	50	37	34	44	13	12	7	6	6	0	0	0	0	0	0	0	0	0	0	0	0	0	0	0	0	0	0	0	0	0	0	0	0	0	0	0
200.00000728720502	6	0	1494	0	41	755	8	3137	2877	2791	4723	806	406	322	169	42	29	33	22	37	0	8	18	11	1	8	0	1	0	2	0	0	0	0	0	0	0	0	0	0	0	0	0	0	0	0	0	0	0	0	0	0	0	0	0	0	0	0	230	225	219	261	231	209	142	140	118	40	36	56	78	79	75	71	62	61	49	55	31	35	26	21	18	0	0	0	0	0	0	0	0	0	0	0	0	0	0	0	0	0	0	0	0	0	0	0	0	0	0	0
205.000005970798	2	0	1489	0	53	799	16	3196	2934	2847	4790	871	433	356	208	51	38	51	35	56	1	19	34	17	1	18	0	5	1	3	0	0	0	0	0	0	0	0	0	0	0	0	0	0	0	0	0	0	0	0	0	0	0	0	0	0	0	0	234	231	225	270	238	214	150	141	125	46	43	61	86	85	85	102	100	85	62	77	39	38	32	42	42	9	5	4	1	0	0	0	0	0	0	0	0	0	0	0	0	0	0	0	0	0	0	0	0	0	0	0
210.00001544067547	8	0	1488	0	65	854	30	3261	2986	2895	4857	938	473	398	250	62	47	68	53	71	0	33	51	34	1	30	0	7	5	11	2	0	0	0	0	0	0	0	0	0	0	0	0	0	0	0	0	0	0	0	0	0	0	0	0	0	0	0	239	235	228	277	245	221	164	147	138	48	46	73	104	105	93	115	113	101	100	110	40	42	38	48	44	25	15	11	11	10	2	0	0	0	0	0	0	0	0	0	0	0	0	0	0	0	0	0	0	0	0	0
215.00000730424057	4	1	1471	0	81	903	42	3311	3028	2939	4928	1004	502	428	293	70	56	80	73	88	0	48	70	50	2	42	0	24	17	19	8	0	2	0	2	2	0	0	0	0	0	0	0	0	0	0	0	0	0	0	0	0	0	0	0	0	0	0	241	241	236	282	247	230	178	156	159	54	47	74	111	112	111	129	119	114	115	131	71	81	63	54	51	53	43	31	25	24	10	11	11	7	1	0	0	0	0	0	0	0	0	0	0	0	0	0	0	0	0	0
220.0000441363305	0	0	1455	0	96	948	55	3365	3076	2991	4979	1062	536	462	327	79	70	94	94	110	1	68	86	76	4	65	0	37	22	27	22	0	8	3	7	5	0	2	1	0	0	0	0	0	0	0	0	0	0	0	0	0	0	0	0	0	0	0	244	242	242	291	250	237	203	170	172	68	59	89	121	116	112	143	143	134	123	141	101	114	109	122	87	62	57	54	54	53	27	24	38	31	23	15	8	0	0	0	0	0	0	0	0	0	0	0	0	0	0	0
225.00000707061167	4	0	1444	0	112	974	82	3404	3103	3024	5031	1125	578	486	364	90	82	110	122	129	1	87	112	93	0	92	2	56	34	46	31	0	15	8	14	11	0	4	6	3	0	0	0	0	0	0	0	0	0	0	0	0	0	0	0	0	0	0	263	248	242	298	258	240	221	199	184	71	62	91	137	137	124	143	143	143	143	166	133	153	153	160	131	73	71	63	62	59	46	38	61	55	46	39	31	1	0	0	0	0	0	0	0	0	0	0	0	0	0	0
230.00002206192895	1	0	1418	0	134	1003	99	3443	3146	3057	5075	1192	613	521	400	99	90	127	140	148	1	106	128	112	5	118	8	69	51	58	41	0	22	19	20	19	0	10	16	8	2	3	2	0	0	0	0	0	0	0	0	0	0	0	0	0	0	0	264	261	247	300	267	247	226	216	189	77	63	91	137	137	135	159	155	151	143	175	143	166	161	177	172	115	88	77	73	72	62	62	86	76	63	61	56	22	2	0	0	0	0	0	0	0	0	0	0	0	0	0
235.0000135796719	3	0	1395	0	150	1008	113	3485	3183	3096	5110	1247	653	550	432	111	100	144	160	178	3	138	148	125	4	141	22	92	72	82	57	0	26	26	31	23	2	19	26	18	7	8	5	0	0	0	0	0	0	0	0	0	0	0	0	0	0	0	269	264	256	307	276	250	237	224	190	86	86	122	151	143	138	177	175	166	155	188	160	183	171	192	191	161	149	138	123	111	73	73	112	108	97	90	74	43	33	1	0	0	0	0	0	0	0	0	0	0	0	0
240.00001469015206	2	0	1377	0	165	1048	123	3518	3214	3122	5142	1294	672	575	465	123	112	159	173	195	3	166	170	146	10	163	35	116	88	101	75	0	36	41	43	38	8	30	32	28	11	16	14	0	0	0	0	0	0	0	0	0	0	0	0	0	0	0	282	273	257	316	283	252	247	230	199	87	87	132	186	183	158	185	184	182	177	203	163	185	181	209	205	203	197	181	171	163	117	107	133	132	113	113	108	51	58	37	0	0	0	0	0	0	0	0	0	0	0	0
245.00000092762278	1	0	1361	0	187	1058	150	3549	3245	3160	5184	1329	698	599	489	134	121	175	188	208	2	183	187	166	6	181	45	137	114	124	100	0	55	54	63	56	12	39	43	45	22	27	17	0	0	0	0	0	0	0	0	0	0	0	0	0	0	0	283	282	275	322	287	257	262	245	208	89	87	135	188	186	184	216	197	193	184	214	177	201	194	220	211	228	221	209	206	205	174	162	212	193	159	140	129	86	74	73	6	0	0	0	0	0	0	0	0	0	0	0
250.00000466143015	0	1	1356	0	204	1086	165	3576	3266	3186	5234	1350	723	621	519	139	131	187	214	227	2	208	210	177	6	201	65	160	131	144	124	3	68	67	88	71	20	53	59	51	39	39	27	0	0	0	0	0	0	0	0	0	0	0	0	0	0	0	289	285	282	339	295	260	272	257	230	89	87	136	192	191	188	236	233	222	206	231	210	241	230	235	221	255	243	235	230	228	207	200	256	241	218	216	187	105	117	99	12	0	0	0	0	0	0	0	0	0	0	0
255.00001131207932	1	0	1351	0	223	1135	179	3611	3291	3209	5275	1365	749	659	550	143	137	195	233	239	3	225	234	203	4	225	93	183	152	164	147	7	89	86	108	91	23	68	84	69	59	44	37	0	5	0	0	0	0	0	0	0	0	0	0	0	0	0	290	290	285	346	299	267	285	267	252	94	91	136	194	194	192	239	239	237	231	257	216	248	242	275	263	264	261	257	253	254	232	225	275	274	260	256	236	121	141	158	16	6	8	0	0	0	0	0	0	0	0	0
260.0000014848654	2	0	1351	0	231	1136	196	3643	3312	3230	5315	1392	761	675	573	148	146	208	250	257	4	251	255	228	9	243	114	198	171	185	167	20	109	107	129	113	36	91	102	96	70	59	54	0	9	0	1	0	0	0	0	0	0	0	0	0	0	0	291	290	289	350	304	272	296	282	275	102	99	159	207	205	197	250	243	239	232	270	235	266	257	296	278	273	274	272	265	264	250	233	293	294	287	280	271	162	161	189	27	11	31	21	0	0	0	0	0	0	0	0
265.00001575444816	0	0	1338	0	243	1161	206	3668	3339	3249	5345	1412	783	695	604	158	149	221	264	272	5	270	278	237	7	262	134	219	184	202	189	31	120	126	145	134	50	114	119	114	89	80	67	3	20	7	1	0	0	0	0	0	0	0	0	0	0	0	304	295	289	353	315	277	307	291	281	106	103	165	222	219	201	256	254	251	234	270	247	282	277	312	307	316	297	282	278	274	261	255	321	310	295	294	294	236	179	216	30	15	47	41	0	0	0	0	0	0	0	0
270.00000669678843	0	0	1331	0	257	1171	209	3700	3356	3264	5368	1427	800	708	630	161	154	235	280	283	4	287	296	250	14	276	162	244	198	235	219	46	140	144	163	159	64	125	143	140	113	106	91	10	28	11	2	0	3	0	0	0	0	0	0	0	0	0	313	309	297	354	319	281	319	300	294	107	103	166	232	232	230	276	261	260	253	295	270	314	312	346	321	334	333	332	327	321	279	278	349	337	325	323	310	281	237	234	35	26	55	49	21	0	0	0	0	0	0	0
275.0000107510022	0	0	1315	0	270	1200	230	3726	3377	3281	5398	1454	811	732	648	169	158	243	295	298	4	305	315	273	7	291	188	270	223	254	248	69	156	167	181	173	86	143	173	165	130	125	113	21	33	22	5	0	5	0	0	0	0	0	0	0	0	0	313	313	309	366	323	289	326	316	305	108	103	166	232	232	232	301	300	289	258	296	272	316	312	359	357	365	358	348	343	338	320	303	373	363	353	349	334	290	291	291	39	30	75	67	40	0	0	0	0	0	0	0
280.0000037293843	0	0	1313	0	280	1249	239	3748	3397	3298	5435	1468	832	755	675	173	162	254	309	313	5	323	335	297	10	306	211	293	241	276	263	84	172	191	216	182	102	161	197	180	147	145	136	31	50	34	7	0	6	1	0	0	0	0	0	0	0	0	326	316	312	376	331	294	336	326	327	119	115	184	236	233	233	306	306	305	283	308	290	333	327	363	361	381	378	370	367	367	321	303	379	379	378	376	362	305	308	354	51	35	83	76	51	0	0	0	0	0	0	0
285.0000107691034	0	0	1301	0	297	1250	252	3770	3414	3316	5463	1489	853	772	698	178	167	259	319	330	2	337	349	313	12	325	227	309	261	287	281	104	191	215	231	198	123	177	229	199	171	169	151	41	60	48	11	0	7	3	0	0	0	0	0	0	0	0	338	330	315	379	343	302	351	332	337	124	116	186	253	253	239	314	309	309	305	348	296	345	335	383	382	422	412	401	391	384	348	336	396	388	379	379	378	325	321	381	66	38	97	88	67	5	0	0	0	0	0	0
290.00000745930663	1	0	1283	0	312	1252	258	3791	3426	3332	5492	1505	878	788	719	186	176	269	333	339	2	360	361	328	17	339	249	319	275	313	303	117	212	234	255	215	147	190	248	218	191	184	168	57	74	66	14	0	11	5	0	0	0	0	0	0	0	0	344	343	331	384	353	303	364	348	347	124	116	189	253	253	239	314	314	314	311	357	303	351	347	399	395	428	427	423	422	422	366	353	433	431	421	402	388	328	339	397	71	41	109	105	78	23	0	0	0	0	0	0
295.0000054171237	0	0	1271	0	326	1216	286	3811	3449	3355	5509	1522	898	814	742	190	180	281	342	350	1	375	377	341	8	360	275	334	290	337	320	138	237	250	279	237	167	205	274	243	222	205	184	73	99	85	16	0	17	11	0	0	0	0	0	0	0	0	353	346	343	403	356	309	368	359	358	133	131	200	266	261	239	314	314	314	314	365	337	389	383	420	401	451	441	430	428	427	401	385	452	441	433	433	431	349	374	413	71	63	125	110	86	48	13	10	4	0	0	0
300.00000031323293	0	0	1269	0	335	1219	291	3825	3465	3378	5537	1543	917	829	766	195	182	293	355	362	2	393	391	362	13	378	300	354	309	352	340	156	259	263	304	256	191	221	296	257	242	232	203	85	124	111	22	0	22	13	0	0	0	0	0	0	0	0	358	355	348	410	359	316	372	371	372	141	137	220	289	277	241	314	314	314	314	369	345	397	384	427	422	465	457	452	451	451	418	406	490	481	467	455	440	385	414	451	74	71	161	148	107	57	39	39	30	16	0	0
305.0000036247962	0	0	1261	0	341	1206	304	3852	3474	3384	5559	1557	933	842	782	205	195	301	368	375	7	407	416	377	14	397	316	369	323	368	357	174	284	286	330	276	206	241	322	280	257	253	228	101	146	134	23	0	30	22	0	0	0	2	0	0	0	0	364	359	355	417	367	316	384	376	392	148	137	222	296	284	260	316	314	314	314	369	364	423	421	479	443	475	473	471	471	468	424	412	491	491	490	490	479	432	457	498	87	71	178	172	110	78	71	70	62	42	3	1
310.00000057305033	0	0	1244	0	355	1212	314	3869	3489	3397	5579	1576	952	859	804	211	204	310	380	391	2	425	430	393	13	411	328	387	346	385	374	201	305	305	357	297	224	259	344	311	272	272	255	117	171	150	27	0	39	29	0	0	0	2	1	0	0	0	369	364	359	425	379	324	394	381	396	151	142	228	296	284	260	337	337	324	314	369	367	426	423	489	484	497	495	484	479	476	467	464	522	506	500	491	491	438	525	543	96	74	183	181	144	83	96	83	80	74	22	15
315.0000003045031	0	0	1230	0	366	1241	321	3888	3499	3413	5601	1593	964	879	820	218	210	316	392	405	3	438	443	410	15	430	347	403	358	409	392	219	322	327	382	318	242	285	366	338	285	287	275	135	192	165	33	1	47	38	0	0	0	4	3	0	0	0	372	370	364	431	382	334	407	382	407	155	153	247	310	296	282	347	338	337	336	381	369	437	435	505	495	520	505	500	498	498	480	475	566	564	553	533	508	481	541	615	106	80	192	186	172	88	114	114	114	98	56	39
320.0000071106603	0	0	1230	0	372	1244	340	3907	3518	3428	5624	1605	978	892	843	222	215	325	402	415	1	456	457	422	7	455	367	419	372	424	418	249	352	355	397	335	262	295	392	358	314	300	299	148	211	183	35	3	56	47	3	0	0	5	8	3	0	1	377	374	367	438	389	347	425	390	423	160	153	247	326	316	289	364	364	355	339	397	372	441	437	510	508	559	557	545	534	521	483	477	576	572	569	566	565	487	593	640	125	82	195	194	182	108	127	125	120	114	68	66
325.00000338488564	0	0	1224	0	380	1277	345	3930	3525	3437	5645	1620	998	909	866	225	221	337	415	423	6	472	472	437	8	468	386	444	391	442	433	280	370	373	418	358	285	315	409	382	336	313	324	168	230	206	35	5	63	53	5	0	0	12	10	8	0	1	381	377	369	440	401	355	444	413	445	164	154	247	331	327	313	385	366	364	340	400	379	443	438	517	516	581	579	569	565	563	517	500	597	583	580	579	572	517	604	701	130	104	219	198	187	117	155	140	129	126	80	75
330.0000069283616	0	0	1202	0	394	1284	363	3941	3540	3457	5655	1637	1018	923	881	234	227	345	425	435	5	485	488	448	10	483	400	460	407	467	445	303	387	394	435	387	300	331	432	405	356	342	347	190	255	226	42	6	68	60	10	0	0	15	16	12	0	4	389	383	376	445	411	363	455	438	458	172	155	247	331	331	330	412	394	376	343	402	379	444	438	517	517	604	598	594	587	583	532	515	605	601	601	601	583	521	616	710	139	124	238	234	194	141	168	167	162	156	85	88
335.0000177491141	0	0	1191	0	403	1288	367	3954	3555	3470	5668	1657	1035	942	893	240	235	353	437	446	4	499	498	458	15	500	425	471	430	485	460	327	408	412	451	411	316	346	453	423	383	357	363	214	275	249	47	8	73	67	13	0	2	20	17	18	0	6	401	392	381	451	418	366	460	452	458	172	155	247	331	331	330	418	418	416	388	425	400	475	469	536	520	614	611	607	606	605	558	548	637	632	620	610	601	522	616	724	139	129	277	256	198	151	178	178	178	169	124	129
340.000013986656	0	0	1176	0	414	1266	382	3965	3569	3488	5689	1675	1049	959	914	246	239	368	446	453	6	512	509	475	14	513	434	489	445	503	473	345	425	438	476	429	336	364	476	452	398	377	388	231	295	279	53	12	78	79	16	0	8	27	22	24	0	7	407	402	388	456	428	377	472	461	458	180	174	252	331	331	330	422	421	418	418	486	402	478	475	563	557	615	615	615	614	614	576	570	676	674	659	641	632	522	635	734	143	138	288	280	233	155	211	209	199	181	139	153
345.000000544553	0	0	1158	0	429	1251	376	3978	3584	3502	5703	1687	1057	974	926	251	246	377	462	463	7	521	529	492	17	526	450	499	463	513	489	362	441	460	497	450	353	382	486	475	417	398	413	251	314	299	58	13	85	90	24	0	16	30	27	30	0	13	411	407	397	465	434	391	488	466	461	181	174	275	360	355	334	424	423	422	422	491	408	482	478	567	563	620	617	616	616	615	614	612	718	705	686	675	674	533	644	759	144	140	308	303	254	190	227	227	226	213	147	163
350.0000021291191	0	0	1157	0	436	1241	379	3992	3600	3521	5719	1707	1077	988	941	258	247	382	473	468	7	537	541	507	20	542	465	516	474	526	508	391	463	478	521	468	373	404	507	493	437	413	436	278	337	321	63	13	90	100	34	0	21	33	31	33	4	15	413	408	400	475	441	398	502	484	475	184	175	276	367	359	346	424	424	424	423	499	438	508	491	572	569	657	642	632	627	622	616	614	739	741	736	719	703	554	648	782	152	143	315	310	279	192	254	244	234	228	155	178
355.00000126221425	0	0	1147	0	454	1215	396	4003	3610	3525	5735	1718	1094	1003	961	262	256	385	485	474	5	560	552	520	12	553	490	531	494	545	519	410	477	492	534	484	394	424	535	517	452	433	459	295	346	349	69	17	96	111	40	0	27	39	34	37	9	21	418	410	402	477	443	401	513	498	494	186	175	276	368	360	348	442	437	427	424	502	460	529	504	574	569	669	669	668	664	657	624	617	746	746	744	740	741	611	665	783	156	144	324	319	302	209	294	292	285	256	201	212
360.0000028927216	0	0	1141	0	465	1236	407	4013	3622	3535	5751	1728	1104	1022	980	268	259	392	498	485	4	569	569	528	16	570	506	542	514	560	536	425	495	507	555	496	412	436	561	548	475	450	484	322	366	375	77	20	105	116	48	0	32	46	44	43	12	26	420	414	403	479	446	411	517	508	511	193	180	285	369	362	350	448	445	445	439	520	488	566	559	644	604	678	674	670	670	670	660	649	770	750	746	745	746	621	683	809	156	150	335	329	309	223	302	299	296	294	233	275
365.0000094931077	0	0	1139	0	471	1250	425	4025	3633	3544	5767	1741	1119	1033	989	272	264	399	509	493	4	585	578	539	11	582	520	559	531	578	549	449	504	528	574	520	429	451	585	565	494	472	503	342	390	396	81	25	116	124	53	2	34	51	53	52	13	31	421	421	411	482	453	423	519	512	523	200	182	286	380	380	371	468	452	450	447	538	506	591	586	682	662	680	679	679	678	678	669	670	805	799	779	773	751	702	750	829	164	152	343	338	320	257	327	325	320	304	260	295
370.00000766490786	1	0	1126	0	484	1280	427	4036	3643	3555	5778	1755	1140	1049	1012	280	268	403	515	506	4	603	590	547	14	592	536	572	546	591	565	471	514	550	594	542	447	466	605	581	513	490	522	366	407	420	81	27	127	136	57	3	41	60	58	64	15	41	422	421	420	491	460	436	534	515	533	209	200	306	391	383	380	479	475	475	453	547	529	614	606	691	684	715	691	681	680	680	678	674	813	813	809	807	794	732	760	903	169	152	346	343	329	264	352	341	335	329	264	307
375.00000444765107	0	0	1134	0	482	1283	446	4049	3655	3566	5794	1769	1156	1060	1034	286	272	409	532	514	14	613	607	556	8	605	554	587	561	609	578	493	530	571	609	564	466	485	633	593	532	513	546	389	424	440	85	32	145	145	64	6	46	68	63	67	17	45	429	423	421	497	467	446	550	533	555	231	222	334	418	413	404	490	488	487	476	572	535	624	619	715	704	776	752	737	725	715	679	675	817	814	813	813	813	761	806	917	181	157	347	346	338	270	386	386	377	354	286	319
380.00000265781944	0	0	1128	0	495	1335	446	4065	3666	3581	5806	1786	1172	1068	1053	289	274	417	537	524	10	627	616	563	19	616	564	596	580	624	594	514	541	583	620	580	483	508	655	614	551	533	568	411	440	459	85	37	158	153	71	8	55	75	66	70	21	50	436	436	424	499	476	450	571	544	573	233	223	334	427	418	406	518	512	498	488	579	542	633	626	731	722	799	798	792	785	781	728	720	842	823	818	817	814	767	843	959	187	160	347	347	343	283	391	390	390	387	327	374
385.00000199181824	0	0	1116	0	508	1358	458	4078	3675	3590	5818	1796	1180	1083	1071	296	280	424	544	531	6	638	625	573	14	626	573	605	592	643	616	542	559	600	628	593	503	524	672	639	571	544	597	434	460	482	88	46	167	165	74	16	61	84	73	77	29	57	436	436	436	510	478	459	577	557	580	233	223	334	427	418	406	520	519	518	515	608	554	656	648	748	736	820	813	805	802	798	782	774	902	890	875	850	824	773	852	1005	203	175	351	347	346	324	409	404	398	393	351	396
390.0000031716363	0	0	1115	0	515	1369	460	4085	3688	3593	5831	1809	1195	1101	1087	305	292	431	550	542	11	652	641	585	17	637	588	634	608	655	635	556	580	617	645	611	520	539	690	665	583	563	613	453	480	500	94	50	174	175	82	21	70	96	83	87	35	62	436	436	436	514	479	472	579	571	596	242	228	334	427	418	406	521	521	520	519	625	587	690	674	769	759	844	837	833	828	822	798	792	948	946	929	909	889	775	859	1017	211	175	377	372	347	332	432	418	415	411	358	423
395.00001704591784	0	0	1098	0	530	1347	467	4093	3697	3601	5841	1820	1207	1118	1102	307	299	434	565	553	4	671	655	591	18	653	605	649	623	674	656	575	598	631	667	630	542	559	721	685	608	580	633	470	501	535	96	61	178	182	95	28	80	107	94	93	38	67	439	437	436	515	482	484	594	578	611	254	247	353	439	432	421	522	522	522	521	634	614	719	704	800	778	863	857	851	847	845	809	798	952	951	950	948	944	791	863	1038	216	175	383	381	347	338	471	471	458	432	366	428
400.00000332045295	0	0	1096	0	539	1320	467	4104	3704	3617	5851	1827	1217	1125	1119	312	302	443	576	566	8	680	669	605	16	667	615	664	645	688	678	601	618	656	689	654	562	580	736	704	621	603	652	493	523	561	101	62	188	186	107	33	86	113	102	96	45	79	444	439	437	516	486	487	615	588	625	256	247	361	466	467	460	549	531	522	522	637	630	746	744	845	828	887	879	873	868	864	848	845	1006	988	964	954	950	839	890	1043	222	209	404	383	369	345	477	477	473	473	402	461
405.00000190348084	0	0	1088	0	553	1343	470	4111	3711	3629	5869	1838	1228	1137	1128	317	310	449	587	582	4	692	677	616	20	680	625	678	656	707	691	623	645	679	707	671	581	601	760	722	644	623	674	508	544	585	108	70	198	189	111	36	92	122	107	107	57	91	448	445	439	518	498	490	621	610	635	264	260	377	466	467	467	579	574	552	524	644	635	753	744	859	859	909	894	889	888	888	867	854	1027	1027	1023	1010	986	937	978	1071	224	213	436	425	381	347	494	490	487	478	443	514
410.00000112082495	1	0	1078	0	556	1384	476	4126	3720	3636	5883	1846	1239	1146	1141	326	315	456	599	592	9	701	694	624	26	689	638	697	672	723	704	640	665	701	728	688	596	619	788	740	660	640	695	525	557	603	113	71	205	194	121	48	107	134	117	117	61	110	451	449	447	522	502	496	625	621	644	265	260	380	490	488	481	592	590	580	568	669	636	754	750	865	864	954	935	922	914	910	887	882	1064	1060	1029	1027	1027	952	1080	1152	228	222	454	441	384	347	508	508	501	494	472	547
415.00000686143557	0	0	1076	0	564	1436	509	4132	3730	3648	5899	1856	1254	1158	1161	329	323	464	607	597	6	716	702	634	17	705	653	715	685	744	716	665	677	719	748	703	611	637	803	760	684	657	712	546	580	630	118	73	213	207	131	58	121	144	125	126	68	120	454	451	447	530	512	502	632	624	658	267	263	381	492	492	492	612	607	596	592	708	638	756	750	867	867	993	986	974	964	957	908	897	1075	1068	1067	1065	1057	983	1110	1252	243	223	466	457	417	348	515	513	512	508	484	572
420.000006019059	0	0	1059	0	572	1458	515	4138	3739	3657	5913	1870	1268	1169	1173	337	326	475	620	602	5	731	716	647	10	722	661	731	706	764	739	682	688	738	770	721	623	661	823	779	705	669	730	558	608	655	124	77	223	215	138	73	129	156	136	135	77	131	464	457	451	530	515	508	647	628	671	276	264	387	501	501	494	627	623	615	608	724	638	757	753	870	870	1001	998	996	996	994	946	933	1110	1106	1088	1079	1069	991	1116	1301	264	228	478	468	441	378	525	523	521	517	499	592
425.0000236470378	0	0	1043	0	583	1449	519	4147	3749	3666	5926	1882	1285	1180	1189	344	330	480	636	607	5	740	726	657	13	740	684	749	723	777	748	704	706	753	789	739	644	676	843	801	727	682	754	576	632	681	131	84	235	224	145	81	134	166	147	141	85	144	471	466	459	540	515	517	653	646	681	281	265	387	502	502	500	633	627	627	626	755	643	764	754	873	873	1006	1005	1004	1004	1003	968	959	1148	1137	1121	1112	1103	1045	1117	1309	269	240	492	484	457	383	535	530	530	526	512	620
430.00000093487546	0	0	1035	0	589	1435	527	4158	3762	3675	5936	1898	1295	1197	1203	350	335	486	650	613	12	752	733	671	17	748	702	769	733	793	768	725	727	772	808	765	675	703	865	817	747	713	775	602	656	701	137	89	248	230	150	91	149	181	160	151	89	157	475	472	466	551	516	520	664	650	692	281	265	387	504	502	500	638	637	634	627	765	657	782	777	893	884	1014	1010	1006	1006	1006	993	984	1165	1152	1149	1148	1134	1085	1151	1317	269	250	505	504	468	391	571	570	562	537	520	622
435.0000042806197	0	0	1013	0	603	1422	532	4171	3773	3689	5948	1906	1303	1208	1217	360	342	489	664	629	8	763	745	687	18	774	715	783	745	814	783	739	750	789	822	782	696	727	885	831	761	735	790	615	673	723	144	91	259	237	163	97	163	188	174	162	100	169	476	475	472	558	518	532	675	662	704	294	280	403	505	505	500	639	638	638	638	774	688	817	801	904	899	1021	1020	1015	1015	1014	1006	1006	1203	1199	1180	1166	1154	1117	1228	1345	273	268	536	509	484	429	581	576	575	571	530	650
440.0000026955441	1	0	996	0	614	1450	541	4180	3780	3701	5956	1915	1318	1222	1229	367	345	492	676	639	7	775	759	703	21	794	727	794	756	838	800	752	764	815	847	805	725	742	903	849	792	752	821	640	697	737	149	96	273	247	167	107	176	204	182	168	107	182	484	478	475	566	524	539	684	674	705	295	282	403	522	519	502	640	640	638	639	782	712	840	813	915	903	1034	1027	1023	1022	1022	1015	1014	1219	1219	1214	1207	1194	1145	1254	1423	283	269	555	550	504	446	604	596	590	583	553	668
445.00001155473893	0	0	981	0	625	1466	555	4186	3785	3712	5974	1924	1327	1236	1242	370	352	504	680	651	12	782	776	717	18	809	741	812	773	855	818	768	774	836	869	818	743	758	924	877	812	773	845	654	714	765	154	103	281	258	173	113	183	216	195	181	115	188	493	486	478	570	530	546	702	682	714	309	301	424	536	525	502	640	640	640	640	784	762	894	874	982	940	1051	1048	1043	1042	1037	1022	1021	1220	1219	1219	1219	1218	1157	1281	1460	299	272	559	559	511	448	643	640	630	606	575	708
450.0000065376387	0	0	965	0	637	1485	577	4196	3795	3721	5983	1937	1343	1251	1255	373	358	514	694	656	8	793	786	735	16	826	753	824	794	870	829	786	784	855	884	835	760	780	940	902	834	796	860	670	736	787	157	104	288	263	179	125	189	223	206	188	124	201	496	493	488	580	531	548	718	696	721	311	301	427	540	527	505	640	640	640	640	789	776	912	912	1039	1012	1055	1052	1051	1051	1051	1030	1024	1235	1233	1229	1221	1219	1162	1313	1491	306	277	559	559	549	476	652	652	652	644	588	720
455.00002608511585	1	0	950	0	650	1493	588	4204	3801	3731	5993	1942	1352	1258	1266	376	363	520	703	667	6	802	796	746	18	839	765	838	803	888	844	801	804	879	900	849	780	795	972	928	853	817	883	686	755	810	164	109	297	274	187	135	199	234	217	204	133	212	502	500	493	589	542	549	728	714	728	316	303	427	540	532	521	655	642	640	640	795	781	916	912	1040	1039	1092	1074	1065	1059	1055	1051	1046	1246	1238	1237	1235	1234	1190	1348	1523	308	277	559	559	558	485	672	660	653	652	596	727
460.0000005714169	0	0	945	0	653	1487	590	4211	3811	3736	6007	1949	1363	1269	1283	383	364	532	712	677	12	815	807	761	23	854	777	852	823	909	865	817	822	902	911	866	802	807	992	953	875	836	896	705	780	835	172	110	307	279	201	138	207	247	228	214	141	220	510	502	495	592	549	550	735	725	736	316	306	433	550	550	550	675	660	659	642	798	782	918	916	1040	1040	1159	1137	1117	1104	1093	1060	1057	1271	1270	1261	1251	1239	1217	1389	1559	313	306	586	562	559	494	697	694	693	673	605	728
465.0000065300882	0	0	943	0	658	1495	602	4218	3818	3740	6015	1958	1372	1282	1304	390	366	537	723	688	12	825	821	773	20	862	793	865	840	921	887	828	843	919	934	882	826	820	1023	977	895	854	921	727	801	864	177	114	319	288	209	144	215	256	241	221	153	236	517	509	497	595	558	560	743	731	757	337	328	457	565	561	552	694	694	682	667	819	784	920	917	1046	1041	1193	1191	1177	1165	1154	1075	1063	1284	1281	1274	1271	1270	1235	1394	1608	319	308	616	605	559	514	703	701	700	697	640	765
470.00000320216236	0	0	934	0	670	1518	600	4228	3825	3750	6024	1963	1381	1297	1318	394	371	546	732	699	8	837	833	783	28	874	804	882	850	938	901	847	862	940	953	895	845	829	1041	1000	913	871	950	755	815	898	180	121	327	292	216	149	231	266	250	233	161	250	522	516	503	599	567	562	748	733	782	344	329	457	581	572	558	694	694	694	694	838	785	921	917	1047	1047	1196	1196	1180	1168	1157	1097	1085	1308	1300	1284	1285	1281	1238	1431	1619	330	312	630	621	564	553	712	713	712	705	661	782
475.0000002972544	0	0	936	0	678	1498	629	4236	3833	3757	6033	1976	1387	1308	1327	400	376	552	746	704	9	848	849	797	20	883	818	897	864	955	918	869	884	966	969	909	857	846	1056	1018	929	900	966	779	837	923	185	125	338	303	223	155	244	278	263	246	172	263	523	522	514	607	573	569	753	744	808	355	346	465	586	586	585	717	697	694	694	859	786	922	920	1051	1047	1202	1199	1198	1197	1193	1142	1129	1338	1326	1312	1308	1298	1269	1456	1658	331	319	638	636	606	559	742	738	727	713	676	802
480.00000359203017	0	0	932	0	688	1507	648	4244	3841	3764	6045	1981	1398	1321	1343	404	381	555	757	711	10	857	855	811	12	895	840	905	877	966	938	894	904	983	983	923	870	860	1084	1042	946	926	984	798	865	952	186	129	347	313	227	165	257	291	271	254	177	274	527	524	521	619	583	580	759	757	828	380	378	505	610	602	588	732	732	726	700	863	794	928	923	1059	1055	1212	1209	1205	1203	1202	1190	1186	1390	1374	1356	1341	1324	1274	1487	1695	342	330	646	641	621	559	789	783	768	743	703	840
485.0000047231745	0	0	921	0	698	1529	640	4249	3848	3772	6055	1988	1405	1334	1355	408	387	565	766	720	11	869	864	821	19	906	855	917	890	990	954	910	923	1000	1001	941	878	881	1118	1058	974	949	1001	817	889	977	189	136	355	326	234	175	266	297	283	261	186	282	531	527	523	624	589	594	775	760	844	382	378	510	628	618	606	734	734	732	717	866	795	930	925	1059	1059	1212	1212	1212	1212	1212	1204	1204	1432	1427	1412	1393	1367	1280	1496	1719	347	332	669	663	636	559	809	803	802	790	721	878
490.00000923420123	0	0	917	0	703	1534	637	4257	3857	3781	6067	1998	1420	1347	1363	412	392	570	771	730	10	877	877	833	26	915	865	931	903	1009	967	929	942	1024	1020	957	889	894	1145	1080	997	973	1018	840	903	1014	197	144	364	334	247	180	280	305	294	274	196	294	540	533	527	633	592	599	796	766	851	388	386	526	634	624	609	756	751	737	734	904	825	959	945	1067	1059	1223	1221	1219	1213	1212	1212	1207	1451	1446	1441	1436	1424	1312	1505	1751	355	338	673	672	641	566	813	813	812	809	752	902
495.0000058632784	0	0	908	0	708	1531	665	4261	3863	3788	6076	2012	1443	1357	1378	415	396	573	775	742	13	889	887	843	15	930	882	946	919	1023	983	941	957	1036	1038	975	910	907	1167	1109	1020	991	1041	858	925	1044	203	148	378	340	257	183	292	318	308	284	201	306	545	543	533	637	596	604	811	782	856	388	386	526	647	636	611	759	759	759	738	905	834	974	971	1103	1089	1230	1230	1229	1226	1224	1215	1208	1455	1454	1454	1451	1447	1344	1514	1770	359	343	681	673	665	588	817	815	814	813	800	955
500.0000004040073	0	0	889	0	722	1566	660	4269	3867	3791	6083	2015	1448	1364	1390	417	403	580	784	754	4	898	896	851	30	948	896	957	934	1033	1006	959	980	1049	1054	1000	924	930	1196	1133	1037	1015	1061	881	955	1069	209	152	390	353	272	190	305	331	319	290	213	319	545	544	544	647	603	608	815	805	868	390	386	526	648	636	611	759	759	759	757	929	855	998	983	1108	1103	1232	1232	1232	1232	1231	1217	1211	1464	1461	1456	1456	1454	1413	1549	1788	362	347	683	683	672	600	821	817	817	817	811	990
505.0000132904498	0	0	885	0	723	1532	694	4273	3875	3795	6089	2024	1461	1374	1396	421	407	587	796	766	12	909	910	862	16	959	911	969	952	1047	1020	975	1005	1063	1069	1020	951	956	1225	1151	1058	1038	1092	901	983	1103	214	160	402	362	280	204	317	342	325	304	218	329	553	547	545	656	607	617	820	815	882	402	388	528	651	641	624	759	759	759	759	935	857	998	993	1136	1115	1262	1247	1237	1233	1232	1220	1213	1467	1465	1465	1464	1462	1453	1632	1819	365	347	688	683	673	615	851	845	841	823	814	1001
510.00000153684454	0	0	870	0	735	1532	709	4277	3884	3802	6096	2026	1471	1384	1410	427	416	600	807	778	9	918	923	870	10	975	922	977	965	1063	1039	992	1018	1076	1093	1037	964	968	1242	1175	1074	1063	1108	920	1011	1134	219	162	407	371	295	212	328	350	337	311	232	346	557	555	550	657	619	621	830	818	893	420	413	538	651	641	628	780	766	759	759	939	878	1020	1015	1141	1136	1282	1282	1276	1272	1262	1233	1226	1472	1471	1470	1467	1465	1456	1692	1899	371	348	690	690	683	642	867	867	866	854	817	1011
515.0000035767201	0	0	864	0	742	1563	713	4288	3898	3806	6107	2035	1483	1393	1424	431	420	610	823	782	11	927	933	884	17	989	938	989	977	1079	1058	1008	1033	1086	1116	1058	974	979	1262	1190	1102	1080	1128	933	1036	1149	224	165	416	381	302	218	338	360	349	320	245	361	557	557	556	664	625	626	835	827	897	429	429	575	694	673	637	781	781	780	761	942	883	1029	1016	1160	1159	1294	1284	1282	1282	1282	1248	1242	1506	1504	1488	1476	1471	1461	1701	1973	395	351	696	694	683	660	893	884	877	867	829	1029
520.000021827959	0	0	850	0	746	1571	704	4293	3903	3814	6122	2041	1493	1403	1433	437	424	619	831	791	13	936	943	903	28	999	952	1009	989	1095	1074	1025	1049	1099	1131	1074	1000	994	1286	1210	1123	1100	1148	949	1065	1175	228	169	425	384	314	227	354	369	362	335	256	376	565	559	557	669	631	632	845	834	902	432	432	579	710	701	689	814	787	780	761	943	912	1059	1043	1173	1160	1321	1321	1311	1303	1296	1255	1250	1514	1513	1511	1508	1503	1462	1715	1988	406	363	700	697	690	671	915	913	909	894	856	1063
525.0000023995455	0	0	849	0	754	1566	714	4303	3910	3820	6129	2053	1501	1413	1449	443	427	626	840	805	12	945	949	911	25	1012	961	1028	1011	1114	1093	1043	1064	1119	1161	1090	1010	1008	1308	1226	1143	1117	1170	971	1089	1204	234	174	436	397	329	237	367	381	373	348	267	392	573	567	561	671	640	645	860	840	929	437	432	579	710	701	689	845	845	829	799	957	943	1102	1100	1242	1198	1343	1330	1323	1321	1321	1300	1295	1564	1552	1529	1517	1514	1473	1720	2009	412	381	721	716	694	674	947	945	932	916	874	1094
530.0000018884706	0	0	840	0	765	1517	731	4313	3920	3828	6135	2066	1510	1425	1459	444	432	634	846	813	12	955	960	917	11	1021	974	1044	1021	1126	1103	1063	1078	1134	1186	1112	1032	1033	1327	1243	1159	1138	1192	987	1114	1233	242	180	446	406	336	249	376	392	385	363	275	410	576	573	566	679	647	650	870	857	953	438	432	579	710	701	689	845	846	846	845	1018	949	1108	1104	1257	1252	1350	1350	1349	1349	1345	1322	1321	1610	1601	1581	1568	1548	1504	1737	2021	414	386	746	741	698	683	958	954	951	946	894	1111
535.0000001205308	0	0	831	0	770	1513	734	4324	3927	3836	6140	2075	1518	1440	1469	450	439	644	855	821	15	962	973	930	20	1038	986	1056	1031	1146	1113	1083	1100	1154	1212	1133	1042	1047	1343	1259	1177	1160	1215	1011	1129	1252	244	189	457	418	351	255	392	402	395	378	290	427	584	577	568	681	660	663	879	869	959	443	433	579	710	701	689	850	849	846	846	1039	966	1121	1106	1259	1259	1391	1373	1363	1355	1351	1349	1347	1626	1619	1610	1610	1597	1518	1750	2045	418	410	782	757	714	687	977	972	961	957	927	1147
540.00000235989	0	0	812	0	787	1524	761	4334	3930	3843	6148	2082	1526	1453	1479	455	447	648	865	835	11	970	980	937	20	1054	1003	1072	1044	1165	1128	1097	1115	1176	1234	1148	1059	1065	1361	1275	1199	1178	1241	1029	1154	1279	249	196	466	423	362	263	402	411	407	391	301	441	591	587	572	686	660	675	893	874	969	448	434	579	710	701	689	851	851	850	848	1041	987	1142	1136	1292	1271	1443	1434	1417	1402	1394	1359	1354	1647	1642	1634	1630	1617	1571	1756	2060	426	414	792	783	738	690	987	983	979	977	949	1179
545.000005400035	0	0	801	0	798	1529	762	4339	3937	3850	6153	2096	1544	1465	1498	466	448	655	874	841	9	984	993	954	19	1071	1023	1083	1059	1186	1142	1120	1134	1197	1256	1166	1073	1075	1380	1292	1223	1194	1251	1048	1174	1301	254	197	476	436	371	277	414	420	417	398	313	454	605	594	587	694	666	683	903	892	976	452	434	579	726	721	712	851	851	851	851	1041	1007	1168	1154	1296	1292	1454	1448	1445	1446	1446	1394	1381	1676	1671	1654	1647	1643	1605	1777	2069	427	418	802	796	756	696	999	996	994	990	962	1205
550.0000029778296	0	0	788	0	808	1501	761	4349	3944	3859	6164	2107	1551	1478	1516	478	454	668	880	850	11	996	1010	967	24	1089	1032	1098	1073	1202	1152	1131	1143	1219	1279	1173	1093	1101	1401	1311	1244	1216	1269	1072	1197	1327	262	201	480	442	380	289	424	437	432	408	324	466	616	607	595	706	670	690	915	903	985	469	453	590	726	726	725	887	868	853	851	1046	1040	1203	1191	1334	1312	1467	1458	1455	1455	1455	1436	1424	1712	1699	1684	1679	1669	1631	1791	2088	431	425	811	809	784	697	1009	1007	1000	999	979	1235
555.0000131413559	0	0	785	0	811	1501	783	4358	3950	3870	6172	2112	1558	1486	1530	490	458	674	886	859	20	1006	1023	982	21	1098	1041	1115	1082	1221	1166	1152	1161	1236	1293	1195	1112	1118	1420	1325	1266	1237	1295	1090	1221	1349	266	205	493	453	391	298	434	454	445	423	338	483	622	619	606	716	672	694	933	912	993	470	456	606	749	740	727	895	895	890	866	1048	1045	1213	1200	1358	1358	1489	1489	1480	1474	1469	1440	1433	1740	1738	1726	1716	1697	1650	1881	2103	434	426	817	816	798	699	1013	1013	1011	1009	993	1238
560.0000046778422	0	0	779	0	817	1540	782	4367	3961	3882	6182	2122	1569	1501	1540	493	463	687	899	872	22	1021	1042	993	29	1113	1053	1136	1097	1242	1179	1170	1175	1248	1314	1218	1130	1134	1444	1347	1289	1259	1316	1106	1240	1381	268	207	501	463	400	308	445	466	453	429	349	494	625	625	621	728	679	699	942	929	1015	476	465	619	759	745	729	897	896	896	895	1089	1048	1225	1221	1381	1369	1510	1494	1489	1489	1489	1452	1439	1745	1742	1741	1741	1738	1677	1944	2191	441	429	826	821	809	725	1014	1014	1014	1014	1000	1260
565.0000065511812	0	0	752	0	838	1586	795	4376	3966	3887	6188	2131	1579	1512	1554	496	468	697	910	883	13	1034	1051	1008	25	1129	1066	1148	1111	1254	1193	1183	1194	1263	1329	1229	1148	1154	1466	1363	1302	1289	1343	1121	1258	1404	275	212	510	472	414	320	454	474	472	441	361	510	626	625	625	743	682	702	947	942	1027	484	473	633	762	753	730	897	897	897	896	1096	1048	1227	1224	1382	1382	1551	1536	1523	1517	1510	1474	1467	1774	1762	1748	1745	1743	1688	1963	2265	465	433	828	828	815	741	1022	1015	1014	1014	1010	1283
570.0000009231848	0	0	734	0	855	1606	810	4386	3974	3897	6195	2136	1587	1526	1567	503	469	703	919	887	15	1051	1067	1012	20	1139	1088	1160	1127	1275	1208	1201	1216	1280	1347	1240	1168	1177	1485	1390	1325	1311	1362	1133	1276	1431	279	215	518	479	429	332	464	487	490	452	373	517	636	630	625	748	686	708	954	946	1039	489	474	633	771	754	730	897	897	897	897	1098	1063	1237	1224	1386	1386	1575	1558	1557	1557	1550	1508	1498	1794	1782	1778	1775	1760	1688	1990	2288	474	437	840	836	821	769	1063	1052	1043	1024	1014	1295
575.0000008793609	0	0	724	0	867	1587	819	4394	3982	3906	6198	2148	1600	1541	1581	511	476	711	927	893	7	1063	1079	1021	18	1149	1103	1172	1144	1302	1225	1215	1227	1300	1363	1267	1182	1189	1501	1408	1351	1330	1380	1152	1293	1455	286	219	525	490	432	340	474	504	505	465	384	538	638	638	628	750	693	717	956	956	1049	502	492	641	772	754	730	897	897	897	897	1098	1094	1271	1267	1417	1396	1583	1581	1582	1580	1577	1556	1551	1848	1827	1808	1796	1783	1688	1991	2322	478	461	843	843	828	792	1080	1069	1063	1063	1014	1301
580.0000326024866	1	0	738	0	856	1561	815	4397	3985	3918	6210	2156	1608	1554	1597	517	480	722	931	900	23	1077	1090	1035	22	1158	1107	1191	1165	1320	1245	1228	1246	1315	1376	1287	1201	1196	1526	1418	1379	1348	1396	1176	1310	1474	292	222	533	499	439	349	487	516	516	476	396	559	643	639	634	754	705	728	966	956	1064	513	509	664	791	767	732	898	898	897	897	1098	1095	1273	1267	1432	1432	1590	1585	1583	1583	1583	1580	1569	1873	1870	1870	1851	1824	1688	1997	2336	484	470	875	864	834	811	1116	1104	1095	1079	1022	1311
585.000000021693	0	0	735	0	864	1550	818	4410	3990	3927	6220	2159	1620	1566	1605	524	484	726	938	909	22	1091	1101	1043	23	1169	1113	1204	1178	1332	1256	1243	1263	1336	1392	1304	1214	1217	1548	1442	1405	1373	1423	1192	1330	1498	302	229	542	509	449	359	504	528	526	484	410	577	646	645	639	761	720	743	976	962	1079	517	509	673	818	793	759	898	898	898	898	1099	1095	1274	1268	1432	1432	1607	1594	1591	1591	1591	1583	1583	1898	1896	1892	1876	1870	1756	2006	2345	486	476	898	885	843	817	1132	1127	1126	1115	1033	1326
590.0000048298498	0	0	722	0	877	1535	827	4417	3995	3936	6228	2170	1637	1586	1618	530	488	735	946	915	15	1097	1109	1054	23	1180	1124	1221	1191	1342	1277	1261	1287	1348	1412	1325	1235	1235	1579	1464	1420	1401	1442	1222	1353	1515	307	235	550	519	455	367	514	544	542	490	421	594	654	649	645	766	730	748	992	973	1100	527	517	674	820	811	799	944	919	902	898	1102	1095	1274	1270	1437	1432	1644	1634	1621	1616	1611	1590	1591	1913	1909	1909	1903	1896	1812	2008	2354	488	482	906	900	861	824	1156	1155	1151	1135	1041	1335
595.0000016738555	0	0	712	0	885	1527	830	4426	4006	3950	6237	2181	1644	1595	1626	533	493	746	956	921	14	1116	1119	1063	23	1192	1141	1241	1209	1357	1293	1292	1299	1367	1434	1336	1251	1256	1596	1487	1442	1424	1465	1248	1372	1537	314	237	556	525	472	372	527	552	554	501	443	603	661	654	649	771	744	753	997	987	1108	528	517	684	832	823	801	974	972	958	927	1114	1096	1274	1270	1437	1432	1645	1645	1644	1644	1644	1617	1610	1928	1923	1921	1915	1909	1851	2056	2357	489	486	913	906	884	828	1167	1167	1158	1156	1103	1379
600.0000014444637	0	0	699	0	896	1571	850	4431	4010	3960	6246	2186	1653	1607	1637	541	497	754	964	935	16	1127	1127	1072	21	1200	1153	1256	1226	1370	1306	1303	1312	1390	1454	1361	1270	1271	1613	1505	1463	1445	1484	1268	1392	1573	321	244	562	536	488	377	547	563	562	510	456	614	673	665	654	779	749	759	999	997	1127	538	524	695	843	842	842	993	975	975	973	1163	1097	1274	1270	1442	1437	1648	1647	1647	1645	1645	1644	1642	1962	1952	1940	1930	1923	1862	2100	2400	493	487	923	923	900	831	1169	1167	1167	1167	1128	1412
