>time	Ribosome	coli Pol	coli Pol-P	coli Pol-2.0	coli Pol-P-2.0	gp1	gp1-3.5	gp0.3	gp0.4	gp0.5	gp0.6A	gp0.7	gp1.1	gp1.2	gp1.3	gp1.4	gp1.5	gp1.6	gp1.7	gp1.8	gp2.0	gp2.5	gp2.8	gp3.0	gp3.5	gp3.8	gp4A	gp4.2	gp4.3	gp4.5	gp4.7	gp5.0	gp5.3	gp5.5	gp5.7	gp5.9	gp6.0	gp6.3	gp6.5	gp6.7	gp7	gp7.3	gp7.7	gp8	gp9	gp10A	gp11	gp12	gp13	gp14	gp15	gp16	gp17	gp17.5	gp18	gp18.5	gp19	gp19.5	RNA: gp0.3	RNA: gp0.4	RNA: gp0.5	RNA: gp0.6A	RNA: gp0.7	RNA: gp1	RNA: gp1.1	RNA: gp1.2	RNA: gp1.3	RNA: gp1.4	RNA: gp1.5	RNA: gp1.6	RNA: gp1.7	RNA: gp1.8	RNA: gp2.0	RNA: gp2.5	RNA: gp2.8	RNA: gp3.0	RNA: gp3.5	RNA: gp3.8	RNA: gp4A	RNA: gp4.2	RNA: gp4.3	RNA: gp4.5	RNA: gp4.7	RNA: gp5.0	RNA: gp5.3	RNA: gp5.5	RNA: gp5.7	RNA: gp5.9	RNA: gp6.0	RNA: gp6.3	RNA: gp6.5	RNA: gp6.7	RNA: gp7	RNA: gp7.3	RNA: gp7.7	RNA: gp8	RNA: gp9	RNA: gp10A	RNA: gp11	RNA: gp12	RNA: gp13	RNA: gp14	RNA: gp15	RNA: gp16	RNA: gp17	RNA: gp17.5	RNA: gp18	RNA: gp18.5	RNA: gp19	RNA: gp19.5	NumColiPoly:	4	NumT7Poly	2	NumOfTimePoints:	121	NumOfProteins:	58	NumOfCoding	52
0.014961264029798483	2500	1800	0	0	0	0	0	0	0	0	0	0	0	0	0	0	0	0	0	0	0	0	0	0	0	0	0	0	0	0	0	0	0	0	0	0	0	0	0	0	0	0	0	0	0	0	0	0	0	0	0	0	0	0	0	0	0	0	0	0	0	0	0	0	0	0	0	0	0	0	0	0	0	0	0	0	0	0	0	0	0	0	0	0	0	0	0	0	0	0	0	0	0	0	0	0	0	0	0	0	0	0	0	0	0	0	0	0	0	0
5.006834033483419	2500	1800	0	0	0	0	0	0	0	0	0	0	0	0	0	0	0	0	0	0	0	0	0	0	0	0	0	0	0	0	0	0	0	0	0	0	0	0	0	0	0	0	0	0	0	0	0	0	0	0	0	0	0	0	0	0	0	0	0	0	0	0	0	0	0	0	0	0	0	0	0	0	0	0	0	0	0	0	0	0	0	0	0	0	0	0	0	0	0	0	0	0	0	0	0	0	0	0	0	0	0	0	0	0	0	0	0	0	0	0
10.000508762245344	2500	1796	0	0	0	0	0	0	0	0	0	0	0	0	0	0	0	0	0	0	0	0	0	0	0	0	0	0	0	0	0	0	0	0	0	0	0	0	0	0	0	0	0	0	0	0	0	0	0	0	0	0	0	0	0	0	0	0	0	0	0	0	0	0	0	0	0	0	0	0	0	0	0	0	0	0	0	0	0	0	0	0	0	0	0	0	0	0	0	0	0	0	0	0	0	0	0	0	0	0	0	0	0	0	0	0	0	0	0	0
15.011406518439108	2500	1789	0	0	0	0	0	0	0	0	0	0	0	0	0	0	0	0	0	0	0	0	0	0	0	0	0	0	0	0	0	0	0	0	0	0	0	0	0	0	0	0	0	0	0	0	0	0	0	0	0	0	0	0	0	0	0	0	0	0	0	0	0	0	0	0	0	0	0	0	0	0	0	0	0	0	0	0	0	0	0	0	0	0	0	0	0	0	0	0	0	0	0	0	0	0	0	0	0	0	0	0	0	0	0	0	0	0	0	0
20.004715960384758	2497	1787	0	0	0	0	0	0	0	0	0	0	0	0	0	0	0	0	0	0	0	0	0	0	0	0	0	0	0	0	0	0	0	0	0	0	0	0	0	0	0	0	0	0	0	0	0	0	0	0	0	0	0	0	0	0	0	0	0	0	0	0	0	0	0	0	0	0	0	0	0	0	0	0	0	0	0	0	0	0	0	0	0	0	0	0	0	0	0	0	0	0	0	0	0	0	0	0	0	0	0	0	0	0	0	0	0	0	0	0
25.00129023771347	2492	1779	0	0	0	0	0	0	0	0	0	0	0	0	0	0	0	0	0	0	0	0	0	0	0	0	0	0	0	0	0	0	0	0	0	0	0	0	0	0	0	0	0	0	0	0	0	0	0	0	0	0	0	0	0	0	0	0	0	0	0	0	0	0	0	0	0	0	0	0	0	0	0	0	0	0	0	0	0	0	0	0	0	0	0	0	0	0	0	0	0	0	0	0	0	0	0	0	0	0	0	0	0	0	0	0	0	0	0	0
30.00040916444878	2480	1773	0	0	0	0	0	3	0	0	0	0	0	0	0	0	0	0	0	0	0	0	0	0	0	0	0	0	0	0	0	0	0	0	0	0	0	0	0	0	0	0	0	0	0	0	0	0	0	0	0	0	0	0	0	0	0	0	2	0	0	0	0	0	0	0	0	0	0	0	0	0	0	0	0	0	0	0	0	0	0	0	0	0	0	0	0	0	0	0	0	0	0	0	0	0	0	0	0	0	0	0	0	0	0	0	0	0	0	0
35.00180805466045	2454	1767	0	0	0	0	0	7	1	1	0	0	0	0	0	0	0	0	0	0	0	0	0	0	0	0	0	0	0	0	0	0	0	0	0	0	0	0	0	0	0	0	0	0	0	0	0	0	0	0	0	0	0	0	0	0	0	0	7	2	1	0	0	0	0	0	0	0	0	0	0	0	0	0	0	0	0	0	0	0	0	0	0	0	0	0	0	0	0	0	0	0	0	0	0	0	0	0	0	0	0	0	0	0	0	0	0	0	0	0
40.000876071484456	2417	1759	0	0	0	0	0	17	6	4	2	0	0	0	0	0	0	0	0	0	0	0	0	0	0	0	0	0	0	0	0	0	0	0	0	0	0	0	0	0	0	0	0	0	0	0	0	0	0	0	0	0	0	0	0	0	0	0	16	6	3	2	0	0	0	0	0	0	0	0	0	0	0	0	0	0	0	0	0	0	0	0	0	0	0	0	0	0	0	0	0	0	0	0	0	0	0	0	0	0	0	0	0	0	0	0	0	0	0	0
45.00009246132492	2374	1749	0	0	0	0	0	39	21	11	6	0	0	0	0	0	0	0	0	0	0	0	0	0	0	0	0	0	0	0	0	0	0	0	0	0	0	0	0	0	0	0	0	0	0	0	0	0	0	0	0	0	0	0	0	0	0	0	19	11	7	2	0	0	0	0	0	0	0	0	0	0	0	0	0	0	0	0	0	0	0	0	0	0	0	0	0	0	0	0	0	0	0	0	0	0	0	0	0	0	0	0	0	0	0	0	0	0	0	0
50.00039508181119	2332	1741	0	0	0	0	0	65	41	25	14	0	0	0	0	0	0	0	0	0	0	0	0	0	0	0	0	0	0	0	0	0	0	0	0	0	0	0	0	0	0	0	0	0	0	0	0	0	0	0	0	0	0	0	0	0	0	0	26	16	11	7	0	0	0	0	0	0	0	0	0	0	0	0	0	0	0	0	0	0	0	0	0	0	0	0	0	0	0	0	0	0	0	0	0	0	0	0	0	0	0	0	0	0	0	0	0	0	0	0
55.00015030214692	2261	1730	0	0	0	0	0	99	63	43	35	0	0	0	0	0	0	0	0	0	0	0	0	0	0	0	0	0	0	0	0	0	0	0	0	0	0	0	0	0	0	0	0	0	0	0	0	0	0	0	0	0	0	0	0	0	0	0	31	22	18	19	0	0	0	0	0	0	0	0	0	0	0	0	0	0	0	0	0	0	0	0	0	0	0	0	0	0	0	0	0	0	0	0	0	0	0	0	0	0	0	0	0	0	0	0	0	0	0	0
60.00017920962897	2188	1718	0	0	0	0	0	139	88	67	63	0	0	0	0	0	0	0	0	0	0	0	0	0	0	0	0	0	0	0	0	0	0	0	0	0	0	0	0	0	0	0	0	0	0	0	0	0	0	0	0	0	0	0	0	0	0	0	46	30	23	23	0	0	0	0	0	0	0	0	0	0	0	0	0	0	0	0	0	0	0	0	0	0	0	0	0	0	0	0	0	0	0	0	0	0	0	0	0	0	0	0	0	0	0	0	0	0	0	0
65.00013677573004	2079	1708	0	0	0	0	0	190	136	91	96	0	0	0	0	0	0	0	0	0	0	0	0	0	0	0	0	0	0	0	0	0	0	0	0	0	0	0	0	0	0	0	0	0	0	0	0	0	0	0	0	0	0	0	0	0	0	0	52	41	29	31	0	0	0	0	0	0	0	0	0	0	0	0	0	0	0	0	0	0	0	0	0	0	0	0	0	0	0	0	0	0	0	0	0	0	0	0	0	0	0	0	0	0	0	0	0	0	0	0
70.00001863963644	1977	1693	3	0	0	0	0	249	178	136	142	0	0	0	0	0	0	0	0	0	0	0	0	0	0	0	0	0	0	0	0	0	0	0	0	0	0	0	0	0	0	0	0	0	0	0	0	0	0	0	0	0	0	0	0	0	0	0	58	47	38	45	8	0	0	0	0	0	0	0	0	0	0	0	0	0	0	0	0	0	0	0	0	0	0	0	0	0	0	0	0	0	0	0	0	0	0	0	0	0	0	0	0	0	0	0	0	0	0	0
75.0000717298237	1872	1683	6	0	0	0	0	313	247	186	200	0	0	0	0	0	0	0	0	0	0	0	0	0	0	0	0	0	0	0	0	0	0	0	0	0	0	0	0	0	0	0	0	0	0	0	0	0	0	0	0	0	0	0	0	0	0	0	73	56	47	54	23	0	0	0	0	0	0	0	0	0	0	0	0	0	0	0	0	0	0	0	0	0	0	0	0	0	0	0	0	0	0	0	0	0	0	0	0	0	0	0	0	0	0	0	0	0	0	0
80.00012857470311	1729	1664	16	0	0	0	0	393	322	245	278	0	0	0	0	0	0	0	0	0	0	0	0	0	0	0	0	0	0	0	0	0	0	0	0	0	0	0	0	0	0	0	0	0	0	0	0	0	0	0	0	0	0	0	0	0	0	0	81	67	61	68	41	0	0	0	0	0	0	0	0	0	0	0	0	0	0	0	0	0	0	0	0	0	0	0	0	0	0	0	0	0	0	0	0	0	0	0	0	0	0	0	0	0	0	0	0	0	0	0
85.00002745339478	1588	1636	39	0	0	0	0	479	390	312	393	0	0	0	0	0	0	0	0	0	0	0	0	0	0	0	0	0	0	0	0	0	0	0	0	0	0	0	0	0	0	0	0	0	0	0	0	0	0	0	0	0	0	0	0	0	0	0	86	76	67	74	55	0	0	0	0	0	0	0	0	0	0	0	0	0	0	0	0	0	0	0	0	0	0	0	0	0	0	0	0	0	0	0	0	0	0	0	0	0	0	0	0	0	0	0	0	0	0	0
90.00004830218262	1456	1594	72	0	0	0	0	571	482	395	525	0	0	0	0	0	0	0	0	0	0	0	0	0	0	0	0	0	0	0	0	0	0	0	0	0	0	0	0	0	0	0	0	0	0	0	0	0	0	0	0	0	0	0	0	0	0	0	92	80	75	88	69	0	0	0	0	0	0	0	0	0	0	0	0	0	0	0	0	0	0	0	0	0	0	0	0	0	0	0	0	0	0	0	0	0	0	0	0	0	0	0	0	0	0	0	0	0	0	0
95.00010716252521	1300	1559	97	0	0	0	0	666	571	484	665	0	0	0	0	0	0	0	0	0	0	0	0	0	0	0	0	0	0	0	0	0	0	0	0	0	0	0	0	0	0	0	0	0	0	0	0	0	0	0	0	0	0	0	0	0	0	0	100	86	82	93	74	0	0	0	0	0	0	0	0	0	0	0	0	0	0	0	0	0	0	0	0	0	0	0	0	0	0	0	0	0	0	0	0	0	0	0	0	0	0	0	0	0	0	0	0	0	0	0
100.000008507645	1126	1502	146	0	0	0	0	780	682	569	815	1	0	0	0	0	0	0	0	0	0	0	0	0	0	0	0	0	0	0	0	0	0	0	0	0	0	0	0	0	0	0	0	0	0	0	0	0	0	0	0	0	0	0	0	0	0	0	105	94	87	99	84	0	0	0	0	0	0	0	0	0	0	0	0	0	0	0	0	0	0	0	0	0	0	0	0	0	0	0	0	0	0	0	0	0	0	0	0	0	0	0	0	0	0	0	0	0	0	0
105.00010794055554	953	1436	206	0	0	0	0	891	796	688	994	0	0	0	0	0	0	0	0	0	0	0	0	0	0	0	0	0	0	0	0	0	0	0	0	0	0	0	0	0	0	0	0	0	0	0	0	0	0	0	0	0	0	0	0	0	0	0	106	98	95	106	95	0	0	0	0	0	0	0	0	0	0	0	0	0	0	0	0	0	0	0	0	0	0	0	0	0	0	0	0	0	0	0	0	0	0	0	0	0	0	0	0	0	0	0	0	0	0	0
110.00011245941356	810	1354	275	0	0	0	0	1014	916	791	1195	0	0	0	0	0	0	0	0	0	0	0	0	0	0	0	0	0	0	0	0	0	0	0	0	0	0	0	0	0	0	0	0	0	0	0	0	0	0	0	0	0	0	0	0	0	0	0	109	105	101	117	102	0	0	0	0	0	0	0	0	0	0	0	0	0	0	0	0	0	0	0	0	0	0	0	0	0	0	0	0	0	0	0	0	0	0	0	0	0	0	0	0	0	0	0	0	0	0	0
115.00002830495059	650	1266	354	0	0	0	0	1148	1033	914	1416	1	0	0	0	0	0	0	0	0	0	0	0	0	0	0	0	0	0	0	0	0	0	0	0	0	0	0	0	0	0	0	0	0	0	0	0	0	0	0	0	0	0	0	0	0	0	0	117	110	104	125	110	0	0	0	0	0	0	0	0	0	0	0	0	0	0	0	0	0	0	0	0	0	0	0	0	0	0	0	0	0	0	0	0	0	0	0	0	0	0	0	0	0	0	0	0	0	0	0
120.00012621017186	450	1164	448	0	0	0	0	1276	1166	1035	1644	0	0	0	0	0	0	0	0	0	0	0	0	0	0	0	0	0	0	0	0	0	0	0	0	0	0	0	0	0	0	0	0	0	0	0	0	0	0	0	0	0	0	0	0	0	0	0	124	115	109	134	120	0	0	0	0	0	0	0	0	0	0	0	0	0	0	0	0	0	0	0	0	0	0	0	0	0	0	0	0	0	0	0	0	0	0	0	0	0	0	0	0	0	0	0	0	0	0	0
125.00002177591024	268	1047	556	0	0	0	0	1407	1306	1159	1890	1	0	0	0	0	0	0	0	0	0	0	0	0	0	0	0	0	0	0	0	0	0	0	0	0	0	0	0	0	0	0	0	0	0	0	0	0	0	0	0	0	0	0	0	0	0	0	129	120	117	139	129	0	0	0	0	0	0	0	0	0	0	0	0	0	0	0	0	0	0	0	0	0	0	0	0	0	0	0	0	0	0	0	0	0	0	0	0	0	0	0	0	0	0	0	0	0	0	0
130.00023272117664	112	934	665	0	0	0	0	1550	1450	1283	2154	0	0	0	0	0	0	0	0	0	0	0	0	0	0	0	0	0	0	0	0	0	0	0	0	0	0	0	0	0	0	0	0	0	0	0	0	0	0	0	0	0	0	0	0	0	0	0	135	128	122	144	136	18	0	0	0	0	0	0	0	0	0	0	0	0	0	0	0	0	0	0	0	0	0	0	0	0	0	0	0	0	0	0	0	0	0	0	0	0	0	0	0	0	0	0	0	0	0	0
135.00000541325863	43	822	761	0	0	3	0	1709	1584	1412	2418	0	0	0	0	0	0	0	0	0	0	0	0	0	0	0	0	0	0	0	0	0	0	0	0	0	0	0	0	0	0	0	0	0	0	0	0	0	0	0	0	0	0	0	0	0	0	0	136	131	128	150	139	40	1	0	0	0	0	0	0	0	0	0	0	0	0	0	0	0	0	0	0	0	0	0	0	0	0	0	0	0	0	0	0	0	0	0	0	0	0	0	0	0	0	0	0	0	0	0
140.0000908974877	25	698	875	0	0	3	0	1849	1705	1536	2688	1	1	0	0	0	0	0	0	0	0	0	0	0	0	0	0	0	0	0	0	0	0	0	0	0	0	0	0	0	0	0	0	0	0	0	0	0	0	0	0	0	0	0	0	0	0	0	143	135	130	158	144	88	1	0	0	0	0	0	0	0	0	0	0	0	0	0	0	0	0	0	0	0	0	0	0	0	0	0	0	0	0	0	0	0	0	0	0	0	0	0	0	0	0	0	0	0	0	0
145.0001222581449	21	571	992	0	0	17	0	1980	1834	1651	2942	1	4	0	0	0	0	0	0	0	0	0	0	0	0	0	0	0	0	0	0	0	0	0	0	0	0	0	0	0	0	0	0	0	0	0	0	0	0	0	0	0	0	0	0	0	0	0	153	140	137	166	151	114	4	1	0	0	0	0	0	0	0	0	0	0	0	0	0	0	0	0	0	0	0	0	0	0	0	0	0	0	0	0	0	0	0	0	0	0	0	0	0	0	0	0	0	0	0	0
150.0001486480923	10	417	1140	0	0	38	0	2101	1938	1752	3224	1	8	2	0	0	0	0	0	0	0	0	0	0	0	0	0	0	0	0	0	0	0	0	0	0	0	0	0	0	0	0	0	0	0	0	0	0	0	0	0	0	0	0	0	0	0	0	160	150	142	173	155	128	12	5	0	0	0	0	0	0	0	0	0	0	0	0	0	0	0	0	0	0	0	0	0	0	0	0	0	0	0	0	0	0	0	0	0	0	0	0	0	0	0	0	0	0	0	0
155.00003497089935	8	279	1271	0	0	72	0	2225	2037	1864	3480	1	19	3	0	0	0	0	0	0	0	0	0	0	0	0	0	0	0	0	0	0	0	0	0	0	0	0	0	0	0	0	0	0	0	0	0	0	0	0	0	0	0	0	0	0	0	0	172	158	151	183	159	136	23	11	0	0	0	0	0	0	0	0	0	0	0	0	0	0	0	0	0	0	0	0	0	0	0	0	0	0	0	0	0	0	0	0	0	0	0	0	0	0	0	0	0	0	0	0
160.00004765848306	9	151	1395	0	0	106	0	2346	2126	1952	3715	2	42	15	0	0	0	0	0	0	0	0	0	0	0	0	0	0	0	0	0	0	0	0	0	0	0	0	0	0	0	0	0	0	0	0	0	0	0	0	0	0	0	0	0	0	0	0	181	169	160	193	168	139	37	23	0	0	0	0	0	0	0	0	0	0	0	0	0	0	0	0	0	0	0	0	0	0	0	0	0	0	0	0	0	0	0	0	0	0	0	0	0	0	0	0	0	0	0	0
165.00002417558818	9	27	1510	0	0	163	0	2444	2225	2049	3950	9	60	35	0	0	0	0	0	0	0	0	0	0	0	0	0	0	0	0	0	0	0	0	0	0	0	0	0	0	0	0	0	0	0	0	0	0	0	0	0	0	0	0	0	0	0	0	190	182	172	202	176	151	48	39	0	0	0	0	0	0	0	0	0	0	0	0	0	0	0	0	0	0	0	0	0	0	0	0	0	0	0	0	0	0	0	0	0	0	0	0	0	0	0	0	0	0	0	0
170.00008383327219	8	0	1533	0	0	233	0	2533	2333	2143	4080	98	76	57	0	0	0	0	0	0	0	0	0	0	0	0	0	0	0	0	0	0	0	0	0	0	0	0	0	0	0	0	0	0	0	0	0	0	0	0	0	0	0	0	0	0	0	0	199	187	185	218	184	160	56	50	8	1	1	1	0	0	0	0	0	0	0	0	0	0	0	0	0	0	0	0	0	0	0	0	0	0	0	0	0	0	0	0	0	0	0	0	0	0	0	0	0	0	0	0
175.00000747460692	3	0	1531	0	0	300	0	2643	2414	2227	4193	202	102	80	1	1	0	0	0	0	0	0	0	0	0	0	0	0	0	0	0	0	0	0	0	0	0	0	0	0	0	0	0	0	0	0	0	0	0	0	0	0	0	0	0	0	0	0	208	200	190	226	193	168	72	57	18	1	1	2	2	3	3	0	0	0	0	0	0	0	0	0	0	0	0	0	0	0	0	0	0	0	0	0	0	0	0	0	0	0	0	0	0	0	0	0	0	0	0	0
180.0000796780095	4	0	1528	0	0	394	0	2733	2509	2310	4291	320	134	106	8	1	0	1	0	0	0	0	0	0	0	0	0	0	0	0	0	0	0	0	0	0	0	0	0	0	0	0	0	0	0	0	0	0	0	0	0	0	0	0	0	0	0	0	215	209	193	229	195	178	87	70	34	3	2	3	3	3	3	5	2	1	0	0	0	0	0	0	0	0	0	0	0	0	0	0	0	0	0	0	0	0	0	0	0	0	0	0	0	0	0	0	0	0	0	0
185.00005500377137	11	0	1530	0	1	485	0	2819	2594	2381	4402	410	171	142	19	5	1	2	0	2	0	0	1	0	0	0	0	0	0	0	0	0	0	0	0	0	0	0	0	0	0	0	0	0	0	0	0	0	0	0	0	0	0	0	0	0	0	0	221	216	208	235	205	184	107	88	47	7	5	3	6	7	5	7	5	6	4	1	0	0	0	0	0	0	0	0	0	0	0	0	0	0	0	0	0	0	0	0	0	0	0	0	0	0	0	0	0	0	0	0
190.00002801992122	2	1	1528	0	1	562	0	2910	2681	2466	4499	501	222	177	32	8	3	3	0	3	0	0	1	1	0	0	0	0	0	0	0	0	0	0	0	0	0	0	0	0	0	0	0	0	0	0	0	0	0	0	0	0	0	0	0	0	0	0	224	219	216	253	216	191	117	100	59	10	9	14	11	11	9	9	8	9	6	4	0	0	0	0	0	0	0	0	0	0	0	0	0	0	0	0	0	0	0	0	0	0	0	0	0	0	0	0	0	0	0	0
195.00000167092838	7	0	1533	0	3	650	0	3003	2778	2563	4604	596	260	216	50	13	8	5	2	6	0	3	1	4	0	1	0	0	0	0	0	0	0	0	0	0	0	0	0	0	0	0	0	0	0	0	0	0	0	0	0	0	0	0	0	0	0	0	235	224	220	259	223	193	129	117	74	16	11	19	29	27	23	16	13	9	9	11	5	6	2	3	0	0	0	0	0	0	0	0	0	0	0	0	0	0	0	0	0	0	0	0	0	0	0	0	0	0	0	0
200.0000130636869	8	0	1528	0	12	708	2	3104	2852	2636	4707	668	305	266	72	16	12	14	4	14	0	7	5	7	0	3	0	1	0	1	0	0	0	0	0	0	0	0	0	0	0	0	0	0	0	0	0	0	0	0	0	0	0	0	0	0	0	0	243	237	222	262	226	200	140	123	90	21	17	26	32	32	32	33	25	16	15	15	7	12	8	8	3	0	0	0	0	0	0	0	0	0	0	0	0	0	0	0	0	0	0	0	0	0	0	0	0	0	0	0
205.00000496205803	4	0	1523	0	17	785	3	3197	2927	2715	4799	749	350	308	104	22	18	17	13	20	0	10	8	9	0	5	0	3	1	2	2	0	0	0	0	0	0	0	0	0	0	0	0	0	0	0	0	0	0	0	0	0	0	0	0	0	0	0	248	244	230	268	238	207	157	137	104	26	18	26	44	44	37	48	48	42	32	22	13	17	12	15	7	1	0	0	0	0	0	0	0	0	0	0	0	0	0	0	0	0	0	0	0	0	0	0	0	0	0	0
210.00000552465625	0	0	1521	0	25	824	5	3268	3004	2780	4886	824	396	348	133	32	26	28	23	41	1	15	14	12	1	9	0	8	4	5	4	0	0	0	0	0	0	0	0	0	0	0	0	0	0	0	0	0	0	0	0	0	0	0	0	0	0	0	260	248	243	273	242	210	166	153	123	28	28	37	46	44	44	61	51	51	51	55	16	22	20	24	21	3	3	2	3	3	0	0	0	0	0	0	0	0	0	0	0	0	0	0	0	0	0	0	0	0	0	0
215.00000598810547	1	0	1519	0	37	854	13	3349	3066	2842	4974	905	434	391	164	38	30	38	35	50	0	18	24	20	0	18	0	16	9	9	6	0	1	0	0	0	0	0	0	0	0	0	0	0	0	0	0	0	0	0	0	0	0	0	0	0	0	0	274	262	252	290	245	218	182	163	136	30	28	53	67	64	55	71	70	66	53	66	31	31	28	27	26	11	3	3	3	3	2	3	0	0	0	0	0	0	0	0	0	0	0	0	0	0	0	0	0	0	0	0
220.00000425005584	3	0	1516	0	52	903	24	3415	3124	2902	5051	971	482	434	196	44	36	46	49	60	0	29	35	29	1	26	0	25	11	13	11	0	2	1	0	0	0	0	0	0	0	0	0	0	0	0	0	0	0	0	0	0	0	0	0	0	0	0	279	275	264	297	256	224	196	185	150	34	28	58	78	78	62	82	81	70	70	86	63	76	62	56	38	21	16	16	15	11	3	3	6	5	2	1	0	0	0	0	0	0	0	0	0	0	0	0	0	0	0	0
225.0000038099528	2	0	1497	0	69	934	38	3478	3184	2950	5125	1038	515	472	237	53	42	58	58	69	1	48	49	36	0	42	0	36	24	22	16	0	3	2	2	3	0	2	1	0	0	0	0	0	0	0	0	0	0	0	0	0	0	0	0	0	0	0	285	283	275	315	269	236	208	194	161	37	33	62	91	90	76	102	88	83	79	100	71	94	87	100	81	29	25	25	23	22	15	15	11	8	7	7	4	0	0	0	0	0	0	0	0	0	0	0	0	0	0	0
230.00000847695367	2	0	1484	0	84	963	46	3538	3241	3000	5192	1098	556	513	277	63	45	67	70	88	0	55	67	50	3	53	4	57	37	35	22	0	7	6	5	6	0	4	2	1	0	1	0	0	0	0	0	0	0	0	0	0	0	0	0	0	0	0	289	286	284	326	273	244	214	204	170	44	36	70	104	104	86	105	105	103	92	112	87	107	94	111	110	45	35	31	31	31	24	23	31	23	18	14	8	1	0	0	0	0	0	0	0	0	0	0	0	0	0	0
235.00000219833757	2	0	1476	0	92	975	60	3591	3282	3045	5252	1162	589	552	318	71	53	79	84	105	2	67	90	65	2	68	6	68	50	52	33	0	10	11	6	11	0	5	6	6	0	2	1	0	0	0	0	0	0	0	0	0	0	0	0	0	0	0	304	294	287	335	275	250	228	215	179	52	50	81	113	112	96	118	118	114	106	132	100	125	119	140	115	99	76	56	50	47	30	30	54	49	41	33	25	5	6	0	0	0	0	0	0	0	0	0	0	0	0	0
240.00001150114153	1	0	1475	0	103	1010	74	3637	3331	3092	5320	1221	635	592	357	76	56	91	102	121	1	83	104	80	1	90	11	86	69	70	52	0	13	16	14	18	2	10	11	11	1	4	3	0	0	0	0	0	0	0	0	0	0	0	0	0	0	0	311	305	297	340	277	255	235	225	201	63	51	89	130	130	118	147	136	125	118	154	112	137	134	164	153	124	123	106	99	95	51	39	66	65	63	56	49	13	12	6	0	0	0	0	0	0	0	0	0	0	0	0
245.00001542856916	1	0	1459	0	120	1037	87	3678	3368	3128	5361	1276	664	630	392	82	65	98	125	141	1	94	127	93	0	110	14	100	86	86	65	0	20	29	23	25	4	17	20	19	10	10	7	0	0	0	0	0	0	0	0	0	0	0	0	0	0	0	317	313	306	352	296	260	253	232	218	69	54	93	137	135	128	168	154	150	140	170	125	148	142	182	170	141	133	131	130	128	100	92	112	104	78	70	65	22	17	10	1	0	0	0	0	0	0	0	0	0	0	0
250.00000526293547	2	0	1446	0	133	1059	89	3716	3399	3174	5416	1338	686	656	439	89	73	111	135	161	3	106	137	113	3	129	23	116	105	111	81	1	34	39	34	38	7	20	29	30	18	17	17	0	0	0	0	0	0	0	0	0	0	0	0	0	0	0	326	317	313	361	308	261	265	249	226	81	79	118	140	137	128	172	174	171	159	193	155	185	172	210	184	179	169	163	156	146	130	128	165	161	142	120	104	51	24	20	2	0	0	0	0	0	0	0	0	0	0	0
255.00000474447296	0	0	1431	0	150	1067	102	3760	3435	3209	5453	1371	718	681	474	95	81	126	152	170	4	131	156	136	4	150	41	130	123	135	97	2	52	56	44	48	9	29	41	40	25	26	21	0	1	0	0	0	0	0	0	0	0	0	0	0	0	0	338	330	318	370	319	265	277	264	242	85	80	126	171	164	133	174	175	175	174	217	174	203	196	229	213	201	190	188	186	181	158	152	181	179	180	173	161	64	49	32	3	1	0	0	0	0	0	0	0	0	0	0
260.0000145547914	2	0	1421	0	159	1101	111	3790	3460	3242	5489	1415	743	708	509	104	87	135	171	182	3	149	172	152	3	166	56	151	141	159	115	9	68	75	60	58	14	42	56	54	37	40	28	0	2	0	0	0	0	0	0	0	0	0	0	0	0	0	338	338	333	373	331	270	286	275	254	99	93	141	179	176	158	189	175	175	175	223	183	207	202	256	248	218	209	209	205	201	176	170	221	215	209	192	178	71	82	55	4	2	2	2	0	0	0	0	0	0	0	0
265.00000369745715	0	0	1406	0	177	1133	122	3824	3484	3269	5528	1450	774	734	543	109	96	145	188	194	2	170	194	170	6	183	79	167	153	183	137	12	84	87	88	71	29	56	74	74	49	55	37	0	3	0	0	0	0	0	0	0	0	0	0	0	0	0	346	338	338	391	339	276	294	285	261	101	94	143	193	183	172	219	202	192	182	224	187	218	214	263	253	241	240	231	226	218	192	185	244	238	230	220	212	75	90	99	18	3	7	2	0	0	0	0	0	0	0	0
270.00000101946875	0	0	1391	0	193	1166	142	3870	3497	3305	5568	1489	798	753	574	117	104	155	201	211	0	189	214	183	6	200	96	192	170	203	153	16	104	100	100	90	42	71	94	92	62	75	54	2	4	0	0	0	0	0	0	0	0	0	0	0	0	0	350	350	338	393	346	279	304	294	275	103	94	143	193	184	172	225	224	223	208	246	207	250	239	277	269	287	264	253	251	244	229	225	286	280	260	247	240	75	90	122	21	4	13	11	2	0	0	0	0	0	0	0
275.000006045629	0	0	1388	0	198	1162	160	3891	3525	3318	5606	1517	820	778	607	124	110	169	214	223	1	206	229	194	7	221	114	216	187	226	170	31	120	121	116	111	52	81	120	103	75	83	74	5	10	3	1	0	0	0	0	0	0	0	0	0	0	0	353	350	344	396	358	289	314	302	283	103	96	149	199	185	172	231	229	227	224	282	217	258	253	300	279	298	297	295	294	289	254	247	328	322	307	295	278	114	92	126	24	11	27	16	2	0	0	0	0	0	0	0
280.0000077727666	1	0	1383	0	209	1132	171	3927	3547	3348	5645	1532	839	796	636	132	117	182	225	242	1	221	248	214	3	240	134	244	197	242	193	55	137	145	139	134	71	100	142	126	95	105	90	9	17	6	3	0	0	0	0	0	0	0	0	0	0	0	371	355	344	400	366	294	335	310	308	105	97	151	203	194	180	234	232	231	230	289	230	278	268	323	310	311	312	304	301	299	282	279	348	348	344	336	322	157	93	126	24	20	46	32	11	0	0	0	0	0	0	0
285.0000021398573	1	0	1381	0	218	1140	172	3960	3572	3372	5675	1561	861	809	657	140	124	196	243	253	1	243	262	226	10	265	143	261	211	264	215	75	157	162	151	146	84	114	168	152	120	126	108	18	24	10	6	0	0	1	0	0	0	0	0	0	0	0	384	378	352	401	375	306	350	330	324	114	99	151	206	197	184	239	239	239	232	298	232	280	276	337	334	323	315	313	314	315	301	301	403	398	379	359	349	253	121	137	25	22	48	48	16	0	0	0	0	0	0	0
290.0000177727049	1	0	1363	0	233	1181	181	3987	3595	3392	5705	1596	880	839	683	148	130	207	261	261	4	260	274	243	8	287	157	279	232	283	244	95	177	183	168	163	104	136	188	183	143	148	123	25	30	14	6	0	0	3	0	0	0	0	0	0	0	0	386	385	379	418	378	319	353	336	335	122	111	172	206	197	185	243	244	244	239	306	232	280	277	340	338	355	351	338	330	326	314	315	426	419	409	404	395	313	187	164	26	23	51	51	32	3	0	0	0	0	0	0
295.0000004430348	0	0	1350	0	251	1205	191	4010	3626	3406	5727	1618	892	858	710	158	135	215	272	278	4	273	290	255	6	308	175	296	250	306	262	125	199	204	193	188	120	154	205	208	161	173	142	38	34	28	6	0	2	5	0	0	0	0	0	0	0	0	390	387	385	441	390	324	371	347	349	129	126	188	233	221	205	250	249	246	241	308	236	282	277	340	340	387	380	370	362	355	324	318	431	430	428	427	418	361	306	226	33	24	59	52	47	9	1	1	1	0	0	0
300.0000335844177	0	0	1335	0	269	1266	199	4038	3643	3428	5749	1647	912	877	733	165	141	224	285	296	2	289	305	266	10	333	188	314	267	329	280	146	220	226	207	207	134	179	228	232	183	195	163	54	44	34	7	0	6	10	0	0	0	0	0	0	0	0	407	394	387	446	393	328	387	359	359	130	127	195	267	261	254	287	268	256	250	322	237	285	281	345	341	393	394	391	392	392	328	321	433	433	433	431	430	388	399	341	42	26	73	65	51	13	8	6	5	1	0	0
305.00000510682895	1	0	1327	0	280	1307	218	4054	3663	3449	5778	1672	939	889	756	172	150	236	293	304	3	304	318	280	6	347	202	337	279	347	300	165	238	252	227	226	157	199	255	254	219	220	183	70	53	42	10	0	12	14	0	0	0	0	0	0	0	0	408	407	398	448	398	334	395	374	368	131	128	197	277	277	274	331	317	296	264	330	241	287	281	345	345	398	398	396	396	395	375	370	458	447	434	433	433	427	419	445	69	32	84	79	52	18	20	19	14	8	0	0
310.0000005022937	2	0	1328	0	286	1300	228	4079	3687	3471	5808	1695	956	905	787	183	158	246	304	317	4	319	329	293	9	369	225	355	293	369	322	189	255	273	239	248	173	225	279	270	239	239	205	82	70	51	12	0	18	18	0	0	0	0	0	0	0	0	409	409	407	462	401	341	403	394	384	133	128	199	286	285	279	346	342	331	326	375	251	297	282	345	345	412	404	400	401	399	396	396	519	512	487	466	445	433	488	486	90	40	93	93	66	20	30	28	26	21	5	4
315.0000008786383	1	0	1307	0	306	1329	235	4101	3702	3486	5836	1715	972	922	817	189	168	255	320	322	2	331	350	306	10	385	237	375	310	385	331	216	267	298	251	266	191	244	300	294	261	258	231	98	87	63	14	0	22	19	0	0	0	1	1	0	0	0	416	409	409	467	403	353	406	399	394	141	130	199	287	287	287	359	353	351	340	410	276	329	311	355	345	420	419	416	415	412	401	401	527	525	519	521	506	433	498	553	94	56	109	97	78	20	45	44	40	30	12	14
320.00002541275694	0	0	1300	0	325	1332	251	4129	3719	3503	5856	1731	990	942	833	192	173	265	329	332	1	356	373	324	7	403	258	392	325	401	353	233	285	327	267	282	206	259	323	311	282	290	255	112	101	73	16	1	25	21	0	0	0	2	1	1	0	0	425	420	409	470	415	360	418	406	405	145	132	199	287	287	287	368	368	365	350	426	307	364	336	367	354	427	426	421	421	421	413	406	529	529	527	529	524	466	512	578	106	91	145	117	93	25	58	52	48	46	27	30
325.00001015326137	0	0	1288	0	338	1315	258	4148	3732	3525	5879	1757	1013	957	855	196	178	271	338	345	6	372	386	333	8	417	272	413	340	421	366	250	308	341	286	304	222	270	341	339	309	319	283	133	125	97	21	3	27	26	1	0	0	3	3	2	0	0	436	430	421	473	431	365	427	409	421	146	134	204	289	287	287	373	370	369	368	448	344	405	389	440	399	429	427	427	427	427	419	407	533	533	533	529	529	521	553	600	109	93	182	169	98	60	61	61	60	58	31	32
330.0000022184227	0	0	1268	0	351	1303	267	4170	3749	3548	5912	1776	1032	970	885	200	181	281	354	360	4	388	403	351	6	430	285	433	348	439	379	273	332	356	297	317	240	281	366	357	338	333	305	158	152	123	25	4	34	32	1	0	0	5	7	2	0	2	440	439	430	483	436	381	434	421	425	146	137	208	293	293	289	380	378	374	373	454	372	437	431	489	464	440	440	437	432	430	422	409	533	533	533	533	533	528	615	643	111	104	195	189	117	69	95	81	71	61	36	48
335.0000018599967	1	0	1248	0	372	1323	275	4187	3771	3569	5932	1798	1049	982	909	201	186	289	372	371	2	410	423	363	5	440	299	453	362	451	397	299	350	376	318	334	255	299	388	383	359	349	327	182	169	141	31	5	38	37	5	0	0	5	13	3	0	4	450	441	438	497	446	399	461	430	433	157	148	219	300	300	291	383	382	382	380	463	385	456	452	506	500	485	460	447	442	440	424	409	533	533	533	533	533	533	629	712	125	106	200	198	168	73	127	124	119	96	41	65
340.00000251370153	1	0	1238	0	381	1347	277	4204	3783	3588	5944	1812	1062	1002	926	205	192	300	384	380	2	426	439	378	10	458	322	467	379	469	414	311	374	396	334	346	279	309	411	403	387	363	355	200	185	169	36	8	42	42	6	0	0	5	17	4	0	6	453	452	441	503	462	411	481	453	442	165	158	235	311	308	296	384	384	384	383	470	386	457	453	528	527	548	530	512	494	485	441	426	539	533	533	533	533	533	653	737	142	107	208	203	190	81	127	127	127	127	71	105
345.0000001624965	1	0	1224	0	390	1344	291	4214	3797	3604	5970	1833	1086	1013	944	209	196	310	397	389	7	443	454	396	14	472	336	492	390	491	432	327	398	414	350	361	296	327	431	423	407	389	378	215	206	197	40	10	47	46	9	0	2	10	19	8	0	11	455	453	448	508	468	418	507	477	454	167	158	240	332	323	300	392	392	385	384	478	421	493	474	535	530	587	572	559	551	544	497	488	607	584	554	543	533	533	664	776	144	118	228	210	198	110	138	132	132	127	113	140
350.00000026445423	0	0	1204	0	403	1356	302	4235	3811	3623	5982	1855	1106	1029	964	216	201	312	409	399	6	457	467	402	6	492	349	511	405	509	456	348	414	433	367	386	312	346	450	443	424	410	399	236	231	221	44	12	52	52	12	0	3	13	24	11	0	12	470	456	448	514	472	427	519	502	454	168	158	240	337	327	315	408	393	392	392	484	471	550	534	598	573	617	604	592	589	588	551	543	666	656	631	612	579	533	672	796	156	139	258	244	203	127	160	152	148	138	127	183
355.00000792048667	0	0	1195	0	409	1329	314	4259	3826	3638	6000	1875	1121	1049	973	223	206	321	421	408	7	474	477	416	9	509	361	535	420	531	484	366	430	448	385	407	338	361	473	456	443	422	412	254	262	248	47	15	57	62	13	0	6	19	28	13	0	19	475	474	456	516	476	437	535	518	463	177	163	244	339	330	315	410	410	410	399	495	475	553	548	628	622	628	626	623	619	619	590	584	704	692	680	670	653	546	678	809	158	145	277	263	211	157	183	180	174	159	132	194
360.0000041580437	0	0	1174	0	423	1309	322	4271	3840	3654	6014	1889	1134	1070	993	228	209	327	432	419	8	484	490	427	8	523	373	552	433	553	497	377	443	464	403	426	360	387	494	470	456	443	422	277	280	272	48	18	69	70	15	0	8	23	31	16	2	24	482	478	473	530	488	448	546	527	467	177	168	251	339	330	315	410	410	410	410	503	485	563	556	630	626	676	646	636	629	629	615	607	748	740	722	707	691	587	678	814	161	155	293	282	243	186	214	207	197	183	147	216
365.0000020357189	1	0	1169	0	431	1275	330	4285	3851	3667	6028	1905	1159	1077	1006	230	215	333	438	427	9	496	506	437	9	540	392	571	454	572	515	401	468	488	419	443	383	407	514	490	475	463	443	305	304	302	55	23	81	78	18	0	10	29	36	19	3	30	491	483	478	543	498	449	566	531	482	179	168	251	353	353	350	419	410	410	410	516	486	565	561	641	639	721	708	696	684	676	629	629	779	775	755	747	730	587	678	819	161	158	314	304	265	199	259	249	235	214	159	234
370.00000213490614	1	0	1172	0	442	1253	344	4299	3869	3684	6040	1924	1178	1099	1027	236	217	339	450	435	6	513	517	444	6	551	417	585	464	589	528	426	485	505	443	454	408	416	535	499	490	482	460	320	330	328	58	28	91	84	21	2	12	37	43	25	5	35	503	494	485	549	506	453	579	553	507	196	190	272	354	353	353	449	445	427	412	517	486	565	561	649	639	734	735	735	729	721	660	646	799	793	784	778	747	607	719	823	163	160	330	323	282	210	284	278	274	260	168	252
375.000004042182	0	0	1173	0	451	1262	352	4313	3884	3697	6055	1942	1192	1117	1047	241	218	345	455	445	9	525	530	457	15	564	438	608	483	606	546	450	510	523	475	469	427	436	564	524	512	505	477	336	358	352	61	30	101	95	24	3	17	50	47	33	7	40	510	505	495	557	511	454	581	573	532	200	190	272	374	367	355	459	457	447	412	518	497	579	567	656	651	751	746	737	732	722	661	649	806	801	800	796	763	641	777	867	163	161	337	333	305	218	309	306	300	284	230	296
380.0000043318195	0	0	1156	0	461	1328	366	4331	3897	3715	6072	1950	1205	1141	1062	246	229	355	464	456	8	534	540	472	11	574	461	621	498	621	564	467	537	538	497	485	446	453	582	544	534	536	500	351	384	371	66	33	107	103	30	6	20	54	54	37	10	46	511	510	504	570	516	466	594	584	548	207	192	274	378	378	377	469	462	459	455	542	509	598	593	685	671	752	752	752	751	745	697	691	840	817	806	801	772	642	819	939	179	162	343	342	324	237	317	317	310	309	263	360
385.0000017456927	0	0	1146	0	471	1391	377	4345	3905	3736	6085	1968	1213	1153	1075	248	232	359	467	466	6	548	551	483	17	584	480	634	512	636	573	491	560	561	508	507	460	472	600	564	552	564	524	366	404	396	67	37	118	110	34	8	27	71	62	43	13	53	512	511	510	580	522	473	595	591	566	207	192	275	378	378	377	485	485	478	463	569	512	603	599	693	686	768	766	762	756	753	744	739	889	876	855	823	782	658	822	991	198	163	350	346	334	246	322	317	317	317	290	387
390.00000062342133	1	0	1142	0	477	1377	396	4366	3919	3744	6097	1980	1228	1169	1097	256	238	364	476	474	7	561	562	495	12	600	493	648	524	652	591	518	581	590	524	526	479	488	625	581	570	584	541	379	424	420	69	42	130	115	40	9	34	80	75	47	16	67	526	514	511	583	534	477	596	596	581	237	227	309	386	382	379	490	486	485	485	586	519	605	599	694	694	790	782	771	768	767	757	754	921	919	900	867	823	663	840	1003	206	177	354	350	343	275	350	349	349	325	310	429
395.00000090944474	0	0	1134	0	487	1369	409	4380	3937	3756	6112	1995	1240	1194	1111	260	245	373	490	482	5	574	573	505	10	618	503	656	541	670	605	537	600	609	538	536	503	504	645	599	592	606	566	393	439	443	74	46	144	122	45	13	41	90	82	52	21	76	536	529	517	586	541	488	603	597	603	246	233	316	419	414	392	495	495	491	490	604	559	646	621	699	694	810	804	804	796	791	769	768	942	937	925	901	868	681	843	1028	209	196	365	354	348	313	377	372	359	351	315	432
400.00000212258794	0	0	1119	0	499	1336	412	4392	3954	3768	6121	2006	1255	1208	1124	264	252	380	498	488	6	583	582	518	12	630	524	673	557	692	612	555	622	628	556	554	521	523	660	623	607	637	584	408	465	468	79	51	158	132	50	16	46	97	85	63	27	87	538	538	529	594	549	492	618	599	624	272	267	352	437	429	412	518	501	495	495	615	567	660	634	711	694	816	815	815	813	812	797	791	965	948	943	922	890	730	846	1028	214	199	395	391	350	324	423	406	391	377	340	439
405.0000041533466	0	0	1115	0	509	1348	419	4401	3966	3776	6139	2018	1268	1216	1141	270	265	389	506	500	5	605	589	531	16	646	533	694	576	705	635	580	644	647	576	565	539	538	682	642	633	662	601	427	479	491	82	53	169	142	60	22	55	104	92	69	29	104	539	538	538	610	558	493	619	612	647	292	283	376	480	476	458	528	525	524	509	624	603	703	675	740	712	823	822	819	818	816	814	809	977	974	970	955	912	755	846	1032	214	209	410	395	354	329	460	455	447	424	352	484
410.0000007534279	0	0	1108	0	513	1334	422	4411	3977	3789	6153	2036	1278	1229	1161	276	268	394	523	510	8	615	598	548	15	661	545	710	593	722	647	609	658	665	590	584	557	557	702	660	656	679	628	451	499	520	86	56	181	150	66	27	65	110	105	75	34	119	550	540	538	615	572	502	623	622	658	292	283	376	492	491	478	581	568	543	526	655	613	720	717	817	786	828	823	823	823	822	819	818	1012	1006	993	981	974	798	850	1032	214	212	417	414	389	342	476	471	467	461	387	523
415.00000197074905	0	0	1099	0	523	1332	429	4427	3994	3803	6168	2042	1291	1241	1176	279	273	399	537	521	4	620	613	558	11	671	559	724	606	732	662	626	670	681	608	606	573	579	724	678	679	694	650	466	523	546	89	59	187	161	76	33	78	115	118	86	47	130	555	552	540	618	582	511	642	622	667	294	283	376	496	494	494	603	595	583	574	687	617	722	718	819	819	844	837	835	832	828	823	821	1012	1012	1012	1012	1006	822	864	1032	214	214	425	420	397	349	503	497	485	477	429	539
420.0000013923416	0	0	1081	0	534	1363	437	4437	4009	3811	6182	2054	1307	1255	1194	291	280	405	548	530	8	631	622	567	22	685	569	738	619	754	682	644	692	695	627	626	587	598	746	707	700	713	668	485	542	576	93	62	197	170	91	39	84	121	127	95	49	141	562	558	553	623	585	515	657	634	673	296	284	376	497	497	497	619	616	606	586	714	627	735	731	834	821	910	883	859	850	846	829	823	1016	1016	1012	1012	1012	853	914	1048	214	214	431	430	413	351	516	512	510	503	468	603
425.00000147687285	0	0	1071	0	543	1395	454	4451	4020	3823	6198	2068	1319	1264	1210	295	283	411	565	535	5	640	635	582	22	697	585	752	631	770	696	664	703	709	643	650	605	617	766	725	719	734	690	498	557	599	96	68	208	181	96	50	92	132	143	102	53	157	566	564	558	634	587	531	671	654	675	296	287	381	503	500	497	625	625	622	617	748	667	773	752	836	834	955	952	937	923	910	840	828	1024	1022	1018	1016	1016	932	1020	1095	217	214	433	431	421	356	526	525	524	519	482	621
430.0000061034361	0	0	1054	0	553	1454	472	4468	4036	3832	6209	2077	1326	1279	1223	305	288	422	567	545	7	650	650	593	19	706	597	776	649	779	704	687	718	727	652	665	621	635	784	754	745	759	707	518	576	619	96	77	215	192	103	56	103	148	155	112	59	172	578	566	564	643	596	547	685	671	686	298	287	381	503	503	503	628	628	628	623	758	719	826	810	896	861	960	955	956	955	956	890	874	1056	1045	1031	1024	1022	1008	1113	1198	229	214	448	439	431	382	529	527	527	527	510	659
435.00001437247244	0	0	1044	0	559	1481	490	4487	4049	3842	6219	2098	1335	1293	1236	313	292	429	574	555	8	663	661	603	12	720	613	787	666	798	719	705	731	741	670	677	643	649	808	777	768	780	729	539	597	649	99	82	222	206	110	58	114	163	163	123	67	180	587	585	575	655	612	557	696	684	690	298	287	381	503	503	503	637	637	636	628	766	756	871	858	941	917	978	974	972	966	962	904	892	1089	1087	1070	1057	1042	1017	1188	1289	250	217	453	451	431	404	554	543	535	531	523	672
440.0000045160316	1	0	1028	0	565	1549	495	4498	4067	3852	6235	2110	1351	1303	1250	322	300	434	582	563	10	675	670	619	17	732	630	805	683	808	733	731	744	762	685	685	653	681	827	798	790	796	747	560	616	676	99	85	231	216	113	64	118	175	172	130	70	202	595	590	587	660	616	562	714	693	694	298	287	381	503	503	503	640	638	638	637	782	762	880	868	976	976	1010	990	981	977	977	935	924	1114	1102	1095	1092	1084	1018	1196	1376	268	222	461	455	439	416	583	573	569	557	527	695
445.00000012726827	0	0	1017	0	571	1528	499	4508	4078	3865	6248	2123	1361	1316	1268	332	304	443	596	575	7	690	676	636	18	749	647	823	699	826	748	743	757	778	704	704	658	696	844	813	808	813	760	574	635	696	104	88	242	224	119	72	131	185	181	137	73	210	599	598	592	671	620	574	729	703	694	306	289	381	503	503	503	641	640	640	639	788	770	889	878	990	981	1065	1050	1034	1022	1010	947	941	1147	1143	1128	1116	1102	1018	1207	1388	283	247	479	467	451	423	614	612	599	584	536	712
450.00000314098304	0	0	1004	0	581	1509	515	4519	4094	3879	6261	2133	1373	1331	1283	339	311	447	603	590	10	702	685	655	14	767	665	846	712	841	760	758	775	802	717	720	676	713	868	831	829	837	783	589	657	721	109	94	248	228	125	77	139	193	188	144	81	216	601	599	598	680	627	585	741	714	702	306	289	381	504	504	504	642	641	641	640	789	776	897	887	1001	997	1122	1096	1078	1068	1065	957	945	1156	1154	1153	1151	1140	1039	1222	1408	285	254	503	502	456	430	625	624	618	615	550	724
455.00000271285865	0	0	989	0	592	1514	518	4528	4104	3889	6274	2142	1381	1349	1299	346	315	459	612	595	8	710	700	666	16	786	680	859	722	857	778	778	788	818	736	739	699	735	883	853	853	859	801	615	679	744	115	101	257	235	135	89	154	203	195	152	93	229	601	601	599	685	637	586	750	731	711	313	291	381	504	504	504	643	642	642	641	792	785	910	898	1011	1008	1134	1127	1126	1127	1120	1018	1007	1191	1174	1157	1157	1153	1098	1243	1427	287	260	507	503	467	433	640	640	632	626	573	746
460.0000142407406	0	0	974	0	604	1504	542	4538	4119	3899	6288	2152	1389	1359	1308	353	319	467	619	607	3	723	711	670	10	795	694	876	737	875	798	798	805	838	748	757	716	754	898	879	869	882	820	622	700	776	119	108	269	241	141	103	159	211	207	159	101	246	606	602	601	687	642	592	759	749	726	326	309	395	505	505	505	643	643	643	642	797	790	916	910	1031	1025	1156	1147	1142	1138	1134	1067	1056	1256	1244	1221	1197	1172	1137	1248	1452	295	283	532	520	499	445	650	649	649	641	617	794
465.00000248385635	0	0	965	0	609	1518	531	4552	4128	3907	6297	2167	1401	1364	1317	356	325	477	631	613	5	740	721	678	16	811	712	895	751	890	817	821	820	857	770	780	730	767	922	900	886	900	841	645	721	801	125	113	271	252	149	112	171	218	213	171	109	252	618	610	602	689	654	599	763	762	739	350	335	428	535	521	505	646	645	644	643	802	792	919	914	1031	1026	1172	1163	1158	1158	1158	1123	1115	1316	1303	1273	1257	1240	1155	1297	1457	297	287	569	556	503	453	657	657	651	650	631	827
470.00000152792666	0	0	957	0	610	1530	538	4563	4141	3919	6305	2176	1410	1375	1326	360	326	481	638	619	12	748	733	696	14	831	728	911	765	904	843	844	835	877	789	804	740	791	942	917	911	915	861	661	744	828	128	121	275	258	158	120	181	231	230	185	116	266	625	619	613	691	659	615	776	764	740	350	335	429	556	544	520	653	647	647	646	808	793	922	916	1041	1028	1195	1185	1177	1176	1173	1149	1136	1358	1354	1337	1319	1300	1187	1358	1509	300	294	575	572	518	458	682	677	672	658	638	843
475.0000019568277	0	0	952	0	612	1556	552	4574	4149	3932	6311	2188	1422	1394	1340	363	332	490	649	630	13	762	744	707	17	839	743	934	778	920	872	862	856	897	805	825	751	808	969	940	933	930	880	671	764	845	134	123	278	264	168	125	189	244	241	192	129	282	630	627	619	705	671	626	792	773	740	350	336	430	559	550	530	663	663	662	648	817	794	925	919	1045	1043	1198	1198	1197	1196	1196	1157	1151	1376	1368	1359	1359	1348	1211	1376	1572	311	294	582	579	551	471	698	696	689	682	651	858
480.0000044560346	0	0	935	0	623	1569	557	4585	4156	3951	6320	2194	1439	1402	1355	370	340	502	657	638	10	777	748	717	15	849	756	960	785	940	890	887	879	911	822	850	774	814	994	952	955	961	892	695	787	873	138	127	284	279	180	131	205	251	247	201	143	296	634	631	628	711	680	631	797	775	759	382	373	448	560	551	539	683	671	663	663	834	804	940	926	1050	1045	1204	1199	1199	1199	1198	1177	1171	1391	1382	1380	1378	1366	1233	1380	1592	323	300	602	589	573	497	704	703	701	699	669	880
485.0000089961653	0	0	931	0	635	1563	563	4593	4165	3955	6330	2204	1460	1413	1365	373	348	510	666	644	6	789	760	729	20	864	770	973	795	950	909	899	900	926	834	874	793	835	1014	973	980	979	911	715	800	893	146	133	299	291	187	135	216	264	259	208	150	307	637	634	631	723	687	636	807	791	787	392	388	493	591	574	551	683	683	682	676	840	817	962	956	1086	1062	1219	1214	1214	1211	1205	1180	1173	1399	1399	1399	1393	1382	1298	1383	1605	325	303	604	604	579	498	742	729	720	704	680	899
490.00000426175797	1	0	933	0	639	1534	577	4600	4175	3960	6338	2217	1472	1422	1383	377	351	515	676	657	9	796	771	740	9	884	784	990	808	964	925	918	920	935	857	894	810	862	1036	995	1001	989	930	740	821	915	152	136	305	303	196	143	231	271	271	229	159	319	643	637	634	727	689	652	814	808	816	408	394	500	632	632	623	714	688	683	683	862	826	968	958	1087	1086	1223	1222	1220	1219	1219	1210	1204	1437	1420	1400	1399	1399	1345	1400	1606	327	308	612	607	590	506	750	750	749	744	696	923
495.00000555418825	0	0	935	0	646	1533	573	4611	4184	3972	6346	2231	1485	1434	1402	382	356	524	681	666	6	806	780	752	13	895	795	996	823	978	936	933	938	953	877	914	831	884	1058	1018	1024	1018	950	764	839	945	157	137	314	310	204	154	242	284	287	237	171	331	654	646	637	732	689	664	840	810	844	412	397	504	641	641	626	771	766	730	691	864	841	990	984	1118	1096	1248	1234	1226	1224	1224	1211	1205	1441	1439	1439	1438	1417	1371	1446	1620	327	312	629	622	604	544	760	756	752	750	718	956
500.0000018344872	1	0	939	0	651	1567	580	4620	4193	3984	6353	2240	1497	1445	1417	384	359	527	692	674	9	815	792	762	17	912	804	1008	841	996	948	958	953	972	897	936	849	903	1078	1043	1045	1041	968	782	864	974	159	142	321	321	213	158	247	303	303	255	179	348	661	657	645	736	692	671	846	820	870	419	398	505	648	647	626	774	774	773	748	905	859	1013	1010	1126	1116	1271	1267	1263	1259	1250	1220	1216	1453	1453	1446	1443	1439	1392	1526	1664	329	314	630	630	608	570	783	774	764	761	738	980
505.0000005787546	0	0	932	0	663	1606	581	4632	4200	3992	6365	2252	1507	1455	1434	389	363	535	705	678	12	824	800	769	22	928	819	1019	853	1005	963	980	975	996	916	955	864	924	1093	1059	1067	1063	987	799	885	995	168	147	335	333	223	167	257	315	310	266	186	360	670	663	651	745	702	684	857	840	894	435	420	524	648	647	626	774	774	774	766	931	867	1018	1013	1152	1145	1285	1277	1272	1271	1271	1248	1235	1477	1474	1463	1454	1453	1396	1567	1747	337	314	638	636	623	581	823	813	802	784	752	994
510.00000349924227	0	0	920	0	680	1622	605	4639	4207	4003	6380	2263	1515	1469	1444	396	371	540	709	687	7	836	810	781	16	933	827	1028	868	1028	977	1001	996	1010	934	965	879	936	1118	1072	1087	1088	1005	819	911	1022	172	152	347	342	238	175	265	325	323	274	196	375	677	669	656	752	714	687	884	849	913	448	427	529	671	661	628	774	774	774	774	960	870	1020	1014	1155	1155	1307	1306	1303	1295	1287	1271	1266	1508	1492	1481	1480	1474	1427	1609	1793	347	316	642	639	630	588	861	857	838	826	764	1010
515.0000135175794	0	0	915	0	683	1618	613	4646	4221	4007	6390	2267	1529	1478	1456	403	376	550	717	692	11	846	822	793	17	946	837	1043	886	1049	994	1016	1012	1032	960	988	908	953	1136	1092	1102	1106	1030	835	931	1056	176	154	357	352	245	179	270	329	337	285	207	391	680	672	663	756	724	699	894	878	922	452	438	549	679	661	628	774	774	774	774	964	888	1039	1031	1169	1160	1338	1323	1311	1308	1307	1287	1277	1529	1528	1524	1513	1490	1436	1654	1837	355	332	671	646	635	605	870	867	863	861	780	1014
520.0000001734006	0	0	915	0	685	1641	619	4652	4229	4019	6400	2284	1541	1492	1473	408	380	559	725	703	22	855	839	802	26	962	852	1059	900	1064	1004	1040	1036	1049	975	1005	930	968	1154	1116	1117	1127	1049	854	957	1079	180	161	362	362	255	191	279	334	345	293	216	405	680	680	672	764	731	708	904	895	931	467	458	574	679	661	637	779	774	774	774	965	913	1071	1054	1187	1174	1353	1349	1346	1347	1339	1308	1302	1557	1550	1535	1530	1528	1455	1666	1885	363	335	674	671	639	607	892	882	876	871	805	1046
525.0000063250775	0	0	896	0	696	1646	627	4667	4238	4026	6412	2296	1552	1505	1485	415	385	567	730	712	18	865	849	814	20	974	869	1081	915	1083	1022	1053	1057	1067	985	1018	949	992	1168	1135	1134	1141	1064	874	988	1099	185	167	373	368	264	198	287	343	360	305	226	415	683	681	680	775	736	718	919	901	935	469	460	574	683	666	644	787	787	785	775	967	913	1071	1067	1213	1210	1363	1359	1355	1355	1353	1338	1323	1572	1562	1558	1557	1547	1487	1687	1916	373	344	685	680	646	627	914	913	907	896	818	1062
530.0000016284774	0	0	888	0	708	1630	645	4677	4248	4039	6423	2308	1569	1522	1496	419	388	574	738	714	12	875	862	823	19	986	879	1098	930	1099	1036	1077	1081	1084	1003	1036	966	1012	1189	1154	1159	1171	1084	891	1008	1137	188	169	375	378	276	206	300	350	372	319	232	426	692	686	682	780	740	728	936	915	943	472	462	579	708	699	686	808	792	787	787	980	913	1071	1067	1215	1215	1379	1377	1369	1365	1363	1340	1329	1589	1589	1582	1573	1563	1492	1704	1940	375	357	689	689	671	629	924	917	914	914	818	1072
535.0000053919033	0	0	871	0	728	1601	661	4685	4268	4049	6433	2319	1587	1534	1510	424	394	577	749	726	8	890	870	836	11	999	891	1115	946	1115	1053	1098	1094	1100	1017	1055	977	1030	1205	1178	1181	1196	1100	915	1033	1163	195	174	386	384	286	213	313	361	380	326	241	436	697	692	683	783	746	732	953	931	959	473	462	579	723	715	705	840	833	815	791	984	916	1075	1070	1219	1215	1413	1400	1392	1385	1381	1361	1344	1591	1589	1589	1589	1589	1545	1733	1957	382	370	718	707	680	635	949	945	943	924	831	1083
540.0000067630453	0	0	878	0	730	1588	666	4694	4276	4063	6443	2327	1599	1545	1520	431	403	592	759	739	11	902	883	846	18	1007	907	1123	958	1127	1070	1126	1116	1119	1037	1068	986	1050	1229	1198	1196	1216	1120	943	1053	1194	196	181	394	392	293	224	320	375	387	335	251	451	706	700	689	783	751	743	956	942	980	490	482	586	734	734	733	873	855	842	830	1010	920	1081	1077	1227	1222	1422	1422	1421	1417	1413	1364	1352	1615	1615	1606	1595	1589	1565	1782	1989	387	373	735	729	689	642	950	950	950	949	834	1088
545.0000006692	0	0	873	0	738	1608	672	4698	4282	4072	6458	2336	1609	1556	1530	436	405	601	771	746	14	920	892	861	21	1025	924	1134	969	1145	1082	1141	1136	1136	1051	1089	1000	1066	1252	1219	1209	1230	1145	960	1073	1230	206	183	401	397	303	231	335	389	401	347	263	464	715	712	707	797	756	745	956	956	1000	498	488	607	764	755	737	895	893	875	846	1040	928	1096	1092	1240	1222	1424	1423	1422	1422	1422	1371	1360	1615	1615	1615	1615	1615	1565	1792	2037	394	381	752	740	705	649	959	959	958	950	862	1114
550.0000027252073	0	0	863	0	755	1593	691	4710	4292	4084	6470	2354	1616	1574	1551	445	411	607	783	756	9	931	897	876	13	1037	933	1145	985	1166	1101	1160	1158	1157	1071	1115	1016	1078	1277	1232	1224	1251	1169	978	1094	1254	211	189	414	402	312	239	348	402	410	363	272	479	728	719	712	811	763	752	957	956	1021	510	504	623	765	765	759	908	896	895	894	1072	931	1099	1093	1249	1248	1433	1433	1430	1425	1424	1416	1406	1656	1644	1626	1616	1615	1575	1824	2063	406	386	763	758	729	649	976	976	972	960	864	1124
555.0000009547974	0	0	865	0	762	1595	699	4718	4301	4092	6475	2382	1631	1579	1558	450	417	618	790	769	10	944	909	881	15	1052	949	1162	1001	1181	1109	1182	1177	1177	1087	1135	1037	1100	1295	1251	1241	1270	1191	998	1114	1284	215	192	422	411	318	250	356	412	427	374	285	495	729	729	720	814	772	752	965	957	1043	517	506	628	789	788	773	929	920	914	898	1093	932	1099	1093	1249	1249	1436	1436	1435	1434	1433	1418	1412	1680	1679	1672	1658	1641	1614	1831	2103	410	393	782	774	741	660	979	978	977	976	864	1124
560.0000002791666	0	0	846	0	770	1555	708	4730	4312	4104	6487	2392	1647	1593	1571	460	423	626	797	777	12	949	917	885	15	1060	959	1173	1011	1199	1124	1197	1196	1200	1106	1152	1052	1114	1316	1266	1267	1282	1218	1023	1145	1312	221	193	437	424	324	257	370	427	447	385	295	507	731	729	729	830	781	758	969	963	1050	524	508	628	790	789	776	940	934	930	927	1111	962	1129	1113	1254	1249	1463	1462	1450	1442	1438	1421	1415	1683	1683	1683	1680	1679	1622	1878	2109	415	404	792	789	758	689	982	979	979	979	868	1134
565.000000586602	0	0	833	0	786	1542	717	4736	4326	4108	6496	2406	1659	1606	1576	467	428	636	803	787	8	962	927	897	21	1080	969	1183	1022	1214	1140	1215	1215	1218	1127	1170	1072	1134	1337	1290	1287	1302	1234	1039	1168	1332	225	199	449	433	329	268	382	438	458	395	303	519	732	732	729	835	784	768	980	969	1070	542	532	651	794	790	790	940	940	940	932	1136	1005	1173	1147	1272	1249	1468	1465	1464	1464	1464	1425	1417	1689	1689	1683	1683	1683	1662	1903	2150	416	406	808	799	772	704	1004	999	995	984	873	1152
570.0000022373549	0	0	829	0	791	1567	724	4739	4334	4119	6503	2414	1675	1617	1588	472	432	641	808	799	15	974	939	911	28	1092	982	1192	1032	1227	1155	1232	1235	1234	1146	1187	1084	1152	1358	1313	1316	1326	1257	1058	1194	1355	234	201	455	440	335	278	392	446	473	411	311	538	732	732	731	838	785	772	989	977	1091	550	536	658	818	809	793	957	956	945	940	1152	1047	1220	1203	1345	1304	1468	1468	1468	1468	1468	1431	1419	1690	1690	1690	1690	1689	1679	1907	2187	429	407	812	809	790	710	1041	1036	1026	989	875	1160
575.000003103224	0	0	820	0	801	1518	739	4746	4344	4127	6510	2421	1687	1633	1609	476	438	646	816	808	14	989	952	922	15	1105	995	1206	1045	1247	1177	1247	1253	1251	1163	1201	1096	1169	1380	1329	1331	1348	1272	1072	1215	1381	236	203	468	453	346	285	410	458	483	424	319	552	740	733	732	839	797	776	1000	987	1100	554	541	658	818	809	797	957	957	957	949	1164	1093	1266	1250	1390	1368	1471	1470	1470	1468	1468	1436	1430	1696	1694	1694	1692	1690	1679	1915	2195	435	416	824	815	799	746	1058	1053	1053	1027	891	1171
580.0000043410711	0	0	796	0	817	1519	748	4754	4351	4137	6525	2436	1697	1646	1622	481	448	654	830	813	9	994	962	931	26	1118	1010	1229	1061	1262	1186	1268	1276	1265	1182	1219	1115	1177	1397	1343	1356	1368	1290	1083	1235	1402	241	208	477	464	357	292	423	467	490	436	339	567	749	745	733	842	812	780	1012	996	1100	554	541	665	830	830	828	974	963	959	957	1176	1120	1299	1294	1436	1411	1522	1499	1486	1477	1474	1437	1431	1715	1713	1711	1701	1695	1685	1918	2207	438	425	842	837	809	749	1071	1065	1058	1058	953	1223
585.0000016101623	0	0	789	0	817	1547	771	4768	4359	4143	6534	2449	1710	1655	1627	484	455	660	841	819	20	1008	973	943	23	1133	1028	1245	1075	1276	1203	1287	1293	1281	1194	1240	1134	1196	1414	1361	1378	1387	1309	1112	1260	1427	242	213	486	467	368	302	432	480	502	448	349	575	760	752	745	849	814	781	1018	1011	1106	556	541	665	831	831	831	1004	998	981	970	1178	1121	1301	1296	1450	1450	1588	1575	1553	1536	1524	1453	1441	1719	1718	1715	1715	1712	1687	1919	2211	440	435	850	850	815	761	1101	1100	1090	1072	1023	1297
590.0000046448835	0	0	788	0	822	1569	777	4781	4372	4148	6544	2461	1726	1662	1641	489	461	669	851	833	23	1017	984	955	22	1146	1038	1259	1094	1285	1215	1303	1311	1299	1205	1254	1154	1209	1434	1384	1396	1415	1331	1129	1298	1453	250	216	496	477	378	311	446	491	512	465	360	593	764	761	755	861	829	781	1025	1018	1113	560	545	665	831	831	831	1004	1004	1004	976	1197	1121	1302	1296	1453	1453	1638	1621	1608	1597	1592	1527	1517	1783	1756	1731	1720	1718	1707	1948	2212	440	438	874	864	836	793	1106	1105	1105	1101	1059	1352
595.0000015338104	0	0	775	0	832	1556	781	4789	4385	4154	6552	2472	1735	1668	1655	494	473	674	859	846	20	1032	997	964	25	1162	1046	1270	1107	1298	1235	1313	1330	1312	1224	1278	1181	1224	1445	1407	1405	1427	1349	1159	1321	1476	256	220	502	486	389	319	453	507	533	472	369	615	769	764	763	872	835	789	1031	1022	1122	572	563	687	846	840	833	1004	1004	1004	976	1201	1131	1313	1307	1453	1453	1675	1651	1630	1618	1608	1551	1543	1827	1814	1802	1784	1751	1715	2005	2241	441	440	895	881	850	804	1125	1119	1118	1107	1085	1388
600.000004787762	1	0	757	0	845	1603	788	4797	4398	4164	6560	2481	1744	1681	1670	497	479	682	868	853	18	1041	1009	975	25	1172	1058	1289	1117	1314	1248	1330	1347	1322	1237	1298	1193	1243	1462	1424	1420	1449	1375	1176	1350	1506	261	223	515	496	399	332	470	520	546	481	384	632	778	771	765	879	838	792	1031	1031	1123	578	571	698	861	852	834	1005	1005	1004	1004	1221	1141	1330	1318	1472	1464	1678	1653	1633	1621	1611	1552	1544	1833	1833	1833	1828	1813	1723	2020	2299	453	440	900	898	865	813	1165	1161	1155	1126	1105	1419
