>time	Ribosome	coli Pol	coli Pol-P	coli Pol-2.0	coli Pol-P-2.0	gp1	gp1-3.5	gp0.3	gp0.4	gp0.5	gp0.6A	gp0.7	gp1.1	gp1.2	gp1.3	gp1.4	gp1.5	gp1.6	gp1.7	gp1.8	gp2.0	gp2.5	gp2.8	gp3.0	gp3.5	gp3.8	gp4A	gp4.2	gp4.3	gp4.5	gp4.7	gp5.0	gp5.3	gp5.5	gp5.7	gp5.9	gp6.0	gp6.3	gp6.5	gp6.7	gp7	gp7.3	gp7.7	gp8	gp9	gp10A	gp11	gp12	gp13	gp14	gp15	gp16	gp17	gp17.5	gp18	gp18.5	gp19	gp19.5
0.014961264029798483	0	0	0	0	0	0	0	0	0	0	0	0	0	0	0	0	0	0	0	0	0	0	0	0	0	0	0	0	0	0	0	0	0	0	0	0	0	0	0	0	0	0	0	0	0	0	0	0	0	0	0	0	0	0	0	0	0	0
5.006834033483419	0	0	0	0	0	0	0	0	0	0	0	0	0	0	0	0	0	0	0	0	0	0	0	0	0	0	0	0	0	0	0	0	0	0	0	0	0	0	0	0	0	0	0	0	0	0	0	0	0	0	0	0	0	0	0	0	0	0
10.000508762245344	0	0	0	0	0	0	0	0	0	0	0	0	0	0	0	0	0	0	0	0	0	0	0	0	0	0	0	0	0	0	0	0	0	0	0	0	0	0	0	0	0	0	0	0	0	0	0	0	0	0	0	0	0	0	0	0	0	0
15.011406518439108	0	0	0	0	0	0	0	0	0	0	0	0	0	0	0	0	0	0	0	0	0	0	0	0	0	0	0	0	0	0	0	0	0	0	0	0	0	0	0	0	0	0	0	0	0	0	0	0	0	0	0	0	0	0	0	0	0	0
20.004715960384758	0	0	0	0	0	0	0	0	0	0	0	0	0	0	0	0	0	0	0	0	0	0	0	0	0	0	0	0	0	0	0	0	0	0	0	0	0	0	0	0	0	0	0	0	0	0	0	0	0	0	0	0	0	0	0	0	0	0
25.00129023771347	0	0	0	0	0	0	0	0	0	0	0	0	0	0	0	0	0	0	0	0	0	0	0	0	0	0	0	0	0	0	0	0	0	0	0	0	0	0	0	0	0	0	0	0	0	0	0	0	0	0	0	0	0	0	0	0	0	0
30.00040916444878	0	0	0	0	0	0	0	351	0	0	0	0	0	0	0	0	0	0	0	0	0	0	0	0	0	0	0	0	0	0	0	0	0	0	0	0	0	0	0	0	0	0	0	0	0	0	0	0	0	0	0	0	0	0	0	0	0	0
35.00180805466045	0	0	0	0	0	0	0	819	52	56	0	0	0	0	0	0	0	0	0	0	0	0	0	0	0	0	0	0	0	0	0	0	0	0	0	0	0	0	0	0	0	0	0	0	0	0	0	0	0	0	0	0	0	0	0	0	0	0
40.000876071484456	0	0	0	0	0	0	0	1989	312	224	106	0	0	0	0	0	0	0	0	0	0	0	0	0	0	0	0	0	0	0	0	0	0	0	0	0	0	0	0	0	0	0	0	0	0	0	0	0	0	0	0	0	0	0	0	0	0	0
45.00009246132492	0	0	0	0	0	0	0	4563	1092	616	318	0	0	0	0	0	0	0	0	0	0	0	0	0	0	0	0	0	0	0	0	0	0	0	0	0	0	0	0	0	0	0	0	0	0	0	0	0	0	0	0	0	0	0	0	0	0	0
50.00039508181119	0	0	0	0	0	0	0	7605	2132	1400	742	0	0	0	0	0	0	0	0	0	0	0	0	0	0	0	0	0	0	0	0	0	0	0	0	0	0	0	0	0	0	0	0	0	0	0	0	0	0	0	0	0	0	0	0	0	0	0
55.00015030214692	0	0	0	0	0	0	0	11583	3276	2408	1855	0	0	0	0	0	0	0	0	0	0	0	0	0	0	0	0	0	0	0	0	0	0	0	0	0	0	0	0	0	0	0	0	0	0	0	0	0	0	0	0	0	0	0	0	0	0	0
60.00017920962897	0	0	0	0	0	0	0	16263	4576	3752	3339	0	0	0	0	0	0	0	0	0	0	0	0	0	0	0	0	0	0	0	0	0	0	0	0	0	0	0	0	0	0	0	0	0	0	0	0	0	0	0	0	0	0	0	0	0	0	0
65.00013677573004	0	0	0	0	0	0	0	22230	7072	5096	5088	0	0	0	0	0	0	0	0	0	0	0	0	0	0	0	0	0	0	0	0	0	0	0	0	0	0	0	0	0	0	0	0	0	0	0	0	0	0	0	0	0	0	0	0	0	0	0
70.00001863963644	0	0	0	0	0	0	0	29133	9256	7616	7367	1077	0	0	0	0	0	0	0	0	0	0	0	0	0	0	0	0	0	0	0	0	0	0	0	0	0	0	0	0	0	0	0	0	0	0	0	0	0	0	0	0	0	0	0	0	0	0
75.0000717298237	0	0	0	0	0	0	0	36621	12844	10416	10282	2154	0	0	0	0	0	0	0	0	0	0	0	0	0	0	0	0	0	0	0	0	0	0	0	0	0	0	0	0	0	0	0	0	0	0	0	0	0	0	0	0	0	0	0	0	0	0
80.00012857470311	0	0	0	0	0	0	0	45981	16744	13720	13886	5744	0	0	0	0	0	0	0	0	0	0	0	0	0	0	0	0	0	0	0	0	0	0	0	0	0	0	0	0	0	0	0	0	0	0	0	0	0	0	0	0	0	0	0	0	0	0
85.00002745339478	0	0	0	0	0	0	0	56043	20280	17472	18762	14001	0	0	0	0	0	0	0	0	0	0	0	0	0	0	0	0	0	0	0	0	0	0	0	0	0	0	0	0	0	0	0	0	0	0	0	0	0	0	0	0	0	0	0	0	0	0
90.00004830218262	0	0	0	0	0	0	0	66807	25064	22120	23903	26566	0	0	0	0	0	0	0	0	0	0	0	0	0	0	0	0	0	0	0	0	0	0	0	0	0	0	0	0	0	0	0	0	0	0	0	0	0	0	0	0	0	0	0	0	0	0
95.00010716252521	0	0	0	0	0	0	0	77922	29692	27104	29945	35900	0	0	0	0	0	0	0	0	0	0	0	0	0	0	0	0	0	0	0	0	0	0	0	0	0	0	0	0	0	0	0	0	0	0	0	0	0	0	0	0	0	0	0	0	0	0
100.000008507645	0	0	0	0	0	0	0	91260	35464	31864	35351	53491	0	0	0	0	0	0	0	0	0	0	0	0	0	0	0	0	0	0	0	0	0	0	0	0	0	0	0	0	0	0	0	0	0	0	0	0	0	0	0	0	0	0	0	0	0	0
105.00010794055554	0	0	0	0	0	0	0	104247	41392	38528	41658	74672	0	0	0	0	0	0	0	0	0	0	0	0	0	0	0	0	0	0	0	0	0	0	0	0	0	0	0	0	0	0	0	0	0	0	0	0	0	0	0	0	0	0	0	0	0	0
110.00011245941356	0	0	0	0	0	0	0	118638	47632	44296	48495	100520	0	0	0	0	0	0	0	0	0	0	0	0	0	0	0	0	0	0	0	0	0	0	0	0	0	0	0	0	0	0	0	0	0	0	0	0	0	0	0	0	0	0	0	0	0	0
115.00002830495059	0	0	0	0	0	0	0	134316	53716	51184	55862	130317	0	0	0	0	0	0	0	0	0	0	0	0	0	0	0	0	0	0	0	0	0	0	0	0	0	0	0	0	0	0	0	0	0	0	0	0	0	0	0	0	0	0	0	0	0	0
120.00012621017186	0	0	0	0	0	0	0	149292	60632	57960	62911	164063	0	0	0	0	0	0	0	0	0	0	0	0	0	0	0	0	0	0	0	0	0	0	0	0	0	0	0	0	0	0	0	0	0	0	0	0	0	0	0	0	0	0	0	0	0	0
125.00002177591024	0	0	0	0	0	0	0	164619	67912	64904	70278	202835	0	0	0	0	0	0	0	0	0	0	0	0	0	0	0	0	0	0	0	0	0	0	0	0	0	0	0	0	0	0	0	0	0	0	0	0	0	0	0	0	0	0	0	0	0	0
130.00023272117664	0	0	0	0	0	1766	0	181350	75400	71848	78175	243761	0	0	0	0	0	0	0	0	0	0	0	0	0	0	0	0	0	0	0	0	0	0	0	0	0	0	0	0	0	0	0	0	0	0	0	0	0	0	0	0	0	0	0	0	0	0
135.00000541325863	0	0	0	0	0	7064	0	199953	82368	79072	86602	281456	0	0	0	0	0	0	0	0	0	0	0	0	0	0	0	0	0	0	0	0	0	0	0	0	0	0	0	0	0	0	0	0	0	0	0	0	0	0	0	0	0	0	0	0	0	0
140.0000908974877	0	0	0	0	0	12362	0	216333	88660	86016	94658	324177	42	0	0	0	0	0	0	0	0	0	0	0	0	0	0	0	0	0	0	0	0	0	0	0	0	0	0	0	0	0	0	0	0	0	0	0	0	0	0	0	0	0	0	0	0	0
145.0001222581449	0	0	0	0	0	30905	0	231660	95368	92456	101601	368334	168	0	0	0	0	0	0	0	0	0	0	0	0	0	0	0	0	0	0	0	0	0	0	0	0	0	0	0	0	0	0	0	0	0	0	0	0	0	0	0	0	0	0	0	0	0
150.0001486480923	0	0	0	0	0	58278	0	245817	100776	98112	108279	424338	336	172	0	0	0	0	0	0	0	0	0	0	0	0	0	0	0	0	0	0	0	0	0	0	0	0	0	0	0	0	0	0	0	0	0	0	0	0	0	0	0	0	0	0	0	0
155.00003497089935	0	0	0	0	0	93598	0	260325	105924	104384	114533	473880	798	258	0	0	0	0	0	0	0	0	0	0	0	0	0	0	0	0	0	0	0	0	0	0	0	0	0	0	0	0	0	0	0	0	0	0	0	0	0	0	0	0	0	0	0	0
160.00004765848306	0	0	0	0	0	132450	0	274482	110552	109312	120310	519473	1764	1290	0	0	0	0	0	0	0	0	0	0	0	0	0	0	0	0	0	0	0	0	0	0	0	0	0	0	0	0	0	0	0	0	0	0	0	0	0	0	0	0	0	0	0	0
165.00002417558818	0	0	0	0	0	189845	0	285948	115700	114744	126193	566502	2520	3010	0	0	0	0	0	0	0	0	0	0	0	0	0	0	0	0	0	0	0	0	0	0	0	0	0	0	0	0	0	0	0	0	0	0	0	0	0	0	0	0	0	0	0	0
170.00008383327219	0	0	0	0	0	262251	0	296361	121316	120008	131599	608505	3192	4902	0	0	0	0	0	0	0	0	0	0	0	0	0	0	0	0	0	0	0	0	0	0	0	0	0	0	0	0	0	0	0	0	0	0	0	0	0	0	0	0	0	0	0	0
175.00000747460692	0	0	0	0	0	332891	0	309231	125528	124712	137376	647277	4284	6880	359	51	0	0	0	0	0	0	0	0	0	0	0	0	0	0	0	0	0	0	0	0	0	0	0	0	0	0	0	0	0	0	0	0	0	0	0	0	0	0	0	0	0	0
180.0000796780095	0	0	0	0	0	428255	0	319761	130468	129360	142464	690357	5628	9116	2872	51	0	86	0	0	0	0	0	0	0	0	0	0	0	0	0	0	0	0	0	0	0	0	0	0	0	0	0	0	0	0	0	0	0	0	0	0	0	0	0	0	0	0
185.00005500377137	0	0	0	0	0	518321	0	329823	134888	133336	148029	724821	7182	12212	6821	255	29	172	0	96	66	0	140	0	0	0	0	0	0	0	0	0	0	0	0	0	0	0	0	0	0	0	0	0	0	0	0	0	0	0	0	0	0	0	0	0	0	0
190.00002801992122	0	0	0	0	0	612802	0	340470	139412	138096	152746	760362	9324	15222	11488	408	87	258	0	144	66	0	140	149	0	0	0	0	0	0	0	0	0	0	0	0	0	0	0	0	0	0	0	0	0	0	0	0	0	0	0	0	0	0	0	0	0	0
195.00000167092838	0	0	0	0	0	719645	0	351351	144456	143528	157834	797698	10920	18576	17950	663	232	430	394	288	198	696	140	596	0	121	0	0	0	0	0	0	0	0	0	0	0	0	0	0	0	0	0	0	0	0	0	0	0	0	0	0	0	0	0	0	0	0
200.0000130636869	0	0	0	0	0	800881	0	363168	148304	147616	162922	826059	12810	22876	25848	816	348	1204	788	672	792	1624	700	1043	304	363	0	112	0	89	0	0	0	0	0	0	0	0	0	0	0	0	0	0	0	0	0	0	0	0	0	0	0	0	0	0	0	0
205.00000496205803	0	0	0	0	0	887415	0	374049	152204	152040	167427	857651	14700	26488	37336	1122	522	1462	2561	960	1122	2320	1120	1341	456	605	0	336	70	178	270	0	0	0	0	0	0	0	0	0	0	0	0	0	0	0	0	0	0	0	0	0	0	0	0	0	0	0
210.00000552465625	0	0	0	0	0	963353	0	382356	156208	155680	171349	889243	16632	29928	47747	1632	754	2408	4531	1968	1716	3480	1960	1788	912	1089	0	896	280	445	540	0	0	0	0	0	0	0	0	0	0	0	0	0	0	0	0	0	0	0	0	0	0	0	0	0	0	0
215.00000598810547	0	0	0	0	0	1036642	0	391833	159432	159152	175271	923348	18228	33626	58876	1938	870	3268	6895	2400	2442	4176	3360	2980	1976	2178	0	1792	630	801	810	0	118	0	0	0	0	0	0	0	0	0	0	0	0	0	0	0	0	0	0	0	0	0	0	0	0	0
220.00000425005584	0	0	0	0	0	1124942	0	399555	162448	162512	178451	953145	20244	37324	70364	2244	1044	3956	9653	2880	3432	6728	4900	4321	3800	3146	0	2800	770	1157	1485	0	236	102	0	0	0	0	0	0	0	0	0	0	0	0	0	0	0	0	0	0	0	0	0	0	0	0
225.0000038099528	0	0	0	0	0	1203529	0	406926	165568	165200	182002	979711	21630	40592	85083	2703	1218	4988	11426	3312	4620	11136	6860	5364	5928	5082	0	4032	1680	1958	2160	0	354	204	140	159	0	74	84	0	0	0	0	0	0	0	0	0	0	0	0	0	0	0	0	0	0	0
230.00000847695367	0	0	0	0	0	1275935	0	413946	168532	168000	185129	1004123	23352	44118	99443	3213	1305	5762	13790	4224	5544	12760	9380	7450	7752	6413	2264	6384	2590	3115	2970	0	826	612	350	318	0	148	168	89	0	101	0	0	0	0	0	0	0	0	0	0	0	0	0	0	0	0
235.00000219833757	0	0	0	0	0	1345692	0	420147	170664	170520	187991	1029253	24738	47472	114162	3621	1537	6794	16548	5040	6204	15544	12600	9685	9880	8228	3396	7616	3500	4628	4455	0	1180	1122	420	583	0	185	504	534	0	202	130	0	0	0	0	0	0	0	0	0	0	0	0	0	0	0
240.00001150114153	0	0	0	0	0	1422513	0	425529	173212	173152	191065	1054024	26670	50912	128163	3876	1624	7826	20094	5808	6864	19256	14560	11920	12464	10890	6226	9632	4830	6230	7020	0	1534	1632	980	954	600	370	924	979	133	404	390	0	0	0	0	0	0	0	0	0	0	0	0	0	0	0
245.00001542856916	0	0	0	0	0	1489621	0	430326	175136	175168	192867	1076282	27888	54180	140728	4182	1885	8428	24625	6768	7986	21808	17780	13857	14592	13310	7924	11200	6020	7654	8775	0	2360	2958	1610	1325	1200	629	1680	1691	1330	1010	910	0	0	0	0	0	0	0	0	0	0	0	0	0	0	0
250.00000526293547	0	0	0	0	0	1543484	0	434772	176748	177744	195570	1099976	28812	56416	157601	4539	2117	9546	26595	7728	8976	24592	19180	16837	15960	15609	13018	12992	7350	9879	10935	704	4012	3978	2380	2014	2100	740	2436	2670	2394	1717	2210	0	0	0	0	0	0	0	0	0	0	0	0	0	0	0
255.00000474447296	0	0	0	0	0	1604411	0	439920	178620	179704	197213	1113977	30156	58566	170166	4845	2349	10836	29944	8160	10164	30392	21840	20264	17784	18150	23206	14560	8610	12015	13095	1408	6136	5712	3080	2544	2700	1073	3444	3560	3325	2626	2730	0	307	0	0	0	0	0	0	0	0	0	0	0	0	0
260.0000145547914	0	0	0	0	0	1674168	0	443430	179920	181552	198803	1131927	31206	60888	182731	5304	2523	11610	33687	8736	10692	34568	24080	22648	19608	20086	31696	16912	9870	14151	15525	6336	8024	7650	4200	3074	4200	1554	4704	4806	4921	4040	3640	0	614	0	0	0	0	0	0	0	0	0	0	0	0	0
265.00000369745715	0	0	0	0	0	1730680	0	447408	181168	183064	200605	1146287	32508	63124	194937	5559	2784	12470	37036	9312	11814	39440	27160	25330	22040	22143	44714	18704	10710	16287	18495	8448	9912	8874	6160	3763	8700	2072	6216	6586	6517	5555	4810	0	921	0	0	0	0	0	0	0	0	0	0	0	0	0
270.00000101946875	0	0	0	0	0	1795139	0	452790	181844	185080	202354	1162801	33516	64758	206066	5967	3016	13330	39597	10128	12738	43848	29960	27267	25384	24200	54336	21504	11900	18067	20655	11264	12272	10200	7000	4770	12600	2627	7896	8188	8246	7575	7020	1074	1228	0	0	0	0	0	0	0	0	0	0	0	0	0
275.000006045629	0	0	0	0	0	1848119	0	455247	183300	185808	203997	1175366	34440	66908	217913	6324	3190	14534	42158	10704	13134	47792	32060	28906	28576	26741	64524	24192	13090	20114	22950	21824	14160	12342	8120	5883	15600	2997	10080	9167	9975	8383	9620	2685	3070	1035	196	0	0	0	0	0	0	0	0	0	0	0
280.0000077727666	0	0	0	0	0	1881673	0	459459	184444	187488	205534	1184341	35238	68456	228324	6732	3393	15652	44325	11616	13860	51272	34720	31886	30400	29040	75844	27328	13790	21538	26055	38720	16166	14790	9730	7102	21300	3700	11928	11214	12635	10605	11700	4833	5219	2070	588	0	0	0	0	0	0	0	0	0	0	0
285.0000021398573	0	0	0	0	0	1918759	0	463320	185744	188832	206806	1196906	36162	69574	235863	7140	3596	16856	47871	12144	14454	56376	36680	33674	32376	32065	80938	29232	14770	23496	29025	52800	18526	16524	10570	7738	25200	4218	14112	13528	15960	12726	14040	9666	7368	3450	1176	0	0	196	0	0	0	0	0	0	0	0
290.0000177727049	0	0	0	0	0	1971739	0	466479	186940	189952	208290	1210189	36960	72154	245197	7548	3770	17802	51417	12528	15642	60320	38360	36207	34200	34727	88862	31248	16240	25187	32940	66880	20886	18666	11760	8639	31200	5032	15792	16287	19019	14948	15990	13425	9210	4830	1176	0	0	588	0	0	0	0	0	0	0	0
295.0000004430348	0	0	0	0	0	2010591	0	469170	188552	190736	209191	1219882	37464	73788	254890	8058	3915	18490	53584	13344	16830	63336	40600	37995	35872	37268	99050	33152	17500	27234	35370	88000	23482	20808	13510	9964	36000	5698	17220	18512	21413	17473	18460	20406	10438	9660	1176	0	276	980	0	0	0	0	0	0	0	0
300.0000335844177	0	0	0	0	0	2052975	0	472446	189436	191968	210304	1230652	38304	75422	263147	8415	4089	19264	56145	14208	17886	67048	42700	39634	37696	40293	106408	35168	18690	29281	37800	102784	25960	23052	14490	10971	40200	6623	19152	20648	24339	19695	21190	28998	13508	11730	1372	0	828	1960	0	0	0	0	0	0	0	0
305.00000510682895	0	0	0	0	0	2084763	0	474318	190476	193144	211788	1239986	39438	76454	271404	8772	4350	20296	57721	14592	18678	70528	44520	41720	39976	41987	114332	37744	19530	30883	40500	116160	28084	25704	15890	11978	47100	7363	21420	22606	29127	22220	23790	37590	16271	14490	1960	0	1656	2744	0	0	0	0	0	0	0	0
310.0000005022937	0	0	0	0	0	2112136	0	477243	191724	194376	213113	1250038	40152	77830	282533	9333	4582	21156	59888	15216	19140	74008	46060	43657	42104	44649	127350	39760	20510	32841	43470	133056	30090	27846	16730	13144	51900	8325	23436	24030	31787	24139	26650	44034	21490	17595	2352	0	2484	3528	0	0	0	0	0	0	0	0
315.0000008786383	0	0	0	0	0	2140392	0	479817	192504	195216	214332	1259013	40824	79292	293303	9639	4872	21930	63040	15456	20328	76792	49000	45594	44232	46585	134142	42000	21700	34265	44685	152064	31506	30396	17570	14098	57300	9028	25200	26166	34713	26058	30030	52626	26709	21735	2744	0	3036	3724	0	0	0	67	89	0	0	0
320.00002541275694	0	0	0	0	0	2158935	0	483093	193388	196168	215180	1266193	41580	81012	299047	9792	5017	22790	64813	15936	21516	82592	52220	48276	46360	48763	146028	43904	22750	35689	47655	164032	33630	33354	18690	14946	61800	9583	27132	27679	37506	29290	33150	60144	31007	25185	3136	794	3450	4116	0	0	0	134	89	143	0	0
325.00001015326137	0	0	0	0	0	2190723	0	485316	194064	197400	216240	1276604	42546	82302	306945	9996	5162	23306	66586	16560	22704	86304	54040	49617	48184	50457	153952	46256	23800	37469	49410	176000	36344	34782	20020	16112	66600	9990	28644	30171	41097	32219	36790	71421	38375	33465	4116	2382	3726	5096	747	0	0	201	267	286	0	0
330.0000022184227	0	0	0	0	0	2210149	0	487890	194948	198688	217989	1283425	43344	83420	317715	10200	5249	24166	69738	17280	23430	90016	56420	52299	49856	52030	161310	48496	24360	39071	51165	192192	39176	36312	20790	16801	72000	10397	30744	31773	44954	33633	39650	84846	46664	42435	4900	3176	4692	6272	747	0	0	335	623	286	0	98
335.0000018599967	0	0	0	0	0	2233990	0	489879	196092	199864	219049	1291323	44058	84452	326331	10251	5394	24854	73284	17808	24684	95120	59220	54087	50920	53240	169234	50736	25340	40139	53595	210496	41300	38352	22260	17702	76500	11063	32592	34087	47747	35249	42510	97734	51883	48645	6076	3970	5244	7252	3735	0	0	335	1157	429	0	196
340.00000251370153	0	0	0	0	0	2264012	0	491868	196716	200928	219685	1296349	44604	86172	332434	10455	5568	25800	75648	18240	25278	98832	61460	56322	52744	55418	182252	52304	26530	41741	55890	218944	44132	40392	23380	18338	83700	11433	34524	35867	51471	36663	46150	107400	56795	58305	7056	6352	5796	8232	4482	0	0	335	1513	572	0	294
345.0000001624965	0	0	0	0	0	2290502	0	493038	197444	201824	221063	1303888	45612	87118	338896	10659	5684	26660	78209	18672	26202	102776	63560	59004	54720	57112	190176	55104	27300	43699	58320	230208	46964	42228	24500	19133	88800	12099	36204	37647	54131	39289	49140	115455	63242	67965	7840	7940	6486	9016	6723	0	1106	670	1691	1144	0	539
350.00000026445423	0	0	0	0	0	2312577	0	495495	198172	202888	221699	1311786	46452	88494	346076	11016	5829	26832	80573	19152	26994	106024	65380	59898	56392	59532	197534	57232	28350	45301	61560	244992	48852	44166	25690	20458	93600	12802	37800	39427	56392	41410	51870	126732	70917	76245	8624	9528	7176	10192	8964	0	1659	871	2136	1573	0	588
355.00000792048667	0	0	0	0	0	2329354	0	498303	198952	203728	222653	1318966	47082	90214	349307	11373	5974	27606	82937	19584	27456	109968	66780	61984	59584	61589	204326	59920	29400	47259	65340	257664	50740	45696	26950	21571	101400	13357	39732	40584	58919	42622	53560	136398	80434	85560	9212	11910	7866	12152	9711	0	3318	1273	2492	1859	0	931
360.0000041580437	0	0	0	0	0	2353195	0	499707	199680	204624	223395	1323992	47628	92020	356487	11628	6061	28122	85104	20112	28446	112288	68600	63623	61712	63283	211118	61824	30310	49217	67095	265408	52274	47328	28210	22578	108000	14319	41496	41830	60648	44743	54860	148749	85960	93840	9408	14292	9522	13720	11205	0	4424	1541	2759	2288	1172	1176
365.0000020357189	0	0	0	0	0	2374387	0	501345	200252	205352	224137	1329736	48678	92622	361154	11730	6235	28638	86286	20496	29040	115072	70840	65113	64600	65340	221872	63952	31780	50908	69525	282304	55224	49776	29330	23479	114900	15059	43176	43610	63175	46763	57590	163785	93328	104190	10780	18262	11178	15288	13446	0	5530	1943	3204	2717	1758	1470
370.00000213490614	0	0	0	0	0	2393813	0	502983	201188	206304	224773	1336557	49476	94514	368693	12036	6293	29154	88650	20880	29568	119016	72380	66156	66880	66671	236022	65520	32480	52421	71280	299904	57230	51510	31010	24062	122400	15392	44940	44411	65170	48682	59800	171840	101310	113160	11368	22232	12558	16464	15687	2636	6636	2479	3827	3575	2930	1715
375.000004042182	0	0	0	0	0	2412356	0	504621	201968	207032	225515	1343378	50064	96062	375873	12291	6322	29670	89635	21360	30360	121800	74200	68093	68248	68244	247908	68096	33810	53934	73710	316800	60180	53346	33250	24857	128100	16132	47376	46636	68096	51005	62010	180432	109906	121440	11956	23820	13938	18620	17928	3954	9401	3350	4183	4719	4102	1960
380.0000043318195	0	0	0	0	0	2429133	0	506727	202644	208040	226416	1346250	50610	98126	381258	12546	6641	30530	91408	21888	30954	123888	75600	70328	69768	69454	260926	69552	34860	55269	76140	328768	63366	54876	34790	25705	133800	16761	48888	48416	71022	54136	65000	188487	117888	127995	12936	26202	14766	20188	22410	7908	11060	3618	4806	5291	5860	2254
385.0000017456927	0	0	0	0	0	2442378	0	508365	203060	209216	227105	1352712	50946	99158	385925	12648	6728	30874	91999	22368	31482	127136	77140	71967	71896	70664	271680	71008	35840	56604	77355	345664	66080	57222	35560	26871	138000	17464	50400	50196	73416	56964	68120	196542	124028	136620	13132	29378	16284	21560	25398	10544	14931	4757	5518	6149	7618	2597
390.00000062342133	0	0	0	0	0	2459155	0	510822	203788	209664	227741	1357020	51576	100534	393823	13056	6902	31304	93772	22752	31944	130152	78680	73755	74328	72600	279038	72576	36680	58028	79785	364672	68558	60180	36680	27878	143700	18056	52500	51709	75810	58984	70330	203523	130168	144900	13524	33348	17940	22540	29880	11862	18802	5360	6675	6721	9376	3283
395.00000090944474	0	0	0	0	0	2474166	0	512460	204724	210336	228536	1362405	52080	102684	398849	13260	7105	32078	96530	23136	32472	133168	80220	75245	75392	74778	284698	73472	37870	59630	81675	378048	70800	62118	37660	28408	150900	18648	54180	53311	78736	61206	73580	211041	134773	152835	14504	36524	19872	23912	33615	17134	22673	6030	7298	7436	12306	3724
400.00000212258794	0	0	0	0	0	2487411	0	513864	205608	211008	229013	1366354	52710	103888	403516	13464	7308	32680	98106	23424	33330	135256	81480	77182	77824	76230	296584	75376	38990	61588	82620	390720	73396	64056	38920	29362	156300	19351	55440	55447	80731	64337	75920	219096	142755	161460	15484	40494	21804	25872	37350	21088	25438	6499	7565	9009	15822	4263
405.0000041533466	0	0	0	0	0	2501539	0	514917	206232	211456	229967	1370662	53256	104576	409619	13770	7685	33454	99682	24000	33924	140360	82460	79119	79800	78166	301678	77728	40320	62745	85725	408320	75992	65994	40320	29945	161700	19906	57288	57138	84189	66862	78130	229299	147053	169395	16072	42082	23322	27832	44820	28996	30415	6968	8188	9867	16994	5096
410.0000007534279	0	0	0	0	0	2518316	0	516087	206804	212184	230709	1377124	53676	105694	416799	14076	7772	33884	103031	24480	34386	142680	83720	81652	81472	79981	308470	79520	41510	64258	87345	428736	77644	67830	41300	30952	167100	20609	58968	58740	87248	68579	81640	242187	153193	179400	16856	44464	24978	29400	49302	35586	35945	7370	9345	10725	19924	5831
415.00000197074905	0	0	0	0	0	2533327	0	517959	207688	212968	231504	1379278	54222	106726	422184	14229	7917	34314	105789	25008	34782	143840	85820	83142	82840	81191	316394	81088	42420	65148	89370	440704	79060	69462	42560	32118	171900	21423	60816	60342	90307	70094	84500	250242	160561	188370	17444	46846	25806	31556	56772	43494	43134	7705	10502	12298	27542	6370
420.0000013923416	0	0	0	0	0	2544806	0	519129	208468	213416	232246	1383586	54894	107930	428646	14841	8120	34830	107956	25440	35772	146392	87080	84483	84664	82885	322054	82656	43330	67106	92070	453376	81656	70890	43890	33178	176100	22126	62664	62923	93100	72013	86840	260445	166394	198720	18228	49228	27186	33320	67977	51402	46452	8107	11303	13585	28714	6909
425.00000147687285	0	0	0	0	0	2558934	0	520767	209040	214088	233094	1388612	55398	108704	434390	15045	8207	35346	111305	25680	36168	148480	88900	86718	86336	84337	331110	84224	44170	68530	93960	467456	82954	72318	45010	34450	181500	22829	64344	64525	95627	74134	89700	267426	170999	206655	18816	53992	28704	35476	71712	65900	50876	8844	12727	14586	31058	7693
430.0000061034361	0	0	0	0	0	2573945	0	522756	209872	214592	233677	1391843	55692	109994	439057	15555	8352	36292	111699	26160	36960	150800	91000	88357	88616	85426	337902	86912	45430	69331	95040	483648	84724	74154	45640	35245	186300	23495	65856	67106	99085	76659	91910	278166	176832	213555	18816	61138	29670	37632	76941	73808	56959	9916	13795	16016	34574	8428
435.00001437247244	0	0	0	0	0	2585424	0	524979	210548	215152	234207	1399382	56070	111198	443724	15963	8468	36894	113078	26640	37422	153816	92540	89847	90592	87120	346958	88144	46620	71022	97065	496320	86258	75582	46900	35881	192900	24013	67872	69153	102144	78780	94770	289443	183279	223905	19404	65108	30636	40376	82170	76444	63042	10921	14507	17589	39262	8820
440.0000045160316	0	0	0	0	0	2598669	0	526266	211484	215712	235055	1403690	56742	112058	448750	16422	8700	37324	114654	27024	37950	156600	93800	92231	91808	88572	356580	90160	47810	71912	98955	514624	87792	77724	47950	36305	195900	25197	69468	71022	105070	80396	97110	300720	189112	233220	19404	67490	31878	42336	84411	84352	65254	11725	15308	18590	41020	9898
445.00000012726827	0	0	0	0	0	2609265	0	527436	212056	216440	235744	1408357	57162	113176	455212	16932	8816	38098	117412	27600	38148	160080	94640	94764	93936	90629	366202	92176	48930	73514	100980	523072	89326	79356	49280	37312	197400	25752	70896	72357	107464	82113	98800	308238	194945	240120	20384	69872	33396	43904	88893	94896	72443	12395	16109	19591	42778	10290
450.00000314098304	0	0	0	0	0	2622510	0	528723	212888	217224	236433	1411947	57666	114466	460597	17289	9019	38442	118791	28320	39006	162864	95900	97595	95912	92807	376390	94752	49840	74849	102600	533632	91450	81804	50190	38160	202800	26381	72912	73959	110257	84537	101790	316293	201699	248745	21364	74636	34224	44688	93375	101486	76867	12931	16732	20592	47466	10584
455.00000271285865	0	0	0	0	0	2638404	0	529776	213408	217784	237122	1415178	58002	116014	466341	17646	9135	39474	120564	28560	39600	164720	98000	99234	97128	95106	384880	96208	50540	76273	105030	547712	92984	83436	51520	39167	209700	27195	74172	75917	113449	86759	104130	330255	208453	256680	22540	80194	35466	46060	100845	117302	85162	13601	17355	21736	54498	11221
460.0000142407406	0	0	0	0	0	2648117	0	530946	214188	218344	237864	1418768	58338	116874	469572	18003	9251	40162	121943	29136	40062	167736	99540	99830	99104	96195	392804	98112	51590	77875	107730	561792	94990	85476	52360	40121	214800	27898	75432	78231	115577	89082	106600	334014	214900	267720	23324	85752	37122	47236	105327	135754	87927	14137	18423	22737	59186	12054
465.00000248385635	0	0	0	0	0	2659596	0	532584	214656	218792	238341	1424153	58842	117304	472803	18156	9425	41022	124307	29424	40524	171680	100940	101022	100016	98131	402992	100240	52570	79210	110295	577984	96760	87414	53900	41340	219000	28379	77448	80100	117838	90900	109330	346365	221347	276345	24500	89722	37398	49392	111303	147616	94563	14606	18957	24453	63874	12348
470.00000152792666	0	0	0	0	0	2674607	0	533871	215332	219464	238765	1427384	59220	118250	476034	18360	9454	41366	125686	29712	41052	173536	102620	103704	101688	100551	412048	102032	53550	80456	113805	594176	98530	89454	55230	42612	222000	29267	79128	81613	121163	92415	111930	354957	228408	285660	25088	96074	37950	50568	118026	158160	100093	15477	20470	26455	67976	13034
475.0000019568277	0	0	0	0	0	2686086	0	535158	215748	220192	239083	1431692	59724	119884	481060	18513	9628	42140	127853	30240	41250	176784	104160	105343	102904	101519	420538	104608	54460	81880	117720	606848	101008	91494	56350	43725	225300	29896	81396	83660	124089	93930	114400	360327	234548	291525	26264	97662	38364	51744	125496	164750	104517	16348	21449	27456	75594	13818
480.0000044560346	0	0	0	0	0	2697565	0	536445	216112	221256	239560	1433846	60438	120572	486445	18870	9860	43172	129429	30624	41778	180264	104720	106833	103816	102729	427896	107520	54950	83660	120150	624448	103722	92922	57540	45050	232200	30118	83496	84728	127015	97061	115960	373215	241609	301185	27048	100838	39192	54684	134460	172658	113365	16817	21983	28743	83798	14504
485.0000089961653	0	0	0	0	0	2709927	0	537381	216580	221480	240090	1437436	61320	121518	490035	19023	10092	43860	131202	30912	42306	183048	106400	108621	105488	104544	435820	108976	55650	84550	122715	632896	106200	94452	58380	46322	237900	30895	85176	86597	130340	98879	118430	383955	245600	308085	28616	105602	41262	57036	139689	177930	119448	17688	23051	29744	87900	15043
490.00000426175797	0	0	0	0	0	2716108	0	538200	217100	221760	240514	1442103	61824	122292	496497	19227	10179	44290	133172	31536	42768	184672	107940	110260	106400	106964	443744	110880	56560	85796	124875	646272	108560	95370	59990	47382	243000	31894	87024	88555	133133	99889	120900	397380	252047	315675	29792	107984	42090	59388	146412	188474	127743	18157	24119	32747	93174	15631
495.00000555418825	0	0	0	0	0	2730236	0	539487	217568	222432	240938	1447129	62370	123324	503318	19482	10324	45064	134157	31968	43032	186992	109200	112048	107768	108295	449970	111552	57610	87042	126360	656832	110684	97206	61390	48442	249300	32708	88872	90602	136192	102818	123500	410268	257573	326025	30772	108778	43332	60760	152388	202972	133826	19028	25543	33891	100206	16219
500.0000018344872	0	0	0	0	0	2742598	0	540540	218036	223104	241309	1450360	62874	124270	508703	19584	10411	45322	136324	32352	43560	189080	110880	113538	109744	110352	455064	112896	58870	88644	127980	674432	112454	99144	62790	49608	254700	33411	90552	92827	138985	105141	125840	419934	265248	336030	31164	112748	44298	62916	159111	208244	136591	20301	26967	36465	104894	17052
505.0000005787546	0	0	0	0	0	2750545	0	541944	218400	223552	241945	1454668	63294	125130	514806	19839	10527	46010	138885	32544	44550	191168	112000	114581	111112	112288	463554	114128	59710	89445	130005	689920	115050	101592	64120	50615	259200	34188	91812	94251	141911	107363	128310	429063	271695	343275	32928	116718	46230	65268	166581	220106	142121	21105	27590	38038	108996	17640
510.00000349924227	0	0	0	0	0	2756726	0	542763	218764	224168	242740	1458617	63630	126334	518396	20196	10759	46440	139673	32976	45342	193952	113400	116369	113240	112893	468082	115136	60760	91492	131895	704704	117528	103020	65380	51145	263700	34632	93912	95408	144571	109888	130650	439803	279677	352590	33712	120688	47886	67032	177786	230650	146545	21775	28747	39182	114856	18375
515.0000135175794	0	0	0	0	0	2764673	0	543582	219492	224392	243270	1460053	64218	127108	522704	20553	10904	47300	141249	33216	45804	196272	115080	118157	114760	114466	473742	116816	62020	93361	134190	715264	119416	105264	67200	52364	272400	35261	95424	97188	146566	111706	133900	448395	285817	364320	34496	122276	49266	68992	183015	235922	149310	22043	29993	40755	121302	19159
520.0000001734006	0	0	0	0	0	2773503	0	544284	219908	225064	243800	1466156	64722	128312	528807	20808	11020	48074	142825	33744	46662	198360	117460	119498	116280	116402	482232	118608	63000	94696	135540	732160	122248	106998	68250	53265	279000	35816	96936	99324	148561	113827	136370	458598	293799	372255	35280	127834	49956	70952	190485	251738	154287	22378	30705	41899	126576	19845
525.0000063250775	0	0	0	0	0	2785865	0	546039	220376	225456	244436	1470464	65184	129430	533115	21165	11165	48762	143810	34176	47124	200680	118860	121286	117648	117854	491854	121072	64050	96387	137970	741312	124726	108834	68950	53954	284700	36704	98112	101015	150822	115241	138320	469338	303316	379155	36260	132598	51474	72128	197208	260964	158711	22981	32040	43615	132436	20335
530.0000016284774	0	0	0	0	0	2799993	0	547209	220896	226184	245019	1474772	65898	130892	537064	21369	11252	49364	145386	34272	47520	203000	120680	122627	119928	119306	497514	122976	65100	97811	139860	758208	127558	110568	70210	54908	289800	37444	99876	102706	154147	118271	140920	478467	309456	392265	36848	134186	51750	74088	206172	271508	165900	23450	33108	45617	135952	20874
535.0000053919033	0	0	0	0	0	2808823	0	548145	221936	226744	245549	1478721	66654	131924	542090	21624	11426	49622	147553	34848	48576	206480	121800	124564	121600	120879	504306	124880	66220	99235	142155	772992	129092	112200	71190	55915	293100	38110	101220	104842	157073	120796	143000	491355	317131	401235	38220	138156	53268	75264	213642	280734	173089	24187	33820	46618	141226	21364
540.0000067630453	0	0	0	0	0	2815887	0	549198	222352	227528	246079	1481593	67158	132870	545680	21981	11687	50912	149523	35472	48906	209264	123620	126054	123272	121847	513362	125776	67060	100303	144450	792704	131688	114138	72590	56604	295800	38850	103236	106622	159068	122816	145600	506391	323271	411930	38416	143714	54372	76832	218871	295232	176960	25125	34443	47905	147086	22099
545.0000006692	0	0	0	0	0	2824717	0	549666	222664	228032	246874	1484824	67578	133816	549270	22236	11745	51686	151887	35808	49632	213440	124880	128289	124944	124025	522984	127008	67830	101905	146070	803264	134048	115872	73570	57717	300000	39442	105168	108491	160797	124230	148850	515520	329411	424350	40376	145302	55338	77812	226341	304458	185255	26063	35689	49621	154118	22736
550.0000027252073	0	0	0	0	0	2830898	0	551070	223184	228704	247510	1491286	67872	135364	556809	22695	11919	52202	154251	36288	50424	215992	125580	130524	126768	125477	528078	128240	68950	103774	148635	816640	136644	118014	74970	59095	304800	39886	107268	109648	162792	126351	151970	525186	335858	432630	41356	150066	57132	78792	233064	315002	192444	26934	36490	51909	159392	23471
555.0000009547974	0	0	0	0	0	2839728	0	552006	223652	229152	247775	1501338	68502	135794	559322	22950	12093	53148	155630	36912	50952	219008	127260	131269	128896	127292	537134	130144	70070	105109	149715	832128	138886	120054	76090	60155	311100	40700	108780	111339	165053	128270	154830	535926	341998	442980	42140	152448	58236	80556	237546	329500	196868	27604	38003	53482	167010	24255
560.0000002791666	0	0	0	0	0	2847675	0	553410	224224	229824	248411	1504928	69174	136998	563989	23460	12267	53836	157009	37296	51612	220168	128380	131865	130720	128260	542794	131376	70770	106711	151740	842688	141128	122400	77420	61056	315600	41218	110544	112674	168511	129482	158340	549351	351515	452640	43316	153242	60306	83104	242028	338726	204610	28609	39783	55055	172870	24843
565.000000586602	0	0	0	0	0	2860037	0	554112	224952	230048	248888	1509954	69678	138116	565784	23817	12412	54696	158191	37776	52404	223184	129780	133653	132240	130680	548454	132496	71540	108046	153900	855360	143370	124236	78890	62010	321600	41958	112308	114810	171171	131502	160420	557943	358576	459540	44100	158006	61962	84868	245763	353224	211246	29346	40762	56485	177558	25431
570.0000022373549	0	0	0	0	0	2873282	0	554463	225368	230664	249259	1512826	70350	139062	570092	24072	12528	55126	159176	38352	53196	225968	131460	135739	135280	132132	555812	133504	72240	109203	155925	867328	145730	125868	80220	62911	325200	42624	114072	116857	175028	133926	163410	568146	366558	467475	45864	159594	62790	86240	250245	366404	216776	29882	42097	58773	182246	26362
575.000003103224	0	0	0	0	0	2882112	0	555282	225888	231112	249630	1515339	70854	140438	577631	24276	12702	55556	160752	38784	53790	229448	133280	137378	137256	133705	563170	135072	73150	110983	158895	877888	147854	127602	81410	63653	328800	43253	115920	118281	177023	136148	165360	575664	373005	476445	46256	161182	64584	88788	258462	375630	226730	30686	42987	60632	186934	27048
580.0000043410711	0	0	0	0	0	2890059	0	556218	226252	231672	250425	1520724	71274	141556	582298	24531	12992	56244	163510	39024	54516	230608	134680	138719	139992	135278	571660	137648	74270	112318	160110	892672	150568	129030	82740	64607	334500	43549	117348	119527	180348	138168	167700	581571	379145	483690	47236	165152	65826	90944	266679	384856	233919	31289	43610	62348	198654	27783
585.0000016101623	0	0	0	0	0	2898006	0	557856	226668	232008	250902	1525391	71820	142330	584093	24684	13195	56760	165677	39312	55242	233856	136220	140507	141360	137093	581848	139440	75250	113564	162405	906048	152574	130662	83580	65720	340200	44252	118776	121129	183274	140087	170170	597144	386820	492315	47432	169122	67068	91532	274896	398036	238896	32160	44678	64064	204514	28175
590.0000046448835	0	0	0	0	0	2905070	0	559377	227344	232288	251432	1529699	72492	142932	589119	24939	13369	57534	167647	39984	55770	235944	137760	142295	142424	138666	587508	141008	76580	114365	164025	917312	154698	132498	84350	66462	346200	44733	120456	123176	185668	142915	173030	606273	398486	501285	49000	171504	68448	93492	282366	409898	246638	32897	45568	66495	210960	29057
595.0000015338104	0	0	0	0	0	2910368	0	560313	228020	232624	251856	1533648	72870	143448	594145	25194	13717	57964	169223	40608	56232	239424	139580	143636	143640	140602	592036	142240	77490	115522	166725	924352	156940	133824	85680	67734	354300	45288	121380	125223	186865	144127	175370	622383	405547	509220	50176	174680	69276	95256	290583	420442	250509	33969	47437	67496	216234	30135
600.000004787762	0	0	0	0	0	2917432	0	561249	228696	233184	252280	1536879	73248	144566	599530	25347	13891	58652	170996	40944	56958	241512	141260	145275	145160	141812	598828	144368	78190	116946	168480	936320	158946	134844	86590	68794	357900	45991	122808	126736	188860	146349	178750	631512	414450	519570	51156	177062	71070	97216	298053	437576	259910	34840	48594	68783	225024	30968
