>time	Ribosome	coli Pol	coli Pol-P	coli Pol-2.0	coli Pol-P-2.0	gp1	gp1-3.5	gp0.3	gp0.4	gp0.5	gp0.6A	gp0.7	gp1.1	gp1.2	gp1.3	gp1.4	gp1.5	gp1.6	gp1.7	gp1.8	gp2.0	gp2.5	gp2.8	gp3.0	gp3.5	gp3.8	gp4A	gp4.2	gp4.3	gp4.5	gp4.7	gp5.0	gp5.3	gp5.5	gp5.7	gp5.9	gp6.0	gp6.3	gp6.5	gp6.7	gp7	gp7.3	gp7.7	gp8	gp9	gp10A	gp11	gp12	gp13	gp14	gp15	gp16	gp17	gp17.5	gp18	gp18.5	gp19	gp19.5	RNA: gp0.3	RNA: gp0.4	RNA: gp0.5	RNA: gp0.6A	RNA: gp0.7	RNA: gp1	RNA: gp1.1	RNA: gp1.2	RNA: gp1.3	RNA: gp1.4	RNA: gp1.5	RNA: gp1.6	RNA: gp1.7	RNA: gp1.8	RNA: gp2.0	RNA: gp2.5	RNA: gp2.8	RNA: gp3.0	RNA: gp3.5	RNA: gp3.8	RNA: gp4A	RNA: gp4.2	RNA: gp4.3	RNA: gp4.5	RNA: gp4.7	RNA: gp5.0	RNA: gp5.3	RNA: gp5.5	RNA: gp5.7	RNA: gp5.9	RNA: gp6.0	RNA: gp6.3	RNA: gp6.5	RNA: gp6.7	RNA: gp7	RNA: gp7.3	RNA: gp7.7	RNA: gp8	RNA: gp9	RNA: gp10A	RNA: gp11	RNA: gp12	RNA: gp13	RNA: gp14	RNA: gp15	RNA: gp16	RNA: gp17	RNA: gp17.5	RNA: gp18	RNA: gp18.5	RNA: gp19	RNA: gp19.5	NumColiPoly:	4	NumT7Poly	2	NumOfTimePoints:	121	NumOfProteins:	58	NumOfCoding	52
0.01203817221617714	2500	1800	0	0	0	0	0	0	0	0	0	0	0	0	0	0	0	0	0	0	0	0	0	0	0	0	0	0	0	0	0	0	0	0	0	0	0	0	0	0	0	0	0	0	0	0	0	0	0	0	0	0	0	0	0	0	0	0	0	0	0	0	0	0	0	0	0	0	0	0	0	0	0	0	0	0	0	0	0	0	0	0	0	0	0	0	0	0	0	0	0	0	0	0	0	0	0	0	0	0	0	0	0	0	0	0	0	0	0	0
5.014176680927051	2500	1800	0	0	0	0	0	0	0	0	0	0	0	0	0	0	0	0	0	0	0	0	0	0	0	0	0	0	0	0	0	0	0	0	0	0	0	0	0	0	0	0	0	0	0	0	0	0	0	0	0	0	0	0	0	0	0	0	0	0	0	0	0	0	0	0	0	0	0	0	0	0	0	0	0	0	0	0	0	0	0	0	0	0	0	0	0	0	0	0	0	0	0	0	0	0	0	0	0	0	0	0	0	0	0	0	0	0	0	0
10.000250051279568	2500	1794	0	0	0	0	0	0	0	0	0	0	0	0	0	0	0	0	0	0	0	0	0	0	0	0	0	0	0	0	0	0	0	0	0	0	0	0	0	0	0	0	0	0	0	0	0	0	0	0	0	0	0	0	0	0	0	0	0	0	0	0	0	0	0	0	0	0	0	0	0	0	0	0	0	0	0	0	0	0	0	0	0	0	0	0	0	0	0	0	0	0	0	0	0	0	0	0	0	0	0	0	0	0	0	0	0	0	0	0
15.002104245296225	2500	1788	0	0	0	0	0	0	0	0	0	0	0	0	0	0	0	0	0	0	0	0	0	0	0	0	0	0	0	0	0	0	0	0	0	0	0	0	0	0	0	0	0	0	0	0	0	0	0	0	0	0	0	0	0	0	0	0	0	0	0	0	0	0	0	0	0	0	0	0	0	0	0	0	0	0	0	0	0	0	0	0	0	0	0	0	0	0	0	0	0	0	0	0	0	0	0	0	0	0	0	0	0	0	0	0	0	0	0	0
20.000942531400092	2495	1783	0	0	0	0	0	0	0	0	0	0	0	0	0	0	0	0	0	0	0	0	0	0	0	0	0	0	0	0	0	0	0	0	0	0	0	0	0	0	0	0	0	0	0	0	0	0	0	0	0	0	0	0	0	0	0	0	0	0	0	0	0	0	0	0	0	0	0	0	0	0	0	0	0	0	0	0	0	0	0	0	0	0	0	0	0	0	0	0	0	0	0	0	0	0	0	0	0	0	0	0	0	0	0	0	0	0	0	0
25.000307314776826	2488	1773	0	0	0	0	0	0	0	0	0	0	0	0	0	0	0	0	0	0	0	0	0	0	0	0	0	0	0	0	0	0	0	0	0	0	0	0	0	0	0	0	0	0	0	0	0	0	0	0	0	0	0	0	0	0	0	0	0	0	0	0	0	0	0	0	0	0	0	0	0	0	0	0	0	0	0	0	0	0	0	0	0	0	0	0	0	0	0	0	0	0	0	0	0	0	0	0	0	0	0	0	0	0	0	0	0	0	0	0
30.0000659584211	2473	1766	0	0	0	0	0	5	2	0	0	0	0	0	0	0	0	0	0	0	0	0	0	0	0	0	0	0	0	0	0	0	0	0	0	0	0	0	0	0	0	0	0	0	0	0	0	0	0	0	0	0	0	0	0	0	0	0	3	2	0	0	0	0	0	0	0	0	0	0	0	0	0	0	0	0	0	0	0	0	0	0	0	0	0	0	0	0	0	0	0	0	0	0	0	0	0	0	0	0	0	0	0	0	0	0	0	0	0	0
35.000332372879804	2438	1755	0	0	0	0	0	9	6	2	0	0	0	0	0	0	0	0	0	0	0	0	0	0	0	0	0	0	0	0	0	0	0	0	0	0	0	0	0	0	0	0	0	0	0	0	0	0	0	0	0	0	0	0	0	0	0	0	11	4	1	0	0	0	0	0	0	0	0	0	0	0	0	0	0	0	0	0	0	0	0	0	0	0	0	0	0	0	0	0	0	0	0	0	0	0	0	0	0	0	0	0	0	0	0	0	0	0	0	0
40.000972665111995	2387	1749	0	0	0	0	0	23	13	6	1	0	0	0	0	0	0	0	0	0	0	0	0	0	0	0	0	0	0	0	0	0	0	0	0	0	0	0	0	0	0	0	0	0	0	0	0	0	0	0	0	0	0	0	0	0	0	0	22	8	4	2	0	0	0	0	0	0	0	0	0	0	0	0	0	0	0	0	0	0	0	0	0	0	0	0	0	0	0	0	0	0	0	0	0	0	0	0	0	0	0	0	0	0	0	0	0	0	0	0
45.00140762008631	2325	1740	0	0	0	0	0	49	30	12	10	0	0	0	0	0	0	0	0	0	0	0	0	0	0	0	0	0	0	0	0	0	0	0	0	0	0	0	0	0	0	0	0	0	0	0	0	0	0	0	0	0	0	0	0	0	0	0	27	16	9	9	0	0	0	0	0	0	0	0	0	0	0	0	0	0	0	0	0	0	0	0	0	0	0	0	0	0	0	0	0	0	0	0	0	0	0	0	0	0	0	0	0	0	0	0	0	0	0	0
50.00017188392254	2267	1732	0	0	0	0	0	80	57	30	27	0	0	0	0	0	0	0	0	0	0	0	0	0	0	0	0	0	0	0	0	0	0	0	0	0	0	0	0	0	0	0	0	0	0	0	0	0	0	0	0	0	0	0	0	0	0	0	36	21	16	15	0	0	0	0	0	0	0	0	0	0	0	0	0	0	0	0	0	0	0	0	0	0	0	0	0	0	0	0	0	0	0	0	0	0	0	0	0	0	0	0	0	0	0	0	0	0	0	0
55.000232613780184	2180	1725	0	0	0	0	0	126	80	54	51	0	0	0	0	0	0	0	0	0	0	0	0	0	0	0	0	0	0	0	0	0	0	0	0	0	0	0	0	0	0	0	0	0	0	0	0	0	0	0	0	0	0	0	0	0	0	0	46	30	22	23	0	0	0	0	0	0	0	0	0	0	0	0	0	0	0	0	0	0	0	0	0	0	0	0	0	0	0	0	0	0	0	0	0	0	0	0	0	0	0	0	0	0	0	0	0	0	0	0
60.0001196363098	2098	1717	0	0	0	0	0	175	135	88	95	0	0	0	0	0	0	0	0	0	0	0	0	0	0	0	0	0	0	0	0	0	0	0	0	0	0	0	0	0	0	0	0	0	0	0	0	0	0	0	0	0	0	0	0	0	0	0	51	41	29	34	0	0	0	0	0	0	0	0	0	0	0	0	0	0	0	0	0	0	0	0	0	0	0	0	0	0	0	0	0	0	0	0	0	0	0	0	0	0	0	0	0	0	0	0	0	0	0	0
65.00024340932517	2012	1703	0	0	0	0	0	238	190	130	141	0	0	0	0	0	0	0	0	0	0	0	0	0	0	0	0	0	0	0	0	0	0	0	0	0	0	0	0	0	0	0	0	0	0	0	0	0	0	0	0	0	0	0	0	0	0	0	56	46	40	43	1	0	0	0	0	0	0	0	0	0	0	0	0	0	0	0	0	0	0	0	0	0	0	0	0	0	0	0	0	0	0	0	0	0	0	0	0	0	0	0	0	0	0	0	0	0	0	0
70.0001748243366	1906	1690	3	0	0	0	0	301	244	180	207	0	0	0	0	0	0	0	0	0	0	0	0	0	0	0	0	0	0	0	0	0	0	0	0	0	0	0	0	0	0	0	0	0	0	0	0	0	0	0	0	0	0	0	0	0	0	0	64	52	47	54	18	0	0	0	0	0	0	0	0	0	0	0	0	0	0	0	0	0	0	0	0	0	0	0	0	0	0	0	0	0	0	0	0	0	0	0	0	0	0	0	0	0	0	0	0	0	0	0
75.0000567520517	1768	1670	12	0	0	0	0	375	315	240	288	0	0	0	0	0	0	0	0	0	0	0	0	0	0	0	0	0	0	0	0	0	0	0	0	0	0	0	0	0	0	0	0	0	0	0	0	0	0	0	0	0	0	0	0	0	0	0	77	61	52	62	40	0	0	0	0	0	0	0	0	0	0	0	0	0	0	0	0	0	0	0	0	0	0	0	0	0	0	0	0	0	0	0	0	0	0	0	0	0	0	0	0	0	0	0	0	0	0	0
80.0000408340912	1630	1646	24	0	0	0	0	460	390	307	394	0	0	0	0	0	0	0	0	0	0	0	0	0	0	0	0	0	0	0	0	0	0	0	0	0	0	0	0	0	0	0	0	0	0	0	0	0	0	0	0	0	0	0	0	0	0	0	82	67	61	70	55	0	0	0	0	0	0	0	0	0	0	0	0	0	0	0	0	0	0	0	0	0	0	0	0	0	0	0	0	0	0	0	0	0	0	0	0	0	0	0	0	0	0	0	0	0	0	0
85.00012264265274	1504	1610	50	0	0	0	0	553	481	379	507	0	0	0	0	0	0	0	0	0	0	0	0	0	0	0	0	0	0	0	0	0	0	0	0	0	0	0	0	0	0	0	0	0	0	0	0	0	0	0	0	0	0	0	0	0	0	0	85	75	69	80	61	0	0	0	0	0	0	0	0	0	0	0	0	0	0	0	0	0	0	0	0	0	0	0	0	0	0	0	0	0	0	0	0	0	0	0	0	0	0	0	0	0	0	0	0	0	0	0
90.00008141525612	1345	1562	84	0	0	0	0	654	575	465	642	0	0	0	0	0	0	0	0	0	0	0	0	0	0	0	0	0	0	0	0	0	0	0	0	0	0	0	0	0	0	0	0	0	0	0	0	0	0	0	0	0	0	0	0	0	0	0	97	84	77	90	72	0	0	0	0	0	0	0	0	0	0	0	0	0	0	0	0	0	0	0	0	0	0	0	0	0	0	0	0	0	0	0	0	0	0	0	0	0	0	0	0	0	0	0	0	0	0	0
95.00028159675335	1160	1520	119	0	0	0	0	765	672	565	790	0	0	0	0	0	0	0	0	0	0	0	0	0	0	0	0	0	0	0	0	0	0	0	0	0	0	0	0	0	0	0	0	0	0	0	0	0	0	0	0	0	0	0	0	0	0	0	103	93	82	97	86	0	0	0	0	0	0	0	0	0	0	0	0	0	0	0	0	0	0	0	0	0	0	0	0	0	0	0	0	0	0	0	0	0	0	0	0	0	0	0	0	0	0	0	0	0	0	0
100.00004549008841	960	1448	183	0	0	0	0	879	774	676	973	0	0	0	0	0	0	0	0	0	0	0	0	0	0	0	0	0	0	0	0	0	0	0	0	0	0	0	0	0	0	0	0	0	0	0	0	0	0	0	0	0	0	0	0	0	0	0	110	100	94	103	91	0	0	0	0	0	0	0	0	0	0	0	0	0	0	0	0	0	0	0	0	0	0	0	0	0	0	0	0	0	0	0	0	0	0	0	0	0	0	0	0	0	0	0	0	0	0	0
105.00003084799552	754	1369	251	0	0	0	0	1016	897	771	1163	0	0	0	0	0	0	0	0	0	0	0	0	0	0	0	0	0	0	0	0	0	0	0	0	0	0	0	0	0	0	0	0	0	0	0	0	0	0	0	0	0	0	0	0	0	0	0	118	102	101	111	98	0	0	0	0	0	0	0	0	0	0	0	0	0	0	0	0	0	0	0	0	0	0	0	0	0	0	0	0	0	0	0	0	0	0	0	0	0	0	0	0	0	0	0	0	0	0	0
110.00008488459055	521	1307	309	0	0	0	0	1160	1027	877	1363	0	0	0	0	0	0	0	0	0	0	0	0	0	0	0	0	0	0	0	0	0	0	0	0	0	0	0	0	0	0	0	0	0	0	0	0	0	0	0	0	0	0	0	0	0	0	0	122	112	106	125	111	0	0	0	0	0	0	0	0	0	0	0	0	0	0	0	0	0	0	0	0	0	0	0	0	0	0	0	0	0	0	0	0	0	0	0	0	0	0	0	0	0	0	0	0	0	0	0
115.00024149523153	312	1209	394	0	0	0	0	1293	1166	994	1595	0	0	0	0	0	0	0	0	0	0	0	0	0	0	0	0	0	0	0	0	0	0	0	0	0	0	0	0	0	0	0	0	0	0	0	0	0	0	0	0	0	0	0	0	0	0	0	130	119	115	131	119	0	0	0	0	0	0	0	0	0	0	0	0	0	0	0	0	0	0	0	0	0	0	0	0	0	0	0	0	0	0	0	0	0	0	0	0	0	0	0	0	0	0	0	0	0	0	0
120.00002719101441	149	1103	493	0	0	0	0	1452	1311	1124	1840	0	0	0	0	0	0	0	0	0	0	0	0	0	0	0	0	0	0	0	0	0	0	0	0	0	0	0	0	0	0	0	0	0	0	0	0	0	0	0	0	0	0	0	0	0	0	0	138	124	121	139	127	0	0	0	0	0	0	0	0	0	0	0	0	0	0	0	0	0	0	0	0	0	0	0	0	0	0	0	0	0	0	0	0	0	0	0	0	0	0	0	0	0	0	0	0	0	0	0
125.0003197111438	44	989	600	0	0	0	0	1601	1449	1270	2100	0	0	0	0	0	0	0	0	0	0	0	0	0	0	0	0	0	0	0	0	0	0	0	0	0	0	0	0	0	0	0	0	0	0	0	0	0	0	0	0	0	0	0	0	0	0	0	143	134	128	146	132	2	0	0	0	0	0	0	0	0	0	0	0	0	0	0	0	0	0	0	0	0	0	0	0	0	0	0	0	0	0	0	0	0	0	0	0	0	0	0	0	0	0	0	0	0	0	0
130.0000248469565	31	840	738	0	0	2	0	1756	1580	1408	2404	0	0	0	0	0	0	0	0	0	0	0	0	0	0	0	0	0	0	0	0	0	0	0	0	0	0	0	0	0	0	0	0	0	0	0	0	0	0	0	0	0	0	0	0	0	0	0	147	143	135	158	137	40	0	0	0	0	0	0	0	0	0	0	0	0	0	0	0	0	0	0	0	0	0	0	0	0	0	0	0	0	0	0	0	0	0	0	0	0	0	0	0	0	0	0	0	0	0	0
135.00008016663006	22	697	872	0	0	3	0	1905	1705	1542	2700	0	1	0	0	0	0	0	0	0	0	0	0	0	0	0	0	0	0	0	0	0	0	0	0	0	0	0	0	0	0	0	0	0	0	0	0	0	0	0	0	0	0	0	0	0	0	0	148	147	144	166	144	95	1	0	0	0	0	0	0	0	0	0	0	0	0	0	0	0	0	0	0	0	0	0	0	0	0	0	0	0	0	0	0	0	0	0	0	0	0	0	0	0	0	0	0	0	0	0
140.0001034342308	19	532	1025	0	0	9	0	2041	1832	1661	2988	1	6	0	0	0	0	0	0	0	0	0	0	0	0	0	0	0	0	0	0	0	0	0	0	0	0	0	0	0	0	0	0	0	0	0	0	0	0	0	0	0	0	0	0	0	0	0	155	150	150	173	154	126	10	0	0	0	0	0	0	0	0	0	0	0	0	0	0	0	0	0	0	0	0	0	0	0	0	0	0	0	0	0	0	0	0	0	0	0	0	0	0	0	0	0	0	0	0	0
145.00000019282874	14	392	1158	0	0	34	0	2165	1941	1770	3261	3	11	1	0	0	0	0	0	0	0	0	0	0	0	0	0	0	0	0	0	0	0	0	0	0	0	0	0	0	0	0	0	0	0	0	0	0	0	0	0	0	0	0	0	0	0	0	162	156	150	180	161	141	21	7	0	0	0	0	0	0	0	0	0	0	0	0	0	0	0	0	0	0	0	0	0	0	0	0	0	0	0	0	0	0	0	0	0	0	0	0	0	0	0	0	0	0	0	0
150.00006072047927	14	260	1284	0	0	70	0	2284	2046	1857	3512	2	27	8	0	0	0	0	0	0	0	0	0	0	0	0	0	0	0	0	0	0	0	0	0	0	0	0	0	0	0	0	0	0	0	0	0	0	0	0	0	0	0	0	0	0	0	0	175	165	157	181	171	148	28	16	0	0	0	0	0	0	0	0	0	0	0	0	0	0	0	0	0	0	0	0	0	0	0	0	0	0	0	0	0	0	0	0	0	0	0	0	0	0	0	0	0	0	0	0
155.00000501208308	3	129	1409	0	0	121	0	2401	2156	1948	3758	1	50	20	0	0	0	0	0	0	0	0	0	0	0	0	0	0	0	0	0	0	0	0	0	0	0	0	0	0	0	0	0	0	0	0	0	0	0	0	0	0	0	0	0	0	0	0	185	174	164	191	174	153	46	31	0	0	0	0	0	0	0	0	0	0	0	0	0	0	0	0	0	0	0	0	0	0	0	0	0	0	0	0	0	0	0	0	0	0	0	0	0	0	0	0	0	0	0	0
160.00000641883773	6	27	1503	0	0	177	0	2499	2247	2034	3964	15	81	42	0	0	0	0	0	0	0	0	0	0	0	0	0	0	0	0	0	0	0	0	0	0	0	0	0	0	0	0	0	0	0	0	0	0	0	0	0	0	0	0	0	0	0	0	193	183	176	199	180	159	60	45	0	0	0	0	0	0	0	0	0	0	0	0	0	0	0	0	0	0	0	0	0	0	0	0	0	0	0	0	0	0	0	0	0	0	0	0	0	0	0	0	0	0	0	0
165.0000360959141	8	0	1530	0	0	249	0	2615	2345	2129	4082	108	107	64	0	0	0	0	0	0	0	0	0	0	0	0	0	0	0	0	0	0	0	0	0	0	0	0	0	0	0	0	0	0	0	0	0	0	0	0	0	0	0	0	0	0	0	0	198	195	182	212	185	170	73	59	4	0	0	0	0	0	0	0	0	0	0	0	0	0	0	0	0	0	0	0	0	0	0	0	0	0	0	0	0	0	0	0	0	0	0	0	0	0	0	0	0	0	0	0
170.00004526175164	5	0	1530	0	0	316	0	2712	2452	2208	4192	210	136	99	5	0	0	0	0	0	0	0	0	0	0	0	0	0	0	0	0	0	0	0	0	0	0	0	0	0	0	0	0	0	0	0	0	0	0	0	0	0	0	0	0	0	0	0	208	201	190	219	192	177	90	74	21	2	1	1	0	0	0	0	0	0	0	0	0	0	0	0	0	0	0	0	0	0	0	0	0	0	0	0	0	0	0	0	0	0	0	0	0	0	0	0	0	0	0	0
175.00008310392496	6	0	1530	0	0	374	0	2825	2545	2297	4291	313	173	126	12	0	1	0	0	0	0	0	0	0	0	0	0	0	0	0	0	0	0	0	0	0	0	0	0	0	0	0	0	0	0	0	0	0	0	0	0	0	0	0	0	0	0	0	212	206	200	229	198	181	109	86	44	6	3	9	4	3	2	0	0	0	0	0	0	0	0	0	0	0	0	0	0	0	0	0	0	0	0	0	0	0	0	0	0	0	0	0	0	0	0	0	0	0	0	0
180.00000716503232	3	0	1534	0	0	454	0	2902	2620	2375	4397	387	217	166	21	3	3	0	0	0	0	0	0	0	0	0	0	0	0	0	0	0	0	0	0	0	0	0	0	0	0	0	0	0	0	0	0	0	0	0	0	0	0	0	0	0	0	0	218	216	205	237	205	192	121	100	65	11	8	16	18	16	14	6	2	0	0	0	0	0	0	0	0	0	0	0	0	0	0	0	0	0	0	0	0	0	0	0	0	0	0	0	0	0	0	0	0	0	0	0
185.00000669698122	4	0	1541	0	2	527	0	2996	2702	2449	4486	478	263	207	33	6	6	6	0	7	0	0	0	0	0	0	0	0	0	0	0	0	0	0	0	0	0	0	0	0	0	0	0	0	0	0	0	0	0	0	0	0	0	0	0	0	0	0	224	224	216	244	210	197	132	116	79	14	9	21	29	31	26	19	14	9	5	2	0	0	0	0	0	0	0	0	0	0	0	0	0	0	0	0	0	0	0	0	0	0	0	0	0	0	0	0	0	0	0	0
190.0000329388606	3	0	1541	0	7	611	0	3076	2778	2521	4574	548	311	238	60	10	10	11	3	11	0	0	1	0	0	0	0	0	0	0	0	0	0	0	0	0	0	0	0	0	0	0	0	0	0	0	0	0	0	0	0	0	0	0	0	0	0	0	225	224	223	256	213	204	150	129	101	19	13	22	44	42	34	41	32	21	16	17	0	0	0	0	0	0	0	0	0	0	0	0	0	0	0	0	0	0	0	0	0	0	0	0	0	0	0	0	0	0	0	0
195.00003023896684	4	0	1534	0	21	700	1	3163	2852	2585	4661	643	354	279	85	18	16	19	9	28	0	1	5	0	0	1	0	0	0	0	0	0	0	0	0	0	0	0	0	0	0	0	0	0	0	0	0	0	0	0	0	0	0	0	0	0	0	0	227	224	223	259	219	209	162	146	112	31	21	22	52	53	47	57	44	40	31	21	4	3	3	0	0	0	0	0	0	0	0	0	0	0	0	0	0	0	0	0	0	0	0	0	0	0	0	0	0	0	0	0
200.0000267033594	2	0	1517	0	39	758	1	3226	2902	2646	4757	729	398	318	122	26	23	26	18	41	0	9	13	6	1	4	0	0	0	0	0	0	0	0	0	0	0	0	0	0	0	0	0	0	0	0	0	0	0	0	0	0	0	0	0	0	0	0	243	229	225	260	228	214	174	160	121	34	24	34	63	67	52	64	56	57	48	47	17	17	11	15	3	0	0	0	0	0	0	0	0	0	0	0	0	0	0	0	0	0	0	0	0	0	0	0	0	0	0	0
205.00003576317891	0	0	1515	0	53	827	6	3286	2970	2695	4829	800	452	365	158	33	31	36	33	56	0	13	26	12	1	9	0	1	1	1	0	0	0	0	0	0	0	0	0	0	0	0	0	0	0	0	0	0	0	0	0	0	0	0	0	0	0	0	261	245	231	262	239	218	193	170	134	35	27	38	69	70	67	67	65	64	60	65	34	34	29	24	18	0	0	0	0	0	0	0	0	0	0	0	0	0	0	0	0	0	0	0	0	0	0	0	0	0	0	0
210.0000135802825	3	0	1507	0	62	876	20	3363	3027	2747	4906	869	501	412	198	43	40	45	45	70	0	31	46	19	3	25	0	6	5	3	0	0	0	0	0	0	0	0	0	0	0	0	0	0	0	0	0	0	0	0	0	0	0	0	0	0	0	0	270	258	248	271	246	224	203	189	154	45	39	53	86	79	72	90	83	74	65	79	48	52	49	54	33	7	3	2	1	0	0	0	0	0	0	0	0	0	0	0	0	0	0	0	0	0	0	0	0	0	0	0
215.00000959313067	4	0	1494	0	75	912	34	3423	3081	2810	4970	933	543	458	242	56	46	52	63	88	3	45	63	33	1	36	0	19	15	10	1	0	0	0	0	0	0	0	0	0	0	0	0	0	0	0	0	0	0	0	0	0	0	0	0	0	0	0	279	270	255	287	250	229	216	203	162	48	41	63	96	94	90	95	95	92	88	96	65	70	62	76	65	24	19	13	11	8	1	1	0	0	0	0	0	0	0	0	0	0	0	0	0	0	0	0	0	0	0	0
220.00000190730051	1	0	1475	0	95	941	44	3473	3136	2858	5040	994	585	491	286	63	56	66	81	103	1	60	80	44	0	56	0	36	21	19	6	0	0	0	0	1	0	0	0	0	0	0	0	0	0	0	0	0	0	0	0	0	0	0	0	0	0	0	288	281	267	296	261	240	227	215	175	52	48	71	106	105	104	120	110	96	95	109	78	90	79	86	84	52	32	24	24	24	13	10	11	7	1	0	0	0	0	0	0	0	0	0	0	0	0	0	0	0	0	0
225.00000012356023	0	0	1459	0	112	967	59	3525	3187	2903	5101	1059	617	542	327	71	62	74	93	121	0	79	106	62	2	76	0	51	37	36	17	0	3	0	1	3	0	1	2	0	0	0	0	0	0	0	0	0	0	0	0	0	0	0	0	0	0	0	304	293	281	306	262	244	239	226	183	63	54	71	114	114	114	136	132	123	110	126	89	103	98	116	97	80	69	58	56	50	24	23	29	22	18	13	8	0	0	0	0	0	0	0	0	0	0	0	0	0	0	0
230.00000726899074	0	0	1444	0	135	989	75	3578	3238	2956	5159	1103	648	583	364	79	73	82	111	140	0	99	118	80	3	95	2	72	47	43	35	0	7	3	3	7	0	2	2	3	1	0	0	0	0	0	0	0	0	0	0	0	0	0	0	0	0	0	308	304	289	321	263	249	260	232	201	68	62	92	125	123	121	151	148	141	125	144	115	145	133	134	118	101	93	90	86	81	56	42	58	53	42	36	22	1	0	0	0	0	0	0	0	0	0	0	0	0	0	0
235.00000251725444	1	0	1436	0	148	993	89	3625	3282	2991	5213	1147	689	616	410	86	79	95	127	156	0	117	140	98	3	112	11	94	63	67	46	0	18	11	10	15	0	6	9	8	3	1	1	0	0	0	0	0	0	0	0	0	0	0	0	0	0	0	314	308	306	335	264	252	269	251	218	71	67	99	142	141	137	164	162	155	149	172	129	160	153	175	151	122	108	103	101	102	86	79	93	89	72	62	52	15	2	0	0	0	0	0	0	0	0	0	0	0	0	0
240.0000048010523	0	0	1436	0	160	992	102	3668	3322	3030	5258	1189	715	651	454	92	84	111	145	172	2	138	159	123	2	126	19	114	79	87	61	0	30	20	24	21	1	18	22	19	8	1	3	0	0	0	0	0	0	0	0	0	0	0	0	0	0	0	329	319	308	346	275	260	278	263	234	79	69	99	152	152	147	181	179	168	166	190	153	191	180	196	185	148	141	131	125	122	102	101	141	134	121	97	87	34	15	2	0	0	0	0	0	0	0	0	0	0	0	0
245.0000052421869	0	0	1425	0	171	990	114	3714	3353	3070	5305	1225	739	680	476	100	93	123	162	191	0	155	178	137	9	147	31	141	94	118	76	0	41	34	35	35	3	27	29	29	18	8	7	0	0	0	0	0	0	0	0	0	0	0	0	0	0	0	330	329	320	351	291	263	288	277	244	82	70	101	162	163	161	192	190	182	182	207	167	207	203	239	222	178	164	159	151	145	125	112	163	157	153	147	133	67	52	18	0	0	0	0	0	0	0	0	0	0	0	0
250.0000002759809	2	0	1399	0	195	1029	130	3754	3384	3091	5355	1259	776	716	525	107	100	132	177	203	0	174	197	152	6	168	47	165	109	144	94	1	45	44	49	51	9	39	40	40	31	22	14	0	0	0	0	0	0	0	0	0	0	0	0	0	0	0	331	331	330	368	309	266	300	282	258	85	80	117	181	173	163	211	208	198	184	219	203	249	233	264	250	217	208	197	185	180	130	115	176	174	171	165	158	97	82	67	5	0	0	0	0	0	0	0	0	0	0	0
255.0000008798204	0	0	1390	0	204	1071	147	3783	3407	3121	5399	1291	802	745	549	114	106	137	192	221	3	208	221	171	4	187	65	182	133	163	112	2	62	57	63	68	24	46	57	56	40	34	29	0	1	0	0	0	0	0	0	0	0	0	0	0	0	0	345	333	330	375	319	269	307	296	270	93	82	117	186	185	183	219	218	215	210	243	213	261	256	303	297	252	237	225	221	218	138	119	176	176	176	176	173	141	127	101	13	0	0	0	0	0	0	0	0	0	0	0
260.0000101272475	0	0	1378	0	218	1100	158	3805	3438	3148	5434	1329	826	775	581	119	114	142	211	229	1	222	239	183	11	207	89	201	154	184	133	13	81	72	77	77	31	60	68	75	58	44	45	0	1	0	0	0	0	0	0	0	0	0	0	0	0	0	350	342	331	377	330	277	315	308	278	95	86	127	187	187	186	244	242	226	219	266	224	275	271	325	310	285	276	268	260	253	199	186	235	212	183	176	176	153	172	148	24	5	0	0	0	0	0	0	0	0	0	0
265.0000069148781	0	0	1369	0	235	1131	169	3838	3462	3171	5467	1355	848	794	611	129	117	153	231	240	4	242	256	208	9	225	106	224	172	207	153	31	99	92	95	88	44	72	76	98	70	54	60	2	5	0	0	0	0	0	0	0	0	0	0	0	0	0	356	347	342	382	337	286	330	314	288	95	87	127	200	198	192	249	248	246	244	283	255	302	298	339	329	333	304	294	291	288	212	199	259	251	251	239	208	154	176	196	34	11	20	13	0	0	0	0	0	0	0	0
270.0000020276097	0	0	1364	0	252	1160	178	3865	3490	3191	5498	1374	869	810	638	136	125	160	245	254	2	267	274	226	11	237	132	243	199	230	174	45	114	114	112	104	52	89	91	114	84	70	74	3	10	2	1	0	0	0	0	0	0	0	0	0	0	0	357	356	348	394	345	292	343	318	306	95	87	127	200	200	192	256	253	251	249	308	266	322	315	366	349	348	344	337	339	335	250	233	288	276	268	265	251	156	180	206	37	23	39	25	0	0	0	0	0	0	0	0
275.0000021985174	0	0	1351	0	264	1172	200	3891	3510	3214	5531	1406	889	827	662	144	131	169	264	262	2	283	293	242	7	257	150	267	217	256	202	63	145	139	132	127	64	103	109	127	95	94	87	7	21	7	2	0	2	0	0	0	0	0	0	0	0	0	358	357	355	400	357	295	355	338	318	113	100	149	205	201	192	256	256	255	253	315	285	346	339	399	391	370	367	360	355	350	292	283	327	317	302	292	277	172	184	215	38	32	49	48	14	0	0	0	0	0	0	0
280.0000121201221	2	0	1337	0	273	1190	201	3913	3529	3243	5554	1436	908	845	688	148	139	174	282	275	3	296	303	262	13	276	170	291	231	277	227	82	164	166	154	148	80	122	126	139	104	112	106	18	32	11	2	0	3	0	0	0	0	0	0	0	0	0	360	358	357	407	368	306	367	353	326	115	108	159	229	219	195	259	258	256	256	322	297	357	344	410	410	396	386	376	374	370	318	310	378	374	355	332	315	216	212	217	41	35	52	51	26	0	0	0	0	0	0	0
285.00000018068386	0	0	1326	0	283	1163	219	3941	3551	3267	5587	1463	933	867	716	157	141	176	298	288	4	311	320	275	5	300	192	317	254	295	255	98	182	191	175	169	95	135	144	159	124	130	126	26	50	21	5	0	6	1	0	0	0	0	0	0	0	0	373	361	357	409	377	315	374	366	344	128	124	173	235	224	208	261	261	261	259	329	310	375	364	436	420	434	421	407	401	397	374	367	443	425	395	381	369	225	257	245	41	36	71	60	47	0	0	0	0	0	0	0
290.00000192203254	1	0	1310	0	294	1193	223	3963	3581	3287	5610	1483	957	884	729	160	146	183	307	298	4	333	335	290	12	317	207	343	284	317	289	123	201	214	195	198	111	152	171	182	145	149	141	40	62	36	9	0	11	2	0	0	0	0	0	0	0	0	387	380	363	412	379	322	399	373	355	128	124	180	250	240	212	277	277	266	261	335	322	391	388	446	436	459	451	441	439	435	403	400	484	473	461	446	421	243	272	291	46	39	78	72	51	0	0	0	0	0	0	0
295.0000004978082	0	0	1291	0	311	1187	232	3985	3598	3307	5628	1503	977	911	749	169	154	195	321	313	4	340	350	304	12	330	230	362	309	332	309	142	226	228	218	225	133	158	192	192	164	165	167	49	72	45	10	0	13	4	0	0	0	0	0	0	0	0	401	393	380	421	383	323	409	381	361	135	133	181	264	261	239	277	277	277	277	344	329	402	398	462	445	474	465	460	460	459	439	437	542	522	510	491	462	301	276	322	53	39	87	81	59	19	0	0	0	0	0	0
300.0000003516775	1	0	1282	0	325	1159	244	4001	3613	3323	5652	1525	986	929	782	179	161	200	333	324	2	355	363	313	7	345	256	388	325	354	332	166	250	241	243	242	153	177	226	209	197	186	199	63	84	56	11	0	14	8	0	0	0	0	0	0	0	0	407	405	396	436	389	326	420	406	375	137	133	190	278	278	266	322	298	282	277	358	335	409	403	481	480	490	488	486	479	475	460	460	579	565	557	537	492	343	355	333	58	40	94	94	71	32	7	4	0	0	0	0
305.0000019717183	1	0	1275	0	340	1201	242	4019	3622	3339	5681	1539	1007	948	804	185	166	213	351	336	3	363	379	329	11	357	275	403	347	372	350	199	273	264	264	258	170	199	255	239	216	207	220	75	99	66	15	0	20	16	0	0	0	0	0	0	0	0	417	411	405	453	398	339	434	421	393	142	133	192	284	283	274	340	340	336	296	364	335	409	403	486	486	504	493	491	490	490	481	477	603	599	586	562	522	350	409	410	60	54	117	101	81	43	36	28	25	8	0	0
310.00000567878857	0	0	1269	0	350	1213	245	4046	3635	3357	5708	1556	1022	960	832	191	170	225	363	350	6	376	391	348	11	376	291	418	360	390	368	220	291	282	284	274	199	221	278	266	236	234	245	88	118	80	16	0	24	17	0	0	0	0	0	0	0	0	421	422	412	458	408	350	438	434	412	147	134	192	287	287	279	354	346	342	340	422	358	441	435	517	491	538	528	515	510	506	491	489	643	634	603	579	549	350	418	473	77	58	136	121	95	48	54	50	43	37	0	0
315.0000031326077	2	0	1253	0	359	1220	248	4061	3656	3366	5729	1584	1034	984	855	194	174	240	381	372	5	394	405	362	10	386	311	432	376	409	390	245	310	309	303	293	222	240	302	283	261	267	274	110	132	97	18	2	28	18	0	0	0	1	0	0	0	0	426	422	422	468	411	355	445	437	421	152	134	192	287	287	287	363	354	354	353	427	358	444	440	522	520	547	548	545	541	540	508	502	654	646	619	600	575	370	418	498	86	59	144	142	103	58	55	54	54	54	21	6
320.0000012888667	1	0	1241	0	371	1214	253	4075	3670	3381	5748	1602	1049	1003	880	198	184	250	396	387	0	405	418	379	7	405	327	458	391	439	414	261	324	331	318	309	238	257	330	317	281	290	297	135	144	114	20	5	32	24	2	0	0	3	2	1	0	0	431	426	422	479	414	361	453	442	438	154	134	192	287	287	287	372	369	369	357	443	366	454	444	531	522	560	551	550	548	548	522	513	675	674	661	644	623	479	442	506	89	70	159	148	123	60	74	72	65	57	38	28
325.0000007793089	1	0	1234	0	377	1225	268	4090	3684	3397	5770	1617	1064	1019	903	201	193	259	403	398	4	423	427	395	9	422	341	486	406	459	437	289	350	348	338	327	257	285	354	340	311	316	326	147	168	138	24	9	39	31	4	0	0	5	5	4	0	0	441	436	425	480	424	366	458	452	451	154	134	192	287	287	287	376	377	376	372	458	374	460	452	543	543	591	588	579	571	562	523	515	678	677	675	674	674	575	529	536	91	77	169	166	143	75	75	75	75	75	54	70
330.00001306908456	0	0	1222	0	386	1274	285	4106	3698	3416	5793	1631	1079	1036	926	210	200	264	417	409	5	436	444	405	8	442	360	507	425	485	448	313	373	370	357	351	278	305	383	361	345	341	344	171	191	156	27	10	44	34	8	0	0	7	7	5	0	1	445	442	435	487	444	375	462	458	453	169	149	196	287	287	287	380	380	380	376	469	422	505	486	561	543	598	594	594	594	593	562	554	712	700	684	680	677	633	623	610	98	80	179	176	147	93	92	85	76	75	61	93
335.000003392815	0	0	1201	0	399	1311	291	4130	3718	3430	5824	1648	1095	1045	946	216	203	270	428	420	4	448	456	422	12	459	378	522	440	506	468	346	392	398	377	368	295	321	409	388	370	380	363	195	207	180	33	10	47	35	12	0	0	11	10	7	0	6	447	445	443	499	457	383	473	459	465	173	156	218	310	301	289	382	381	381	380	479	463	558	549	628	594	621	613	604	601	599	571	565	741	737	726	716	699	665	713	708	114	82	180	179	165	103	106	104	99	92	61	96
340.0000024551154	0	0	1186	0	405	1345	307	4144	3735	3444	5836	1666	1112	1063	963	219	206	271	439	429	6	464	475	433	8	472	398	548	463	525	485	373	414	414	398	397	314	353	425	418	394	411	393	217	223	195	40	11	52	39	13	0	1	11	11	9	0	10	461	452	446	507	463	399	487	464	467	178	157	218	310	301	289	387	386	385	382	484	470	577	576	663	645	625	623	622	622	622	591	583	743	743	743	741	737	672	754	804	133	88	183	181	176	112	128	127	127	107	62	103
345.00001599688335	1	0	1167	0	416	1349	306	4157	3745	3456	5847	1686	1129	1072	976	232	214	276	450	438	4	480	481	444	12	486	412	563	479	548	499	395	436	434	413	416	337	365	445	449	427	440	420	235	239	215	41	14	60	43	14	0	2	20	13	14	0	12	468	464	449	513	473	408	498	477	475	194	186	252	323	319	315	398	387	387	387	491	482	588	578	680	679	675	650	635	630	626	622	621	805	790	770	751	743	702	773	861	150	93	200	191	179	120	137	137	133	130	84	126
350.00000002521034	1	0	1162	0	422	1363	320	4177	3758	3465	5863	1704	1149	1085	993	242	219	280	456	450	2	490	498	455	10	508	430	583	507	566	522	414	450	454	435	433	359	387	468	460	450	457	451	252	263	237	46	18	66	49	18	0	4	22	18	15	1	16	475	468	461	521	481	418	509	494	489	196	186	254	352	343	319	420	419	405	392	496	484	593	591	698	683	731	718	703	687	678	630	627	815	815	814	807	785	731	783	897	156	110	210	206	181	155	155	153	149	138	117	150
355.0000016119766	0	0	1152	0	426	1367	338	4195	3774	3477	5882	1727	1165	1109	1006	246	222	290	467	462	8	504	511	467	5	525	445	589	529	592	536	438	470	477	448	444	384	404	494	490	481	481	470	268	288	259	52	21	77	57	23	0	5	26	22	17	2	19	485	478	471	534	484	423	527	505	495	201	187	254	355	343	319	420	420	420	420	525	492	609	601	708	700	762	753	740	737	735	654	643	829	822	815	815	815	737	802	915	161	123	236	221	191	159	175	171	169	156	123	183
360.0000010710852	0	0	1140	0	436	1356	346	4211	3782	3491	5896	1745	1184	1122	1028	249	225	301	474	471	4	513	527	479	10	545	464	605	543	614	547	452	493	493	462	468	407	420	523	512	505	511	495	289	313	282	55	23	81	61	28	0	9	30	25	24	2	23	496	490	479	542	487	430	539	523	501	207	199	262	357	343	319	420	420	420	420	536	501	619	616	723	708	772	771	771	768	763	701	694	872	859	843	833	821	751	851	937	163	137	245	236	206	163	222	217	202	179	130	190
365.0000053601095	0	0	1126	0	449	1367	351	4222	3795	3505	5913	1760	1200	1135	1049	261	233	306	485	478	5	524	542	490	13	555	478	619	563	629	571	473	516	506	477	495	430	432	553	534	526	530	519	301	334	311	61	25	87	63	30	0	13	35	27	26	5	26	499	498	490	550	496	436	547	537	509	219	215	287	376	362	338	429	420	420	420	537	533	650	644	743	728	790	783	782	781	776	762	751	936	923	904	878	856	791	866	990	171	157	283	254	222	179	232	232	230	222	130	190
370.00000043865566	0	0	1125	0	453	1378	358	4238	3811	3518	5930	1771	1214	1157	1068	270	240	310	496	484	8	537	554	511	20	573	491	636	580	646	590	494	545	526	500	515	454	456	574	560	554	550	540	326	354	344	66	36	91	70	36	2	19	39	35	34	6	31	505	500	497	563	508	449	557	545	519	230	218	291	400	390	366	452	440	437	422	541	536	656	651	767	760	797	797	797	795	790	779	774	984	980	958	940	920	818	876	1015	183	160	287	286	236	182	255	247	240	235	195	245
375.0000091634986	1	0	1120	0	456	1412	373	4253	3827	3531	5953	1789	1226	1167	1090	277	244	319	506	491	10	551	560	520	20	594	506	647	609	666	614	523	563	553	528	537	469	484	599	580	574	574	556	353	372	365	69	36	96	86	45	5	21	45	47	43	10	35	506	505	501	568	513	461	578	554	541	231	218	291	401	390	366	467	467	460	445	560	538	669	655	771	769	821	810	800	797	797	786	777	991	991	985	986	979	844	879	1028	185	164	291	290	253	184	268	267	263	257	229	308
380.00000646173436	0	0	1098	0	476	1397	385	4269	3835	3543	5969	1803	1240	1183	1103	284	249	327	510	496	2	558	572	536	12	611	525	665	629	684	630	545	587	578	542	553	491	504	629	606	598	604	588	376	392	399	69	40	101	92	50	6	25	51	52	45	12	40	519	510	505	576	521	463	591	570	554	251	242	312	408	399	385	482	467	467	467	573	542	677	673	793	786	851	839	830	826	823	786	780	1001	1000	993	991	990	879	896	1040	189	175	307	296	287	211	270	270	270	268	238	321
385.0000000149765	0	0	1102	0	479	1374	388	4286	3842	3552	5979	1815	1250	1206	1122	290	254	338	519	502	6	570	583	544	22	629	536	682	645	707	649	564	604	596	565	568	510	525	658	629	635	624	615	392	413	422	75	43	111	101	57	10	29	57	61	52	16	45	528	526	509	579	534	478	598	590	578	257	253	334	427	413	390	494	494	488	472	596	548	679	673	799	790	869	865	860	855	851	803	790	1012	1010	1004	1001	999	935	941	1057	190	178	310	310	290	231	275	270	270	270	260	335
390.0000018311484	0	0	1097	0	485	1402	402	4300	3857	3567	5988	1826	1260	1215	1138	293	259	345	530	517	8	585	601	557	13	643	547	699	667	722	666	582	630	625	585	594	524	550	677	647	651	644	637	411	429	449	80	46	123	105	60	12	32	64	68	60	18	53	533	530	527	589	545	489	609	599	595	263	254	334	436	426	414	512	498	494	494	625	560	695	682	808	801	887	876	870	870	869	807	792	1013	1013	1013	1013	1010	974	995	1107	194	181	324	317	297	240	313	305	302	278	265	350
395.0000007783149	0	0	1089	0	496	1398	418	4319	3869	3580	5997	1835	1277	1228	1150	299	266	351	545	529	9	598	614	564	8	662	557	709	686	743	687	603	648	642	607	613	546	576	707	672	682	660	665	431	460	468	83	48	127	113	64	14	36	74	74	64	22	61	540	534	530	602	554	503	622	606	610	273	268	349	438	429	416	522	521	518	503	631	572	709	705	835	824	893	892	891	891	889	865	859	1064	1040	1016	1013	1013	1002	1086	1162	204	190	328	328	310	242	339	338	330	316	266	359
400.00000400922477	1	0	1087	0	505	1424	419	4334	3882	3592	6008	1847	1294	1240	1166	303	272	356	553	536	8	612	617	578	15	678	570	724	701	764	701	623	680	663	621	633	562	592	723	693	702	681	695	448	488	495	91	52	136	118	67	20	43	79	79	72	25	69	541	540	535	608	563	511	643	618	635	298	291	368	444	436	427	526	523	522	522	658	581	719	706	838	835	907	902	901	901	895	890	884	1100	1094	1090	1067	1036	1013	1150	1249	215	194	345	341	316	243	340	339	339	339	273	359
405.0000089789443	0	0	1082	0	512	1448	428	4344	3894	3602	6028	1866	1308	1255	1182	307	275	362	562	546	8	621	624	593	18	689	587	738	723	780	723	647	704	682	637	655	579	618	745	718	721	705	721	476	513	522	98	55	142	120	76	21	48	86	83	77	28	79	542	542	540	614	569	516	648	629	647	302	295	383	505	498	478	555	537	529	525	663	598	739	735	867	844	932	920	915	913	911	900	898	1141	1138	1125	1104	1095	1015	1171	1331	238	200	352	347	328	243	347	346	344	340	273	359
410.0000082194095	1	0	1075	0	527	1446	446	4356	3908	3611	6047	1876	1321	1269	1193	309	282	372	576	554	8	633	641	612	16	696	603	754	742	796	745	668	725	698	664	675	603	631	775	738	743	736	742	491	538	545	104	58	149	125	82	25	59	98	92	80	30	90	548	542	542	617	575	519	649	646	667	303	295	385	516	516	510	620	583	560	544	674	614	763	750	879	871	944	944	944	940	934	915	913	1152	1151	1148	1141	1138	1036	1176	1357	248	204	352	352	338	265	351	350	348	347	273	359
415.0000173275897	0	0	1056	0	546	1420	451	4360	3917	3621	6061	1889	1330	1284	1215	315	285	378	586	562	4	646	652	623	10	709	615	768	757	822	765	698	746	715	684	705	626	643	794	757	762	762	763	511	557	569	114	63	159	130	91	29	69	101	98	85	41	98	557	554	542	621	579	528	659	649	691	313	308	401	520	518	510	630	630	627	587	713	632	781	775	912	897	959	949	947	945	944	937	932	1180	1180	1172	1157	1150	1058	1197	1368	258	219	370	356	347	297	352	351	351	351	275	369
420.00000116338293	0	0	1035	0	556	1400	463	4370	3928	3633	6068	1899	1350	1295	1222	323	288	381	593	568	4	654	666	631	10	716	629	785	776	848	778	719	762	730	699	733	641	662	822	779	781	789	789	526	577	601	116	70	168	138	98	36	73	109	106	93	45	104	566	557	555	626	585	537	673	656	694	321	310	406	537	532	512	634	635	633	631	772	641	788	780	921	914	987	980	972	965	960	947	945	1208	1208	1196	1185	1179	1108	1228	1401	259	248	406	374	352	313	394	381	369	353	289	376
425.00000834058966	0	0	1029	0	565	1437	468	4380	3943	3645	6080	1913	1366	1304	1241	332	295	387	605	581	8	662	671	643	12	731	637	796	797	861	796	736	787	760	716	756	663	680	838	801	813	809	813	548	604	630	119	73	176	153	103	39	83	117	112	99	49	110	570	569	557	639	601	542	686	671	703	330	326	416	541	532	512	636	637	636	635	778	680	826	812	941	926	1013	999	994	991	989	959	953	1220	1219	1210	1209	1208	1157	1250	1442	267	253	416	415	357	319	425	417	412	391	304	410
430.00000597961207	0	0	1017	0	579	1414	474	4392	3953	3655	6091	1926	1376	1315	1250	339	298	396	613	592	6	675	685	655	15	750	648	812	814	872	814	750	811	772	733	783	684	707	872	818	843	839	844	564	638	659	130	77	188	160	112	46	89	125	115	103	54	115	582	572	565	643	609	551	697	681	711	332	329	427	552	536	512	637	637	637	637	788	711	871	859	986	963	1035	1031	1028	1020	1014	968	955	1223	1220	1220	1220	1218	1179	1261	1454	275	254	416	416	373	326	448	443	440	426	320	420
435.00000690064104	2	0	1006	0	592	1417	486	4394	3961	3666	6100	1940	1387	1322	1265	344	301	403	620	606	5	684	701	668	13	762	662	827	830	885	830	769	830	796	753	807	700	723	894	834	869	864	864	586	661	682	135	81	197	171	118	47	97	136	120	109	56	121	589	588	568	649	616	556	704	693	729	340	338	433	554	536	512	637	637	637	637	789	735	894	880	1012	1000	1046	1041	1038	1038	1037	1019	1008	1267	1245	1230	1225	1220	1179	1294	1468	283	258	420	417	414	332	454	451	449	448	344	443
440.00000215334927	0	0	992	0	603	1448	488	4405	3969	3680	6111	1951	1401	1340	1275	348	306	406	631	615	3	702	720	678	14	776	677	840	849	901	843	785	846	817	776	831	718	744	917	852	898	887	887	605	683	708	143	83	204	179	128	52	103	148	129	120	66	131	593	591	588	656	618	562	713	702	741	347	339	441	554	536	512	637	637	637	637	792	780	945	933	1060	1032	1084	1068	1056	1050	1048	1027	1015	1295	1290	1285	1269	1242	1189	1297	1500	283	271	435	427	416	352	459	459	458	455	422	525
445.00000261931194	0	0	982	0	609	1462	503	4419	3976	3694	6121	1960	1411	1350	1285	352	310	413	641	625	6	718	731	686	12	791	693	862	864	919	867	803	872	835	796	851	731	756	937	876	921	908	911	624	713	731	146	86	215	185	135	60	107	155	138	126	73	137	601	595	592	673	622	572	715	713	749	355	347	441	557	539	515	639	638	637	637	793	787	954	942	1089	1087	1125	1109	1096	1090	1082	1035	1029	1311	1311	1297	1295	1290	1202	1344	1504	288	282	458	443	418	363	484	474	468	459	447	576
450.00000028690977	0	0	980	0	612	1468	516	4423	3985	3711	6133	1969	1427	1368	1301	356	321	422	647	633	10	728	743	692	11	808	711	879	876	935	885	823	884	846	814	875	740	770	957	892	945	935	931	647	742	763	151	95	225	191	139	65	112	161	148	131	79	149	611	603	595	678	624	584	729	715	762	370	365	467	601	600	593	658	642	642	639	794	791	962	958	1107	1089	1163	1149	1140	1133	1128	1089	1086	1363	1344	1323	1314	1311	1257	1404	1559	289	283	467	466	427	385	504	504	500	486	458	589
455.00001889015874	0	0	979	0	619	1467	521	4432	3994	3722	6144	1976	1434	1381	1316	360	329	431	657	641	10	742	756	702	17	821	724	898	892	957	907	837	911	869	827	891	755	789	974	914	959	961	948	673	770	797	154	99	231	199	145	71	115	169	151	146	83	157	618	612	601	685	640	607	747	726	784	375	365	468	618	619	615	734	708	674	646	802	791	966	964	1115	1107	1212	1190	1175	1171	1165	1119	1109	1399	1395	1386	1367	1341	1297	1458	1629	299	288	480	475	443	394	529	520	512	504	468	608
460.0000069666549	0	0	966	0	627	1476	526	4437	4006	3734	6156	1984	1444	1393	1333	367	333	441	665	651	7	755	763	712	17	837	738	908	909	983	931	862	931	887	840	907	776	803	991	935	987	980	969	690	792	817	161	103	243	207	157	75	125	178	156	155	86	168	618	618	611	691	648	615	767	743	795	375	366	468	618	619	618	755	744	735	697	821	793	969	965	1115	1109	1220	1217	1216	1216	1211	1151	1142	1440	1433	1414	1402	1396	1319	1498	1679	313	289	498	490	466	416	545	545	543	531	478	620
465.0000006138212	0	0	957	0	640	1458	541	4445	4014	3745	6170	1994	1456	1398	1349	372	343	450	674	663	3	765	773	719	12	853	756	922	920	1000	952	874	955	911	854	926	794	820	1014	961	1007	1001	992	717	831	837	168	107	249	213	168	84	134	184	171	162	93	177	626	622	618	699	651	620	785	763	811	381	367	473	625	625	619	756	756	756	737	901	798	971	967	1119	1114	1241	1240	1229	1224	1222	1167	1154	1461	1461	1457	1447	1433	1322	1505	1724	327	297	506	500	475	423	573	563	552	545	493	637
470.00000643212303	0	0	955	0	642	1477	534	4450	4026	3759	6183	2014	1467	1414	1355	379	347	456	685	680	12	774	785	733	19	868	766	935	939	1029	970	899	973	931	869	945	814	835	1036	985	1020	1025	1018	725	853	868	170	111	254	220	173	89	144	196	180	170	97	186	634	629	622	704	662	624	793	781	821	393	385	495	636	632	621	760	758	758	756	921	799	976	973	1130	1122	1247	1242	1241	1242	1241	1178	1168	1476	1474	1470	1463	1461	1357	1558	1745	338	309	515	511	492	431	593	592	591	574	542	692
475.00000281511734	0	0	940	0	655	1515	553	4461	4031	3766	6202	2027	1483	1425	1369	389	356	460	697	687	9	785	794	749	19	882	782	950	954	1049	988	923	994	962	885	963	830	852	1051	1015	1035	1047	1040	743	877	896	172	119	262	233	179	97	147	210	188	179	110	191	640	634	624	709	672	635	799	793	829	395	385	496	651	651	650	764	762	761	758	927	805	979	974	1133	1131	1252	1252	1249	1249	1248	1216	1210	1529	1514	1497	1484	1474	1380	1596	1809	347	314	528	522	501	448	601	599	597	594	550	719
480.000006068625	0	0	928	0	666	1519	575	4468	4045	3770	6211	2038	1493	1439	1375	395	360	467	706	694	11	804	802	758	11	899	792	966	971	1069	1003	936	1008	985	909	987	843	867	1074	1037	1055	1073	1061	762	887	913	178	124	267	237	185	103	150	223	194	187	123	202	644	641	627	710	680	645	812	798	848	413	404	512	652	652	652	800	797	769	762	933	810	980	974	1134	1134	1264	1259	1253	1253	1253	1249	1244	1567	1551	1546	1529	1510	1386	1601	1849	358	325	535	534	511	465	620	616	610	602	587	751
485.00000114638823	0	0	927	0	672	1535	578	4478	4054	3776	6220	2048	1500	1445	1388	401	368	480	717	701	13	814	812	768	19	909	811	973	988	1089	1017	966	1032	1004	924	1003	868	888	1102	1052	1078	1091	1077	790	913	937	182	130	277	241	195	108	159	230	203	197	132	216	652	645	634	714	686	657	822	810	854	415	411	527	680	671	657	803	801	799	788	939	816	983	974	1134	1134	1275	1275	1272	1268	1265	1253	1253	1602	1597	1588	1572	1551	1438	1605	1863	368	344	572	550	522	480	650	640	629	621	596	787
490.000000667355	0	0	913	0	691	1512	583	4483	4061	3782	6235	2058	1513	1458	1404	408	378	483	722	714	4	823	823	770	17	934	819	985	1004	1100	1031	991	1047	1018	942	1023	881	913	1118	1079	1102	1114	1102	809	938	965	190	137	286	249	204	117	167	238	215	207	142	223	666	659	645	724	690	660	837	820	872	418	411	530	689	685	665	805	803	802	803	975	893	1067	1051	1189	1145	1278	1278	1277	1276	1275	1269	1262	1609	1605	1603	1602	1597	1483	1649	1868	369	350	580	574	535	493	662	657	653	651	609	801
495.0000000722286	0	0	915	0	690	1487	599	4495	4068	3792	6244	2071	1524	1465	1418	414	383	496	728	723	8	834	838	780	15	941	832	1006	1010	1117	1051	1011	1064	1044	957	1037	898	934	1139	1105	1125	1133	1132	831	964	1001	192	145	295	257	214	122	172	247	223	213	150	235	672	665	655	737	702	666	851	834	889	427	418	530	696	696	683	827	810	808	803	979	928	1108	1092	1241	1224	1280	1279	1279	1279	1278	1276	1275	1623	1613	1609	1609	1605	1492	1692	1909	371	356	589	586	549	493	684	677	676	664	614	809
500.00000663354496	0	0	910	0	697	1515	591	4502	4074	3802	6255	2088	1536	1480	1433	418	393	501	739	731	15	845	848	792	19	956	849	1015	1021	1138	1067	1035	1081	1066	979	1054	918	956	1163	1133	1147	1159	1154	851	986	1038	197	148	305	263	221	133	180	255	230	221	156	249	676	673	661	743	704	668	855	851	904	449	443	563	710	704	686	837	833	833	811	986	971	1160	1142	1289	1266	1298	1283	1282	1281	1280	1279	1278	1630	1630	1628	1625	1613	1541	1725	1960	377	361	597	594	575	493	701	699	698	685	631	829
505.0000079673208	0	0	879	0	726	1520	596	4506	4084	3806	6271	2096	1545	1487	1443	421	398	512	752	739	6	859	855	802	24	961	860	1028	1039	1151	1080	1051	1097	1078	992	1072	932	965	1184	1161	1174	1174	1175	869	1012	1058	200	153	317	274	229	143	190	264	237	233	163	265	682	679	672	756	709	674	858	855	913	452	443	564	733	726	693	838	838	837	822	991	977	1166	1160	1311	1288	1372	1349	1327	1313	1300	1281	1279	1641	1640	1634	1631	1630	1547	1766	1996	390	361	606	603	586	518	706	705	704	702	636	839
510.0000017659184	0	0	875	0	729	1511	620	4516	4091	3816	6277	2112	1561	1493	1457	425	401	525	762	751	11	868	866	813	12	983	879	1047	1059	1171	1096	1067	1109	1101	1011	1087	950	981	1205	1173	1197	1190	1199	892	1035	1086	210	160	325	283	240	153	201	270	248	241	174	275	685	683	677	761	710	685	862	856	924	452	447	570	740	727	703	855	842	838	838	1023	977	1167	1163	1328	1328	1415	1404	1392	1384	1374	1306	1291	1644	1644	1644	1642	1641	1547	1778	2041	405	377	620	610	594	531	707	706	706	706	637	841
515.0000033756168	0	0	868	0	737	1512	619	4519	4095	3825	6291	2127	1571	1501	1469	437	405	529	772	762	14	873	879	828	15	995	897	1063	1074	1187	1116	1085	1130	1123	1023	1109	966	996	1224	1196	1214	1209	1225	918	1061	1108	219	164	330	292	250	162	213	282	256	252	182	280	700	689	680	767	715	697	871	861	938	461	451	575	742	733	716	856	856	856	849	1024	981	1175	1173	1330	1328	1444	1437	1431	1425	1419	1339	1324	1682	1670	1653	1645	1644	1547	1811	2061	414	386	638	633	603	558	747	736	723	708	664	860
520.0000031314049	0	0	854	0	755	1544	626	4530	4103	3836	6301	2139	1580	1520	1482	438	414	537	782	778	8	882	887	842	26	1009	908	1073	1081	1208	1127	1101	1146	1142	1039	1126	980	1013	1250	1217	1230	1235	1246	934	1088	1141	219	165	333	302	258	171	221	292	267	258	185	296	708	703	690	770	726	712	885	871	953	467	461	587	747	747	742	875	870	858	856	1046	992	1185	1174	1344	1340	1485	1467	1457	1450	1445	1382	1372	1716	1704	1689	1682	1667	1556	1814	2109	417	389	638	638	610	580	760	750	749	748	676	882
525.0000024802745	0	0	849	0	764	1546	635	4538	4113	3843	6311	2148	1595	1531	1493	444	421	547	797	786	7	892	900	852	25	1017	931	1090	1094	1229	1144	1115	1173	1156	1059	1145	1003	1028	1272	1242	1247	1260	1260	946	1120	1167	225	169	338	313	269	181	234	304	277	269	189	305	712	710	704	784	739	721	904	880	969	470	462	587	760	760	750	899	899	884	871	1052	1008	1205	1201	1353	1348	1491	1491	1487	1474	1464	1406	1400	1770	1761	1741	1719	1701	1569	1817	2112	425	411	653	638	632	587	796	789	774	761	712	932
530.0000014814649	0	0	841	0	765	1538	651	4547	4124	3853	6315	2164	1607	1543	1499	453	429	555	810	796	13	909	911	871	22	1026	940	1101	1111	1242	1153	1130	1189	1172	1080	1160	1016	1053	1289	1266	1272	1279	1275	976	1146	1188	234	175	346	320	281	186	244	315	281	276	198	313	718	714	709	796	745	734	915	900	983	473	469	596	760	760	755	913	903	899	899	1066	1037	1235	1215	1377	1373	1508	1505	1494	1483	1472	1420	1415	1776	1773	1771	1770	1757	1640	1838	2112	426	414	666	667	638	596	819	813	810	797	748	973
535.0000004461368	0	0	836	0	768	1520	660	4555	4129	3862	6332	2171	1616	1552	1511	460	436	561	822	808	14	920	927	884	20	1045	957	1117	1128	1261	1171	1143	1208	1184	1104	1185	1038	1074	1318	1288	1292	1300	1302	994	1178	1219	240	183	352	331	293	194	252	326	294	285	209	325	718	718	711	803	758	745	929	910	988	479	470	596	775	775	764	922	913	913	902	1091	1052	1253	1249	1405	1391	1518	1516	1514	1514	1511	1470	1465	1829	1816	1790	1780	1773	1684	1899	2130	426	415	674	671	638	606	826	826	823	819	768	980
540.0000061395642	0	0	818	0	778	1530	668	4559	4135	3874	6343	2182	1624	1559	1520	465	443	569	835	819	10	932	936	903	25	1058	974	1125	1143	1277	1188	1156	1221	1203	1123	1205	1055	1092	1342	1309	1306	1323	1325	1017	1205	1249	243	191	365	339	304	200	260	339	302	292	224	340	723	718	718	808	761	754	946	924	998	479	470	596	775	775	774	925	925	923	917	1107	1052	1254	1250	1426	1423	1543	1531	1524	1521	1519	1514	1514	1890	1869	1846	1831	1810	1730	1921	2191	435	421	674	674	666	617	841	841	840	826	803	1027
545.0000151021786	0	0	819	0	782	1539	691	4564	4143	3882	6353	2194	1634	1569	1532	470	447	579	844	827	21	944	949	913	21	1068	993	1138	1159	1294	1201	1172	1243	1223	1147	1225	1067	1108	1363	1341	1327	1349	1341	1037	1228	1272	245	195	376	353	318	208	269	347	314	301	233	350	730	724	719	813	767	759	961	929	1004	480	470	596	775	775	774	940	940	928	925	1120	1052	1256	1250	1426	1426	1568	1560	1550	1546	1545	1521	1519	1914	1913	1909	1896	1863	1738	1959	2218	451	423	687	682	671	637	862	858	856	841	821	1064
550.000001209227	0	0	791	0	805	1533	699	4572	4151	3889	6365	2206	1649	1584	1544	473	454	589	854	832	10	955	960	920	13	1080	1011	1149	1177	1314	1226	1192	1271	1236	1166	1243	1088	1126	1382	1363	1340	1373	1365	1050	1250	1304	252	200	382	369	326	217	279	357	326	309	240	365	737	732	725	817	771	764	975	943	1012	481	470	596	778	778	776	945	940	940	940	1122	1065	1267	1252	1426	1426	1601	1594	1578	1573	1570	1527	1520	1921	1921	1916	1914	1912	1786	2002	2252	455	432	689	689	674	637	880	877	869	864	839	1078
555.0000044293974	0	0	790	0	812	1580	699	4580	4159	3900	6377	2218	1662	1594	1554	481	461	594	862	838	10	964	978	927	26	1087	1020	1169	1204	1327	1247	1207	1294	1261	1180	1251	1103	1148	1407	1388	1367	1393	1383	1077	1275	1325	255	205	391	379	334	222	286	370	332	320	245	387	740	740	732	825	783	776	980	953	1027	481	470	596	778	778	778	946	946	945	944	1141	1088	1298	1286	1459	1439	1608	1608	1606	1604	1602	1532	1525	1928	1928	1925	1922	1921	1822	2070	2301	461	443	709	700	681	639	902	899	889	879	850	1091
560.0000093611625	1	0	789	0	811	1625	714	4585	4167	3908	6387	2222	1671	1602	1568	484	467	600	868	846	21	976	985	946	23	1100	1036	1182	1215	1345	1268	1225	1313	1280	1200	1277	1129	1157	1430	1410	1393	1418	1403	1095	1299	1352	261	208	406	387	336	231	297	376	343	330	255	403	749	742	740	836	798	784	989	967	1047	501	492	620	786	782	778	947	947	947	946	1148	1099	1312	1301	1478	1464	1608	1608	1608	1608	1608	1556	1550	1953	1942	1931	1928	1928	1850	2088	2377	469	452	715	709	689	666	909	909	908	903	868	1123
565.0000072302782	0	0	773	0	824	1618	726	4597	4173	3919	6396	2230	1679	1609	1578	493	473	606	878	856	16	987	993	962	21	1115	1046	1192	1237	1363	1287	1248	1329	1299	1222	1298	1152	1180	1449	1428	1413	1440	1425	1120	1321	1380	265	213	415	395	341	238	304	388	349	341	268	416	749	749	740	842	804	788	1002	986	1054	501	497	624	803	803	803	954	947	947	947	1148	1128	1344	1341	1509	1487	1622	1613	1608	1608	1608	1558	1552	1964	1964	1959	1955	1942	1898	2104	2396	483	456	730	727	699	673	921	914	912	909	879	1130
570.0000009359743	0	0	766	0	829	1620	723	4605	4180	3926	6402	2242	1686	1623	1586	499	476	616	893	870	19	998	1011	971	27	1127	1062	1203	1253	1379	1301	1262	1343	1314	1241	1322	1164	1201	1471	1461	1427	1460	1449	1143	1344	1409	270	218	423	398	347	248	315	401	364	350	278	428	764	753	749	850	808	793	1012	998	1065	509	498	627	811	811	811	977	977	961	949	1154	1133	1347	1341	1519	1519	1651	1646	1635	1629	1623	1571	1566	1974	1970	1969	1966	1964	1927	2142	2420	486	465	743	738	709	673	947	944	941	922	884	1142
575.0000006064979	0	0	748	0	848	1625	748	4611	4187	3936	6408	2252	1700	1632	1599	502	483	622	898	877	14	1008	1021	982	19	1138	1071	1219	1267	1393	1319	1278	1364	1333	1255	1338	1184	1219	1489	1479	1448	1477	1469	1170	1362	1433	275	222	431	403	353	252	323	410	371	356	287	442	773	763	749	856	815	798	1022	1008	1068	510	500	627	813	813	813	989	985	978	977	1170	1147	1363	1358	1524	1519	1676	1667	1664	1656	1651	1615	1609	2019	2008	1989	1979	1971	1942	2235	2456	487	468	749	745	727	675	953	953	953	948	912	1186
580.0000001889615	0	0	737	0	858	1680	754	4617	4197	3946	6424	2261	1712	1644	1608	508	490	626	908	883	11	1019	1038	990	23	1155	1077	1231	1281	1412	1336	1295	1381	1347	1279	1359	1209	1236	1513	1498	1479	1499	1485	1193	1390	1464	283	227	439	416	362	265	333	419	386	368	295	452	773	773	762	858	819	804	1023	1020	1089	531	519	653	820	817	813	991	989	989	988	1189	1147	1366	1361	1524	1519	1706	1700	1690	1682	1677	1628	1617	2039	2037	2034	2020	2004	1968	2264	2545	499	471	754	754	736	676	959	957	956	953	924	1190
585.0000098987373	0	0	727	0	869	1702	757	4623	4209	3954	6431	2274	1729	1662	1629	512	494	636	916	889	13	1032	1050	999	24	1166	1097	1242	1288	1430	1349	1312	1405	1368	1296	1383	1226	1259	1535	1512	1497	1518	1507	1218	1420	1492	287	232	447	423	370	277	337	429	393	376	308	466	777	776	773	872	829	806	1025	1023	1103	540	531	667	836	827	815	992	992	992	991	1207	1151	1367	1361	1524	1519	1708	1708	1708	1708	1707	1681	1672	2092	2072	2053	2042	2037	1974	2270	2594	514	482	771	758	745	678	964	964	964	960	953	1223
590.000002712668	0	0	727	0	868	1691	781	4632	4218	3961	6436	2289	1737	1672	1640	517	504	640	924	898	20	1045	1062	1010	14	1175	1111	1259	1305	1447	1363	1327	1420	1388	1315	1404	1248	1270	1555	1533	1515	1536	1534	1239	1447	1517	293	242	459	434	379	285	347	444	404	387	317	476	781	777	774	880	839	818	1030	1029	1119	549	533	670	858	858	849	998	997	994	992	1216	1182	1400	1385	1547	1537	1712	1711	1709	1708	1708	1706	1701	2134	2123	2109	2099	2071	2020	2273	2605	528	492	773	772	754	679	968	968	967	964	956	1229
595.000000116	0	0	711	0	880	1672	785	4642	4225	3965	6446	2303	1744	1684	1651	522	507	646	933	908	16	1054	1071	1017	19	1183	1118	1272	1319	1459	1381	1348	1438	1409	1334	1421	1272	1291	1587	1555	1535	1556	1567	1266	1467	1537	296	248	470	441	385	294	357	452	418	397	327	486	789	781	777	885	844	828	1042	1031	1124	550	534	673	862	860	858	1047	1024	1006	998	1226	1194	1425	1410	1582	1570	1715	1715	1712	1712	1712	1707	1701	2140	2140	2140	2135	2121	2041	2301	2610	528	513	803	782	757	726	968	968	968	968	958	1238
600.0000128844865	0	0	700	0	890	1687	776	4645	4237	3975	6456	2315	1754	1694	1667	529	516	651	940	928	13	1067	1076	1023	29	1192	1133	1286	1338	1480	1395	1363	1461	1432	1351	1438	1287	1313	1607	1577	1561	1585	1590	1293	1487	1559	302	252	481	452	392	301	370	457	421	405	339	499	793	789	783	889	854	841	1052	1031	1126	562	549	676	863	863	860	1049	1049	1048	1037	1244	1212	1445	1439	1610	1593	1735	1723	1715	1715	1715	1709	1703	2140	2140	2140	2140	2140	2066	2326	2640	532	520	818	812	772	734	969	968	968	968	960	1252
