>time	Ribosome	coli Pol	coli Pol-P	coli Pol-2.0	coli Pol-P-2.0	gp1	gp1-3.5	gp0.3	gp0.4	gp0.5	gp0.6A	gp0.7	gp1.1	gp1.2	gp1.3	gp1.4	gp1.5	gp1.6	gp1.7	gp1.8	gp2.0	gp2.5	gp2.8	gp3.0	gp3.5	gp3.8	gp4A	gp4.2	gp4.3	gp4.5	gp4.7	gp5.0	gp5.3	gp5.5	gp5.7	gp5.9	gp6.0	gp6.3	gp6.5	gp6.7	gp7	gp7.3	gp7.7	gp8	gp9	gp10A	gp11	gp12	gp13	gp14	gp15	gp16	gp17	gp17.5	gp18	gp18.5	gp19	gp19.5
2.3672568611501587E-4	0	0	0	0	0	0	0	0	0	0	0	0	0	0	0	0	0	0	0	0	0	0	0	0	0	0	0	0	0	0	0	0	0	0	0	0	0	0	0	0	0	0	0	0	0	0	0	0	0	0	0	0	0	0	0	0	0	0
5.000334238077776	0	0	0	0	0	0	0	0	0	0	0	0	0	0	0	0	0	0	0	0	0	0	0	0	0	0	0	0	0	0	0	0	0	0	0	0	0	0	0	0	0	0	0	0	0	0	0	0	0	0	0	0	0	0	0	0	0	0
10.006695778005477	0	0	0	0	0	0	0	0	0	0	0	0	0	0	0	0	0	0	0	0	0	0	0	0	0	0	0	0	0	0	0	0	0	0	0	0	0	0	0	0	0	0	0	0	0	0	0	0	0	0	0	0	0	0	0	0	0	0
15.00677623460901	0	0	0	0	0	0	0	0	0	0	0	0	0	0	0	0	0	0	0	0	0	0	0	0	0	0	0	0	0	0	0	0	0	0	0	0	0	0	0	0	0	0	0	0	0	0	0	0	0	0	0	0	0	0	0	0	0	0
20.001433100500805	0	0	0	0	0	0	0	0	0	0	0	0	0	0	0	0	0	0	0	0	0	0	0	0	0	0	0	0	0	0	0	0	0	0	0	0	0	0	0	0	0	0	0	0	0	0	0	0	0	0	0	0	0	0	0	0	0	0
25.003399813426594	0	0	0	0	0	0	0	0	0	0	0	0	0	0	0	0	0	0	0	0	0	0	0	0	0	0	0	0	0	0	0	0	0	0	0	0	0	0	0	0	0	0	0	0	0	0	0	0	0	0	0	0	0	0	0	0	0	0
30.0003086900914	0	0	0	0	0	0	0	468	0	0	0	0	0	0	0	0	0	0	0	0	0	0	0	0	0	0	0	0	0	0	0	0	0	0	0	0	0	0	0	0	0	0	0	0	0	0	0	0	0	0	0	0	0	0	0	0	0	0
35.00130325716199	0	0	0	0	0	0	0	1404	156	112	0	0	0	0	0	0	0	0	0	0	0	0	0	0	0	0	0	0	0	0	0	0	0	0	0	0	0	0	0	0	0	0	0	0	0	0	0	0	0	0	0	0	0	0	0	0	0	0
40.000789115918074	0	0	0	0	0	0	0	3510	936	392	53	0	0	0	0	0	0	0	0	0	0	0	0	0	0	0	0	0	0	0	0	0	0	0	0	0	0	0	0	0	0	0	0	0	0	0	0	0	0	0	0	0	0	0	0	0	0	0
45.000327608538434	0	0	0	0	0	0	0	6201	1768	1008	424	0	0	0	0	0	0	0	0	0	0	0	0	0	0	0	0	0	0	0	0	0	0	0	0	0	0	0	0	0	0	0	0	0	0	0	0	0	0	0	0	0	0	0	0	0	0	0
50.00046192307189	0	0	0	0	0	0	0	9945	2912	2016	1272	0	0	0	0	0	0	0	0	0	0	0	0	0	0	0	0	0	0	0	0	0	0	0	0	0	0	0	0	0	0	0	0	0	0	0	0	0	0	0	0	0	0	0	0	0	0	0
55.000666400975476	0	0	0	0	0	0	0	15561	4940	3304	2703	0	0	0	0	0	0	0	0	0	0	0	0	0	0	0	0	0	0	0	0	0	0	0	0	0	0	0	0	0	0	0	0	0	0	0	0	0	0	0	0	0	0	0	0	0	0	0
60.00026348337272	0	0	0	0	0	0	0	20709	6968	5544	5141	0	0	0	0	0	0	0	0	0	0	0	0	0	0	0	0	0	0	0	0	0	0	0	0	0	0	0	0	0	0	0	0	0	0	0	0	0	0	0	0	0	0	0	0	0	0	0
65.00002993109878	0	0	0	0	0	0	0	27495	9412	7952	8056	0	0	0	0	0	0	0	0	0	0	0	0	0	0	0	0	0	0	0	0	0	0	0	0	0	0	0	0	0	0	0	0	0	0	0	0	0	0	0	0	0	0	0	0	0	0	0
70.00013498684841	0	0	0	0	0	0	0	34047	12428	10584	10494	718	0	0	0	0	0	0	0	0	0	0	0	0	0	0	0	0	0	0	0	0	0	0	0	0	0	0	0	0	0	0	0	0	0	0	0	0	0	0	0	0	0	0	0	0	0	0
75.00028934256393	0	0	0	0	0	0	0	41535	16068	14112	13568	5026	0	0	0	0	0	0	0	0	0	0	0	0	0	0	0	0	0	0	0	0	0	0	0	0	0	0	0	0	0	0	0	0	0	0	0	0	0	0	0	0	0	0	0	0	0	0
80.00005205711916	0	0	0	0	0	0	0	50427	19812	17136	17013	11488	0	0	0	0	0	0	0	0	0	0	0	0	0	0	0	0	0	0	0	0	0	0	0	0	0	0	0	0	0	0	0	0	0	0	0	0	0	0	0	0	0	0	0	0	0	0
85.00045835632545	0	0	0	0	0	0	0	59904	23764	20720	21041	22976	0	0	0	0	0	0	0	0	0	0	0	0	0	0	0	0	0	0	0	0	0	0	0	0	0	0	0	0	0	0	0	0	0	0	0	0	0	0	0	0	0	0	0	0	0	0
90.00001841380723	0	0	0	0	0	0	0	71838	27456	25200	25811	37336	0	0	0	0	0	0	0	0	0	0	0	0	0	0	0	0	0	0	0	0	0	0	0	0	0	0	0	0	0	0	0	0	0	0	0	0	0	0	0	0	0	0	0	0	0	0
95.00025940912752	0	0	0	0	0	0	0	83889	32136	29736	30369	56004	0	0	0	0	0	0	0	0	0	0	0	0	0	0	0	0	0	0	0	0	0	0	0	0	0	0	0	0	0	0	0	0	0	0	0	0	0	0	0	0	0	0	0	0	0	0
100.00011442714494	0	0	0	0	0	0	0	96525	36920	35392	35139	72159	0	0	0	0	0	0	0	0	0	0	0	0	0	0	0	0	0	0	0	0	0	0	0	0	0	0	0	0	0	0	0	0	0	0	0	0	0	0	0	0	0	0	0	0	0	0
105.00003751058797	0	0	0	0	0	0	0	110799	42588	40488	41022	95853	0	0	0	0	0	0	0	0	0	0	0	0	0	0	0	0	0	0	0	0	0	0	0	0	0	0	0	0	0	0	0	0	0	0	0	0	0	0	0	0	0	0	0	0	0	0
110.00024326174147	0	0	0	0	0	0	0	124137	48152	47040	48124	120983	0	0	0	0	0	0	0	0	0	0	0	0	0	0	0	0	0	0	0	0	0	0	0	0	0	0	0	0	0	0	0	0	0	0	0	0	0	0	0	0	0	0	0	0	0	0
115.00007247545072	0	0	0	0	0	0	0	140283	54132	54040	55544	150780	0	0	0	0	0	0	0	0	0	0	0	0	0	0	0	0	0	0	0	0	0	0	0	0	0	0	0	0	0	0	0	0	0	0	0	0	0	0	0	0	0	0	0	0	0	0
120.00002258710776	0	0	0	0	0	0	0	155610	60476	59976	62805	178423	0	0	0	0	0	0	0	0	0	0	0	0	0	0	0	0	0	0	0	0	0	0	0	0	0	0	0	0	0	0	0	0	0	0	0	0	0	0	0	0	0	0	0	0	0	0
125.00004875050881	0	0	0	0	0	0	0	171405	67652	67816	70013	216477	0	0	0	0	0	0	0	0	0	0	0	0	0	0	0	0	0	0	0	0	0	0	0	0	0	0	0	0	0	0	0	0	0	0	0	0	0	0	0	0	0	0	0	0	0	0
130.00001912519588	0	0	0	0	0	883	0	189891	75452	74872	78122	256326	0	0	0	0	0	0	0	0	0	0	0	0	0	0	0	0	0	0	0	0	0	0	0	0	0	0	0	0	0	0	0	0	0	0	0	0	0	0	0	0	0	0	0	0	0	0
135.0000023359045	0	0	0	0	0	8830	0	208143	82472	82936	85966	293303	0	0	0	0	0	0	0	0	0	0	0	0	0	0	0	0	0	0	0	0	0	0	0	0	0	0	0	0	0	0	0	0	0	0	0	0	0	0	0	0	0	0	0	0	0	0
140.0001239704209	0	0	0	0	0	20309	0	225342	89284	89040	92962	334947	168	0	0	0	0	0	0	0	0	0	0	0	0	0	0	0	0	0	0	0	0	0	0	0	0	0	0	0	0	0	0	0	0	0	0	0	0	0	0	0	0	0	0	0	0	0
145.00017296076186	0	0	0	0	0	45033	0	241137	95368	95424	100382	383053	420	172	0	0	0	0	0	0	0	0	0	0	0	0	0	0	0	0	0	0	0	0	0	0	0	0	0	0	0	0	0	0	0	0	0	0	0	0	0	0	0	0	0	0	0	0
150.0000972251153	0	0	0	0	0	91832	0	254358	100984	100856	106106	432236	840	774	0	0	0	0	0	0	0	0	0	0	0	0	0	0	0	0	0	0	0	0	0	0	0	0	0	0	0	0	0	0	0	0	0	0	0	0	0	0	0	0	0	0	0	0
155.0000218127641	0	0	0	0	0	141280	0	267462	106600	106624	111830	478547	1680	1978	0	0	0	0	0	0	0	0	0	0	0	0	0	0	0	0	0	0	0	0	0	0	0	0	0	0	0	0	0	0	0	0	0	0	0	0	0	0	0	0	0	0	0	0
160.0000515276496	0	0	0	0	0	200441	0	280566	111384	112000	117077	523422	2562	3526	0	0	0	0	0	0	0	0	0	0	0	0	0	0	0	0	0	0	0	0	0	0	0	0	0	0	0	0	0	0	0	0	0	0	0	0	0	0	0	0	0	0	0	0
165.00001059704	0	0	0	0	0	257836	0	293553	116584	116872	122695	564707	3486	5762	0	0	0	0	0	0	0	0	0	0	0	0	0	0	0	0	0	0	0	0	0	0	0	0	0	0	0	0	0	0	0	0	0	0	0	0	0	0	0	0	0	0	0	0
170.00004848112877	0	0	0	0	0	319646	0	306774	121212	122248	127942	607428	4620	8514	359	0	0	0	0	0	0	0	0	0	0	0	0	0	0	0	0	0	0	0	0	0	0	0	0	0	0	0	0	0	0	0	0	0	0	0	0	0	0	0	0	0	0	0
175.0001284298792	0	0	0	0	0	396467	0	319059	125424	127512	132606	644046	6258	11438	2513	0	29	0	0	0	0	0	0	0	0	0	0	0	0	0	0	0	0	0	0	0	0	0	0	0	0	0	0	0	0	0	0	0	0	0	0	0	0	0	0	0	0	0
180.00001626702917	0	0	0	0	0	469756	0	330642	129272	131712	137694	675638	7770	14534	3231	153	145	0	0	0	0	0	0	0	0	0	0	0	0	0	0	0	0	0	0	0	0	0	0	0	0	0	0	0	0	0	0	0	0	0	0	0	0	0	0	0	0	0
185.00002577344193	0	0	0	0	0	572184	0	342225	133796	136024	142517	710820	9324	16770	8975	357	261	344	0	144	198	0	0	0	0	0	0	0	0	0	0	0	0	0	0	0	0	0	0	0	0	0	0	0	0	0	0	0	0	0	0	0	0	0	0	0	0	0
190.00004782587422	0	0	0	0	0	677261	0	353574	138424	140168	147499	743848	10920	19866	16155	561	406	688	591	528	660	0	0	0	0	0	0	0	0	0	0	0	0	0	0	0	0	0	0	0	0	0	0	0	0	0	0	0	0	0	0	0	0	0	0	0	0	0
195.00004340343708	0	0	0	0	0	766444	0	361179	142220	145096	152110	777953	13146	22790	27284	918	667	860	1773	960	1188	0	0	0	0	0	0	0	0	0	0	0	0	0	0	0	0	0	0	0	0	0	0	0	0	0	0	0	0	0	0	0	0	0	0	0	0	0
200.00000018493984	0	0	0	0	0	862691	0	369837	146172	149744	157039	810622	14994	26230	36618	1326	870	1204	3349	1296	1848	696	1120	745	304	0	0	0	0	0	0	0	0	0	0	0	0	0	0	0	0	0	0	0	0	0	0	0	0	0	0	0	0	0	0	0	0	0
205.0000117020464	0	0	0	0	0	946576	0	378846	150540	154056	161438	839342	16506	30616	47029	1581	986	2064	4531	1920	2376	3016	2240	1639	1064	726	0	0	140	0	0	0	0	0	0	0	0	0	0	0	0	0	0	0	0	0	0	0	0	0	0	0	0	0	0	0	0	0
210.00001300512687	0	0	0	0	0	1033110	0	387972	153972	157696	165678	865549	18396	34572	58517	1836	1276	2924	7092	2640	3234	5800	4200	2682	1672	2178	0	1120	210	445	135	0	0	0	0	0	0	0	0	0	0	0	0	0	0	0	0	0	0	0	0	0	0	0	0	0	0	0
215.0000030425405	0	0	0	0	0	1109931	0	395811	157248	160608	168964	892474	20076	37668	72518	2346	1537	3612	10638	3744	4092	9512	6160	4321	2888	3509	0	2128	420	890	540	0	0	0	0	0	0	0	0	0	0	0	0	0	0	0	0	0	0	0	0	0	0	0	0	0	0	0
220.00001541580775	0	0	0	0	0	1199114	0	402597	159276	163408	171985	919040	21672	40678	90827	3009	1653	4472	12608	4128	4884	11136	8680	6854	5168	5687	0	3696	1120	1780	1485	0	118	0	0	0	0	0	0	0	0	0	0	0	0	0	0	0	0	0	0	0	0	0	0	0	0	0
225.0000085497158	0	0	0	0	0	1267988	0	409149	161720	165704	174794	943811	22848	44204	109136	3672	1856	5332	16548	4704	5544	16472	11900	10728	8056	7623	0	5712	2030	3204	2835	0	236	102	70	212	0	0	0	0	0	0	0	0	0	0	0	0	0	0	0	0	0	0	0	0	0	0
230.00001126796664	0	0	0	0	0	1336862	0	414648	164216	168672	177709	968223	23982	46956	122778	3927	2059	6536	19897	5424	6468	20880	14700	13410	11096	9317	0	7280	2590	5340	4455	0	826	612	280	477	0	111	168	0	0	0	0	0	0	0	0	0	0	0	0	0	0	0	0	0	0	0
235.00000747768172	0	0	0	0	0	1403970	0	420147	166348	170408	179829	994071	25032	49278	140369	4233	2320	7396	23837	6000	7986	25752	17360	15943	15504	10648	1698	8960	3570	6942	7020	0	1416	1122	770	848	0	259	756	356	133	0	0	0	0	0	0	0	0	0	0	0	0	0	0	0	0	0
240.00000652953182	0	0	0	0	0	1477259	0	425178	167752	172536	182373	1010944	26082	51686	150780	4590	2552	8686	26201	6480	8646	30624	19740	18625	18088	13068	9622	11872	4900	8544	9045	0	3304	2244	1330	1219	0	481	1596	1513	532	303	390	0	0	0	0	0	0	0	0	0	0	0	0	0	0	0
245.0000011925401	0	0	0	0	0	1539069	0	429156	169780	174664	184334	1030330	27090	53664	162268	4794	2784	9632	30338	7392	9900	35496	21840	20413	21280	16698	13018	14224	5950	9701	11475	0	4956	3468	1680	2173	1200	814	2604	2848	2128	808	1690	0	0	0	0	0	0	0	0	0	0	0	0	0	0	0
250.0000123938695	0	0	0	0	0	1604411	0	433017	170612	176456	186719	1047562	28350	55556	177346	5151	3190	10492	34475	8064	10890	39440	24080	23095	24320	18634	23206	16576	6860	11748	14310	0	6018	4794	2870	2862	3600	1332	3696	4005	3724	1616	3380	0	0	0	0	0	0	0	0	0	0	0	0	0	0	0
255.00001162424766	0	0	0	0	0	1666221	0	436293	172484	178416	188256	1064794	29316	57104	187757	5661	3277	11180	38612	8784	11682	43152	26740	26671	26448	21175	33960	18368	8820	14062	17010	1408	8024	6018	3850	3604	5700	1776	4536	5073	5054	2626	4420	0	0	0	0	0	0	0	0	0	0	0	0	0	0	0
260.0000035624731	0	0	0	0	0	1713903	0	439101	173732	179704	189952	1076641	30282	59168	197091	6018	3538	12126	43931	9552	13002	46400	28980	29502	28424	24200	43016	20832	10010	15753	19440	4224	10148	8058	5040	4293	8400	2405	5964	6586	7049	3737	5850	0	614	0	0	0	0	0	0	0	0	0	0	0	0	0
265.0000017495451	0	0	0	0	0	1772181	0	443313	175084	180712	191489	1091001	31290	60028	208938	6375	3770	13072	46295	10080	13728	51504	32060	31737	30400	26499	58864	23296	10990	18156	22140	11968	12626	10302	6300	4823	11100	2849	7392	8455	10374	5252	7930	0	614	0	0	0	0	0	0	0	0	0	0	0	0	0
270.00000445101426	0	0	0	0	0	1827810	0	446472	176176	181720	193185	1103207	32214	60716	219708	6936	4031	13932	49250	10656	14586	55448	34300	32929	32224	29161	70184	26544	11900	19758	25245	24640	15222	12444	7490	5512	15600	3330	8988	10057	12635	7272	10530	2148	2456	690	0	0	0	0	0	0	0	0	0	0	0	0
275.00000875124874	0	0	0	0	0	1878141	0	450099	177424	182784	194298	1113977	33054	62178	230837	7395	4089	14792	51023	11232	15048	58696	37800	37399	34352	32428	76976	28224	12950	21538	27540	37312	17582	13668	9240	6148	20400	3811	11004	12638	15029	9090	12870	4296	3991	2415	0	0	0	0	0	0	0	0	0	0	0	0
280.0000023598158	0	0	0	0	0	1916110	0	452088	178308	183512	195782	1122593	34356	63640	240171	7803	4263	15910	53387	12048	15774	62872	40180	39485	36784	34727	91692	30240	14070	23852	29565	52800	19942	15810	10080	7367	26700	4440	13104	14507	17556	10908	16120	8592	6140	7590	196	0	0	0	0	0	0	0	0	0	0	0
285.00000211446064	0	0	0	0	0	1962909	0	455013	179296	184856	197001	1132286	35238	64844	249864	8058	4524	16168	55751	12912	16830	67976	42420	41869	39368	37752	100748	34160	15890	25454	32130	66176	22066	17646	11060	8215	32400	5069	14196	16109	20083	12221	19370	13425	9210	11385	588	0	414	0	0	0	0	0	0	0	0	0
290.0000039245398	0	0	0	0	0	1996463	0	457470	180336	185808	198326	1141979	36162	66392	259557	8466	4814	16684	57130	13536	17556	71920	44660	44253	41192	40293	112068	37296	17010	26433	34830	81664	24190	19380	13090	9487	36300	5661	16044	17711	23408	14241	21450	19869	13815	14490	1372	0	828	392	0	0	0	0	0	0	0	0
295.00001197828783	0	0	0	0	0	2036198	0	459342	181324	186872	199333	1151672	36540	67854	267455	9027	4814	17458	61858	14208	17886	74936	47180	46339	44384	42350	122256	40096	18340	28480	35910	98560	26196	20706	14490	10759	41100	6290	18480	19936	26999	16665	24050	25776	18727	20010	1568	0	1518	784	0	0	0	0	0	0	0	0
300.0000038014609	0	0	0	0	0	2067103	0	461448	182364	187488	200499	1163160	37338	69402	276430	9588	5046	18146	63040	14592	18612	79576	48860	48276	46208	44770	136406	42672	19460	30883	37935	115456	28792	23256	15330	11925	46200	6919	20076	21983	30457	18887	26520	35979	23332	26220	2352	0	1794	1176	0	0	0	0	0	0	0	0
305.0000031864167	0	0	0	0	0	2097125	0	464256	183404	188384	201665	1172494	38220	70434	285764	9894	5191	19178	65601	14880	19074	83752	50260	50213	48640	48158	148858	45696	21280	33019	40635	128832	31034	24684	16730	12455	50100	7585	21168	24653	32851	20301	28730	45108	27323	32430	3136	0	2760	1764	0	0	0	0	0	0	0	0
310.00001026867415	0	0	0	0	0	2118317	0	466713	184080	189112	202990	1182546	38892	71380	295816	10149	5278	19866	68359	15360	19800	87232	52500	51852	50768	49973	161876	48384	22680	34977	43200	145728	32922	26826	18340	13303	57900	8177	22932	26255	35112	23129	32240	56922	32849	37605	4116	0	3312	2744	0	0	0	0	0	0	0	0
315.0000013080537	0	0	0	0	0	2137743	0	468468	184756	190512	204156	1191162	39606	73186	302637	10302	5510	20554	70526	15696	21054	90016	53900	53938	53200	52030	169800	50064	24150	37647	46575	160512	35518	29070	19810	14363	62100	8843	24948	28035	37373	25048	35490	66051	37454	43815	4900	0	4002	3920	0	0	0	0	0	0	0	0
320.00000122164045	0	0	0	0	0	2160701	0	470340	185640	191744	205375	1200855	40320	74562	310176	10710	5655	20984	72496	16080	21384	93032	55300	56322	54112	53724	176026	51744	25340	40495	50355	180224	37996	30600	21490	15264	69900	9583	26208	30883	40698	26765	39130	76791	42673	50025	5292	1588	4830	4116	0	0	0	0	0	0	0	0
325.0000024245788	0	0	0	0	0	2187191	0	472212	186264	192584	206647	1211984	41034	75680	316997	11118	5742	22016	74663	16512	22176	96512	56420	57961	55784	55418	188478	53760	26600	41741	53190	195712	39884	33150	23100	16430	75900	10323	28392	33108	43491	30098	42900	86457	48199	57615	6664	2382	5658	5684	0	0	0	201	89	0	0	0
330.0000012707489	0	0	0	0	0	2202202	0	474201	187096	193592	207336	1222395	41706	77658	322382	11475	5858	22962	77421	17184	22638	97672	57820	59153	57608	57112	196968	56336	27090	43076	56025	209088	41890	34884	24640	17278	82200	11137	30912	35333	47082	31815	46410	99345	57102	64170	7252	3176	6624	7056	1494	0	0	201	445	286	0	49
335.00000269565635	0	0	0	0	0	2219862	0	476307	187720	194544	208502	1227421	42294	79894	332075	11730	5945	23994	80573	17952	23232	100224	59500	60196	59584	58806	206590	58800	27930	44856	58995	227392	44604	36822	26880	17914	86400	11692	32676	37558	50407	33835	48750	107937	62014	72450	7644	3970	7452	7644	2241	0	553	201	445	715	0	196
340.0000040223882	0	0	0	0	0	2235756	0	477711	188812	195048	209138	1229934	43008	81270	338896	12087	6206	24510	82149	18336	23694	103240	61040	62133	62016	60500	217344	60704	29470	45835	61155	246400	46610	39066	28840	18921	93300	12358	34188	39249	54131	36259	51480	125121	69075	80385	8820	6352	8694	8624	3735	0	553	469	979	1001	0	343
345.0000009266269	0	0	0	0	0	2257831	0	479115	189540	196000	209827	1236396	43302	82474	343922	12444	6322	25542	83134	18672	24816	105328	62580	64070	64600	62315	225268	62608	30590	47259	64395	265408	48852	41310	30240	20140	100200	13098	36372	41296	57057	38380	55250	139083	74908	90390	10192	8734	9108	10584	5229	0	553	871	1246	1859	0	539
350.000007459351	0	0	0	0	0	2275491	0	480753	190476	196504	210675	1243576	43932	83678	352538	12801	6467	26488	85695	19248	25476	106488	64680	65113	66120	63525	232626	64176	31780	49039	66420	281600	51094	43758	31430	21200	104700	13764	38388	42898	58786	40703	58630	146601	82276	97290	10780	9528	10488	11956	6723	0	553	1742	1602	1859	0	882
355.0000018860278	0	0	0	0	0	2296683	0	482625	191516	197008	211417	1249679	44436	84366	356846	12903	6554	27606	88650	19584	25938	108112	66360	66752	67488	65461	241682	65520	32550	50374	69255	301312	53690	45390	32970	22578	111000	14467	40320	45568	60914	42925	61750	158952	89951	107295	11368	12704	11454	13328	9711	0	3871	2211	2136	2288	586	1078
360.00000218088735	0	0	0	0	0	2318758	0	484263	192296	197568	212318	1255423	45234	85398	363308	13515	6670	28036	90423	19920	26466	110896	67760	68391	69312	67276	250738	67088	33810	51620	71820	320320	56404	47736	34020	23267	116700	15244	42252	47971	63441	45753	64220	173451	94863	118335	12152	15086	13386	14700	12699	0	6636	2747	2937	2860	1172	1323
365.00000163146825	0	0	0	0	0	2340833	0	486135	192816	198128	213060	1262603	45780	86086	371565	13770	6844	28638	91999	20640	27126	114608	69720	69732	71136	68486	256964	68544	34510	53222	73440	337920	58528	49164	35210	24539	123600	15947	44520	50374	66101	48581	65910	180969	100389	126615	12544	18262	13938	15876	19422	0	9401	3216	3738	4433	4102	1862
370.0000054949684	0	0	0	0	0	2353195	0	487071	193492	198744	214014	1269424	46536	87548	376950	14229	6960	29412	94757	21024	27456	117624	70700	71669	73112	70422	263190	70672	35630	54557	76275	349184	60416	51102	36890	25546	126600	16465	46536	51887	69426	51106	67210	196005	105608	135585	13328	21438	15180	16856	23904	0	13272	3886	4361	5863	4688	2156
375.00000145546295	0	0	0	0	0	2363791	0	488826	194064	199248	214915	1275527	46872	88580	381976	14790	7221	30014	96924	21408	28248	119944	72100	72712	75088	71874	269982	72016	36190	55714	79245	361152	62422	52734	37520	26288	133800	17131	48048	53934	72086	53227	70200	211041	113590	144210	13916	23820	16284	18620	26145	1318	18802	4422	4895	7293	7618	2450
380.0000013800576	0	0	0	0	0	2386749	0	489996	195000	199920	215710	1282707	47544	89354	385207	15096	7337	30444	98500	21888	28776	122496	73360	73904	77064	74294	279604	74032	37240	57138	81540	382272	65136	54264	38850	27189	137100	17575	49644	55981	74347	56661	73190	223929	119730	153180	15288	25408	17388	21364	29880	3954	24332	5360	5785	8437	9962	2891
385.00000684202666	0	0	0	0	0	2406175	0	491166	195416	200648	216558	1290605	48174	90214	390951	15453	7714	31820	100864	22560	29304	125280	75180	75692	79648	75262	285264	75376	38150	58117	84375	399168	66670	55998	40320	27931	144600	18241	51324	57761	78337	58984	75660	231447	128019	160770	15876	30966	18768	22148	35109	7908	27097	5963	6497	9438	11134	3381
390.0000014457993	0	0	0	0	0	2422069	0	492336	196248	201152	217035	1297426	48804	91332	394541	15708	7830	32852	103228	22800	29964	128064	77000	76884	80712	76351	293754	77056	39060	59630	86535	411840	68322	57834	41440	28567	149100	18574	53088	59897	81396	61307	79170	243261	132317	166980	17052	34142	20562	23128	36603	13180	29309	6566	7209	10153	15822	3871
395.00001188146445	0	0	0	0	0	2436197	0	493974	196924	201712	217512	1301375	49224	92794	402080	16218	8062	33454	105789	23136	30360	129688	78260	79566	82384	77924	299414	79296	39900	60520	88155	429440	69856	59874	42490	29680	154800	19314	55104	61143	84056	63428	81380	258834	139378	175260	18424	37318	22218	24500	45567	14498	34286	7169	8277	10868	18752	4410
400.00000250107115	0	0	0	0	0	2448559	0	495261	197652	202552	218042	1306401	49812	94084	406029	16626	8120	33970	108941	23280	31020	132240	79800	82099	83904	78892	307338	80640	40950	61321	90315	444928	71154	61710	43470	30528	162000	20202	57288	63190	87115	65549	84630	270648	146439	182505	19404	41288	23046	25676	50049	18452	40922	7571	8900	11726	21682	4949
405.0000010740983	0	0	0	0	0	2461804	0	496665	198224	203000	218731	1310709	50148	95718	412491	16779	8352	34658	110320	23664	31548	134792	82600	83142	85576	80223	318658	81760	41720	62122	92070	456896	72688	63342	44730	31482	167100	20868	58716	64703	90839	67468	86840	290517	154728	191475	19992	44464	23874	26264	53037	18452	44240	8107	9790	12870	28128	5243
410.00000547269485	0	0	0	0	0	2469751	0	498537	198900	203728	219738	1314299	50694	96664	417876	16932	8584	35174	112684	24288	32142	137112	83440	85675	87704	81917	324318	83216	42770	62923	94500	468864	74930	64872	45780	31853	174300	21534	60816	66394	93233	70296	90090	302331	162403	198720	21168	46052	24702	27048	59760	23724	47558	8442	10591	13442	31058	5684
415.00000414520184	0	0	0	0	0	2481230	0	500643	199628	204232	220427	1320761	51114	97696	421107	17238	8700	35862	115245	24576	32802	140128	85120	87463	88768	83611	334506	84672	43680	64258	97065	485056	76346	66708	46970	32648	178200	22237	62664	68619	95494	71609	91910	312534	170692	208380	21756	54786	25116	29400	64242	26360	53088	8978	11303	15730	33402	5978
420.00000110771975	0	0	0	0	0	2494475	0	501930	200044	204400	221487	1326505	51912	98728	427210	17442	8787	36292	117609	25200	33462	142680	86520	88655	90288	85184	339600	86688	45010	65771	98820	496320	78706	68442	48090	33178	184200	22792	64512	69776	98287	72518	94900	325959	177139	218040	23128	56374	26634	31360	70218	31632	59724	9581	11570	16874	37504	6370
425.0000120311934	0	0	0	0	0	2503305	0	503100	200772	205016	222017	1330095	52584	100104	432236	17748	8990	37066	119382	25632	34122	144536	87780	90443	91504	86394	347524	88480	46130	66839	100035	514624	80122	69870	49280	33708	190500	23347	66024	71556	101479	74740	97760	337773	183893	226320	24500	59550	27600	33320	76194	43494	64148	10318	12104	18304	42778	6713
430.00000489772435	0	0	0	0	0	2516550	0	504036	201396	205464	222759	1334762	53256	101222	435826	17850	9106	37754	121943	26256	34782	146624	88620	92231	93024	88330	356580	90496	46830	68886	102330	527296	82718	71502	50260	34874	194100	23865	67872	72535	104139	76255	100880	346365	189419	235290	26656	63520	28980	35084	79182	55356	67466	10653	13261	19591	50396	7301
435.00001008761586	0	0	0	0	0	2534210	0	504855	201812	206304	223501	1339070	53970	101996	443365	18156	9396	38356	123322	26592	35178	149408	90440	93572	94088	89419	364504	92064	48370	70310	103950	544192	84842	73032	51660	35722	200100	24309	69216	74315	106400	78477	103220	358179	194638	242535	27636	65108	30084	36848	85905	60628	71890	11122	13706	21593	58014	7693
440.00000455406325	0	0	0	0	0	2547455	0	506142	202332	207088	223925	1346968	54306	103630	447673	18309	9396	38700	125883	26832	36102	152192	92540	95211	96824	91355	372994	93632	49630	71734	106785	556160	87202	74766	52780	36623	204000	25160	71400	75472	108927	81002	106080	369993	202313	249435	28420	68284	31188	39592	93375	69854	80185	11390	14685	22594	63874	8330
445.0000085718352	0	0	0	0	0	2562466	0	507663	202904	207536	224455	1350199	54642	104834	452699	18360	9512	39388	128641	27408	36828	155904	93660	97148	99712	92202	383182	95984	51100	73247	108945	565312	89680	75684	53970	37683	209100	25752	72828	78409	112518	83628	108030	385566	209067	259095	29400	69872	31740	40964	100098	76444	87374	11993	15842	23595	70320	8722
450.0000015058124	0	0	0	0	0	2578360	0	508131	203476	207816	225038	1353071	55272	105952	457366	18768	9744	40162	130808	28032	37290	158688	95200	98191	102144	94380	391672	97216	52010	74493	110565	576576	91568	77622	55720	38690	213000	26455	74592	80011	115976	86254	111540	398991	216742	265305	29792	71460	33396	43512	105327	89624	91245	12797	16821	24453	71492	9457
455.00000067575036	0	0	0	0	0	2586307	0	509886	204204	208208	225568	1356661	55650	106726	459879	19023	9889	40850	132581	28608	37950	162168	96880	99681	103816	96437	398464	99232	52990	75561	113265	591360	93102	79764	56770	39485	219000	27195	76608	82592	119035	88173	114790	410268	223803	273585	30380	74636	34638	45080	110556	94896	95669	13266	17800	26741	79110	9898
460.0000030799505	0	0	0	0	0	2597786	0	511173	205088	209104	226310	1360969	55944	107414	464187	19278	10121	41710	133763	29136	38346	165184	98140	101767	105488	98494	408652	101024	54110	77163	114885	607552	94990	81396	57960	39962	223500	27787	78204	84550	121163	90294	117910	416175	229636	280140	30968	77812	36018	46256	118026	101486	100646	13802	18601	27599	84384	10682
465.00000009030543	0	0	0	0	0	2610148	0	512460	205400	209776	226893	1363841	56742	108618	469572	19737	10353	42484	135536	29328	38940	168432	100380	103257	107312	99946	417142	103152	55230	78409	116640	620224	97468	83436	58730	40651	227700	28379	79548	86063	124222	92112	120770	426378	234548	287730	32928	79400	36984	47628	124002	114666	105070	14472	19313	28600	89658	11319
470.0000025040105	0	0	0	0	0	2626925	0	513747	206128	210448	227635	1367072	57246	109908	475316	20094	10527	43000	137900	29568	39666	172608	102340	105790	108376	101277	427896	104160	56280	79744	118260	627968	99356	84762	59570	41446	232800	29008	80808	87487	126749	94334	123370	437655	239460	297390	34104	83370	38502	49196	129231	127846	112812	15142	20381	29887	91416	11956
475.00001523507046	0	0	0	0	0	2632223	0	514683	206440	211120	228218	1372098	57708	110682	481419	20349	10701	43860	140067	30144	40194	175392	104300	107578	110352	103939	436386	105840	57540	81346	120825	639232	101362	86394	60270	42506	237600	29637	82068	89089	129808	95950	125840	451080	248056	308775	35280	85752	39330	50764	136701	139708	117789	15678	21004	30888	95518	12593
480.0000016330163	0	0	0	0	0	2645468	0	515268	206908	211736	228907	1376047	58338	111800	484650	20604	10817	44720	141249	30384	40458	177712	105420	108919	112024	106480	446008	107632	58240	83304	123120	646272	102896	88128	61670	43407	244200	30303	83496	91759	132601	97465	128700	458598	253889	315330	36652	89722	40572	52332	141183	144980	124978	16482	21805	31603	99620	13328
485.00001536493215	0	0	0	0	0	2658713	0	516555	207532	212352	229702	1381073	59010	112746	488240	20808	11078	45322	144204	30864	40986	181888	106400	111601	114000	108416	457328	109312	59570	84639	125415	658240	105492	90372	63070	44149	248700	30858	85092	93361	135394	98778	130520	467727	261257	326025	38220	92898	42918	53508	150894	155524	132167	17420	22606	33462	105480	14112
490.00000457318197	0	0	0	0	0	2670192	0	517842	207896	213192	230656	1385022	59220	113348	493266	21114	11339	46182	146371	31392	41844	184208	107800	113687	116128	110110	467516	110992	61110	85529	127170	673024	107026	92310	64400	45103	252600	31524	87696	95052	137788	100798	133380	480078	267704	336720	38808	97662	44160	54684	155376	164750	139356	18358	23763	34606	107238	14553
495.00000981954355	0	0	0	0	0	2685203	0	519012	208520	213584	231239	1388612	59598	114036	497215	21216	11484	47042	147553	31872	42636	186064	109480	115326	117800	111804	474874	113008	62370	86864	129195	687808	108678	94452	65870	46110	257400	32338	89124	96565	141645	102313	135590	490281	272923	347415	39788	100838	45678	55860	159111	176612	144333	18827	24564	36322	110754	15092
500.0000035273648	0	0	0	0	0	2697565	0	519597	208988	214088	232034	1391843	60186	114638	502600	21471	11774	47386	149129	32352	43428	187456	111860	116816	119776	113256	483364	114240	63700	88822	130815	700480	110330	95880	66920	46587	260700	32967	90888	98256	144172	104535	138190	503169	282747	355350	41160	104014	46644	57232	165834	189792	150416	19966	25632	38181	116028	15435
505.0000005573581	0	0	0	0	0	2709927	0	520767	209404	214648	232511	1394715	60858	116358	508703	21879	11832	47730	152084	32736	43824	191168	113260	118604	120840	115071	490156	115808	64890	90335	133380	713152	112808	97206	68040	47011	266100	33485	92316	100214	147497	106757	141180	513909	291343	360180	41944	108778	48024	59780	170316	204290	155946	20569	26700	39611	121302	15876
510.0000016023283	0	0	0	0	0	2727587	0	522054	210028	214928	232723	1399023	61320	117992	514806	22185	11890	48762	154251	33168	44418	193488	114660	119945	123120	117975	498646	117040	65870	91225	135675	721600	116112	99246	69160	48124	271500	33966	94332	101638	152019	108878	144170	524649	299939	367425	42728	113542	49404	60956	174798	213516	162582	20971	27590	40898	128334	16562
515.0000005653906	0	0	0	0	0	2735534	0	522756	210600	215656	233306	1402613	61782	118852	521986	22338	12093	49364	155236	33408	44682	196968	116060	122180	125400	119306	504872	118832	67060	92560	137700	732864	118944	100674	70560	48919	274800	34521	96516	103329	154014	110595	147160	535389	307000	377775	43708	123864	50646	62524	177039	222742	168665	21775	28836	42757	131850	17150
520.0000047426446	0	0	0	0	0	2748779	0	524394	210964	216216	233836	1406203	62244	119798	525935	22644	12209	50052	156615	33888	45012	199984	117460	124564	127832	121000	509966	120848	68110	93984	140265	740608	121422	102816	71680	49714	280200	35150	98448	105020	157738	113625	149890	545592	313754	386055	44492	126246	52578	63700	183762	229332	173089	22311	29548	44473	138882	17787
525.000000255059	0	0	0	0	0	2762907	0	525447	211276	216496	234366	1411229	62832	120916	531679	22950	12412	50740	158191	34320	45342	204160	118720	127395	129504	121968	519588	122864	69370	95675	142830	756800	123900	105162	72940	50880	284400	35446	101136	106711	161063	115241	152880	557406	321122	394680	45668	129422	53406	65660	189738	238558	177513	23048	30349	45474	145914	18424
530.0000001470985	0	0	0	0	0	2773503	0	526266	211692	216832	234896	1416255	63294	121346	537064	23154	12499	51600	159176	34560	46134	205784	119420	128438	130720	123299	524682	124096	70350	96298	144585	768768	125198	106488	74200	51675	289500	36075	102816	109559	163723	117665	156130	571368	330025	403995	46648	132598	54648	66836	192726	247784	183043	23852	31150	46761	151188	18963
535.0000002199884	0	0	0	0	0	2777918	0	527202	212264	217224	235373	1418768	64092	123238	541013	23664	12702	52288	161737	34896	46596	208800	121520	130226	131936	125356	534870	126000	71190	97544	146880	780736	126850	108528	75320	52629	294000	36667	104076	112140	168378	119887	159120	584793	337393	413655	48216	138950	55476	69776	197955	251738	188573	24857	31951	48763	154704	19502
540.0000147550703	0	0	0	0	0	2786748	0	528138	212784	217784	236062	1422717	64764	124184	545680	23970	12847	52632	164692	35328	47322	211352	123060	132610	133152	126687	542794	127456	72380	98523	149040	793408	128856	109752	76580	53689	300000	37259	105756	113653	171969	122715	161980	592848	343533	421245	49392	145302	56442	71736	206919	260964	195209	25728	32485	49907	159392	19894
545.0000111429711	0	0	0	0	0	2794695	0	528957	213512	218120	236645	1425589	65142	124958	548911	24072	13050	53578	166859	35616	48048	213208	124740	135143	135128	128381	549020	129024	73640	99680	151200	804672	131098	111588	77980	54537	303900	38036	107604	115967	174363	125442	164450	608958	350901	429525	49784	146096	57270	72912	213642	275462	199633	26130	33108	52195	167010	20580
550.0000074643747	0	0	0	0	0	2804408	0	530244	213928	218680	237281	1426666	65520	125818	552501	24174	13224	54094	168632	36000	48378	215296	126280	136931	135584	129954	554114	131152	74480	101015	153360	815232	132986	113322	79450	55279	311700	38739	109368	117747	175826	127967	168220	625068	356734	438150	50960	146096	59202	73892	221859	284688	206822	26934	33909	53482	170526	21364
555.0000018547792	0	0	0	0	0	2814121	0	531531	214500	219352	237864	1430256	66150	126420	558245	24429	13398	54868	169814	36336	48576	217616	127820	139017	137256	131648	560906	132384	74900	102528	155790	827200	135228	114954	80430	56127	316800	39479	111300	119705	179151	129684	170170	636882	361953	447120	51744	149272	60858	76440	229329	288642	211246	27604	34799	54912	175214	22050
560.000002015505	0	0	0	0	0	2822951	0	532350	214968	219968	238288	1432410	66528	127366	562194	24633	13630	55126	170996	36816	49566	219472	129500	141103	139080	132979	568264	135296	75530	104219	157545	838464	136880	117300	81690	57028	319800	39960	112896	121930	182210	131401	172900	644400	367172	455400	52528	154830	62100	77812	233811	296550	220094	28609	36045	56199	180488	22785
565.0000032592893	0	0	0	0	0	2829132	0	533520	215488	220360	238924	1438154	66822	127882	566861	24888	13775	55470	172178	37440	50028	221328	131180	142295	140752	135278	577320	136752	76300	105376	159435	854656	138886	119136	83650	57664	324600	40626	114156	123977	184338	132714	175110	658899	374233	464025	53900	160388	63204	79772	238293	313684	227836	29413	37291	57343	186934	23177
570.0000001316852	0	0	0	0	0	2837962	0	534339	215956	220696	239242	1442103	67242	128914	569015	25092	13920	56072	173163	38064	50952	223416	132300	143785	141816	137093	586942	138768	77350	106800	161595	875072	140656	121074	85610	58989	329100	41440	115416	125490	188195	134229	177320	669639	382522	472650	55272	162770	65136	81732	243522	326864	237237	29882	38092	58916	191036	23912
575.0000177767032	0	0	0	0	0	2846792	0	534690	216112	221256	239931	1445693	67620	129774	571528	25398	13978	56158	174148	38256	51546	225736	133560	144977	144248	137940	596564	140896	78400	108402	163620	887040	142662	123012	86450	59678	336300	41847	117516	127092	191919	135845	179790	684675	390811	481965	56252	165946	66654	83888	245763	342680	244426	31155	38893	60203	197482	24843
580.000008293179	0	0	0	0	0	2860037	0	535275	216268	221760	240196	1449283	68208	130978	576554	25653	14123	56932	177103	38832	52272	227592	134960	146765	146072	139634	605054	142688	78960	109826	166320	896192	144314	123930	87640	60473	341700	42624	119280	128872	194712	137562	182780	701859	394802	489210	56840	171504	68310	85064	253233	349270	251062	32093	40406	61490	208030	25725
585.000018725608	0	0	0	0	0	2869750	0	536445	216944	222208	240832	1454309	68838	131838	581580	25755	14326	57534	178679	39264	52932	230608	137340	148255	147592	141812	611280	144480	80080	111072	167535	905344	146556	125460	89250	61215	346200	43216	120540	130741	197239	140289	185120	713673	403091	499905	57624	175474	70242	86828	259209	358496	256592	32830	41741	62634	213890	26264
590.0000201241932	0	0	0	0	0	2880346	0	538083	217100	222936	241521	1457899	69384	132784	587324	26061	14471	58050	179861	39696	53394	233392	138740	149447	149568	143506	619204	145600	80850	111962	169965	915904	148326	127704	90790	62434	350100	43882	122976	132699	200298	142006	188370	723876	409538	508185	58016	181826	71346	88984	267426	371676	262122	33701	42898	64350	219750	27146
595.0000020837939	0	0	0	0	0	2890942	0	538902	217776	223440	242369	1460771	70014	133816	590914	26316	14587	58566	181043	39984	53922	235248	140980	150639	150784	144716	627694	147168	82250	113564	171180	929280	149624	129438	92400	63388	355800	44659	124992	135013	202426	144228	190580	734616	415678	514740	58408	184208	72312	92120	274149	379584	265440	34639	43966	65923	227368	27783
600.0000005803167	0	0	0	0	0	2905070	0	539955	218296	224112	242740	1465797	70392	135278	595940	26622	14732	59426	183210	40512	54318	237568	142940	152874	152000	146289	635052	148064	82880	114988	172530	941248	151394	131376	93940	64501	362700	45436	126252	136170	205751	146349	193960	741060	422125	523020	59780	188972	74106	93296	280125	387492	274288	35175	44678	68211	234400	28665
