>time	Ribosome	coli Pol	coli Pol-P	coli Pol-2.0	coli Pol-P-2.0	gp1	gp1-3.5	gp0.3	gp0.4	gp0.5	gp0.6A	gp0.7	gp1.1	gp1.2	gp1.3	gp1.4	gp1.5	gp1.6	gp1.7	gp1.8	gp2.0	gp2.5	gp2.8	gp3.0	gp3.5	gp3.8	gp4A	gp4.2	gp4.3	gp4.5	gp4.7	gp5.0	gp5.3	gp5.5	gp5.7	gp5.9	gp6.0	gp6.3	gp6.5	gp6.7	gp7	gp7.3	gp7.7	gp8	gp9	gp10A	gp11	gp12	gp13	gp14	gp15	gp16	gp17	gp17.5	gp18	gp18.5	gp19	gp19.5
0.001546337821009839	0	0	0	0	0	0	0	0	0	0	0	0	0	0	0	0	0	0	0	0	0	0	0	0	0	0	0	0	0	0	0	0	0	0	0	0	0	0	0	0	0	0	0	0	0	0	0	0	0	0	0	0	0	0	0	0	0	0
5.014235652670853	0	0	0	0	0	0	0	0	0	0	0	0	0	0	0	0	0	0	0	0	0	0	0	0	0	0	0	0	0	0	0	0	0	0	0	0	0	0	0	0	0	0	0	0	0	0	0	0	0	0	0	0	0	0	0	0	0	0
10.005043755542717	0	0	0	0	0	0	0	0	0	0	0	0	0	0	0	0	0	0	0	0	0	0	0	0	0	0	0	0	0	0	0	0	0	0	0	0	0	0	0	0	0	0	0	0	0	0	0	0	0	0	0	0	0	0	0	0	0	0
15.012401928147165	0	0	0	0	0	0	0	0	0	0	0	0	0	0	0	0	0	0	0	0	0	0	0	0	0	0	0	0	0	0	0	0	0	0	0	0	0	0	0	0	0	0	0	0	0	0	0	0	0	0	0	0	0	0	0	0	0	0
20.002846739422637	0	0	0	0	0	0	0	0	0	0	0	0	0	0	0	0	0	0	0	0	0	0	0	0	0	0	0	0	0	0	0	0	0	0	0	0	0	0	0	0	0	0	0	0	0	0	0	0	0	0	0	0	0	0	0	0	0	0
25.00089208879409	0	0	0	0	0	0	0	0	0	0	0	0	0	0	0	0	0	0	0	0	0	0	0	0	0	0	0	0	0	0	0	0	0	0	0	0	0	0	0	0	0	0	0	0	0	0	0	0	0	0	0	0	0	0	0	0	0	0
30.000768070109068	0	0	0	0	0	0	0	117	0	0	0	0	0	0	0	0	0	0	0	0	0	0	0	0	0	0	0	0	0	0	0	0	0	0	0	0	0	0	0	0	0	0	0	0	0	0	0	0	0	0	0	0	0	0	0	0	0	0
35.0006948064572	0	0	0	0	0	0	0	1638	208	168	0	0	0	0	0	0	0	0	0	0	0	0	0	0	0	0	0	0	0	0	0	0	0	0	0	0	0	0	0	0	0	0	0	0	0	0	0	0	0	0	0	0	0	0	0	0	0	0
40.00031618740468	0	0	0	0	0	0	0	3393	624	616	212	0	0	0	0	0	0	0	0	0	0	0	0	0	0	0	0	0	0	0	0	0	0	0	0	0	0	0	0	0	0	0	0	0	0	0	0	0	0	0	0	0	0	0	0	0	0	0
45.00009480496952	0	0	0	0	0	0	0	6903	1508	1344	636	0	0	0	0	0	0	0	0	0	0	0	0	0	0	0	0	0	0	0	0	0	0	0	0	0	0	0	0	0	0	0	0	0	0	0	0	0	0	0	0	0	0	0	0	0	0	0
50.00021617793333	0	0	0	0	0	0	0	11232	3588	2352	1696	0	0	0	0	0	0	0	0	0	0	0	0	0	0	0	0	0	0	0	0	0	0	0	0	0	0	0	0	0	0	0	0	0	0	0	0	0	0	0	0	0	0	0	0	0	0	0
55.00029097382891	0	0	0	0	0	0	0	17550	5616	4480	3021	0	0	0	0	0	0	0	0	0	0	0	0	0	0	0	0	0	0	0	0	0	0	0	0	0	0	0	0	0	0	0	0	0	0	0	0	0	0	0	0	0	0	0	0	0	0	0
60.00022505021339	0	0	0	0	0	0	0	24219	8372	6720	5247	0	0	0	0	0	0	0	0	0	0	0	0	0	0	0	0	0	0	0	0	0	0	0	0	0	0	0	0	0	0	0	0	0	0	0	0	0	0	0	0	0	0	0	0	0	0	0
65.0010349934951	0	0	0	0	0	0	0	33228	11544	9184	7632	0	0	0	0	0	0	0	0	0	0	0	0	0	0	0	0	0	0	0	0	0	0	0	0	0	0	0	0	0	0	0	0	0	0	0	0	0	0	0	0	0	0	0	0	0	0	0
70.00008573213205	0	0	0	0	0	0	0	43056	15496	13048	11077	1077	0	0	0	0	0	0	0	0	0	0	0	0	0	0	0	0	0	0	0	0	0	0	0	0	0	0	0	0	0	0	0	0	0	0	0	0	0	0	0	0	0	0	0	0	0	0
75.00000176980265	0	0	0	0	0	0	0	51597	19396	16968	15264	3231	0	0	0	0	0	0	0	0	0	0	0	0	0	0	0	0	0	0	0	0	0	0	0	0	0	0	0	0	0	0	0	0	0	0	0	0	0	0	0	0	0	0	0	0	0	0
80.0003217863312	0	0	0	0	0	0	0	62712	24128	21504	18868	8257	0	0	0	0	0	0	0	0	0	0	0	0	0	0	0	0	0	0	0	0	0	0	0	0	0	0	0	0	0	0	0	0	0	0	0	0	0	0	0	0	0	0	0	0	0	0
85.0001035733198	0	0	0	0	0	0	0	75231	29172	26376	24168	19745	0	0	0	0	0	0	0	0	0	0	0	0	0	0	0	0	0	0	0	0	0	0	0	0	0	0	0	0	0	0	0	0	0	0	0	0	0	0	0	0	0	0	0	0	0	0
90.00035962040207	0	0	0	0	0	0	0	88452	35100	31640	30528	33746	0	0	0	0	0	0	0	0	0	0	0	0	0	0	0	0	0	0	0	0	0	0	0	0	0	0	0	0	0	0	0	0	0	0	0	0	0	0	0	0	0	0	0	0	0	0
95.00002936805055	0	0	0	0	0	0	0	103545	40976	38304	36835	51696	0	0	0	0	0	0	0	0	0	0	0	0	0	0	0	0	0	0	0	0	0	0	0	0	0	0	0	0	0	0	0	0	0	0	0	0	0	0	0	0	0	0	0	0	0	0
100.00050483213741	0	0	0	0	0	0	0	119106	47944	44688	42665	73595	0	0	0	0	0	0	0	0	0	0	0	0	0	0	0	0	0	0	0	0	0	0	0	0	0	0	0	0	0	0	0	0	0	0	0	0	0	0	0	0	0	0	0	0	0	0
105.00002256144315	0	0	0	0	0	0	0	135603	55640	51912	49979	101956	0	0	0	0	0	0	0	0	0	0	0	0	0	0	0	0	0	0	0	0	0	0	0	0	0	0	0	0	0	0	0	0	0	0	0	0	0	0	0	0	0	0	0	0	0	0
110.00008786185462	0	0	0	0	0	0	0	150930	63440	59528	57134	137497	0	0	0	0	0	0	0	0	0	0	0	0	0	0	0	0	0	0	0	0	0	0	0	0	0	0	0	0	0	0	0	0	0	0	0	0	0	0	0	0	0	0	0	0	0	0
115.00003466399251	0	0	0	0	0	0	0	167427	70460	67648	65349	171602	0	0	0	0	0	0	0	0	0	0	0	0	0	0	0	0	0	0	0	0	0	0	0	0	0	0	0	0	0	0	0	0	0	0	0	0	0	0	0	0	0	0	0	0	0	0
120.00006516420828	0	0	0	0	0	0	0	186264	78572	76664	73988	208220	0	0	0	0	0	0	0	0	0	0	0	0	0	0	0	0	0	0	0	0	0	0	0	0	0	0	0	0	0	0	0	0	0	0	0	0	0	0	0	0	0	0	0	0	0	0
125.00000055314311	0	0	0	0	0	0	0	204399	86320	85008	82733	251300	0	0	0	0	0	0	0	0	0	0	0	0	0	0	0	0	0	0	0	0	0	0	0	0	0	0	0	0	0	0	0	0	0	0	0	0	0	0	0	0	0	0	0	0	0	0
130.00012327129008	0	0	0	0	0	1766	0	222651	94016	92736	91425	297611	0	0	0	0	0	0	0	0	0	0	0	0	0	0	0	0	0	0	0	0	0	0	0	0	0	0	0	0	0	0	0	0	0	0	0	0	0	0	0	0	0	0	0	0	0	0
135.0000296556204	0	0	0	0	0	7064	0	240435	99944	99792	99428	343922	42	0	0	0	0	0	0	0	0	0	0	0	0	0	0	0	0	0	0	0	0	0	0	0	0	0	0	0	0	0	0	0	0	0	0	0	0	0	0	0	0	0	0	0	0	0
140.00001713053246	0	0	0	0	0	22958	0	255528	105976	106344	105894	396336	126	86	0	0	0	0	0	0	0	0	0	0	0	0	0	0	0	0	0	0	0	0	0	0	0	0	0	0	0	0	0	0	0	0	0	0	0	0	0	0	0	0	0	0	0	0
145.00003196580573	0	0	0	0	0	40618	0	270387	111280	112056	113420	449109	336	258	0	0	0	0	0	0	0	0	0	0	0	0	0	0	0	0	0	0	0	0	0	0	0	0	0	0	0	0	0	0	0	0	0	0	0	0	0	0	0	0	0	0	0	0
150.00002276319447	0	0	0	0	0	76821	0	284427	116740	117432	119515	498292	756	688	0	0	0	0	0	0	0	0	0	0	0	0	0	0	0	0	0	0	0	0	0	0	0	0	0	0	0	0	0	0	0	0	0	0	0	0	0	0	0	0	0	0	0	0
155.00000255600656	0	0	0	0	0	121854	0	295893	121316	123536	125080	541013	1554	1548	0	0	0	0	0	0	0	0	0	0	0	0	0	0	0	0	0	0	0	0	0	0	0	0	0	0	0	0	0	0	0	0	0	0	0	0	0	0	0	0	0	0	0	0
160.00012782015986	0	0	0	0	0	166887	0	308295	125684	128912	130963	586965	2226	2838	0	0	0	0	0	0	0	0	0	0	0	0	0	0	0	0	0	0	0	0	0	0	0	0	0	0	0	0	0	0	0	0	0	0	0	0	0	0	0	0	0	0	0	0
165.00009976489682	0	0	0	0	0	237527	0	319176	130832	133952	135892	633635	3360	4214	0	0	0	0	0	0	0	0	0	0	0	0	0	0	0	0	0	0	0	0	0	0	0	0	0	0	0	0	0	0	0	0	0	0	0	0	0	0	0	0	0	0	0	0
170.00000177933316	0	0	0	0	0	313465	0	331929	135616	138208	140662	674561	4578	5418	359	0	0	0	0	0	0	0	0	0	0	0	0	0	0	0	0	0	0	0	0	0	0	0	0	0	0	0	0	0	0	0	0	0	0	0	0	0	0	0	0	0	0	0
175.00001714905	0	0	0	0	0	394701	0	344214	139828	143304	145538	716205	5880	7310	2154	0	0	0	0	0	0	0	0	0	0	0	0	0	0	0	0	0	0	0	0	0	0	0	0	0	0	0	0	0	0	0	0	0	0	0	0	0	0	0	0	0	0	0
180.00006794589737	0	0	0	0	0	490948	0	355095	144872	148008	150149	748515	7560	10578	4308	153	87	0	0	0	0	0	0	0	0	0	0	0	0	0	0	0	0	0	0	0	0	0	0	0	0	0	0	0	0	0	0	0	0	0	0	0	0	0	0	0	0	0
185.0000057482533	0	0	0	0	0	603089	0	367029	149500	152152	155025	778671	9114	13674	8257	306	203	86	0	48	132	0	0	0	0	0	0	0	0	0	0	0	0	0	0	0	0	0	0	0	0	0	0	0	0	0	0	0	0	0	0	0	0	0	0	0	0	0
190.00005425906383	0	0	0	0	0	696687	0	378495	154128	156912	159371	816725	11088	17028	15796	561	319	516	0	240	198	0	0	0	0	0	0	0	0	0	0	0	0	0	0	0	0	0	0	0	0	0	0	0	0	0	0	0	0	0	0	0	0	0	0	0	0	0
195.0000048306902	0	0	0	0	0	779689	0	389259	157976	161336	164353	842573	12348	20468	23335	867	435	1032	788	528	726	232	280	0	0	0	0	0	0	0	0	0	0	0	0	0	0	0	0	0	0	0	0	0	0	0	0	0	0	0	0	0	0	0	0	0	0	0
200.00006133379566	0	0	0	0	0	878585	0	399438	161772	165480	168858	872729	14364	23564	29797	1173	638	1720	2561	912	1386	696	980	149	152	121	0	0	0	0	0	0	0	0	0	0	0	0	0	0	0	0	0	0	0	0	0	0	0	0	0	0	0	0	0	0	0	0
205.00000159171066	0	0	0	0	0	956289	0	407745	165724	169064	172780	904680	15960	27348	45234	1428	754	2580	3940	1632	1914	2552	2240	1192	760	484	0	0	0	0	0	0	0	0	0	0	0	0	0	0	0	0	0	0	0	0	0	0	0	0	0	0	0	0	0	0	0	0
210.00000635316763	0	0	0	0	0	1042823	0	414999	169312	172984	177179	938426	17514	30616	59235	1734	986	3526	6107	2448	2772	4872	4340	2682	1824	1210	0	112	0	0	0	0	0	0	0	0	0	0	0	0	0	0	0	0	0	0	0	0	0	0	0	0	0	0	0	0	0	0
215.00003172766273	0	0	0	0	0	1128474	0	423657	172588	176512	180094	969659	19152	33970	69646	2142	1160	4558	10244	3264	3696	7424	6300	4470	2280	2541	0	784	280	178	0	0	0	0	0	0	0	0	0	0	0	0	0	0	0	0	0	0	0	0	0	0	0	0	0	0	0	0
220.00000853354533	0	0	0	0	0	1200880	0	432783	176072	179648	183804	993353	20412	37152	84365	2499	1218	5504	14184	3792	4620	10904	8400	6854	4408	5203	0	1232	490	623	270	0	0	0	0	0	0	0	0	0	0	0	0	0	0	0	0	0	0	0	0	0	0	0	0	0	0	0
225.00002341777235	0	0	0	0	0	1282116	0	439569	179868	182280	186931	1017047	22050	40850	98007	2805	1566	6364	18124	4704	5412	14616	11340	9387	6688	7018	0	2464	840	979	540	0	118	204	70	53	0	0	0	0	0	0	0	0	0	0	0	0	0	0	0	0	0	0	0	0	0	0
230.00002050517247	0	0	0	0	0	1354522	0	448461	182520	184912	189846	1046126	23772	44118	112008	3264	1653	7568	20685	5328	6336	19256	13440	11771	9120	8954	0	4256	1680	1691	1350	0	590	408	140	212	0	111	0	0	0	0	0	0	0	0	0	0	0	0	0	0	0	0	0	0	0	0
235.00000935411023	0	0	0	0	0	1434875	0	456885	184964	187880	192920	1069102	25410	46182	122778	3468	1827	7998	25216	6240	7326	22504	15540	15198	12008	11374	566	5936	2870	3382	2295	0	1062	612	560	424	0	148	420	178	0	101	0	0	0	0	0	0	0	0	0	0	0	0	0	0	0	0
240.0000220868102	0	0	0	0	0	1509047	0	461916	187252	190736	195994	1091360	27174	48676	138215	3723	1972	8858	27580	7152	8778	25520	17780	18178	14592	13552	3396	7952	4200	4984	4455	0	1416	1020	910	583	0	296	756	801	266	404	260	0	0	0	0	0	0	0	0	0	0	0	0	0	0	0
245.00003013732422	0	0	0	0	0	1576155	0	466479	189280	193088	198326	1112541	28518	51858	152934	3978	2059	9718	31520	8112	9900	31320	20580	21307	16416	16093	7358	11088	5530	6408	6885	0	3540	1938	1470	1272	1200	407	1428	1335	1064	707	260	0	0	0	0	0	0	0	0	0	0	0	0	0	0	0
250.00000686062162	0	0	0	0	0	1639731	0	471744	191412	195552	200234	1134799	29568	54438	163704	4590	2291	10320	34081	8784	10560	35960	23520	23393	18696	18755	16414	13440	6650	8989	9585	0	5310	3366	2380	1749	1500	629	2100	2314	1862	1111	910	0	0	0	0	0	0	0	0	0	0	0	0	0	0	0
255.00002561836249	0	0	0	0	0	1699775	0	475839	193700	197848	202354	1153467	30828	56588	176987	4845	2581	11266	36839	9792	11418	41528	25900	25777	20976	20933	27168	15568	7490	10947	11475	704	7434	5610	3570	2385	3000	1258	2856	3293	3458	1919	2340	0	0	0	0	0	0	0	0	0	0	0	0	0	0	0
260.00002370648554	0	0	0	0	0	1756287	0	480636	195884	199584	203732	1167109	31878	59770	189193	5304	2813	11696	39400	10368	12342	45936	27860	28310	22800	23111	36790	18032	8470	12460	13095	3520	9322	7344	4970	3127	5100	1961	3360	4984	4522	2626	3770	0	307	0	196	0	0	0	0	0	0	0	0	0	0	0
265.00001131974346	0	0	0	0	0	1803969	0	486837	197392	201432	205587	1186136	32844	61662	199245	5916	2987	12556	42946	11136	13068	51040	29680	31290	25384	26983	49808	19712	8960	13528	15660	3520	10502	8772	6230	3975	8400	2220	5040	6230	6384	4545	4420	0	1842	0	196	0	0	0	0	0	0	0	0	0	0	0
270.0000013324887	0	0	0	0	0	1854300	0	489996	199212	203056	207230	1197265	33600	63640	211810	6375	3277	13760	44916	12048	14454	54520	32200	33376	26904	28919	59430	22400	10290	14685	17685	9856	12744	9792	7140	4770	11400	2849	6384	7031	8911	6565	7020	1611	4298	345	392	0	0	0	0	0	0	0	0	0	0	0
275.0000097202183	0	0	0	0	0	1904631	0	493740	200772	204624	208820	1208035	34818	66048	219708	6477	3480	14448	47477	12816	15378	59624	35140	36058	29032	30976	70184	24192	11480	16465	19575	19712	14160	11322	8260	5936	16500	3404	7980	8989	11172	8181	9230	4833	7982	1725	784	0	0	0	0	0	0	0	0	0	0	0
280.0000015393059	0	0	0	0	0	1957611	0	497484	202124	206360	210092	1220959	35952	67166	232273	6834	3683	14706	50629	13344	16368	62176	37240	38442	30552	32670	77542	26432	12460	18156	21330	31680	15694	12648	9310	6254	19800	4218	10080	10858	12635	9595	10920	6444	11359	6900	1176	0	138	0	0	0	0	0	0	0	0	0
285.0000045925096	0	0	0	0	0	1999995	0	500760	203476	207760	211099	1231370	36876	69144	242684	7089	3741	15136	53387	14016	17226	67280	38500	39783	32376	35453	87164	29680	13580	19847	24165	42240	17936	14586	10360	7155	26100	4699	11424	12549	15029	10504	13260	6981	14122	10350	2156	0	966	196	0	0	0	0	0	0	0	0
290.00001143124	0	0	0	0	0	2037081	0	504621	204620	209440	212954	1242858	37842	71466	252736	7446	3828	15996	56736	14976	17952	71224	41020	42465	36176	37268	96786	31696	14490	21627	26865	61248	19706	16014	11690	8003	30900	5254	13524	14240	17290	11817	15730	11277	19034	14835	2744	0	1794	980	0	0	0	0	0	0	0	0
295.0000055312554	0	0	0	0	0	2081231	0	506493	205816	210392	214279	1250397	38850	72756	256685	7803	3944	16770	59297	15408	18810	74472	43120	43955	38912	39688	109238	33936	15260	23407	30240	76736	21476	17136	12810	9063	36300	5883	14952	15664	21014	13837	17940	18795	24253	23460	3724	0	2208	1568	0	0	0	0	0	0	0	0
300.0000113327117	0	0	0	0	0	2114785	0	510939	206804	211456	215127	1257936	39942	74304	265660	8211	4147	17372	61661	15840	19470	77720	45080	45892	41648	41745	119426	36176	16100	25187	33480	89408	23836	18360	13720	10070	41100	6549	16716	16910	23674	16059	20280	26313	31314	28290	4900	0	2760	2352	0	0	0	0	0	0	0	0
305.0000110088998	0	0	0	0	0	2144807	0	513396	208052	212576	216611	1265834	40698	75938	273199	8619	4321	18576	65010	16416	20130	80968	48440	48276	43168	43439	125652	39200	17430	26522	36585	99968	25488	19584	14840	10812	42900	7252	18648	19046	26600	18281	23530	32220	38068	34500	5880	794	3174	3528	0	0	0	0	0	0	0	0
310.0000198607175	0	0	0	0	0	2179244	0	515385	208832	213584	217724	1271937	41118	77744	279302	8874	4466	19780	67571	17136	20658	85144	50400	50809	46208	45859	135840	41104	18690	28124	39555	113344	27494	21522	15890	11554	49200	7511	19908	20826	30058	20099	26000	42423	42059	42780	6664	1588	3864	4116	0	0	0	0	0	0	0	0
315.00000161080663	0	0	0	0	0	2213681	0	517257	210028	214872	218519	1283784	42084	78862	288277	9180	4553	20468	70329	17904	21648	87464	52080	52448	48488	47674	143198	42672	19600	29459	42390	126720	29382	23154	16660	12349	52800	7992	21756	22606	31920	22927	28470	50478	47278	48990	7056	1588	5520	5096	747	0	0	0	178	0	0	0
320.00000541945474	0	0	0	0	0	2250767	0	519831	210652	216552	219738	1294195	42924	80238	294739	9333	4698	20812	73087	18480	22836	93496	54040	54832	51376	49852	148858	44464	21070	30527	44820	147136	30916	25500	17920	13356	59100	8658	23772	24653	34713	25048	30030	61218	54953	58305	7252	3176	6762	6272	1494	0	0	67	267	143	0	49
325.00001489592603	0	0	0	0	0	2277257	0	521352	211328	218008	220745	1301734	43512	81958	303714	9588	4872	21586	75451	18912	23562	97208	56000	56769	53808	51546	157348	46592	22680	32307	48330	160512	32686	27132	19110	14363	64500	9398	26124	26611	38171	26462	32370	70884	60786	65205	8036	4764	7452	8036	1494	0	0	134	445	286	0	98
330.0000126737466	0	0	0	0	0	2305513	0	523458	212212	218792	221487	1309632	43848	83592	311612	9741	4988	22016	77815	19536	24420	101152	57680	59600	55632	53240	165838	49056	23520	33909	50760	173888	35046	29376	20580	15264	68100	9990	28224	29281	41496	28583	36270	80550	67847	75210	8624	5558	8418	9212	3735	0	0	335	623	1001	0	147
335.00000690466936	0	0	0	0	0	2329354	0	525681	212784	219856	222335	1317171	44226	85140	319510	10047	5133	23048	80179	20256	25146	104400	60200	61686	57304	55055	176026	51184	24430	35422	53055	183040	37170	31314	22050	16006	74400	10952	29904	31773	44555	30906	38220	89679	71531	81075	9212	8734	9246	10780	4482	0	0	402	890	1573	0	392
340.00000739436814	0	0	0	0	0	2354961	0	527553	213564	220864	223077	1325069	44856	85914	325254	10251	5249	23392	81558	20544	25806	108112	62580	64517	59736	56386	183384	53984	25550	36935	56025	195712	38350	33558	23100	17013	80400	11729	32088	33375	48146	32926	41340	103104	78285	87630	9996	11910	10488	11368	5976	0	553	603	1602	2145	0	637
345.00000251255136	0	0	0	0	0	2374387	0	529074	213980	221872	224084	1330813	45444	87290	331716	10455	5365	23822	84119	21120	26928	110896	64260	66007	61256	58685	191874	55216	27020	38181	57240	209088	41300	35394	24080	17702	87300	12395	33852	34443	50141	35249	43810	112770	83504	96600	10584	17468	10902	12740	8217	0	2212	1005	2136	3003	0	931
350.0000003983895	0	0	0	0	0	2393813	0	530361	214760	222376	224826	1336198	45864	89096	338178	10761	5452	25026	86483	21504	27720	113216	67060	67795	63080	60984	202628	56896	28210	40673	60210	223872	42480	37230	24990	18709	91500	12839	35448	36668	52668	36562	45760	125658	90258	105915	11368	23026	13110	13328	16434	0	2765	1474	3026	3575	586	1323
355.00000505712154	0	0	0	0	0	2411473	0	532233	215592	223160	225462	1344814	46494	89870	346076	11016	5626	25198	88453	22032	28380	115536	69300	70030	64752	61831	211118	59024	29470	42542	64125	238656	44250	39372	26390	19822	94800	13394	36960	39160	54796	37976	48230	135324	97319	115230	12936	24614	15042	14308	22410	0	5530	1809	3560	4290	1172	1372
360.00000274179774	0	0	0	0	0	2426484	0	533988	216424	224056	226257	1352712	47334	91332	352179	11271	5916	25714	89044	22320	28710	118320	70980	71371	66576	63404	220740	60144	30730	44500	67635	255552	45548	41514	27720	20670	101700	13986	38892	41563	58653	39794	51220	146064	105301	121095	14112	28584	16560	15680	25398	0	8848	1943	4628	5291	6446	1519
365.000001744381	0	0	0	0	0	2450325	0	535977	217516	224840	226840	1361328	47964	92364	360436	11628	6206	26230	90620	22800	29766	121104	71960	72712	68704	65461	230928	61600	31920	46013	69390	272448	47200	42534	29120	21306	105900	14541	40404	43521	62244	40703	53820	160026	112976	131790	15288	30172	17112	16856	28386	0	9954	2211	5073	6292	9962	1960
370.0000041024676	0	0	0	0	0	2467102	0	538434	218400	225568	227688	1366713	48468	93396	365462	11934	6438	27004	92787	23424	30492	124120	73500	74649	70224	67639	238852	63840	33180	47882	71415	282304	49206	44574	30520	22154	110100	15133	42336	45746	66101	43329	55770	173988	118195	136965	17444	31760	18216	18228	30627	0	13272	2613	5429	6864	11720	2009
375.00000144561324	0	0	0	0	0	2481230	0	539838	219180	226296	228589	1371380	48930	94686	372642	11985	6583	27692	93969	24048	31152	127600	75880	75841	71288	69454	243946	66192	34090	49128	73845	298496	52510	46512	31780	23002	114300	15873	45108	47081	68894	45551	58110	190098	121572	144210	18228	35730	19320	19404	33615	2636	19355	3350	6764	8008	12892	2205
380.0000022455871	0	0	0	0	0	2490060	0	541476	220116	226800	229437	1378560	49560	96062	378386	12444	6699	28466	96530	24576	31548	130384	77700	77629	73264	71390	252436	68432	35140	50285	76950	311168	55106	48348	33180	24115	117900	16613	46956	48950	72352	47874	60190	204060	127405	154560	19600	38906	20148	20384	40338	3954	23779	4020	7476	8723	16408	2695
385.00001842144417	0	0	0	0	0	2505071	0	542412	220584	227416	230179	1384304	49980	96578	380899	12699	6815	28724	98303	24912	32274	132704	79100	80013	74480	74294	256964	69328	36330	51976	79785	328768	56640	51102	34510	25016	121500	17094	48636	51264	74746	49389	63310	214800	135387	165945	20580	43670	21528	21364	45567	5272	30415	4489	8099	9724	22268	3234
390.0000001899733	0	0	0	0	0	2527146	0	544167	221208	227808	231027	1389330	50568	97954	389156	13107	6902	29326	99485	25584	32868	136184	80920	81503	76456	75625	263756	71680	37380	53578	81540	340736	59472	53754	35770	25758	127500	17760	50988	52421	78603	51914	66430	225003	143369	174225	20972	46846	22494	22344	50796	9226	35945	5159	8544	11154	26956	3626
395.0000057933702	0	0	0	0	0	2540391	0	545220	221676	228312	231557	1396151	51366	99072	393823	13515	7018	30014	101849	26112	33528	139200	83300	83291	77520	77803	272246	73696	38360	54735	83430	356928	61950	55284	37100	26765	134100	18574	53004	54646	82061	54540	69290	236817	149509	182160	22148	52404	24012	23716	56025	10544	38710	5494	9345	12584	29300	3822
400.0000078100602	0	0	0	0	0	2554519	0	547560	222248	229152	232511	1401895	51744	100620	398490	13770	7366	30788	102637	26400	34452	142216	85680	84334	78888	79981	279604	74816	39690	55536	86805	367488	64192	57222	38150	27719	141000	19240	54852	57316	84455	56257	71370	247557	158412	191130	23128	57962	24702	25088	59013	14498	45346	5963	9879	13871	34574	4361
405.00000016951606	0	0	0	0	0	2568647	0	549081	222924	230104	233359	1406562	52500	101652	405670	13974	7569	31304	104607	26640	34782	144536	86800	86569	80408	81433	284132	77616	40530	56604	88155	384384	66080	59262	39270	29097	146400	19573	56616	59274	88179	58176	74620	255612	165166	200790	23912	60344	25392	27636	62748	22406	50323	6298	11036	14443	36918	4704
410.00000394195723	0	0	0	0	0	2583658	0	550602	223392	231056	233889	1411947	52920	101996	413209	14331	7888	31734	106774	27456	35310	147552	88340	89847	82688	81917	293188	79520	41650	58740	90315	398464	68086	61098	40740	30263	150000	20239	58800	61499	90972	60701	77740	268500	172227	208725	24892	63520	26220	29204	67230	26360	55853	6633	12193	15444	39848	5243
415.00000218084404	0	0	0	0	0	2599552	0	552240	223652	231728	234525	1414819	53760	103028	419671	14586	8091	32508	107759	28128	35904	151728	89320	92380	84968	83611	300546	81424	42910	59986	92880	411840	70564	63036	42000	31164	156900	20905	60480	62656	94297	62216	81120	281925	177139	217005	25284	69078	27324	30576	68724	32950	61936	7437	12727	17303	41606	5684
420.0000009981074	0	0	0	0	0	2609265	0	553995	224224	232568	235161	1419486	54306	104576	425056	14994	8207	33196	110123	28560	36432	155672	91000	93721	87400	86273	309036	83552	43750	61766	94635	425920	73396	64770	43400	32224	163200	21534	62496	65682	95893	64236	83850	292128	184814	225285	25676	69872	29256	32144	73953	35586	66913	7839	13350	18304	46294	5978
425.00000028496265	0	0	0	0	0	2621627	0	555165	225212	233016	235797	1423794	54936	105694	430800	15657	8410	33884	111502	28896	36960	157296	93380	94615	89832	87483	316394	84672	44730	63279	96795	435776	74812	66402	44730	33390	166800	21941	64764	67818	98420	66458	86060	301257	190647	234255	27048	76224	30774	33320	77688	42176	72996	8174	13884	19448	49810	6419
430.0000071078326	0	0	0	0	0	2634872	0	556686	225524	233632	236433	1427384	55734	107242	434749	15963	8526	34572	113472	29328	37884	160080	94640	95956	91352	89177	326016	86128	45780	65326	99765	451968	76346	68340	45640	34291	170400	22533	66192	70310	101080	69286	89700	312534	194945	241500	27832	77018	31740	35476	83664	52720	75208	8978	14507	20735	53912	6909
435.00000639513644	0	0	0	0	0	2643702	0	557739	226200	234024	237175	1430256	56196	107844	440134	16575	8555	35432	114654	29664	38478	162168	96180	97297	93176	90992	332808	88368	46760	66750	103140	466048	79178	69972	46900	35139	177000	23199	68292	71645	104272	71205	91780	324885	201699	251160	29204	81782	32844	37240	88893	57992	84056	9246	15308	21593	56842	7399
440.00001592309553	0	0	0	0	0	2657830	0	558558	226928	234584	237970	1435282	56826	108446	445160	16830	8671	36206	117609	30192	39204	164256	96880	99234	94240	92565	335638	90384	48090	67284	105840	482944	81774	71196	48510	35722	181200	23976	70644	72980	107198	73124	94510	335625	208760	257715	29400	84164	33672	39592	94122	67218	92904	9782	16287	24167	61530	7693
445.0000067291371	0	0	0	0	0	2665777	0	560664	227344	235032	238500	1439949	57414	109822	450904	17238	8874	36808	119776	30528	39930	166808	99120	100724	95456	93775	344128	91616	49420	68797	108540	490688	84134	73236	49560	36729	185100	24457	71652	74760	110257	75144	96980	351735	218584	266685	29988	88134	35328	41160	102339	76444	97328	10988	17622	25454	66218	8232
450.00002403996564	0	0	0	0	0	2679022	0	561951	227708	235704	238924	1445334	57750	110424	455212	17544	8961	37066	121549	31056	40128	168432	101080	101618	97432	95711	353750	94080	50400	70310	110835	503360	87438	73950	50470	37630	190500	25271	73500	76629	112917	77770	100490	364623	225338	276000	31556	90516	36570	43120	110556	84352	103964	11993	18779	26312	69734	8771
455.00000388006987	0	0	0	0	0	2686969	0	563121	228124	236768	239825	1448565	58086	112058	460956	17748	9164	37668	122731	31632	40656	171216	103180	103853	99256	97042	359410	96096	51660	71734	113130	523072	89916	75378	51380	38213	194400	25678	75096	77786	114646	79992	103090	380196	229943	284625	32928	94486	37674	44884	114291	90942	108941	12730	19580	27313	77352	9310
460.0000000404162	0	0	0	0	0	2696682	0	564291	228696	237272	240408	1452873	58548	112660	464187	17952	9367	38270	123322	32160	41316	174928	105140	106684	100016	98857	366768	97664	52500	73247	114885	536448	92158	77112	52500	39326	199800	26159	76692	79566	117439	82719	106210	390399	238846	295320	34300	96868	38364	47040	120267	96214	115024	13199	20025	29172	82626	9849
465.00000402559476	0	0	0	0	0	2712576	0	565695	229008	237944	240885	1458976	59262	113434	471367	18360	9483	38700	127262	32640	42042	178176	105840	108621	101688	99704	374692	98448	53550	74760	117720	550528	94164	78438	53690	40439	205500	26677	78120	81079	120232	84537	108420	404898	244986	302910	35476	100838	40158	49000	127737	100168	117789	13936	21093	30316	86728	10633
470.0000040573944	0	0	0	0	0	2717874	0	566514	229736	238504	241362	1462566	59766	113864	477829	18564	9686	39474	129823	33072	42570	180032	107380	109515	102904	101035	384880	100128	54320	75917	119475	563904	95698	80988	54530	41181	208800	27232	80640	83126	123025	86456	110760	415638	251433	313605	36260	106396	42090	51156	133713	108076	121660	14874	21805	31603	92002	11221
475.00000219796567	0	0	0	0	0	2727587	0	567567	230048	239064	242157	1466156	60228	114638	483573	19023	9831	40162	131596	33696	42900	183048	108360	112197	106248	102245	392804	102144	55650	76807	121905	579392	97822	82110	56140	42453	213000	27750	82572	84817	126217	88274	113880	422619	257573	321195	36652	107984	42780	52920	139689	117302	126084	15678	22695	33176	100206	11711
480.0000026296299	0	0	0	0	0	2739949	0	568503	230516	239624	242899	1468310	60606	116014	487163	19227	9918	40592	132975	34080	43758	185368	110460	115028	108376	103576	401294	103936	56490	78498	123255	590656	100890	83844	57190	43195	217500	28379	85512	86152	130074	90092	116610	437118	266169	331545	37436	110366	44022	54488	145665	121256	132720	16080	24030	35035	105480	12103
485.0000001027554	0	0	0	0	0	2752311	0	569790	230984	240408	243641	1472259	61068	116702	490394	19329	10150	41108	135142	34560	44220	186760	111860	116816	110048	105149	406954	105504	57750	80367	125550	601920	102660	86190	59010	44255	222900	29008	87528	88199	133266	92314	118040	450543	268932	341550	38416	113542	44850	56448	150894	131800	136591	16616	25454	36608	112512	12887
490.00000119446577	0	0	0	0	0	2763790	0	571077	231296	241024	244012	1475131	61530	117648	493625	19737	10353	41624	136324	34800	44682	189080	112980	118157	110808	106722	413180	106288	58520	81702	127305	614592	105020	88332	60270	45421	228300	29600	88956	89534	136059	94637	120510	459135	275072	350520	39396	116718	45264	57820	156870	146298	140462	17688	26166	38610	115442	13377
495.0000035046201	0	0	0	0	0	2773503	0	572598	231868	241696	244383	1478362	61992	118594	499010	19839	10585	42570	138097	35136	45474	190704	114380	119647	113240	107811	419972	107632	59500	83482	128925	626560	107734	89352	61110	46322	232800	30118	90468	91314	138852	96455	122850	469338	283054	357420	40376	119100	46782	59584	165087	151570	144333	18224	27768	40040	120716	13965
500.0000024848108	0	0	0	0	0	2784099	0	573768	232336	242480	244860	1482311	62580	119368	504754	19992	10846	43086	140067	35664	46134	194184	115500	121435	114456	108900	429594	109536	60410	85885	130950	642752	109740	91188	62090	47223	238500	30784	92484	92916	142044	98071	125710	481689	291343	367770	40964	122276	48024	61544	173304	163432	148757	19095	28391	42185	127748	14455
505.0000120994665	0	0	0	0	0	2797344	0	575289	232856	243040	245443	1485542	62916	120486	508703	20247	10875	43516	141643	36192	46728	196040	117460	123223	115824	111078	436386	110768	61670	87487	133245	661760	111982	93024	63000	48124	243900	31191	93660	94963	144970	99485	128180	498336	297176	373980	42532	127040	48438	63504	180774	171340	152075	19832	29192	43615	132436	15092
510.0000022704792	0	0	0	0	0	2811472	0	576342	233168	243656	245814	1486978	63378	121862	512652	20757	11136	44290	144007	37056	47058	198592	118160	124713	117496	113014	443744	112784	62860	89623	136080	672320	113870	94758	63770	48919	249900	31709	95508	97366	147098	102010	130390	510687	302088	386400	43708	131804	48852	65660	189738	191110	158158	20167	30082	44902	134780	15484
515.0000028364428	0	0	0	0	0	2822951	0	577161	234052	243936	246291	1491645	63714	122378	516960	21318	11310	44892	146371	37440	47520	200216	120260	125905	119928	114587	449970	114576	63980	91047	138645	680064	115640	96594	64960	49714	253800	32264	96936	99057	150157	104232	133900	526260	306079	393990	44688	135774	50232	68012	197208	202972	162582	20904	30883	47190	140640	16072
520.000000030615	0	0	0	0	0	2832664	0	578214	234468	244272	246768	1497748	64008	123410	520191	21828	11542	45322	147947	37968	47982	202072	121800	128289	120992	116160	458460	116928	65100	92115	140670	692032	118472	98328	66570	50933	260400	33078	98952	100926	154014	106656	136760	538611	310991	403305	45080	139744	52578	69384	205425	212198	171430	21641	31150	48763	145328	16464
525.0000037583657	0	0	0	0	0	2841494	0	579501	234832	244608	247457	1500620	64512	124958	524499	22287	11716	45924	150114	38592	48444	203696	123340	129779	122968	117370	469780	119168	66430	94162	142425	704704	120478	100674	67830	51728	266700	33411	100968	102439	156674	108676	138710	548277	318052	411240	45668	143714	53130	70168	216630	220106	180278	22177	32307	50193	150602	16954
530.0000030242014	0	0	0	0	0	2851207	0	579618	235144	245168	247828	1503851	64932	125474	528807	22797	11977	46698	151493	38880	49170	206248	125020	130822	123728	118822	480534	120288	67480	95230	144045	722304	123546	102306	69090	52629	273300	33966	103152	104041	158802	111302	141960	558480	326034	421590	46452	149272	54234	71344	222606	228014	187467	22780	32930	51480	155876	17591
535.0000017168361	0	0	0	0	0	2862686	0	580437	235768	245280	248358	1508518	65436	126592	533474	23358	12209	47472	152872	38928	49764	208104	126140	133206	126160	120758	485062	122304	68390	96476	146475	734272	125080	104754	70280	53689	279300	34521	105084	105910	162127	113423	144560	571905	330639	428835	47432	151654	55476	72716	231570	239876	194656	23048	33553	52624	159392	18081
540.0000053823286	0	0	0	0	0	2868867	0	581256	236184	245728	248835	1512108	65856	127968	536346	23766	12412	48504	155039	39600	50226	211120	127540	135888	128136	122210	495816	124768	69510	98078	148095	747648	127676	106182	72100	54219	285600	34928	106764	107690	164521	115443	147290	581571	338621	435045	48608	156418	56304	74088	234558	262282	202951	23651	33909	54769	164666	18718
545.0000000464502	0	0	0	0	0	2879463	0	582075	236548	246176	249471	1516416	66276	128656	541731	24072	12615	49106	157403	40080	51018	213440	129080	137676	130264	122936	504872	126448	70630	100125	149850	761728	128974	108222	73430	55014	290400	35409	108444	109648	168245	118372	149500	596070	346296	444360	49392	158800	58236	75852	240534	270190	207928	24455	34799	56056	169940	19306
550.0000002591963	0	0	0	0	0	2887410	0	583362	237016	246624	250001	1520006	66696	129344	548911	24327	12818	49880	159767	40512	51678	218080	130200	138719	131328	125114	509966	127232	71890	101727	152010	770880	131098	110364	74270	55862	295200	36556	110208	111962	171570	120291	153140	608421	352743	454020	50176	159594	60168	76440	245763	278098	211799	25326	35778	57629	174628	19992
555.0000007455612	0	0	0	0	0	2894474	0	584064	237380	246904	250319	1522878	67074	130462	551783	24582	12934	50482	161737	41088	52272	220864	131880	140060	133000	126324	517324	129808	72870	103418	154035	783552	133458	111792	75040	56869	300000	37259	111972	113831	174097	122311	156000	624531	363795	461265	51352	163564	60996	77616	249498	297868	218988	25728	37113	58487	185762	20482
560.0000015867276	0	0	0	0	0	2902421	0	585351	238004	247296	250849	1526827	67410	131666	556809	24684	13021	51170	163313	41568	52866	223880	133980	141252	135128	127776	523550	131824	73640	105465	156195	801856	135818	113628	76650	57823	305100	37666	113988	114988	177156	124634	159380	634197	371163	467475	52136	169122	62100	78988	256221	308412	223965	26532	37914	59917	189278	21266
565.0000014123585	0	0	0	0	0	2908602	0	585702	238472	247632	251485	1530417	67872	132268	561835	24888	13282	52116	164692	41808	53856	227360	135520	142295	136800	129349	529776	133168	74060	107156	158355	813824	137942	115260	77630	58830	309300	38443	115836	117480	180481	125846	163540	642789	377917	476445	52724	172298	63618	80164	262944	315002	233919	27068	38804	61204	193380	21805
570.0000075391141	0	0	0	0	0	2916549	0	586638	238784	248080	251909	1532212	68502	133558	566861	25194	13340	52546	166268	42096	54516	230376	137620	143636	138168	130438	537134	135296	74900	107957	160515	829312	139358	116892	78820	59678	313800	39146	117600	119527	183806	128775	166270	655140	384057	485760	53508	173886	64446	82124	271908	330818	244426	27805	39694	62491	196310	22295
575.000010739479	0	0	0	0	0	2929794	0	587808	239200	248584	252333	1536879	68712	134332	574041	25347	13630	53320	169026	42720	55308	232232	138740	145722	139688	132737	546756	136528	75600	109470	163080	840576	140774	118728	80360	60420	318900	40108	118608	121307	187663	131805	169520	664269	389890	495420	53900	179444	65136	84672	281619	337408	248850	28408	40851	63492	199826	22981
580.0000009107956	0	0	0	0	0	2945688	0	588627	239408	249088	252810	1539751	69342	135622	580503	25806	13833	54352	169814	43056	55902	235016	141540	147808	141816	134431	554114	137648	77070	110627	164970	852544	142544	121176	81830	61692	324600	40626	120708	123443	189259	134229	171860	678231	394802	503700	54292	181826	66102	87612	286848	355860	254380	28877	42097	64350	205100	23618
585.0000003526462	0	0	0	0	0	2953635	0	589095	239980	249312	253234	1543700	69720	136396	584452	26112	14094	55126	171390	43248	56628	237800	143360	149298	142120	135641	559208	139776	78540	112674	167265	872960	145376	122910	83020	62911	329100	41181	122304	125401	192185	136350	174590	688434	402477	511635	56448	182620	67758	88396	296559	366404	257145	29212	43254	65923	211546	23961
590.0000050382758	0	0	0	0	0	2957167	0	590031	240344	249704	253870	1546931	70266	136740	588401	26520	14210	55556	172769	43728	57420	240816	144620	150639	143488	137335	563170	141232	79800	113564	169020	884928	147028	124746	84000	63918	335400	42106	124572	127804	195244	139077	178230	699174	410459	522675	58016	186590	68448	89964	303282	370358	263781	29681	44678	67496	219750	24843
595.0000014844858	0	0	0	0	0	2964231	0	590967	240968	250152	254559	1549444	70728	137772	592709	27030	14239	56330	174345	44160	58080	242904	145740	152129	145768	138182	571660	143248	80780	115077	172260	896192	148798	127194	85470	64713	340200	43068	126336	129317	198037	141198	181350	705618	420283	530610	58800	190560	69690	91336	314487	376948	270417	30083	45034	68926	223266	25480
600.0000068513821	0	0	0	0	0	2976593	0	591786	241696	250768	255513	1554111	71148	138804	597017	27540	14326	56846	176709	44448	58740	245224	147000	153470	148200	139997	580716	144480	82040	116056	174420	908864	150804	129132	86170	66038	347700	43845	127428	131453	199899	143117	183170	719580	427344	539235	60564	192942	71070	93884	324198	383538	278159	30686	46102	70213	227954	25921
