>time	Ribosome	coli Pol	coli Pol-P	coli Pol-2.0	coli Pol-P-2.0	gp1	gp1-3.5	gp0.3	gp0.4	gp0.5	gp0.6A	gp0.7	gp1.1	gp1.2	gp1.3	gp1.4	gp1.5	gp1.6	gp1.7	gp1.8	gp2.0	gp2.5	gp2.8	gp3.0	gp3.5	gp3.8	gp4A	gp4.2	gp4.3	gp4.5	gp4.7	gp5.0	gp5.3	gp5.5	gp5.7	gp5.9	gp6.0	gp6.3	gp6.5	gp6.7	gp7	gp7.3	gp7.7	gp8	gp9	gp10A	gp11	gp12	gp13	gp14	gp15	gp16	gp17	gp17.5	gp18	gp18.5	gp19	gp19.5	RNA: gp0.3	RNA: gp0.4	RNA: gp0.5	RNA: gp0.6A	RNA: gp0.7	RNA: gp1	RNA: gp1.1	RNA: gp1.2	RNA: gp1.3	RNA: gp1.4	RNA: gp1.5	RNA: gp1.6	RNA: gp1.7	RNA: gp1.8	RNA: gp2.0	RNA: gp2.5	RNA: gp2.8	RNA: gp3.0	RNA: gp3.5	RNA: gp3.8	RNA: gp4A	RNA: gp4.2	RNA: gp4.3	RNA: gp4.5	RNA: gp4.7	RNA: gp5.0	RNA: gp5.3	RNA: gp5.5	RNA: gp5.7	RNA: gp5.9	RNA: gp6.0	RNA: gp6.3	RNA: gp6.5	RNA: gp6.7	RNA: gp7	RNA: gp7.3	RNA: gp7.7	RNA: gp8	RNA: gp9	RNA: gp10A	RNA: gp11	RNA: gp12	RNA: gp13	RNA: gp14	RNA: gp15	RNA: gp16	RNA: gp17	RNA: gp17.5	RNA: gp18	RNA: gp18.5	RNA: gp19	RNA: gp19.5	NumColiPoly:	4	NumT7Poly	2	NumOfTimePoints:	121	NumOfProteins:	58	NumOfCoding	52
8.541279369229071E-4	2500	1800	0	0	0	0	0	0	0	0	0	0	0	0	0	0	0	0	0	0	0	0	0	0	0	0	0	0	0	0	0	0	0	0	0	0	0	0	0	0	0	0	0	0	0	0	0	0	0	0	0	0	0	0	0	0	0	0	0	0	0	0	0	0	0	0	0	0	0	0	0	0	0	0	0	0	0	0	0	0	0	0	0	0	0	0	0	0	0	0	0	0	0	0	0	0	0	0	0	0	0	0	0	0	0	0	0	0	0	0
5.001560289363732	2500	1800	0	0	0	0	0	0	0	0	0	0	0	0	0	0	0	0	0	0	0	0	0	0	0	0	0	0	0	0	0	0	0	0	0	0	0	0	0	0	0	0	0	0	0	0	0	0	0	0	0	0	0	0	0	0	0	0	0	0	0	0	0	0	0	0	0	0	0	0	0	0	0	0	0	0	0	0	0	0	0	0	0	0	0	0	0	0	0	0	0	0	0	0	0	0	0	0	0	0	0	0	0	0	0	0	0	0	0	0
10.010149019566473	2500	1795	0	0	0	0	0	0	0	0	0	0	0	0	0	0	0	0	0	0	0	0	0	0	0	0	0	0	0	0	0	0	0	0	0	0	0	0	0	0	0	0	0	0	0	0	0	0	0	0	0	0	0	0	0	0	0	0	0	0	0	0	0	0	0	0	0	0	0	0	0	0	0	0	0	0	0	0	0	0	0	0	0	0	0	0	0	0	0	0	0	0	0	0	0	0	0	0	0	0	0	0	0	0	0	0	0	0	0	0
15.010476685229287	2500	1789	0	0	0	0	0	0	0	0	0	0	0	0	0	0	0	0	0	0	0	0	0	0	0	0	0	0	0	0	0	0	0	0	0	0	0	0	0	0	0	0	0	0	0	0	0	0	0	0	0	0	0	0	0	0	0	0	0	0	0	0	0	0	0	0	0	0	0	0	0	0	0	0	0	0	0	0	0	0	0	0	0	0	0	0	0	0	0	0	0	0	0	0	0	0	0	0	0	0	0	0	0	0	0	0	0	0	0	0
20.00043352537724	2497	1783	0	0	0	0	0	0	0	0	0	0	0	0	0	0	0	0	0	0	0	0	0	0	0	0	0	0	0	0	0	0	0	0	0	0	0	0	0	0	0	0	0	0	0	0	0	0	0	0	0	0	0	0	0	0	0	0	0	0	0	0	0	0	0	0	0	0	0	0	0	0	0	0	0	0	0	0	0	0	0	0	0	0	0	0	0	0	0	0	0	0	0	0	0	0	0	0	0	0	0	0	0	0	0	0	0	0	0	0
25.000297189448855	2488	1778	0	0	0	0	0	0	0	0	0	0	0	0	0	0	0	0	0	0	0	0	0	0	0	0	0	0	0	0	0	0	0	0	0	0	0	0	0	0	0	0	0	0	0	0	0	0	0	0	0	0	0	0	0	0	0	0	1	0	0	0	0	0	0	0	0	0	0	0	0	0	0	0	0	0	0	0	0	0	0	0	0	0	0	0	0	0	0	0	0	0	0	0	0	0	0	0	0	0	0	0	0	0	0	0	0	0	0	0
30.000184431653334	2468	1767	0	0	0	0	0	3	0	0	0	0	0	0	0	0	0	0	0	0	0	0	0	0	0	0	0	0	0	0	0	0	0	0	0	0	0	0	0	0	0	0	0	0	0	0	0	0	0	0	0	0	0	0	0	0	0	0	4	2	0	0	0	0	0	0	0	0	0	0	0	0	0	0	0	0	0	0	0	0	0	0	0	0	0	0	0	0	0	0	0	0	0	0	0	0	0	0	0	0	0	0	0	0	0	0	0	0	0	0
35.00037115094432	2437	1761	0	0	0	0	0	11	5	2	0	0	0	0	0	0	0	0	0	0	0	0	0	0	0	0	0	0	0	0	0	0	0	0	0	0	0	0	0	0	0	0	0	0	0	0	0	0	0	0	0	0	0	0	0	0	0	0	10	4	3	0	0	0	0	0	0	0	0	0	0	0	0	0	0	0	0	0	0	0	0	0	0	0	0	0	0	0	0	0	0	0	0	0	0	0	0	0	0	0	0	0	0	0	0	0	0	0	0	0
40.00051693284688	2394	1746	0	0	0	0	0	25	16	5	4	0	0	0	0	0	0	0	0	0	0	0	0	0	0	0	0	0	0	0	0	0	0	0	0	0	0	0	0	0	0	0	0	0	0	0	0	0	0	0	0	0	0	0	0	0	0	0	18	7	4	4	0	0	0	0	0	0	0	0	0	0	0	0	0	0	0	0	0	0	0	0	0	0	0	0	0	0	0	0	0	0	0	0	0	0	0	0	0	0	0	0	0	0	0	0	0	0	0	0
45.000557799836336	2334	1736	0	0	0	0	0	51	31	15	14	0	0	0	0	0	0	0	0	0	0	0	0	0	0	0	0	0	0	0	0	0	0	0	0	0	0	0	0	0	0	0	0	0	0	0	0	0	0	0	0	0	0	0	0	0	0	0	26	17	9	9	0	0	0	0	0	0	0	0	0	0	0	0	0	0	0	0	0	0	0	0	0	0	0	0	0	0	0	0	0	0	0	0	0	0	0	0	0	0	0	0	0	0	0	0	0	0	0	0
50.00012726274854	2265	1729	0	0	0	0	0	82	59	27	32	0	0	0	0	0	0	0	0	0	0	0	0	0	0	0	0	0	0	0	0	0	0	0	0	0	0	0	0	0	0	0	0	0	0	0	0	0	0	0	0	0	0	0	0	0	0	0	38	24	15	17	0	0	0	0	0	0	0	0	0	0	0	0	0	0	0	0	0	0	0	0	0	0	0	0	0	0	0	0	0	0	0	0	0	0	0	0	0	0	0	0	0	0	0	0	0	0	0	0
55.0000936688332	2177	1721	0	0	0	0	0	120	90	48	57	0	0	0	0	0	0	0	0	0	0	0	0	0	0	0	0	0	0	0	0	0	0	0	0	0	0	0	0	0	0	0	0	0	0	0	0	0	0	0	0	0	0	0	0	0	0	0	45	33	22	22	0	0	0	0	0	0	0	0	0	0	0	0	0	0	0	0	0	0	0	0	0	0	0	0	0	0	0	0	0	0	0	0	0	0	0	0	0	0	0	0	0	0	0	0	0	0	0	0
60.00111841484898	2076	1711	0	0	0	0	0	172	132	85	96	0	0	0	0	0	0	0	0	0	0	0	0	0	0	0	0	0	0	0	0	0	0	0	0	0	0	0	0	0	0	0	0	0	0	0	0	0	0	0	0	0	0	0	0	0	0	0	50	41	37	39	0	0	0	0	0	0	0	0	0	0	0	0	0	0	0	0	0	0	0	0	0	0	0	0	0	0	0	0	0	0	0	0	0	0	0	0	0	0	0	0	0	0	0	0	0	0	0	0
65.00019703836736	1976	1697	0	0	0	0	0	224	186	136	154	0	0	0	0	0	0	0	0	0	0	0	0	0	0	0	0	0	0	0	0	0	0	0	0	0	0	0	0	0	0	0	0	0	0	0	0	0	0	0	0	0	0	0	0	0	0	0	56	47	44	50	1	0	0	0	0	0	0	0	0	0	0	0	0	0	0	0	0	0	0	0	0	0	0	0	0	0	0	0	0	0	0	0	0	0	0	0	0	0	0	0	0	0	0	0	0	0	0	0
70.0006195080491	1867	1690	5	0	0	0	0	291	249	183	221	0	0	0	0	0	0	0	0	0	0	0	0	0	0	0	0	0	0	0	0	0	0	0	0	0	0	0	0	0	0	0	0	0	0	0	0	0	0	0	0	0	0	0	0	0	0	0	66	55	45	57	17	0	0	0	0	0	0	0	0	0	0	0	0	0	0	0	0	0	0	0	0	0	0	0	0	0	0	0	0	0	0	0	0	0	0	0	0	0	0	0	0	0	0	0	0	0	0	0
75.00000042044911	1767	1670	14	0	0	0	0	366	333	243	298	0	0	0	0	0	0	0	0	0	0	0	0	0	0	0	0	0	0	0	0	0	0	0	0	0	0	0	0	0	0	0	0	0	0	0	0	0	0	0	0	0	0	0	0	0	0	0	67	62	55	62	37	0	0	0	0	0	0	0	0	0	0	0	0	0	0	0	0	0	0	0	0	0	0	0	0	0	0	0	0	0	0	0	0	0	0	0	0	0	0	0	0	0	0	0	0	0	0	0
80.00003365693026	1611	1643	35	0	0	0	0	438	401	303	388	0	0	0	0	0	0	0	0	0	0	0	0	0	0	0	0	0	0	0	0	0	0	0	0	0	0	0	0	0	0	0	0	0	0	0	0	0	0	0	0	0	0	0	0	0	0	0	77	67	59	71	52	0	0	0	0	0	0	0	0	0	0	0	0	0	0	0	0	0	0	0	0	0	0	0	0	0	0	0	0	0	0	0	0	0	0	0	0	0	0	0	0	0	0	0	0	0	0	0
85.00003944525591	1481	1607	60	0	0	0	0	539	493	369	511	0	0	0	0	0	0	0	0	0	0	0	0	0	0	0	0	0	0	0	0	0	0	0	0	0	0	0	0	0	0	0	0	0	0	0	0	0	0	0	0	0	0	0	0	0	0	0	87	73	66	77	64	0	0	0	0	0	0	0	0	0	0	0	0	0	0	0	0	0	0	0	0	0	0	0	0	0	0	0	0	0	0	0	0	0	0	0	0	0	0	0	0	0	0	0	0	0	0	0
90.00001187262271	1349	1559	99	0	0	0	0	640	578	442	652	0	0	0	0	0	0	0	0	0	0	0	0	0	0	0	0	0	0	0	0	0	0	0	0	0	0	0	0	0	0	0	0	0	0	0	0	0	0	0	0	0	0	0	0	0	0	0	91	84	72	83	70	0	0	0	0	0	0	0	0	0	0	0	0	0	0	0	0	0	0	0	0	0	0	0	0	0	0	0	0	0	0	0	0	0	0	0	0	0	0	0	0	0	0	0	0	0	0	0
95.00003845734447	1178	1500	148	0	0	0	0	733	673	532	800	0	0	0	0	0	0	0	0	0	0	0	0	0	0	0	0	0	0	0	0	0	0	0	0	0	0	0	0	0	0	0	0	0	0	0	0	0	0	0	0	0	0	0	0	0	0	0	98	87	81	94	79	0	0	0	0	0	0	0	0	0	0	0	0	0	0	0	0	0	0	0	0	0	0	0	0	0	0	0	0	0	0	0	0	0	0	0	0	0	0	0	0	0	0	0	0	0	0	0
100.00004347589376	1030	1422	215	0	0	0	0	852	780	612	987	0	0	0	0	0	0	0	0	0	0	0	0	0	0	0	0	0	0	0	0	0	0	0	0	0	0	0	0	0	0	0	0	0	0	0	0	0	0	0	0	0	0	0	0	0	0	0	107	98	85	102	82	0	0	0	0	0	0	0	0	0	0	0	0	0	0	0	0	0	0	0	0	0	0	0	0	0	0	0	0	0	0	0	0	0	0	0	0	0	0	0	0	0	0	0	0	0	0	0
105.0000841660643	820	1350	281	0	0	0	0	968	883	712	1175	0	0	0	0	0	0	0	0	0	0	0	0	0	0	0	0	0	0	0	0	0	0	0	0	0	0	0	0	0	0	0	0	0	0	0	0	0	0	0	0	0	0	0	0	0	0	0	119	105	97	110	94	0	0	0	0	0	0	0	0	0	0	0	0	0	0	0	0	0	0	0	0	0	0	0	0	0	0	0	0	0	0	0	0	0	0	0	0	0	0	0	0	0	0	0	0	0	0	0
110.00055085850798	601	1268	360	0	0	0	0	1085	998	820	1389	0	0	0	0	0	0	0	0	0	0	0	0	0	0	0	0	0	0	0	0	0	0	0	0	0	0	0	0	0	0	0	0	0	0	0	0	0	0	0	0	0	0	0	0	0	0	0	121	116	106	114	100	0	0	0	0	0	0	0	0	0	0	0	0	0	0	0	0	0	0	0	0	0	0	0	0	0	0	0	0	0	0	0	0	0	0	0	0	0	0	0	0	0	0	0	0	0	0	0
115.00005151490555	413	1193	427	0	0	0	0	1229	1146	933	1597	0	0	0	0	0	0	0	0	0	0	0	0	0	0	0	0	0	0	0	0	0	0	0	0	0	0	0	0	0	0	0	0	0	0	0	0	0	0	0	0	0	0	0	0	0	0	0	125	117	116	127	110	0	0	0	0	0	0	0	0	0	0	0	0	0	0	0	0	0	0	0	0	0	0	0	0	0	0	0	0	0	0	0	0	0	0	0	0	0	0	0	0	0	0	0	0	0	0	0
120.0000291597368	277	1087	524	0	0	0	0	1361	1291	1082	1859	0	0	0	0	0	0	0	0	0	0	0	0	0	0	0	0	0	0	0	0	0	0	0	0	0	0	0	0	0	0	0	0	0	0	0	0	0	0	0	0	0	0	0	0	0	0	0	127	123	120	135	115	0	0	0	0	0	0	0	0	0	0	0	0	0	0	0	0	0	0	0	0	0	0	0	0	0	0	0	0	0	0	0	0	0	0	0	0	0	0	0	0	0	0	0	0	0	0	0
125.0000691550605	109	989	611	0	0	0	0	1506	1421	1219	2086	0	0	0	0	0	0	0	0	0	0	0	0	0	0	0	0	0	0	0	0	0	0	0	0	0	0	0	0	0	0	0	0	0	0	0	0	0	0	0	0	0	0	0	0	0	0	0	129	128	127	145	124	0	0	0	0	0	0	0	0	0	0	0	0	0	0	0	0	0	0	0	0	0	0	0	0	0	0	0	0	0	0	0	0	0	0	0	0	0	0	0	0	0	0	0	0	0	0	0
130.0000012822194	37	874	716	0	0	5	0	1648	1553	1342	2362	2	0	0	0	0	0	0	0	0	0	0	0	0	0	0	0	0	0	0	0	0	0	0	0	0	0	0	0	0	0	0	0	0	0	0	0	0	0	0	0	0	0	0	0	0	0	0	139	129	127	154	135	34	0	0	0	0	0	0	0	0	0	0	0	0	0	0	0	0	0	0	0	0	0	0	0	0	0	0	0	0	0	0	0	0	0	0	0	0	0	0	0	0	0	0	0	0	0	0
135.00001414498993	27	757	829	0	0	10	0	1784	1685	1481	2626	0	0	0	0	0	0	0	0	0	0	0	0	0	0	0	0	0	0	0	0	0	0	0	0	0	0	0	0	0	0	0	0	0	0	0	0	0	0	0	0	0	0	0	0	0	0	0	145	136	128	159	143	72	1	0	0	0	0	0	0	0	0	0	0	0	0	0	0	0	0	0	0	0	0	0	0	0	0	0	0	0	0	0	0	0	0	0	0	0	0	0	0	0	0	0	0	0	0	0
140.00003046808027	16	634	943	0	0	16	0	1927	1798	1583	2891	0	2	0	0	0	0	0	0	0	0	0	0	0	0	0	0	0	0	0	0	0	0	0	0	0	0	0	0	0	0	0	0	0	0	0	0	0	0	0	0	0	0	0	0	0	0	0	146	144	136	163	150	105	10	3	0	0	0	0	0	0	0	0	0	0	0	0	0	0	0	0	0	0	0	0	0	0	0	0	0	0	0	0	0	0	0	0	0	0	0	0	0	0	0	0	0	0	0	0
145.00000367633686	19	493	1080	0	0	49	0	2052	1906	1681	3146	1	14	3	0	0	0	0	0	0	0	0	0	0	0	0	0	0	0	0	0	0	0	0	0	0	0	0	0	0	0	0	0	0	0	0	0	0	0	0	0	0	0	0	0	0	0	0	158	148	142	171	154	119	19	8	0	0	0	0	0	0	0	0	0	0	0	0	0	0	0	0	0	0	0	0	0	0	0	0	0	0	0	0	0	0	0	0	0	0	0	0	0	0	0	0	0	0	0	0
150.00001893046596	17	346	1223	0	0	90	0	2156	2006	1781	3395	2	30	10	0	0	0	0	0	0	0	0	0	0	0	0	0	0	0	0	0	0	0	0	0	0	0	0	0	0	0	0	0	0	0	0	0	0	0	0	0	0	0	0	0	0	0	0	162	155	143	173	161	133	25	15	0	0	0	0	0	0	0	0	0	0	0	0	0	0	0	0	0	0	0	0	0	0	0	0	0	0	0	0	0	0	0	0	0	0	0	0	0	0	0	0	0	0	0	0
155.00009987108942	10	210	1359	0	0	131	0	2275	2116	1870	3632	0	50	24	0	0	0	0	0	0	0	0	0	0	0	0	0	0	0	0	0	0	0	0	0	0	0	0	0	0	0	0	0	0	0	0	0	0	0	0	0	0	0	0	0	0	0	0	167	161	152	175	168	142	42	23	0	0	0	0	0	0	0	0	0	0	0	0	0	0	0	0	0	0	0	0	0	0	0	0	0	0	0	0	0	0	0	0	0	0	0	0	0	0	0	0	0	0	0	0
160.00000812925737	14	95	1462	0	0	208	0	2384	2215	1955	3862	3	75	40	0	0	0	0	0	0	0	0	0	0	0	0	0	0	0	0	0	0	0	0	0	0	0	0	0	0	0	0	0	0	0	0	0	0	0	0	0	0	0	0	0	0	0	0	173	169	158	184	170	149	56	38	0	0	0	0	0	0	0	0	0	0	0	0	0	0	0	0	0	0	0	0	0	0	0	0	0	0	0	0	0	0	0	0	0	0	0	0	0	0	0	0	0	0	0	0
165.00003974268313	10	1	1553	0	0	291	0	2478	2315	2051	4054	29	107	69	0	0	0	0	0	0	0	0	0	0	0	0	0	0	0	0	0	0	0	0	0	0	0	0	0	0	0	0	0	0	0	0	0	0	0	0	0	0	0	0	0	0	0	0	185	178	164	189	174	162	77	58	6	1	0	0	0	0	0	0	0	0	0	0	0	0	0	0	0	0	0	0	0	0	0	0	0	0	0	0	0	0	0	0	0	0	0	0	0	0	0	0	0	0	0	0
170.00001655782776	9	0	1553	0	0	359	0	2576	2400	2134	4169	137	143	103	1	0	0	0	0	0	0	0	0	0	0	0	0	0	0	0	0	0	0	0	0	0	0	0	0	0	0	0	0	0	0	0	0	0	0	0	0	0	0	0	0	0	0	0	191	187	177	200	177	169	87	75	20	1	1	1	1	1	0	0	0	0	0	0	0	0	0	0	0	0	0	0	0	0	0	0	0	0	0	0	0	0	0	0	0	0	0	0	0	0	0	0	0	0	0	0
175.0000141387371	5	0	1547	0	0	428	0	2678	2496	2210	4260	248	185	145	8	1	0	0	0	0	0	0	0	0	0	0	0	0	0	0	0	0	0	0	0	0	0	0	0	0	0	0	0	0	0	0	0	0	0	0	0	0	0	0	0	0	0	0	197	193	186	213	183	174	101	84	41	6	4	6	2	1	1	0	0	0	0	0	0	0	0	0	0	0	0	0	0	0	0	0	0	0	0	0	0	0	0	0	0	0	0	0	0	0	0	0	0	0	0	0
180.00011393649197	6	0	1552	0	0	524	0	2770	2575	2288	4363	343	222	176	16	4	2	2	0	1	0	0	0	0	0	0	0	0	0	0	0	0	0	0	0	0	0	0	0	0	0	0	0	0	0	0	0	0	0	0	0	0	0	0	0	0	0	0	201	201	192	222	183	178	113	101	66	11	5	7	7	7	6	4	2	2	1	0	0	0	0	0	0	0	0	0	0	0	0	0	0	0	0	0	0	0	0	0	0	0	0	0	0	0	0	0	0	0	0	0
185.00002627867107	7	0	1549	0	1	603	0	2863	2657	2358	4442	429	274	224	27	7	4	3	0	7	0	0	0	0	0	0	0	0	0	0	0	0	0	0	0	0	0	0	0	0	0	0	0	0	0	0	0	0	0	0	0	0	0	0	0	0	0	0	208	202	201	231	185	183	119	110	75	13	7	10	17	15	13	10	6	4	3	3	0	0	0	0	0	0	0	0	0	0	0	0	0	0	0	0	0	0	0	0	0	0	0	0	0	0	0	0	0	0	0	0
190.00000064550116	4	0	1558	0	4	673	0	2957	2736	2450	4550	512	321	264	53	11	6	6	0	15	0	0	0	0	0	0	0	0	0	0	0	0	0	0	0	0	0	0	0	0	0	0	0	0	0	0	0	0	0	0	0	0	0	0	0	0	0	0	211	208	202	237	193	189	122	117	93	19	13	22	27	23	19	23	21	11	7	8	1	1	1	0	0	0	0	0	0	0	0	0	0	0	0	0	0	0	0	0	0	0	0	0	0	0	0	0	0	0	0	0
195.00000061384665	2	0	1560	0	8	734	1	3032	2827	2517	4660	584	365	306	78	17	12	13	4	23	0	3	3	1	0	0	0	0	0	0	0	0	0	0	0	0	0	0	0	0	0	0	0	0	0	0	0	0	0	0	0	0	0	0	0	0	0	0	214	211	208	241	198	192	133	122	112	26	24	33	41	41	38	34	32	28	20	9	4	4	1	3	1	0	0	0	0	0	0	0	0	0	0	0	0	0	0	0	0	0	0	0	0	0	0	0	0	0	0	0
200.00000817166747	2	0	1561	0	15	782	0	3109	2899	2578	4744	668	405	338	116	21	17	20	8	38	0	4	13	6	2	4	0	0	1	0	0	0	0	0	0	0	0	0	0	0	0	0	0	0	0	0	0	0	0	0	0	0	0	0	0	0	0	0	214	213	212	249	208	197	146	129	123	30	25	47	60	59	43	53	53	42	34	35	9	14	10	15	6	0	0	0	0	0	0	0	0	0	0	0	0	0	0	0	0	0	0	0	0	0	0	0	0	0	0	0
205.00002830790834	3	0	1551	0	24	850	7	3167	2962	2643	4808	753	445	376	161	26	25	31	20	55	1	12	17	14	1	6	0	1	2	0	0	0	0	0	0	0	0	0	0	0	0	0	0	0	0	0	0	0	0	0	0	0	0	0	0	0	0	0	227	216	216	252	225	202	160	146	135	34	31	48	76	76	72	62	55	58	55	58	14	21	17	21	21	2	1	0	0	0	0	0	0	0	0	0	0	0	0	0	0	0	0	0	0	0	0	0	0	0	0	0
210.00000201674126	4	0	1536	0	42	890	15	3224	3019	2692	4886	820	480	432	205	33	33	49	35	73	1	23	25	21	0	15	0	5	6	6	2	0	0	0	0	0	0	0	0	0	0	0	0	0	0	0	0	0	0	0	0	0	0	0	0	0	0	0	234	226	220	255	233	206	173	159	140	46	38	54	84	84	78	93	84	70	58	72	27	28	22	33	27	12	4	4	4	3	0	0	0	0	0	0	0	0	0	0	0	0	0	0	0	0	0	0	0	0	0	0
215.0000091719126	4	0	1513	0	68	947	17	3293	3065	2745	4955	900	523	467	248	43	41	61	53	91	0	42	40	33	3	23	0	10	10	11	4	0	0	0	0	0	0	0	0	0	0	0	0	0	0	0	0	0	0	0	0	0	0	0	0	0	0	0	244	234	229	260	237	213	183	172	152	51	44	70	96	95	85	101	98	97	92	94	59	68	52	42	34	31	22	20	21	12	4	4	5	3	0	0	0	0	0	0	0	0	0	0	0	0	0	0	0	0	0	0
220.0000083131813	3	0	1487	0	93	970	34	3350	3121	2787	5011	972	562	503	299	59	49	74	70	114	0	61	54	46	2	44	0	23	14	18	11	0	3	1	1	0	0	0	0	0	0	0	0	0	0	0	0	0	0	0	0	0	0	0	0	0	0	0	247	243	238	271	244	220	201	183	165	56	49	79	111	108	105	116	110	109	99	109	76	99	97	102	76	41	37	31	31	30	22	21	18	14	8	5	4	0	0	0	0	0	0	0	0	0	0	0	0	0	0	0
225.0000101862247	0	0	1469	0	112	1004	52	3400	3159	2829	5062	1033	607	536	338	71	60	88	97	135	4	78	76	61	0	61	0	36	24	28	18	0	8	9	7	2	0	1	2	0	0	1	0	0	0	0	0	0	0	0	0	0	0	0	0	0	0	0	248	248	244	286	247	228	213	200	172	66	63	87	119	118	116	133	133	123	111	134	98	118	107	124	117	55	48	43	43	42	31	31	44	41	34	19	14	0	0	0	0	0	0	0	0	0	0	0	0	0	0	0
230.0000025608161	0	0	1446	0	130	1036	56	3446	3207	2867	5119	1108	646	573	377	83	75	97	112	153	2	103	93	83	5	78	2	55	38	45	26	0	11	14	14	5	0	2	4	4	1	1	0	0	0	0	0	0	0	0	0	0	0	0	0	0	0	0	254	249	248	289	254	233	230	211	177	66	64	98	143	141	125	150	143	133	134	143	102	124	120	150	144	94	67	55	53	53	43	42	73	66	54	50	39	7	0	0	0	0	0	0	0	0	0	0	0	0	0	0
235.00000095010444	2	0	1434	0	149	1040	71	3482	3243	2899	5170	1159	670	618	417	93	81	113	134	167	0	132	110	106	2	96	4	75	56	66	41	0	21	22	22	11	1	8	11	8	5	4	1	0	0	0	0	0	0	0	0	0	0	0	0	0	0	0	264	255	250	293	254	235	235	228	192	70	66	105	147	145	131	156	155	152	147	168	116	140	125	152	152	139	132	121	107	95	54	53	97	89	81	77	68	26	4	0	0	0	0	0	0	0	0	0	0	0	0	0
240.0000068589225	0	0	1422	0	168	1043	85	3514	3268	2924	5222	1208	708	651	453	100	87	121	151	178	4	155	127	122	5	116	9	92	67	95	64	0	32	24	30	16	3	15	27	16	14	9	10	0	0	0	0	0	0	0	0	0	0	0	0	0	0	0	278	272	255	298	259	237	242	236	208	80	70	108	157	157	141	171	164	164	157	189	153	193	186	205	168	170	151	147	143	141	93	80	132	121	111	99	89	57	35	2	0	0	0	0	0	0	0	0	0	0	0	0
245.00000846869798	0	0	1409	0	189	1057	106	3545	3302	2955	5262	1256	731	678	494	113	95	129	174	193	1	172	152	137	4	129	23	107	82	117	86	0	43	42	41	31	8	25	38	25	23	17	16	0	0	0	0	0	0	0	0	0	0	0	0	0	0	0	282	280	272	307	266	237	251	241	221	82	75	115	171	168	161	192	178	175	167	191	168	208	203	241	228	177	176	175	175	171	118	110	165	158	148	136	122	77	81	32	1	0	0	0	0	0	0	0	0	0	0	0
250.0000117252717	1	0	1395	0	204	1114	120	3579	3334	2988	5294	1304	759	699	528	116	101	137	191	206	1	190	168	161	5	153	36	123	103	135	104	0	63	63	55	42	12	35	60	42	32	29	22	0	0	0	0	0	0	0	0	0	0	0	0	0	0	0	284	284	280	323	274	244	260	255	233	88	83	130	188	185	169	205	204	196	186	214	183	228	222	250	241	198	181	177	177	177	131	124	184	184	178	169	159	97	119	100	8	0	0	0	0	0	0	0	0	0	0	0
255.00000022247255	2	0	1383	0	219	1166	131	3607	3365	3008	5334	1338	786	726	565	124	107	150	214	222	0	212	191	180	9	177	52	140	118	159	123	3	74	77	71	65	21	44	74	54	51	45	32	0	1	0	0	0	0	0	0	0	0	0	0	0	0	0	289	284	284	331	283	249	271	260	248	94	85	132	194	195	182	219	211	206	205	231	196	239	231	270	264	258	244	226	216	203	173	170	231	218	200	193	183	113	137	143	15	1	0	0	0	0	0	0	0	0	0	0
260.0000050701696	3	0	1370	0	236	1174	153	3632	3387	3037	5368	1369	810	745	602	129	110	167	228	232	4	228	209	205	5	192	75	160	141	177	145	11	88	90	88	79	37	56	93	67	67	66	47	1	5	0	1	0	0	0	0	0	0	0	0	0	0	0	301	289	285	339	285	257	282	270	263	97	88	138	205	203	198	237	229	226	209	251	216	259	255	299	286	275	272	268	264	260	215	206	282	269	249	234	216	132	165	164	25	6	1	0	0	0	0	0	0	0	0	0
265.00000818880045	0	0	1367	0	251	1173	157	3662	3402	3066	5402	1392	835	765	634	137	115	173	246	242	4	247	227	224	9	210	96	178	173	201	164	19	107	109	102	102	47	62	110	82	81	76	59	2	9	1	1	0	0	0	0	0	0	0	0	0	0	0	312	307	292	340	294	260	294	281	281	104	100	149	211	208	204	258	255	246	231	267	228	273	264	310	303	302	290	284	276	275	261	261	339	322	300	289	270	145	181	201	27	13	20	11	0	0	0	0	0	0	0	0
270.00000226529255	1	0	1331	0	276	1156	164	3694	3421	3090	5432	1416	850	784	657	141	126	188	261	249	2	273	240	237	3	229	108	209	195	226	185	33	126	123	118	118	66	71	124	105	97	95	77	10	21	7	2	0	0	0	0	0	0	0	0	0	0	0	317	314	308	350	301	265	320	291	293	106	100	154	227	227	210	268	266	263	255	290	234	283	278	329	320	325	315	304	302	301	279	277	382	373	360	346	321	175	201	218	34	23	40	26	1	0	0	0	0	0	0	0
275.0000054476977	0	0	1331	0	283	1184	167	3713	3434	3112	5453	1433	874	800	687	145	130	203	274	268	4	283	262	255	5	248	131	232	210	239	216	47	152	139	139	144	77	88	147	126	117	112	93	20	36	15	3	0	1	1	0	0	0	0	0	0	0	0	327	317	310	363	312	273	331	308	303	114	102	155	231	229	227	281	269	267	266	315	240	290	284	337	331	344	341	339	332	326	301	302	415	404	391	385	374	257	214	253	38	23	47	46	11	0	0	0	0	0	0	0
280.00001789171455	2	0	1315	0	300	1187	185	3735	3451	3129	5477	1452	893	822	706	157	136	214	282	284	3	299	277	271	7	265	155	249	236	263	239	64	170	165	153	170	93	105	177	151	134	130	114	29	49	28	5	0	2	2	0	0	0	0	0	0	0	0	343	334	316	366	326	275	337	324	317	119	112	167	234	234	233	296	294	288	271	328	252	304	294	339	337	369	358	353	351	348	312	306	426	424	423	418	404	332	263	274	42	24	48	48	28	0	0	0	0	0	0	0
285.0000026362434	0	0	1309	0	304	1210	199	3751	3468	3147	5492	1477	907	841	729	167	145	220	297	298	9	321	293	286	9	283	168	262	252	286	267	85	191	188	170	195	114	119	198	174	153	155	132	49	69	49	6	0	3	4	0	0	0	0	0	0	0	0	344	344	336	376	337	278	341	334	322	129	122	183	260	259	242	305	304	301	295	352	274	326	315	354	348	387	379	377	376	373	321	313	438	435	429	426	424	358	322	325	50	32	49	48	46	0	0	0	0	0	0	0
290.00000200930333	0	0	1284	0	328	1229	206	3767	3491	3169	5532	1479	932	860	755	173	152	229	315	317	4	338	310	297	8	308	187	283	270	305	278	107	206	205	184	218	132	137	226	192	179	179	153	61	78	64	8	0	5	5	0	0	0	0	0	0	0	0	347	344	344	395	341	289	349	341	335	131	130	195	280	275	262	324	314	310	304	369	303	360	331	357	349	398	395	389	388	387	351	340	455	448	443	440	435	368	364	386	62	42	78	64	48	2	0	0	0	0	0	0
295.0000028957861	2	0	1269	0	342	1265	209	3786	3502	3191	5554	1496	963	873	778	182	160	233	331	331	5	350	326	307	12	323	208	300	290	327	302	134	225	218	204	237	146	159	250	213	211	195	181	73	90	75	9	0	6	7	0	0	0	0	0	0	0	0	353	347	345	399	343	297	374	348	354	139	130	196	288	288	285	346	340	329	316	380	359	423	408	452	413	412	406	401	399	399	382	379	495	487	469	457	448	370	384	434	74	50	83	82	48	10	1	0	0	0	0	0
300.0000018287426	0	0	1261	0	357	1259	220	3807	3517	3207	5578	1512	976	889	797	190	173	241	354	341	4	367	343	321	10	342	232	315	306	344	322	157	249	239	230	260	166	174	275	241	244	216	200	90	103	94	12	0	9	9	0	0	0	0	0	0	0	0	361	357	347	403	355	304	395	365	362	145	138	197	288	288	287	368	364	350	341	393	362	428	422	480	469	418	416	414	414	413	400	394	525	524	511	498	484	394	393	462	85	56	91	91	61	17	3	3	2	2	0	0
305.00000052840375	0	0	1239	0	372	1221	237	3826	3535	3216	5591	1531	992	903	825	197	175	250	369	361	7	380	357	340	6	362	249	335	325	368	339	181	270	259	252	281	186	195	290	262	259	234	228	109	127	111	15	0	13	10	0	0	0	0	0	0	0	0	374	366	357	406	367	313	409	391	384	148	143	218	308	302	290	371	370	369	357	425	383	464	448	494	475	481	445	423	418	418	414	414	562	547	532	525	524	409	394	472	89	72	111	91	83	17	15	10	5	3	0	0
310.0000085873207	0	0	1228	0	385	1187	247	3838	3547	3237	5621	1542	1011	920	841	202	184	264	378	383	5	395	377	353	5	382	262	350	347	391	362	205	288	275	279	313	198	222	305	282	288	267	259	128	148	132	17	0	17	16	0	0	0	0	0	0	0	0	378	374	367	418	372	318	417	409	404	150	144	222	319	317	305	381	375	375	360	436	395	473	468	529	513	535	517	502	495	481	419	418	581	575	572	564	548	449	431	472	90	80	134	127	90	24	16	16	15	15	2	4
315.00000354146044	2	0	1215	0	398	1200	240	3852	3568	3253	5643	1561	1027	937	871	212	192	277	385	397	2	410	392	364	10	390	280	368	373	424	380	236	303	292	297	341	219	243	320	302	314	295	283	156	174	148	21	0	24	19	0	0	0	0	0	1	0	0	382	378	374	433	379	326	423	415	419	173	161	226	324	324	311	394	391	389	372	438	397	474	469	543	542	550	548	547	539	532	455	438	598	587	585	582	575	494	506	502	91	80	144	139	91	32	17	17	17	16	5	8
320.0000014487952	0	0	1198	0	414	1213	252	3869	3585	3271	5660	1572	1045	956	886	218	199	283	401	413	3	424	402	378	11	407	302	394	394	448	400	267	331	312	325	365	234	262	346	327	335	322	309	180	193	167	25	3	28	19	1	0	0	1	0	2	0	0	385	382	379	437	392	332	433	423	423	173	164	243	336	326	314	408	401	400	393	474	412	488	472	543	543	591	573	562	556	553	502	486	630	616	602	598	589	540	553	586	104	82	147	145	128	43	35	32	24	17	15	30
325.00000241486583	1	0	1182	0	423	1227	262	3891	3601	3286	5670	1596	1060	974	906	226	207	292	413	426	4	448	418	388	10	418	322	415	419	471	419	289	356	334	341	386	249	284	366	348	359	346	331	205	215	184	30	3	33	24	2	0	0	2	0	2	0	2	391	390	382	445	401	342	444	433	426	173	164	243	348	341	331	409	409	408	404	477	418	495	490	567	546	619	610	600	597	589	547	535	692	682	651	630	615	552	594	632	120	83	152	151	138	83	51	44	43	36	17	44
330.00000045280603	0	0	1177	0	435	1228	266	3898	3615	3296	5688	1614	1076	988	922	237	210	301	432	435	3	466	428	411	12	440	340	433	440	490	449	306	379	353	361	401	264	303	395	379	385	362	350	225	236	206	32	4	41	33	5	0	0	3	0	4	0	3	392	392	389	447	404	347	454	435	440	175	164	245	349	349	349	442	424	411	409	497	441	526	523	593	571	622	622	622	619	619	564	555	731	727	709	697	676	554	602	683	126	100	164	157	145	93	74	60	59	54	21	48
335.0000006482496	0	0	1173	0	444	1202	279	3915	3624	3312	5700	1629	1092	1010	932	242	220	310	449	446	8	480	442	425	12	460	361	453	457	515	464	328	401	376	385	423	283	319	417	408	408	382	374	246	264	230	37	9	47	39	9	0	0	6	3	8	0	3	404	394	392	456	410	351	458	444	451	189	187	268	354	354	353	453	452	449	424	500	447	530	523	597	588	632	628	627	626	622	615	608	771	751	736	731	723	590	653	706	137	117	206	182	151	101	125	114	104	76	41	74
340.0000072186117	0	0	1152	0	462	1223	284	3933	3634	3324	5710	1641	1113	1026	954	243	230	313	458	454	7	493	459	437	11	481	373	479	484	526	480	353	412	398	403	442	301	334	439	419	434	398	401	266	289	246	40	16	55	48	15	0	0	8	6	11	0	3	407	407	396	457	420	367	470	457	463	194	190	278	385	375	358	461	457	457	452	542	457	540	528	610	607	663	657	648	639	636	627	625	822	808	790	776	747	651	702	753	140	118	211	211	158	104	134	133	131	125	58	98
345.00000368779445	0	0	1129	0	481	1246	306	3942	3648	3340	5719	1658	1124	1046	972	248	234	323	466	472	4	504	480	459	8	498	389	497	507	545	503	375	423	413	426	459	321	354	471	447	453	415	427	287	309	270	43	16	64	53	20	0	0	12	9	15	0	8	407	407	406	469	428	383	484	468	473	199	190	279	397	396	382	471	461	461	458	551	489	579	573	648	625	678	676	674	668	664	642	634	830	823	823	823	807	694	769	812	148	119	217	213	182	121	148	146	142	134	83	112
350.0000047619418	0	0	1113	0	494	1269	305	3954	3656	3344	5727	1670	1135	1057	983	255	241	333	477	481	1	519	493	476	13	509	405	513	522	563	525	396	444	430	451	473	338	378	499	477	472	436	444	309	341	297	49	20	76	59	23	0	3	13	13	18	0	13	423	412	407	476	439	397	502	483	480	209	198	287	399	399	391	493	487	481	466	558	497	583	577	666	660	699	694	686	680	677	651	639	842	841	836	830	822	762	820	883	165	120	217	217	212	121	154	151	150	149	84	112
355.00000389707617	0	0	1107	0	497	1310	318	3966	3672	3358	5737	1684	1154	1064	1004	257	249	345	489	487	7	534	509	493	15	527	419	533	537	590	551	417	465	448	472	485	364	399	520	503	503	454	470	333	370	322	53	25	79	72	26	0	3	17	14	22	1	15	430	422	411	476	447	398	529	493	486	209	198	287	408	408	408	510	496	494	474	569	542	632	618	694	668	721	707	704	702	702	662	655	860	858	844	842	842	815	883	949	172	126	223	220	214	122	175	173	170	155	123	145
360.00000290039435	0	0	1085	0	511	1345	322	3980	3691	3370	5750	1706	1168	1081	1019	261	254	352	499	498	6	547	519	505	15	549	433	548	557	604	574	439	479	470	495	499	386	417	539	520	526	480	494	352	388	351	58	31	85	80	30	0	9	20	19	26	2	21	432	427	414	483	450	406	546	521	491	209	198	287	409	409	409	522	522	510	476	572	547	638	631	723	719	756	749	733	728	721	702	696	891	878	861	860	856	829	892	1014	180	136	239	235	217	123	182	179	178	174	128	155
365.0000112867258	0	0	1082	0	515	1328	327	3988	3698	3382	5762	1722	1190	1100	1034	265	258	362	509	509	9	562	532	517	17	564	449	575	570	625	588	457	499	488	511	512	407	436	563	538	545	506	517	376	406	376	64	38	89	85	37	0	9	24	22	31	4	24	435	433	428	490	456	414	556	538	511	222	201	287	414	413	412	526	525	524	500	589	552	643	639	733	732	769	763	762	760	758	710	704	925	919	909	896	876	841	967	1032	196	157	254	246	220	142	184	184	183	182	165	185
370.00000027560617	1	0	1074	0	523	1392	347	3999	3714	3396	5782	1729	1204	1114	1052	270	260	377	522	518	9	580	545	532	10	588	464	599	587	651	602	475	525	505	535	533	431	446	587	555	568	524	535	391	433	398	71	41	98	98	43	0	12	29	24	33	6	30	447	438	433	502	458	416	566	549	515	222	201	287	414	414	414	533	526	526	526	614	557	655	649	741	735	817	802	786	777	771	713	707	925	924	925	925	921	862	1001	1106	200	180	291	272	233	148	193	188	186	184	177	236
375.0000080752725	0	0	1059	0	542	1410	344	4012	3724	3406	5794	1745	1216	1126	1065	273	265	379	527	534	5	594	554	545	18	606	474	614	600	667	623	503	543	527	551	554	445	462	620	577	588	547	557	409	457	424	72	47	101	105	47	1	16	34	29	37	7	37	448	447	440	506	466	427	568	551	533	237	226	316	419	416	414	542	537	536	528	636	582	684	671	760	749	841	834	831	825	820	738	725	934	932	931	928	925	896	1027	1159	216	182	299	295	244	171	216	212	209	194	183	240
380.00000229754664	0	0	1040	0	552	1411	357	4018	3738	3417	5805	1755	1223	1139	1084	276	273	388	538	543	4	610	563	561	14	619	489	629	610	683	638	524	565	546	573	574	469	480	646	600	612	576	585	431	475	456	73	56	108	110	55	3	19	40	33	39	11	41	452	448	447	516	468	435	577	552	534	244	232	316	444	440	418	545	545	544	539	646	608	704	692	790	786	847	846	844	844	844	785	776	982	969	950	940	932	925	1060	1193	229	184	299	299	270	179	227	225	221	216	186	261
385.00000151682343	1	0	1033	0	562	1401	371	4030	3746	3427	5820	1767	1233	1156	1096	284	276	395	544	548	5	621	575	568	13	640	504	640	625	698	658	548	582	562	590	589	489	501	667	627	635	604	608	467	504	488	77	60	119	119	57	4	25	47	35	44	16	49	464	454	448	522	477	444	585	559	546	247	233	324	451	446	434	553	546	546	545	654	618	725	721	829	811	864	852	848	848	848	792	785	1016	1016	1002	985	967	929	1097	1230	236	192	303	301	297	215	259	251	241	229	197	273
390.0000035086117	0	0	1043	0	558	1421	385	4038	3755	3439	5830	1775	1245	1168	1111	291	279	401	559	554	11	637	588	579	15	656	523	660	636	716	677	566	595	578	614	619	502	523	697	658	655	629	628	486	533	512	81	65	124	124	60	4	32	53	40	48	21	51	476	463	452	525	483	454	588	569	568	252	242	339	467	460	455	565	565	561	547	660	645	754	747	848	831	901	888	876	869	866	819	812	1032	1020	1015	1015	1015	934	1101	1267	242	213	318	313	299	221	274	264	261	258	221	314
395.0000036424237	0	0	1028	0	573	1395	398	4048	3764	3444	5846	1788	1253	1182	1121	296	284	407	570	564	8	645	603	596	11	671	540	671	657	735	699	575	613	599	635	641	523	548	715	681	679	656	648	511	553	546	88	68	132	130	67	6	35	57	46	54	24	56	479	473	459	530	491	454	598	569	583	255	242	339	472	472	471	591	583	567	565	670	649	762	757	868	863	930	917	910	906	901	865	858	1089	1073	1049	1034	1017	944	1101	1269	250	237	351	330	301	240	316	310	297	274	236	324
400.0000106251817	0	0	1011	0	581	1379	400	4057	3777	3457	5867	1798	1264	1192	1131	305	288	418	579	579	8	658	616	613	19	686	558	683	673	749	717	603	624	614	653	658	545	569	737	705	701	677	664	536	576	578	92	69	138	138	78	8	37	65	54	61	26	64	485	480	472	540	504	459	605	582	593	278	269	357	477	474	472	605	601	592	586	691	652	769	764	879	871	955	949	949	941	933	907	903	1131	1121	1103	1090	1068	987	1122	1269	250	241	396	380	313	280	321	316	316	316	260	353
405.0000013772451	0	0	989	0	597	1350	415	4067	3786	3468	5874	1810	1280	1206	1145	312	293	426	589	587	9	664	629	626	13	700	576	705	695	770	732	624	642	634	666	679	573	590	762	722	713	704	683	564	599	611	97	75	146	148	81	10	40	69	61	70	33	71	489	486	482	552	509	471	613	587	594	278	269	369	507	506	495	611	610	610	605	715	662	786	783	887	879	987	976	967	961	958	942	933	1160	1154	1146	1134	1121	1017	1174	1290	250	250	407	401	330	298	361	347	340	323	273	355
410.000004621388	0	0	980	0	607	1334	423	4078	3791	3476	5887	1821	1293	1217	1162	320	299	432	598	594	9	672	648	642	12	712	595	719	716	785	758	645	665	651	692	694	596	611	775	749	725	726	704	582	622	643	100	83	154	154	85	14	44	74	69	81	42	74	498	491	487	561	517	481	625	594	605	294	288	381	512	512	509	649	631	614	610	735	688	810	804	914	898	995	994	993	991	990	955	949	1203	1198	1181	1163	1154	1025	1214	1345	259	250	423	418	374	299	404	395	385	359	316	397
415.0000011044645	0	0	974	0	620	1354	445	4087	3796	3486	5899	1829	1309	1234	1176	327	310	448	602	606	9	683	664	658	9	723	612	739	734	803	774	668	684	679	713	708	612	626	793	767	751	749	723	605	644	674	103	90	159	162	91	17	52	84	77	84	47	78	505	503	491	564	523	493	635	604	631	297	288	390	533	534	527	656	653	651	627	743	698	815	811	940	935	1007	1007	1004	999	997	992	991	1235	1223	1206	1207	1196	1036	1240	1389	269	250	434	428	401	301	426	422	415	407	338	439
420.0000019742105	1	0	958	0	630	1375	440	4099	3811	3496	5912	1837	1325	1248	1194	329	317	456	612	613	11	701	674	666	15	738	622	753	751	819	791	691	698	693	738	728	631	648	811	792	771	769	746	632	672	699	108	102	169	168	98	23	63	90	84	89	48	87	512	506	504	571	526	499	643	612	638	307	305	405	535	535	535	681	668	656	656	776	710	834	830	945	935	1027	1016	1010	1008	1007	999	998	1271	1269	1255	1242	1222	1080	1261	1425	279	258	448	441	418	301	439	438	436	427	374	476
425.0000119587464	0	0	944	0	641	1381	448	4112	3822	3512	5928	1854	1332	1259	1212	340	324	463	622	617	9	707	680	679	21	759	639	773	771	836	807	708	715	712	755	744	650	671	842	816	803	792	766	652	691	737	110	105	180	172	102	28	69	93	93	94	50	95	517	513	507	583	531	504	652	623	654	312	306	412	558	558	538	683	683	681	668	781	711	834	830	961	959	1063	1048	1040	1033	1028	1010	1005	1280	1278	1278	1274	1268	1168	1278	1457	287	267	473	461	428	340	446	445	442	440	399	495
430.00000063593785	1	0	931	0	654	1373	458	4117	3828	3519	5936	1869	1348	1280	1221	348	328	471	632	626	8	717	696	692	17	776	658	791	784	854	829	724	741	731	776	757	667	690	867	842	831	813	791	681	718	755	112	110	184	181	115	34	75	105	112	100	54	106	525	519	514	589	541	514	665	639	656	313	306	415	563	562	540	684	684	684	683	809	724	843	832	961	961	1066	1063	1064	1064	1063	1035	1030	1306	1288	1285	1280	1278	1239	1329	1471	290	271	482	482	443	368	446	446	446	446	427	544
435.0000004613715	0	0	928	0	659	1379	468	4126	3845	3532	5951	1877	1358	1291	1238	353	332	479	644	641	16	726	706	710	14	788	671	808	804	874	845	743	762	740	794	776	694	707	898	873	854	845	809	697	743	774	117	112	192	196	120	37	86	112	124	108	57	121	525	524	517	595	548	522	688	656	664	319	307	415	570	568	554	686	684	684	684	817	737	860	846	970	969	1091	1080	1070	1066	1066	1059	1054	1335	1331	1316	1312	1288	1274	1425	1523	295	286	498	484	460	374	506	496	475	448	433	556
440.00000086230665	0	0	909	0	671	1383	478	4137	3854	3543	5956	1881	1372	1308	1250	354	335	489	659	645	15	737	716	723	11	804	687	825	818	890	866	772	780	763	817	796	716	730	923	893	869	864	832	732	768	798	121	120	197	203	129	41	96	123	134	112	64	128	530	527	519	598	561	524	705	676	666	319	307	422	571	571	565	703	703	690	684	819	783	908	893	1012	992	1099	1097	1097	1097	1095	1067	1067	1376	1370	1354	1341	1329	1280	1463	1612	310	289	521	514	481	419	524	524	520	509	433	561
445.00000548812903	0	0	884	0	687	1391	487	4147	3861	3556	5961	1892	1386	1316	1267	358	343	495	667	658	7	748	733	734	13	818	698	848	833	905	884	788	797	783	832	811	736	757	947	917	894	894	860	758	783	826	130	124	204	209	136	48	101	124	144	117	70	142	533	533	527	601	566	530	714	693	666	319	307	422	579	579	573	722	713	704	703	832	787	917	911	1047	1034	1113	1106	1100	1100	1099	1082	1076	1388	1388	1380	1377	1370	1304	1474	1669	326	294	523	521	484	433	541	532	530	525	446	569
450.00000255547525	0	0	872	0	692	1380	489	4156	3872	3560	5970	1898	1404	1333	1278	363	346	499	671	667	10	763	741	745	20	825	708	861	845	924	906	805	823	790	843	839	755	771	977	938	912	911	878	775	800	862	134	127	211	219	140	53	107	134	150	128	75	148	547	534	533	609	573	535	717	698	666	319	307	422	579	579	579	736	724	721	715	843	787	917	911	1047	1046	1140	1123	1114	1114	1114	1084	1078	1393	1392	1391	1388	1388	1326	1501	1690	337	308	545	536	516	449	589	586	567	544	476	595
455.0000004411651	0	0	862	0	699	1367	511	4166	3883	3572	5981	1898	1412	1341	1287	366	350	507	678	674	15	774	754	755	10	839	721	882	863	945	924	821	843	815	861	856	774	796	1001	964	947	931	895	799	826	885	141	134	218	226	153	59	117	143	157	138	85	153	558	552	536	616	584	544	719	702	678	340	335	448	581	580	579	738	737	737	726	861	787	919	915	1051	1047	1180	1167	1155	1144	1141	1112	1106	1425	1415	1399	1393	1392	1354	1528	1710	340	326	576	561	521	468	606	598	595	591	524	656
460.0000004663343	0	0	851	0	713	1427	504	4172	3891	3579	5989	1903	1424	1356	1294	375	357	517	686	679	9	782	759	766	25	855	735	892	878	966	942	844	860	836	881	871	788	814	1018	984	964	951	918	818	844	919	145	140	221	235	164	70	125	152	170	147	93	166	566	564	554	625	589	551	726	702	705	350	338	457	607	598	582	741	741	738	737	882	797	929	923	1058	1051	1206	1200	1192	1187	1182	1124	1110	1425	1425	1425	1425	1412	1390	1602	1744	345	332	591	587	537	481	623	620	617	607	555	699
465.0000040704754	1	0	843	0	722	1476	522	4180	3900	3591	5995	1908	1430	1362	1305	384	364	520	695	687	10	791	768	781	19	865	746	909	896	984	963	860	881	853	899	889	809	828	1042	1005	989	969	930	848	876	955	150	144	231	245	176	75	134	157	178	158	98	175	574	568	565	643	598	556	735	707	724	355	347	470	608	599	583	742	742	741	741	886	798	930	925	1064	1063	1209	1209	1209	1203	1193	1125	1113	1433	1430	1427	1425	1425	1392	1667	1813	348	337	595	591	563	488	655	651	641	624	595	759
470.0000074662312	0	0	836	0	732	1541	550	4189	3905	3599	6004	1917	1445	1373	1321	390	369	523	702	703	9	802	786	788	8	881	766	918	913	996	976	872	894	872	924	897	824	853	1067	1031	1011	995	952	878	911	986	157	147	246	255	181	80	143	175	189	168	107	192	583	576	569	650	599	568	741	718	732	356	347	470	631	623	608	743	743	742	742	892	819	949	933	1067	1063	1215	1214	1214	1205	1195	1139	1131	1458	1454	1440	1434	1431	1395	1671	1900	366	340	606	602	585	500	669	669	667	657	617	786
475.0000005166733	0	0	831	0	736	1518	560	4204	3910	3602	6011	1925	1460	1384	1333	394	378	531	711	714	14	809	794	806	11	890	786	931	937	1011	986	885	917	895	943	912	838	868	1090	1049	1030	1019	983	905	941	1022	162	151	254	264	187	84	158	189	205	180	122	210	587	583	578	656	602	571	752	723	739	356	347	470	635	635	629	781	763	747	743	894	832	970	952	1078	1069	1229	1227	1220	1206	1195	1139	1133	1467	1461	1461	1460	1452	1426	1681	1905	381	345	612	607	591	502	678	678	672	669	639	801
480.00000088428135	0	0	819	0	745	1547	566	4214	3919	3607	6021	1936	1465	1396	1345	399	384	538	720	721	10	820	808	816	19	899	801	938	951	1026	1001	904	938	907	961	930	855	884	1114	1076	1047	1038	1012	927	970	1049	170	155	270	269	195	88	171	200	216	193	130	220	590	588	584	666	611	577	762	733	748	359	347	470	635	635	629	792	791	788	768	903	838	977	973	1112	1108	1231	1229	1229	1229	1229	1182	1175	1500	1488	1473	1470	1461	1429	1712	1924	383	353	632	622	602	505	678	678	678	678	663	841
485.00000500277315	0	0	808	0	756	1551	584	4221	3931	3612	6034	1942	1473	1402	1356	403	390	542	733	731	13	832	818	829	18	916	815	957	968	1040	1022	920	961	920	980	947	865	903	1144	1092	1066	1062	1035	950	990	1077	177	161	280	277	201	94	184	217	221	197	143	239	595	591	588	672	616	579	763	746	754	367	354	470	635	635	629	793	793	792	792	949	866	1009	994	1122	1117	1240	1236	1231	1230	1230	1226	1220	1554	1537	1519	1504	1486	1439	1712	1962	385	377	646	632	608	543	686	686	686	678	670	865
490.0000011342605	0	0	802	0	766	1538	587	4231	3939	3619	6046	1950	1479	1412	1372	409	395	551	739	739	14	842	835	843	18	931	833	976	975	1062	1044	935	973	937	999	957	879	917	1158	1110	1094	1080	1056	974	1011	1097	183	167	290	284	209	105	191	231	228	214	149	248	601	599	592	677	625	591	773	754	767	378	371	492	652	647	631	795	794	793	793	951	876	1014	996	1123	1118	1274	1256	1245	1240	1239	1227	1221	1571	1571	1568	1554	1533	1443	1715	1967	387	377	660	660	623	554	707	693	687	686	676	868
495.0000040198746	0	0	801	0	773	1487	597	4236	3950	3625	6057	1963	1487	1416	1384	412	395	557	750	750	16	855	843	857	18	940	852	992	991	1083	1061	950	1000	961	1019	970	900	929	1182	1134	1118	1110	1075	989	1037	1127	184	170	300	293	223	109	203	240	235	222	152	258	601	601	600	679	633	606	796	766	783	386	380	512	658	649	637	798	797	797	795	955	898	1043	1030	1161	1138	1290	1289	1287	1282	1275	1242	1239	1599	1584	1574	1571	1571	1477	1732	1971	387	384	672	663	633	562	746	739	732	707	685	881
500.0000032159049	0	0	796	0	789	1483	605	4247	3954	3633	6060	1973	1498	1430	1395	414	401	563	756	759	11	867	856	871	18	961	865	1005	1004	1097	1080	967	1019	975	1027	989	913	950	1204	1157	1136	1136	1102	1015	1064	1155	188	175	312	301	231	116	218	252	241	233	162	274	602	601	601	687	638	616	811	787	813	409	396	519	671	662	650	808	808	801	797	962	915	1063	1062	1194	1183	1291	1291	1291	1290	1290	1257	1244	1605	1605	1604	1602	1586	1506	1737	1987	391	387	699	691	659	562	762	760	752	746	688	893
505.0000128436119	0	0	799	0	790	1457	620	4254	3962	3642	6069	1982	1511	1440	1415	419	404	568	764	768	17	880	868	882	10	979	872	1018	1025	1117	1095	982	1042	991	1046	1010	930	976	1221	1178	1154	1158	1123	1027	1085	1189	193	177	320	309	244	121	231	264	246	246	172	283	614	604	601	687	639	625	826	806	833	425	409	541	702	696	684	824	822	809	801	964	924	1072	1063	1212	1212	1312	1300	1291	1291	1291	1265	1257	1621	1621	1607	1605	1605	1545	1749	2001	393	387	709	706	664	593	762	762	762	762	709	903
510.00000166833195	0	0	801	0	794	1475	600	4262	3966	3653	6075	1988	1521	1452	1435	433	416	576	777	777	17	890	877	892	21	992	882	1035	1050	1138	1106	1001	1058	1012	1071	1021	941	992	1252	1202	1172	1182	1146	1051	1113	1207	201	186	337	317	250	129	237	270	259	253	185	295	619	614	605	688	647	627	838	819	855	425	409	541	713	708	686	858	848	831	823	974	955	1103	1087	1221	1213	1352	1336	1324	1317	1313	1288	1283	1633	1623	1621	1620	1619	1567	1782	2017	394	391	718	712	691	606	767	762	762	762	734	943
515.0000078687945	0	0	788	0	812	1493	617	4271	3975	3664	6096	1998	1524	1467	1450	438	424	585	785	789	11	901	890	900	24	1007	890	1044	1064	1151	1122	1018	1076	1020	1085	1038	958	1015	1272	1222	1195	1198	1168	1078	1139	1229	207	192	351	328	257	136	245	278	270	264	193	306	622	619	615	696	650	636	847	833	877	431	410	541	714	709	686	859	859	859	843	989	964	1125	1124	1276	1246	1388	1383	1366	1358	1350	1319	1314	1679	1670	1648	1635	1624	1568	1785	2058	401	393	725	724	706	626	802	797	786	768	762	978
520.0000040458162	1	0	777	0	826	1479	623	4282	3984	3675	6106	2005	1531	1478	1458	447	427	590	793	804	11	910	903	911	18	1025	903	1060	1081	1162	1139	1040	1090	1038	1101	1056	978	1030	1294	1248	1211	1225	1193	1099	1157	1260	213	193	366	338	269	147	249	284	282	271	200	321	630	626	616	705	666	650	858	847	886	431	410	541	715	710	686	859	859	859	859	1025	975	1130	1124	1279	1279	1391	1391	1390	1390	1390	1357	1350	1715	1710	1693	1681	1671	1582	1785	2061	409	394	738	734	712	631	827	818	810	804	762	989
525.0000067439257	0	0	781	0	830	1456	642	4294	3993	3679	6114	2013	1542	1489	1471	458	432	596	804	820	15	921	914	922	17	1037	918	1078	1089	1180	1155	1061	1107	1051	1131	1083	990	1049	1317	1274	1230	1244	1215	1120	1175	1288	219	196	380	346	279	158	257	298	290	278	212	333	640	632	623	706	679	661	871	854	904	431	410	541	715	710	686	859	859	859	859	1028	980	1132	1126	1283	1280	1422	1405	1395	1394	1391	1389	1382	1749	1747	1730	1718	1707	1582	1785	2064	410	399	742	742	724	642	840	838	832	827	782	997
530.0000038907224	0	0	776	0	834	1463	632	4301	4003	3691	6122	2023	1551	1499	1483	463	436	601	809	827	15	929	928	932	28	1048	934	1084	1106	1203	1181	1087	1124	1071	1150	1105	1005	1073	1336	1288	1248	1266	1229	1150	1194	1318	225	201	390	355	285	162	269	310	303	291	220	347	649	644	633	716	688	666	882	866	926	457	449	573	715	710	686	859	859	859	859	1032	1009	1163	1150	1296	1283	1463	1461	1442	1428	1421	1390	1384	1766	1765	1763	1751	1747	1614	1817	2064	410	410	753	743	734	674	848	846	845	841	807	1034
535.0000024314683	0	0	775	0	838	1441	653	4307	4009	3700	6129	2032	1560	1509	1494	468	443	609	820	837	18	948	938	936	16	1059	947	1100	1117	1225	1197	1103	1145	1089	1168	1124	1020	1095	1358	1311	1266	1283	1252	1177	1219	1341	231	207	396	367	295	168	279	322	316	300	234	364	653	651	645	723	689	666	888	878	936	466	453	586	745	731	710	859	859	859	859	1032	1022	1179	1175	1330	1319	1466	1466	1464	1463	1463	1424	1415	1806	1796	1778	1766	1765	1649	1868	2093	411	410	767	766	742	698	878	866	857	850	813	1035
540.000003358721	0	0	763	0	848	1453	666	4314	4015	3706	6135	2041	1572	1525	1502	478	445	614	828	846	13	962	953	946	19	1071	955	1117	1137	1239	1214	1127	1159	1095	1179	1149	1039	1115	1383	1337	1299	1297	1272	1197	1241	1366	233	216	403	377	303	175	291	332	325	314	246	376	657	653	651	737	690	669	888	888	955	472	453	586	745	736	724	895	876	861	859	1032	1023	1184	1182	1340	1336	1473	1471	1467	1467	1466	1463	1463	1859	1841	1818	1808	1793	1690	1930	2145	419	410	771	770	743	718	910	907	897	879	845	1067
545.0000035896528	0	0	749	0	858	1489	674	4326	4020	3709	6145	2051	1583	1534	1507	485	448	620	831	857	9	971	961	955	23	1081	974	1129	1147	1253	1229	1148	1174	1117	1191	1167	1052	1126	1407	1357	1320	1313	1287	1217	1259	1395	236	226	418	384	311	185	300	340	334	329	259	382	661	658	653	742	698	670	888	888	972	475	454	587	754	748	737	899	899	897	872	1035	1032	1203	1192	1347	1345	1508	1493	1482	1478	1475	1467	1467	1871	1869	1869	1860	1840	1737	1996	2206	428	411	774	773	763	722	954	943	932	910	855	1092
550.0000031178969	0	0	743	0	858	1533	689	4330	4028	3719	6151	2063	1592	1544	1518	492	449	631	839	866	14	981	970	965	21	1097	988	1145	1171	1273	1248	1159	1192	1127	1211	1185	1067	1143	1430	1383	1339	1343	1317	1233	1285	1417	242	235	426	396	319	190	308	351	345	341	270	395	669	664	658	747	702	677	890	889	974	478	464	599	770	766	766	929	911	900	898	1076	1034	1204	1201	1366	1355	1529	1527	1519	1515	1508	1475	1469	1875	1875	1874	1872	1869	1782	2054	2276	442	417	775	775	770	724	970	968	966	957	885	1119
555.0000066291078	0	0	738	0	865	1585	697	4339	4038	3728	6162	2073	1597	1559	1534	494	453	637	849	876	15	993	977	978	21	1107	999	1159	1182	1289	1264	1171	1210	1133	1230	1198	1089	1164	1457	1413	1359	1363	1335	1261	1314	1445	246	241	434	398	329	199	321	364	358	353	282	405	677	675	663	754	703	690	898	889	979	490	482	604	779	779	779	952	950	932	905	1082	1035	1206	1204	1369	1367	1548	1544	1536	1531	1530	1512	1505	1901	1890	1881	1877	1875	1799	2098	2340	450	424	784	784	773	724	975	975	975	972	900	1130
560.0000033996383	1	0	728	0	873	1602	704	4347	4046	3732	6177	2081	1611	1565	1544	501	460	644	857	887	18	999	991	984	27	1116	1013	1174	1197	1306	1276	1191	1235	1149	1253	1216	1110	1174	1476	1434	1381	1384	1350	1278	1341	1467	254	246	447	407	338	205	334	372	369	365	290	417	689	679	675	761	713	701	916	894	991	498	484	619	799	793	781	964	964	960	950	1115	1038	1209	1205	1373	1371	1563	1559	1553	1552	1549	1532	1527	1944	1943	1921	1906	1889	1801	2127	2390	464	429	784	784	775	724	975	975	975	975	934	1159
565.0000006699788	0	0	716	0	884	1637	730	4355	4052	3738	6181	2091	1619	1573	1562	505	470	649	871	899	14	1011	997	999	16	1127	1027	1184	1214	1330	1292	1210	1245	1169	1269	1238	1122	1186	1499	1459	1403	1404	1373	1299	1357	1499	259	255	453	407	348	213	346	384	384	375	297	427	690	689	682	772	724	712	930	910	1002	505	497	628	800	793	781	964	964	964	964	1134	1042	1211	1205	1376	1375	1574	1572	1572	1568	1564	1540	1532	1946	1946	1946	1945	1943	1849	2129	2429	477	448	808	787	784	757	977	976	975	975	964	1211
570.0000061798387	0	0	705	0	888	1642	728	4361	4058	3748	6184	2097	1627	1584	1578	510	476	659	880	908	17	1018	1003	1012	24	1142	1041	1197	1232	1351	1308	1237	1263	1188	1281	1257	1140	1209	1522	1491	1421	1421	1394	1317	1386	1519	261	259	462	415	356	223	358	391	392	393	308	440	704	694	689	782	738	722	940	926	1010	520	517	659	827	823	812	976	965	964	964	1149	1045	1219	1215	1387	1376	1581	1579	1578	1577	1575	1552	1540	1952	1951	1951	1948	1946	1875	2144	2435	483	451	823	813	784	772	993	982	977	977	964	1212
575.0000020537681	0	0	698	0	897	1611	739	4371	4067	3752	6190	2107	1639	1593	1588	515	481	663	886	914	16	1027	1014	1019	20	1157	1054	1204	1249	1366	1321	1257	1279	1205	1302	1272	1155	1222	1543	1517	1448	1442	1415	1339	1420	1540	265	267	477	419	369	231	364	405	407	401	320	457	707	705	695	786	744	726	950	936	1022	521	517	659	837	828	816	999	998	984	968	1149	1071	1248	1233	1393	1387	1587	1587	1585	1581	1581	1570	1565	1983	1979	1965	1955	1951	1905	2147	2446	483	451	825	825	788	774	1025	1017	1009	991	975	1225
580.0000003375819	0	0	685	0	908	1601	743	4379	4075	3760	6202	2116	1646	1609	1602	519	484	673	893	921	17	1038	1024	1025	22	1171	1073	1214	1259	1384	1339	1276	1293	1226	1319	1293	1165	1234	1569	1545	1464	1465	1439	1361	1447	1572	268	276	482	425	383	237	376	415	419	414	327	469	709	708	706	796	748	732	961	947	1032	534	532	666	837	828	816	1008	1003	1000	998	1177	1106	1291	1278	1436	1413	1591	1588	1588	1587	1587	1581	1581	2020	2020	2002	1988	1979	1931	2155	2454	486	452	827	827	813	775	1030	1030	1030	1026	977	1237
585.000002769535	0	0	662	0	928	1566	763	4393	4079	3766	6210	2121	1656	1620	1611	523	491	680	906	930	11	1053	1034	1038	17	1182	1088	1220	1268	1400	1358	1292	1309	1240	1330	1313	1187	1253	1588	1566	1483	1488	1463	1385	1464	1601	272	284	488	437	397	245	390	422	428	432	333	479	714	710	709	805	757	737	973	959	1045	536	532	676	863	863	856	1016	1008	1008	1007	1192	1106	1291	1289	1464	1462	1604	1604	1603	1596	1593	1588	1586	2029	2029	2026	2025	2020	1931	2201	2466	487	483	859	831	825	778	1037	1037	1035	1030	990	1237
590.0000005355217	0	0	658	0	929	1567	777	4401	4087	3773	6220	2125	1666	1634	1619	529	503	686	917	935	20	1066	1044	1053	27	1192	1100	1236	1278	1414	1371	1314	1338	1254	1342	1330	1196	1272	1608	1586	1510	1514	1482	1410	1489	1636	278	289	497	445	408	257	399	433	441	441	342	490	724	717	710	808	763	742	982	969	1056	547	540	679	870	870	867	1057	1042	1023	1010	1203	1149	1334	1322	1481	1464	1631	1620	1610	1607	1605	1597	1594	2034	2034	2034	2029	2029	1934	2207	2513	492	486	872	872	827	778	1045	1045	1041	1037	1017	1269
595.0000038602794	0	0	643	0	952	1567	797	4404	4102	3778	6224	2132	1682	1644	1627	534	508	693	923	943	12	1081	1051	1061	17	1204	1109	1256	1296	1435	1385	1324	1352	1272	1355	1346	1215	1293	1630	1615	1534	1534	1497	1426	1520	1659	280	292	507	454	412	268	410	446	451	455	352	503	733	727	715	813	775	742	990	981	1074	552	542	686	878	878	869	1062	1060	1059	1047	1222	1191	1378	1368	1531	1506	1677	1657	1644	1638	1633	1606	1595	2042	2041	2039	2035	2034	1965	2215	2534	497	486	874	873	831	783	1050	1049	1049	1045	1036	1302
600.0000002715999	0	0	634	0	958	1557	803	4413	4108	3787	6233	2139	1689	1655	1639	545	514	696	931	952	17	1094	1057	1072	21	1211	1124	1274	1316	1455	1401	1340	1372	1284	1368	1359	1235	1309	1645	1634	1553	1553	1517	1447	1541	1691	285	297	516	460	425	278	426	461	456	465	366	517	738	734	726	821	785	742	997	990	1096	555	542	688	881	881	880	1069	1068	1067	1061	1257	1204	1392	1386	1562	1553	1693	1685	1684	1683	1673	1608	1596	2045	2045	2044	2043	2041	2005	2260	2548	497	490	882	877	869	814	1056	1056	1054	1050	1041	1318
