>time	Ribosome	coli Pol	coli Pol-P	coli Pol-2.0	coli Pol-P-2.0	gp1	gp1-3.5	gp0.3	gp0.4	gp0.5	gp0.6A	gp0.7	gp1.1	gp1.2	gp1.3	gp1.4	gp1.5	gp1.6	gp1.7	gp1.8	gp2.0	gp2.5	gp2.8	gp3.0	gp3.5	gp3.8	gp4A	gp4.2	gp4.3	gp4.5	gp4.7	gp5.0	gp5.3	gp5.5	gp5.7	gp5.9	gp6.0	gp6.3	gp6.5	gp6.7	gp7	gp7.3	gp7.7	gp8	gp9	gp10A	gp11	gp12	gp13	gp14	gp15	gp16	gp17	gp17.5	gp18	gp18.5	gp19	gp19.5	RNA: gp0.3	RNA: gp0.4	RNA: gp0.5	RNA: gp0.6A	RNA: gp0.7	RNA: gp1	RNA: gp1.1	RNA: gp1.2	RNA: gp1.3	RNA: gp1.4	RNA: gp1.5	RNA: gp1.6	RNA: gp1.7	RNA: gp1.8	RNA: gp2.0	RNA: gp2.5	RNA: gp2.8	RNA: gp3.0	RNA: gp3.5	RNA: gp3.8	RNA: gp4A	RNA: gp4.2	RNA: gp4.3	RNA: gp4.5	RNA: gp4.7	RNA: gp5.0	RNA: gp5.3	RNA: gp5.5	RNA: gp5.7	RNA: gp5.9	RNA: gp6.0	RNA: gp6.3	RNA: gp6.5	RNA: gp6.7	RNA: gp7	RNA: gp7.3	RNA: gp7.7	RNA: gp8	RNA: gp9	RNA: gp10A	RNA: gp11	RNA: gp12	RNA: gp13	RNA: gp14	RNA: gp15	RNA: gp16	RNA: gp17	RNA: gp17.5	RNA: gp18	RNA: gp18.5	RNA: gp19	RNA: gp19.5	NumColiPoly:	4	NumT7Poly	2	NumOfTimePoints:	121	NumOfProteins:	58	NumOfCoding	52
6.033672992849258E-5	2500	1800	0	0	0	0	0	0	0	0	0	0	0	0	0	0	0	0	0	0	0	0	0	0	0	0	0	0	0	0	0	0	0	0	0	0	0	0	0	0	0	0	0	0	0	0	0	0	0	0	0	0	0	0	0	0	0	0	0	0	0	0	0	0	0	0	0	0	0	0	0	0	0	0	0	0	0	0	0	0	0	0	0	0	0	0	0	0	0	0	0	0	0	0	0	0	0	0	0	0	0	0	0	0	0	0	0	0	0	0
5.001207611582568	2500	1800	0	0	0	0	0	0	0	0	0	0	0	0	0	0	0	0	0	0	0	0	0	0	0	0	0	0	0	0	0	0	0	0	0	0	0	0	0	0	0	0	0	0	0	0	0	0	0	0	0	0	0	0	0	0	0	0	0	0	0	0	0	0	0	0	0	0	0	0	0	0	0	0	0	0	0	0	0	0	0	0	0	0	0	0	0	0	0	0	0	0	0	0	0	0	0	0	0	0	0	0	0	0	0	0	0	0	0	0
10.000027959368406	2500	1794	0	0	0	0	0	0	0	0	0	0	0	0	0	0	0	0	0	0	0	0	0	0	0	0	0	0	0	0	0	0	0	0	0	0	0	0	0	0	0	0	0	0	0	0	0	0	0	0	0	0	0	0	0	0	0	0	0	0	0	0	0	0	0	0	0	0	0	0	0	0	0	0	0	0	0	0	0	0	0	0	0	0	0	0	0	0	0	0	0	0	0	0	0	0	0	0	0	0	0	0	0	0	0	0	0	0	0	0
15.004881000752432	2500	1790	0	0	0	0	0	0	0	0	0	0	0	0	0	0	0	0	0	0	0	0	0	0	0	0	0	0	0	0	0	0	0	0	0	0	0	0	0	0	0	0	0	0	0	0	0	0	0	0	0	0	0	0	0	0	0	0	0	0	0	0	0	0	0	0	0	0	0	0	0	0	0	0	0	0	0	0	0	0	0	0	0	0	0	0	0	0	0	0	0	0	0	0	0	0	0	0	0	0	0	0	0	0	0	0	0	0	0	0
20.004192468217465	2497	1784	0	0	0	0	0	0	0	0	0	0	0	0	0	0	0	0	0	0	0	0	0	0	0	0	0	0	0	0	0	0	0	0	0	0	0	0	0	0	0	0	0	0	0	0	0	0	0	0	0	0	0	0	0	0	0	0	0	0	0	0	0	0	0	0	0	0	0	0	0	0	0	0	0	0	0	0	0	0	0	0	0	0	0	0	0	0	0	0	0	0	0	0	0	0	0	0	0	0	0	0	0	0	0	0	0	0	0	0
25.000800340503833	2489	1778	0	0	0	0	0	0	0	0	0	0	0	0	0	0	0	0	0	0	0	0	0	0	0	0	0	0	0	0	0	0	0	0	0	0	0	0	0	0	0	0	0	0	0	0	0	0	0	0	0	0	0	0	0	0	0	0	0	0	0	0	0	0	0	0	0	0	0	0	0	0	0	0	0	0	0	0	0	0	0	0	0	0	0	0	0	0	0	0	0	0	0	0	0	0	0	0	0	0	0	0	0	0	0	0	0	0	0	0
30.000113906469092	2472	1770	0	0	0	0	0	3	0	0	0	0	0	0	0	0	0	0	0	0	0	0	0	0	0	0	0	0	0	0	0	0	0	0	0	0	0	0	0	0	0	0	0	0	0	0	0	0	0	0	0	0	0	0	0	0	0	0	5	0	0	0	0	0	0	0	0	0	0	0	0	0	0	0	0	0	0	0	0	0	0	0	0	0	0	0	0	0	0	0	0	0	0	0	0	0	0	0	0	0	0	0	0	0	0	0	0	0	0	0
35.000476868183206	2436	1759	0	0	0	0	0	9	3	0	0	0	0	0	0	0	0	0	0	0	0	0	0	0	0	0	0	0	0	0	0	0	0	0	0	0	0	0	0	0	0	0	0	0	0	0	0	0	0	0	0	0	0	0	0	0	0	0	11	4	0	0	0	0	0	0	0	0	0	0	0	0	0	0	0	0	0	0	0	0	0	0	0	0	0	0	0	0	0	0	0	0	0	0	0	0	0	0	0	0	0	0	0	0	0	0	0	0	0	0
40.00034776410377	2390	1748	0	0	0	0	0	25	11	5	0	0	0	0	0	0	0	0	0	0	0	0	0	0	0	0	0	0	0	0	0	0	0	0	0	0	0	0	0	0	0	0	0	0	0	0	0	0	0	0	0	0	0	0	0	0	0	0	19	10	3	1	0	0	0	0	0	0	0	0	0	0	0	0	0	0	0	0	0	0	0	0	0	0	0	0	0	0	0	0	0	0	0	0	0	0	0	0	0	0	0	0	0	0	0	0	0	0	0	0
45.00070469669168	2341	1742	0	0	0	0	0	46	30	15	5	0	0	0	0	0	0	0	0	0	0	0	0	0	0	0	0	0	0	0	0	0	0	0	0	0	0	0	0	0	0	0	0	0	0	0	0	0	0	0	0	0	0	0	0	0	0	0	26	17	10	5	0	0	0	0	0	0	0	0	0	0	0	0	0	0	0	0	0	0	0	0	0	0	0	0	0	0	0	0	0	0	0	0	0	0	0	0	0	0	0	0	0	0	0	0	0	0	0	0
50.00047629731681	2272	1731	0	0	0	0	0	82	51	34	15	0	0	0	0	0	0	0	0	0	0	0	0	0	0	0	0	0	0	0	0	0	0	0	0	0	0	0	0	0	0	0	0	0	0	0	0	0	0	0	0	0	0	0	0	0	0	0	32	22	17	16	0	0	0	0	0	0	0	0	0	0	0	0	0	0	0	0	0	0	0	0	0	0	0	0	0	0	0	0	0	0	0	0	0	0	0	0	0	0	0	0	0	0	0	0	0	0	0	0
55.00046963884821	2208	1726	0	0	0	0	0	122	93	57	46	0	0	0	0	0	0	0	0	0	0	0	0	0	0	0	0	0	0	0	0	0	0	0	0	0	0	0	0	0	0	0	0	0	0	0	0	0	0	0	0	0	0	0	0	0	0	0	43	26	23	26	0	0	0	0	0	0	0	0	0	0	0	0	0	0	0	0	0	0	0	0	0	0	0	0	0	0	0	0	0	0	0	0	0	0	0	0	0	0	0	0	0	0	0	0	0	0	0	0
60.000318782844325	2107	1714	0	0	0	0	0	166	127	83	78	0	0	0	0	0	0	0	0	0	0	0	0	0	0	0	0	0	0	0	0	0	0	0	0	0	0	0	0	0	0	0	0	0	0	0	0	0	0	0	0	0	0	0	0	0	0	0	50	36	28	31	0	0	0	0	0	0	0	0	0	0	0	0	0	0	0	0	0	0	0	0	0	0	0	0	0	0	0	0	0	0	0	0	0	0	0	0	0	0	0	0	0	0	0	0	0	0	0	0
65.0006033696294	2012	1709	0	0	0	0	0	216	177	122	127	0	0	0	0	0	0	0	0	0	0	0	0	0	0	0	0	0	0	0	0	0	0	0	0	0	0	0	0	0	0	0	0	0	0	0	0	0	0	0	0	0	0	0	0	0	0	0	56	43	39	38	0	0	0	0	0	0	0	0	0	0	0	0	0	0	0	0	0	0	0	0	0	0	0	0	0	0	0	0	0	0	0	0	0	0	0	0	0	0	0	0	0	0	0	0	0	0	0	0
70.00013234372837	1906	1696	2	0	0	0	0	284	231	174	195	0	0	0	0	0	0	0	0	0	0	0	0	0	0	0	0	0	0	0	0	0	0	0	0	0	0	0	0	0	0	0	0	0	0	0	0	0	0	0	0	0	0	0	0	0	0	0	63	47	48	49	16	0	0	0	0	0	0	0	0	0	0	0	0	0	0	0	0	0	0	0	0	0	0	0	0	0	0	0	0	0	0	0	0	0	0	0	0	0	0	0	0	0	0	0	0	0	0	0
75.00001858945738	1793	1676	11	0	0	0	0	377	295	222	263	0	0	0	0	0	0	0	0	0	0	0	0	0	0	0	0	0	0	0	0	0	0	0	0	0	0	0	0	0	0	0	0	0	0	0	0	0	0	0	0	0	0	0	0	0	0	0	70	57	52	54	40	0	0	0	0	0	0	0	0	0	0	0	0	0	0	0	0	0	0	0	0	0	0	0	0	0	0	0	0	0	0	0	0	0	0	0	0	0	0	0	0	0	0	0	0	0	0	0
80.00013386411149	1691	1642	29	0	0	0	0	466	369	287	349	0	0	0	0	0	0	0	0	0	0	0	0	0	0	0	0	0	0	0	0	0	0	0	0	0	0	0	0	0	0	0	0	0	0	0	0	0	0	0	0	0	0	0	0	0	0	0	75	65	59	62	51	0	0	0	0	0	0	0	0	0	0	0	0	0	0	0	0	0	0	0	0	0	0	0	0	0	0	0	0	0	0	0	0	0	0	0	0	0	0	0	0	0	0	0	0	0	0	0
85.0003919169295	1543	1611	55	0	0	0	0	553	443	359	449	0	0	0	0	0	0	0	0	0	0	0	0	0	0	0	0	0	0	0	0	0	0	0	0	0	0	0	0	0	0	0	0	0	0	0	0	0	0	0	0	0	0	0	0	0	0	0	82	71	68	68	58	0	0	0	0	0	0	0	0	0	0	0	0	0	0	0	0	0	0	0	0	0	0	0	0	0	0	0	0	0	0	0	0	0	0	0	0	0	0	0	0	0	0	0	0	0	0	0
90.00003562277814	1387	1566	86	0	0	0	0	645	534	433	566	0	0	0	0	0	0	0	0	0	0	0	0	0	0	0	0	0	0	0	0	0	0	0	0	0	0	0	0	0	0	0	0	0	0	0	0	0	0	0	0	0	0	0	0	0	0	0	92	81	74	84	64	0	0	0	0	0	0	0	0	0	0	0	0	0	0	0	0	0	0	0	0	0	0	0	0	0	0	0	0	0	0	0	0	0	0	0	0	0	0	0	0	0	0	0	0	0	0	0
95.00016859861226	1229	1504	136	0	0	0	0	757	638	524	722	0	0	0	0	0	0	0	0	0	0	0	0	0	0	0	0	0	0	0	0	0	0	0	0	0	0	0	0	0	0	0	0	0	0	0	0	0	0	0	0	0	0	0	0	0	0	0	105	92	80	95	76	0	0	0	0	0	0	0	0	0	0	0	0	0	0	0	0	0	0	0	0	0	0	0	0	0	0	0	0	0	0	0	0	0	0	0	0	0	0	0	0	0	0	0	0	0	0	0
100.00000233661432	1063	1443	189	0	0	0	0	885	754	615	877	0	0	0	0	0	0	0	0	0	0	0	0	0	0	0	0	0	0	0	0	0	0	0	0	0	0	0	0	0	0	0	0	0	0	0	0	0	0	0	0	0	0	0	0	0	0	0	111	101	90	99	83	0	0	0	0	0	0	0	0	0	0	0	0	0	0	0	0	0	0	0	0	0	0	0	0	0	0	0	0	0	0	0	0	0	0	0	0	0	0	0	0	0	0	0	0	0	0	0
105.0000181869212	850	1370	257	0	0	0	0	1004	874	739	1074	0	0	0	0	0	0	0	0	0	0	0	0	0	0	0	0	0	0	0	0	0	0	0	0	0	0	0	0	0	0	0	0	0	0	0	0	0	0	0	0	0	0	0	0	0	0	0	123	108	99	116	95	0	0	0	0	0	0	0	0	0	0	0	0	0	0	0	0	0	0	0	0	0	0	0	0	0	0	0	0	0	0	0	0	0	0	0	0	0	0	0	0	0	0	0	0	0	0	0
110.00023047564466	664	1299	318	0	0	0	0	1147	1013	867	1304	0	0	0	0	0	0	0	0	0	0	0	0	0	0	0	0	0	0	0	0	0	0	0	0	0	0	0	0	0	0	0	0	0	0	0	0	0	0	0	0	0	0	0	0	0	0	0	132	120	106	125	101	0	0	0	0	0	0	0	0	0	0	0	0	0	0	0	0	0	0	0	0	0	0	0	0	0	0	0	0	0	0	0	0	0	0	0	0	0	0	0	0	0	0	0	0	0	0	0
115.00011156389802	484	1204	403	0	0	0	0	1299	1152	980	1523	1	0	0	0	0	0	0	0	0	0	0	0	0	0	0	0	0	0	0	0	0	0	0	0	0	0	0	0	0	0	0	0	0	0	0	0	0	0	0	0	0	0	0	0	0	0	0	137	122	118	134	115	0	0	0	0	0	0	0	0	0	0	0	0	0	0	0	0	0	0	0	0	0	0	0	0	0	0	0	0	0	0	0	0	0	0	0	0	0	0	0	0	0	0	0	0	0	0	0
120.0000056822477	326	1101	495	0	0	0	0	1472	1284	1109	1765	1	0	0	0	0	0	0	0	0	0	0	0	0	0	0	0	0	0	0	0	0	0	0	0	0	0	0	0	0	0	0	0	0	0	0	0	0	0	0	0	0	0	0	0	0	0	0	143	132	124	139	127	0	0	0	0	0	0	0	0	0	0	0	0	0	0	0	0	0	0	0	0	0	0	0	0	0	0	0	0	0	0	0	0	0	0	0	0	0	0	0	0	0	0	0	0	0	0	0
125.00003504601453	112	1011	577	0	0	0	0	1613	1426	1254	2010	1	0	0	0	0	0	0	0	0	0	0	0	0	0	0	0	0	0	0	0	0	0	0	0	0	0	0	0	0	0	0	0	0	0	0	0	0	0	0	0	0	0	0	0	0	0	0	149	140	134	152	135	0	0	0	0	0	0	0	0	0	0	0	0	0	0	0	0	0	0	0	0	0	0	0	0	0	0	0	0	0	0	0	0	0	0	0	0	0	0	0	0	0	0	0	0	0	0	0
130.00011745240954	45	876	701	0	0	1	0	1776	1585	1406	2292	0	0	0	0	0	0	0	0	0	0	0	0	0	0	0	0	0	0	0	0	0	0	0	0	0	0	0	0	0	0	0	0	0	0	0	0	0	0	0	0	0	0	0	0	0	0	0	154	143	140	161	142	14	0	0	0	0	0	0	0	0	0	0	0	0	0	0	0	0	0	0	0	0	0	0	0	0	0	0	0	0	0	0	0	0	0	0	0	0	0	0	0	0	0	0	0	0	0	0
135.00003404845978	20	743	828	0	0	2	0	1935	1725	1539	2576	0	0	0	0	0	0	0	0	0	0	0	0	0	0	0	0	0	0	0	0	0	0	0	0	0	0	0	0	0	0	0	0	0	0	0	0	0	0	0	0	0	0	0	0	0	0	0	164	152	146	168	151	89	0	0	0	0	0	0	0	0	0	0	0	0	0	0	0	0	0	0	0	0	0	0	0	0	0	0	0	0	0	0	0	0	0	0	0	0	0	0	0	0	0	0	0	0	0	0
140.00010534958548	11	608	957	0	0	14	0	2088	1852	1676	2853	0	1	0	0	0	0	0	0	0	0	0	0	0	0	0	0	0	0	0	0	0	0	0	0	0	0	0	0	0	0	0	0	0	0	0	0	0	0	0	0	0	0	0	0	0	0	0	167	161	155	174	158	118	5	0	0	0	0	0	0	0	0	0	0	0	0	0	0	0	0	0	0	0	0	0	0	0	0	0	0	0	0	0	0	0	0	0	0	0	0	0	0	0	0	0	0	0	0	0
145.00002341708176	13	455	1099	0	0	26	0	2216	1976	1798	3132	0	5	2	0	0	0	0	0	0	0	0	0	0	0	0	0	0	0	0	0	0	0	0	0	0	0	0	0	0	0	0	0	0	0	0	0	0	0	0	0	0	0	0	0	0	0	0	171	166	161	184	166	128	8	5	0	0	0	0	0	0	0	0	0	0	0	0	0	0	0	0	0	0	0	0	0	0	0	0	0	0	0	0	0	0	0	0	0	0	0	0	0	0	0	0	0	0	0	0
150.00003017836053	11	311	1234	0	0	50	0	2348	2078	1912	3399	0	13	3	0	0	0	0	0	0	0	0	0	0	0	0	0	0	0	0	0	0	0	0	0	0	0	0	0	0	0	0	0	0	0	0	0	0	0	0	0	0	0	0	0	0	0	0	176	170	167	189	175	143	13	7	0	0	0	0	0	0	0	0	0	0	0	0	0	0	0	0	0	0	0	0	0	0	0	0	0	0	0	0	0	0	0	0	0	0	0	0	0	0	0	0	0	0	0	0
155.00000351270833	12	176	1371	0	0	81	0	2461	2180	2022	3657	3	19	7	0	0	0	0	0	0	0	0	0	0	0	0	0	0	0	0	0	0	0	0	0	0	0	0	0	0	0	0	0	0	0	0	0	0	0	0	0	0	0	0	0	0	0	0	185	176	173	197	179	147	22	14	0	0	0	0	0	0	0	0	0	0	0	0	0	0	0	0	0	0	0	0	0	0	0	0	0	0	0	0	0	0	0	0	0	0	0	0	0	0	0	0	0	0	0	0
160.0001067765259	11	44	1496	0	0	114	0	2576	2299	2130	3898	6	35	18	0	0	0	0	0	0	0	0	0	0	0	0	0	0	0	0	0	0	0	0	0	0	0	0	0	0	0	0	0	0	0	0	0	0	0	0	0	0	0	0	0	0	0	0	187	186	180	203	185	153	43	22	0	0	0	0	0	0	0	0	0	0	0	0	0	0	0	0	0	0	0	0	0	0	0	0	0	0	0	0	0	0	0	0	0	0	0	0	0	0	0	0	0	0	0	0
165.00000315282617	7	0	1535	0	0	183	0	2700	2388	2215	4050	91	57	38	0	0	0	0	0	0	0	0	0	0	0	0	0	0	0	0	0	0	0	0	0	0	0	0	0	0	0	0	0	0	0	0	0	0	0	0	0	0	0	0	0	0	0	0	189	186	187	212	193	166	48	39	0	0	0	0	0	0	0	0	0	0	0	0	0	0	0	0	0	0	0	0	0	0	0	0	0	0	0	0	0	0	0	0	0	0	0	0	0	0	0	0	0	0	0	0
170.00003696676973	8	0	1530	0	0	242	0	2790	2488	2295	4149	206	85	61	2	0	0	0	0	0	0	0	0	0	0	0	0	0	0	0	0	0	0	0	0	0	0	0	0	0	0	0	0	0	0	0	0	0	0	0	0	0	0	0	0	0	0	0	202	192	187	219	196	170	54	52	9	1	1	0	0	0	0	0	0	0	0	0	0	0	0	0	0	0	0	0	0	0	0	0	0	0	0	0	0	0	0	0	0	0	0	0	0	0	0	0	0	0	0	0
175.0000954180398	4	0	1531	0	0	303	0	2882	2571	2389	4250	310	111	83	6	1	0	0	0	0	0	0	0	0	0	0	0	0	0	0	0	0	0	0	0	0	0	0	0	0	0	0	0	0	0	0	0	0	0	0	0	0	0	0	0	0	0	0	209	204	194	222	207	176	65	55	26	5	3	5	2	1	1	0	0	0	0	0	0	0	0	0	0	0	0	0	0	0	0	0	0	0	0	0	0	0	0	0	0	0	0	0	0	0	0	0	0	0	0	0
180.00010393157334	6	0	1524	0	0	362	0	2989	2661	2473	4360	421	144	114	12	2	0	2	0	0	0	0	0	0	0	0	0	0	0	0	0	0	0	0	0	0	0	0	0	0	0	0	0	0	0	0	0	0	0	0	0	0	0	0	0	0	0	0	215	211	207	234	213	188	83	62	41	6	3	6	8	6	6	2	1	0	0	0	0	0	0	0	0	0	0	0	0	0	0	0	0	0	0	0	0	0	0	0	0	0	0	0	0	0	0	0	0	0	0	0
185.0000071746406	5	0	1523	0	2	464	0	3067	2743	2560	4465	516	177	142	19	4	3	4	0	1	0	0	0	0	0	0	0	0	0	0	0	0	0	0	0	0	0	0	0	0	0	0	0	0	0	0	0	0	0	0	0	0	0	0	0	0	0	0	224	218	212	248	216	201	101	83	49	6	5	8	12	12	11	11	8	1	2	0	0	0	0	0	0	0	0	0	0	0	0	0	0	0	0	0	0	0	0	0	0	0	0	0	0	0	0	0	0	0	0	0
190.00001297038807	7	0	1526	0	4	538	0	3164	2822	2656	4559	603	217	178	31	8	4	4	1	3	0	0	0	0	0	0	0	0	0	0	0	0	0	0	0	0	0	0	0	0	0	0	0	0	0	0	0	0	0	0	0	0	0	0	0	0	0	0	235	227	218	257	221	205	116	102	52	8	8	12	20	21	21	17	15	11	12	10	0	0	0	0	0	0	0	0	0	0	0	0	0	0	0	0	0	0	0	0	0	0	0	0	0	0	0	0	0	0	0	0
195.00000715144765	3	0	1531	0	5	622	1	3248	2898	2736	4668	693	262	217	53	10	6	7	4	9	0	1	2	0	0	0	0	0	0	0	0	0	0	0	0	0	0	0	0	0	0	0	0	0	0	0	0	0	0	0	0	0	0	0	0	0	0	0	244	236	223	259	232	210	129	113	70	15	10	17	26	28	24	32	28	25	16	19	2	2	1	0	0	0	0	0	0	0	0	0	0	0	0	0	0	0	0	0	0	0	0	0	0	0	0	0	0	0	0	0
200.0000343724434	2	0	1521	0	12	681	2	3337	2974	2810	4739	785	302	249	80	13	8	11	9	16	0	2	9	4	0	1	0	0	0	0	0	0	0	0	0	0	0	0	0	0	0	0	0	0	0	0	0	0	0	0	0	0	0	0	0	0	0	0	257	250	233	267	236	216	143	130	81	23	15	24	39	37	29	36	35	34	31	36	13	14	10	5	2	0	0	0	0	0	0	0	0	0	0	0	0	0	0	0	0	0	0	0	0	0	0	0	0	0	0	0
205.00001077121973	3	0	1505	0	19	733	8	3417	3048	2886	4815	875	343	289	115	18	14	13	16	25	0	7	13	14	0	4	0	2	1	0	0	0	0	0	0	0	0	0	0	0	0	0	0	0	0	0	0	0	0	0	0	0	0	0	0	0	0	0	271	263	251	283	239	227	155	139	82	25	16	26	47	47	37	48	40	36	35	42	23	31	28	31	3	0	0	0	0	0	0	0	0	0	0	0	0	0	0	0	0	0	0	0	0	0	0	0	0	0	0	0
210.0000086880216	2	0	1496	0	32	772	14	3505	3112	2959	4907	939	384	334	149	26	21	23	25	35	1	19	30	24	0	18	0	5	4	2	1	0	0	0	0	0	0	0	0	0	0	0	0	0	0	0	0	0	0	0	0	0	0	0	0	0	0	0	277	269	261	295	247	234	171	152	103	27	27	47	62	56	47	61	49	47	46	49	34	48	41	45	40	4	2	0	0	0	0	0	0	0	0	0	0	0	0	0	0	0	0	0	0	0	0	0	0	0	0	0
215.0000039679189	4	0	1493	0	45	823	23	3582	3177	3021	4997	1002	423	380	180	31	30	35	35	40	1	29	37	33	0	27	0	14	16	8	2	0	0	0	0	0	0	0	0	0	0	0	0	0	0	0	0	0	0	0	0	0	0	0	0	0	0	0	287	278	272	310	261	238	191	167	123	27	27	53	76	77	64	76	74	69	54	69	45	55	48	61	55	10	5	5	5	4	0	0	0	0	0	0	0	0	0	0	0	0	0	0	0	0	0	0	0	0	0	0
220.00000485734958	4	0	1484	0	57	855	31	3654	3240	3085	5082	1069	472	420	219	38	35	48	48	54	1	39	46	46	0	43	0	24	25	20	9	0	1	0	1	1	0	0	0	0	0	0	0	0	0	0	0	0	0	0	0	0	0	0	0	0	0	0	296	290	279	322	270	241	208	186	142	34	32	58	83	79	67	92	91	83	72	89	57	68	65	80	69	45	41	30	20	12	5	5	5	4	0	0	0	0	0	0	0	0	0	0	0	0	0	0	0	0	0	0
225.0000000729247	1	0	1480	0	71	896	42	3712	3294	3149	5159	1115	513	455	250	45	45	56	58	72	0	45	60	57	0	53	1	35	36	39	18	0	3	0	4	1	0	0	0	1	0	0	0	0	0	0	0	0	0	0	0	0	0	0	0	0	0	0	305	301	290	328	273	252	228	204	158	41	35	66	103	94	70	99	96	92	85	103	65	74	67	84	79	61	57	50	47	46	25	17	18	17	11	9	5	0	0	0	0	0	0	0	0	0	0	0	0	0	0	0
230.00000261092723	0	0	1461	0	92	929	49	3776	3353	3201	5229	1177	545	500	292	48	49	69	77	88	0	59	76	70	3	68	3	45	46	60	31	0	8	4	10	9	0	2	4	1	0	0	0	0	0	0	0	0	0	0	0	0	0	0	0	0	0	0	313	307	302	340	276	262	234	226	173	49	43	75	110	100	89	99	99	98	97	125	88	107	98	103	89	80	71	68	65	63	47	45	66	55	26	18	18	1	0	0	0	0	0	0	0	0	0	0	0	0	0	0
235.00003373410016	3	1	1462	0	104	963	58	3840	3394	3243	5297	1245	587	539	336	59	52	81	101	101	0	77	84	89	3	90	7	64	62	72	43	0	16	8	19	15	0	7	10	4	2	1	0	0	0	0	0	0	0	0	0	0	0	0	0	0	0	0	325	318	308	353	291	265	247	231	187	49	45	86	119	111	96	126	124	106	99	135	110	137	132	155	128	92	87	84	82	81	66	65	85	81	69	67	50	9	2	0	0	0	0	0	0	0	0	0	0	0	0	0
240.00000790716197	0	0	1449	0	123	968	70	3884	3439	3289	5356	1298	625	564	364	64	60	92	112	116	1	90	106	104	1	106	14	78	76	89	57	0	23	19	31	27	0	14	16	12	5	4	1	0	0	0	0	0	0	0	0	0	0	0	0	0	0	0	340	337	318	358	304	267	263	240	200	57	51	95	128	126	127	134	132	125	121	147	124	145	135	161	156	106	99	95	94	94	82	82	105	93	92	88	81	21	19	2	0	0	0	0	0	0	0	0	0	0	0	0
245.00000182046668	1	0	1444	0	136	1003	80	3939	3478	3343	5409	1344	664	606	412	70	66	99	132	132	2	105	121	116	4	121	23	104	96	110	70	0	38	27	41	33	3	21	25	21	11	16	4	0	0	0	0	0	0	0	0	0	0	0	0	0	0	0	349	338	331	369	318	274	276	260	217	64	60	97	142	141	132	174	164	141	132	171	127	156	153	177	162	144	129	121	111	107	93	94	126	118	116	107	93	70	29	29	2	0	0	0	0	0	0	0	0	0	0	0
250.00001225498895	1	0	1435	0	152	1029	90	3984	3518	3370	5468	1378	686	638	439	78	78	114	151	149	0	123	131	135	3	134	35	121	106	126	90	1	50	43	48	40	8	29	36	34	20	24	9	0	0	0	0	0	0	0	0	0	0	0	0	0	0	0	352	345	331	379	334	278	292	269	235	70	67	118	152	144	132	177	175	173	171	200	158	196	185	206	181	176	172	168	163	151	114	108	153	146	139	133	118	89	75	43	6	0	0	0	0	0	0	0	0	0	0	0
255.00000465122505	3	0	1436	0	158	1077	102	4016	3547	3395	5511	1419	715	671	470	89	88	125	168	165	1	145	144	153	3	156	48	140	125	149	105	1	65	56	66	45	13	33	47	42	29	31	21	0	0	0	0	0	0	0	0	0	0	0	0	0	0	0	363	350	337	382	339	286	300	290	263	76	69	118	164	156	134	182	180	178	176	223	176	218	204	237	219	186	181	180	178	177	152	134	184	184	164	155	146	95	113	92	11	2	0	0	0	0	0	0	0	0	0	0
260.00001433074624	0	0	1423	0	171	1110	108	4051	3572	3429	5549	1472	733	698	519	93	92	140	181	177	1	160	160	169	6	176	63	161	152	174	119	7	81	71	86	63	24	47	59	56	38	39	32	0	1	0	1	0	0	0	0	0	0	0	0	0	0	0	367	364	342	387	349	291	305	301	270	83	72	123	170	169	168	185	182	182	181	228	187	228	223	257	244	203	202	197	192	188	164	159	213	205	185	185	182	136	143	133	20	7	14	7	0	0	0	0	0	0	0	0
265.0000008703661	1	0	1412	0	182	1118	116	4084	3593	3458	5581	1522	761	722	547	98	96	149	196	186	3	178	173	185	5	193	82	175	169	191	142	17	97	91	102	75	29	62	72	81	52	56	43	1	7	1	1	0	0	0	0	0	0	0	0	0	0	0	377	370	358	396	358	296	319	304	274	89	80	133	179	176	173	222	222	202	182	234	189	232	226	259	258	244	228	215	211	206	180	166	230	231	226	221	204	152	186	168	33	10	29	20	0	0	0	0	0	0	0	0
270.0000008532257	0	0	1396	0	203	1138	134	4124	3625	3478	5620	1553	790	747	584	104	97	159	212	197	1	195	184	202	4	212	103	196	181	210	157	29	119	103	112	92	48	74	100	91	67	65	53	4	17	4	2	0	0	0	0	0	0	0	0	0	0	0	380	370	363	410	366	303	333	314	286	90	88	142	188	188	187	241	234	223	221	264	206	250	238	275	264	273	264	258	252	246	191	181	248	242	235	233	231	176	221	215	38	19	53	39	9	0	0	0	0	0	0	0
275.0000037370683	1	0	1388	0	217	1172	140	4154	3656	3506	5663	1582	813	769	613	107	103	168	228	208	2	214	201	220	7	230	115	214	196	232	175	42	137	118	125	104	57	89	113	117	88	78	68	13	26	11	3	0	0	1	0	0	0	0	0	0	0	0	382	373	363	415	372	307	333	331	296	90	88	144	200	200	191	259	253	248	234	280	237	298	281	307	280	287	288	280	276	271	217	205	271	267	259	251	241	223	230	267	47	28	71	64	21	0	0	0	0	0	0	0
280.00000296357376	0	0	1386	0	225	1169	153	4176	3681	3535	5694	1603	836	792	647	112	110	180	246	222	0	229	219	238	4	255	134	237	218	252	197	55	151	133	139	124	74	103	132	138	107	94	78	25	46	19	5	0	3	2	0	0	0	0	0	0	0	0	389	375	367	418	380	314	339	335	318	98	89	144	203	203	202	270	260	260	258	316	270	332	326	354	337	295	293	290	288	287	227	220	305	306	291	278	264	235	296	279	54	38	92	80	41	0	0	0	0	0	0	0
285.0000007436198	1	0	1380	0	233	1170	169	4205	3708	3559	5731	1631	863	812	670	121	114	194	263	238	3	246	232	256	5	268	150	256	242	274	218	63	163	149	153	145	87	114	150	151	119	113	95	35	58	34	8	0	6	6	0	0	0	0	0	0	0	0	397	387	373	421	383	321	354	339	335	99	90	144	206	205	202	274	274	273	262	325	281	339	333	373	364	318	311	306	301	298	276	271	344	331	311	306	303	252	327	349	56	47	112	104	63	1	0	0	0	0	0	0
290.00000658936057	0	0	1369	0	244	1181	176	4238	3739	3580	5752	1653	883	827	687	124	116	202	277	247	2	261	252	271	13	289	162	281	256	296	237	88	186	165	170	162	102	131	179	170	137	130	105	44	66	43	14	0	12	11	0	0	0	0	0	0	0	0	409	399	383	427	389	323	374	347	342	118	109	165	217	213	207	280	275	275	274	336	292	354	350	392	378	373	351	338	330	322	301	300	401	399	366	345	329	281	348	405	74	54	133	119	81	13	0	0	0	0	0	0
295.0000088774158	0	0	1347	0	258	1166	194	4261	3756	3601	5778	1681	907	840	709	129	120	208	287	258	2	279	273	281	6	308	182	300	272	315	266	112	202	177	187	180	120	146	205	187	157	144	119	54	89	62	16	0	18	13	0	0	0	0	0	0	0	0	419	414	394	437	396	330	393	370	344	123	120	178	228	228	224	282	281	280	277	347	310	377	371	406	400	405	396	392	383	374	332	327	435	428	417	407	391	308	359	428	80	56	150	143	107	24	10	5	2	0	0	0
300.00000308228596	1	0	1350	0	266	1153	209	4280	3773	3622	5806	1697	929	865	735	133	124	216	294	269	4	296	294	292	5	324	201	322	275	329	286	130	220	197	210	194	136	165	220	208	175	159	139	70	105	84	19	0	22	22	0	0	0	0	0	0	0	0	425	419	413	449	411	340	400	391	362	125	120	180	247	247	245	308	294	283	282	356	328	400	385	426	426	423	412	411	411	405	384	373	471	459	444	436	430	351	401	439	83	73	170	154	119	35	23	17	16	11	0	0
305.00000500140294	0	0	1346	0	272	1159	215	4293	3798	3636	5827	1713	950	881	765	137	128	223	310	282	4	308	309	309	10	342	215	338	298	344	300	151	240	228	233	216	150	186	241	228	201	177	154	86	124	105	21	0	27	29	0	0	0	1	0	0	0	0	430	425	419	471	416	346	402	399	386	133	127	198	251	247	247	328	318	309	300	368	334	403	398	436	427	444	441	431	427	424	411	404	508	500	491	476	459	396	431	476	84	79	199	182	145	47	34	32	32	23	1	0
310.0000114174641	1	0	1331	0	284	1160	219	4316	3817	3652	5847	1737	968	903	782	146	136	228	328	291	3	325	333	329	11	357	234	364	309	365	315	168	261	249	249	229	173	202	269	243	214	194	173	101	149	131	23	0	35	33	0	0	0	1	1	0	0	0	435	431	425	474	419	359	412	402	389	144	130	199	270	268	253	333	331	328	312	397	337	405	399	453	452	472	458	446	445	444	428	427	555	543	528	516	500	440	497	519	97	83	209	202	156	72	44	44	41	34	15	13
315.0000010588853	1	0	1316	0	295	1183	234	4336	3843	3669	5870	1756	988	922	797	153	141	233	337	303	3	338	353	348	12	377	253	380	327	380	331	196	286	265	263	248	190	218	294	263	234	205	186	127	169	153	27	1	37	44	0	0	0	4	2	1	0	0	446	439	433	480	421	367	432	407	393	147	138	206	277	273	266	339	333	333	333	403	349	422	408	461	460	478	475	475	475	475	442	438	563	558	559	557	546	479	559	589	103	84	224	220	182	78	79	68	57	44	29	28
320.0000117993069	1	0	1303	0	311	1194	241	4365	3854	3681	5894	1785	1004	938	816	159	149	234	354	314	4	348	367	362	8	391	271	402	350	395	349	212	308	289	284	261	206	241	320	284	261	224	196	139	193	170	34	4	45	47	1	0	0	5	2	1	0	0	458	448	439	488	428	375	450	419	411	152	148	223	295	293	281	363	354	351	333	420	356	429	427	484	461	510	496	484	479	478	457	451	593	588	575	568	560	486	631	654	119	93	232	225	202	92	91	91	90	81	37	43
325.0000121733446	0	0	1304	0	318	1266	243	4383	3878	3698	5919	1795	1030	950	836	164	160	240	371	324	3	359	380	380	8	402	287	423	361	414	361	233	332	309	300	268	218	260	349	302	282	245	213	153	217	193	37	6	53	54	4	0	0	7	2	3	0	2	462	459	448	496	439	390	460	439	437	161	152	230	306	306	298	385	371	368	357	431	361	433	428	492	491	523	518	517	513	510	462	455	600	595	595	593	589	536	641	735	138	99	251	247	216	133	91	91	91	90	51	57
330.0000116288726	0	0	1298	0	327	1270	248	4406	3893	3724	5942	1815	1044	965	845	167	165	248	382	327	6	371	393	396	5	414	308	448	378	427	380	249	351	329	316	291	232	271	373	327	303	271	235	170	244	212	43	10	61	60	6	0	0	8	7	7	0	3	466	466	457	505	455	404	479	458	463	169	158	236	313	313	311	403	397	387	376	466	400	475	461	514	495	528	525	525	525	524	473	461	607	607	605	603	595	552	682	763	154	110	257	254	226	146	128	114	101	91	72	89
335.0000012709048	0	0	1287	0	333	1313	263	4418	3918	3738	5959	1830	1058	973	875	172	172	257	395	343	7	383	412	410	8	430	322	459	391	447	398	264	364	345	336	311	247	283	395	347	318	288	259	186	266	236	48	11	73	66	10	0	0	9	12	10	0	4	468	468	466	515	472	410	500	475	469	170	159	239	323	322	317	418	412	407	398	492	414	493	483	549	538	558	557	546	535	530	489	478	611	607	607	607	607	561	703	806	158	116	258	258	249	159	161	156	153	130	91	120
340.0000110917979	0	0	1271	0	348	1320	282	4427	3933	3753	5972	1845	1080	985	896	177	176	262	406	354	3	401	420	428	8	452	341	470	403	465	419	289	386	363	358	327	267	309	417	368	341	304	288	201	273	261	55	16	82	77	18	0	0	19	15	12	0	8	475	471	467	523	478	421	520	494	472	174	160	239	329	329	324	421	419	418	407	500	438	524	520	575	553	564	560	558	558	558	538	534	673	659	628	616	607	571	716	829	161	129	277	266	254	163	182	175	173	162	98	134
345.0000046800696	3	0	1271	0	350	1325	282	4440	3954	3774	5992	1866	1100	1002	910	182	182	269	413	364	7	413	436	439	15	468	355	485	419	479	431	313	411	381	374	341	284	322	433	382	358	322	312	221	288	286	61	19	93	80	25	0	0	22	22	13	2	13	479	477	470	524	483	428	533	511	480	181	167	246	333	331	329	433	427	427	410	513	445	535	530	581	570	604	590	579	572	568	558	556	721	720	697	676	651	585	720	847	168	131	280	280	259	178	193	186	184	182	127	153
350.0000005296701	0	0	1254	0	366	1323	295	4453	3968	3788	6010	1890	1120	1019	934	190	190	275	428	367	2	426	450	453	8	485	367	506	432	496	448	337	425	400	387	353	306	337	451	405	373	339	335	240	309	307	64	22	103	94	30	0	2	26	23	16	3	16	483	480	477	529	490	429	542	531	494	181	167	246	338	338	332	442	442	438	421	526	460	547	534	603	597	628	623	622	613	607	572	566	739	731	724	722	717	591	756	852	168	137	280	280	264	191	214	205	199	194	166	198
355.0000000745714	0	0	1238	0	379	1350	308	4465	3985	3796	6028	1912	1146	1033	947	196	197	281	435	382	1	441	460	470	7	500	383	525	441	515	461	366	448	426	410	369	321	354	470	420	392	357	349	264	335	336	72	27	111	102	37	0	4	32	25	23	8	23	484	484	480	538	497	440	552	547	499	183	167	248	345	344	332	442	442	442	440	533	494	588	570	624	603	648	647	641	634	631	613	608	778	763	743	739	731	624	762	893	171	164	320	288	280	203	228	220	214	213	186	238
360.0000032433218	0	0	1234	0	382	1354	317	4480	3998	3811	6044	1920	1158	1045	964	201	202	287	444	394	7	462	476	484	11	510	399	542	455	532	480	385	461	445	428	391	336	373	491	449	413	374	365	283	363	361	79	30	116	111	44	0	14	39	25	29	10	33	486	484	484	540	506	451	563	551	506	184	169	248	349	344	332	442	442	442	442	553	528	629	620	678	649	673	662	655	649	649	631	626	808	806	795	780	759	649	802	910	183	165	329	326	280	205	236	236	234	230	194	249
365.00000637560004	1	0	1224	0	395	1380	321	4493	4008	3831	6061	1935	1175	1057	984	208	209	292	452	402	6	476	490	495	17	523	418	558	478	552	501	404	480	464	450	410	354	395	513	472	432	396	386	302	382	394	85	33	120	124	47	0	20	44	26	39	10	39	489	487	485	545	517	461	578	561	517	186	169	248	349	344	332	442	442	442	442	555	536	634	629	704	700	684	682	683	682	675	634	628	817	817	813	808	807	670	805	948	186	171	331	329	286	250	259	259	249	238	215	273
370.0000010120686	0	0	1206	0	409	1356	341	4502	4023	3853	6076	1951	1192	1077	992	215	214	297	457	416	4	485	501	511	7	537	428	573	491	572	515	423	497	486	470	426	376	409	531	492	449	415	405	315	402	421	90	38	131	136	53	2	25	53	38	48	12	47	489	489	487	548	522	468	598	578	537	204	187	259	349	349	349	448	442	442	442	559	538	642	637	709	704	727	712	702	690	684	658	648	829	825	822	818	817	745	842	951	194	183	350	343	325	274	286	276	266	261	235	309
375.0000004181551	0	0	1201	0	414	1355	346	4514	4034	3861	6093	1969	1208	1095	1008	219	220	302	463	426	9	494	516	519	5	555	446	593	504	589	531	443	518	503	485	445	391	426	541	516	472	432	424	338	420	441	97	42	136	146	68	6	36	59	43	56	16	50	497	490	489	553	525	468	602	589	566	213	197	278	377	368	356	463	461	456	443	562	541	649	643	716	713	781	760	745	734	725	670	659	854	851	843	832	825	778	843	984	195	185	365	362	330	280	331	318	307	285	247	333
380.00000313514005	0	0	1185	0	427	1329	354	4524	4047	3866	6106	1988	1221	1108	1023	228	222	309	470	440	4	508	524	532	15	577	457	609	517	602	552	462	543	513	504	463	408	444	571	545	492	460	443	357	447	466	101	46	145	155	78	9	37	65	50	62	19	56	509	500	490	554	531	471	611	602	576	219	198	279	377	368	356	470	469	466	460	582	543	656	650	722	720	792	791	789	787	782	695	674	874	874	862	855	852	792	871	994	204	193	386	374	344	280	357	358	352	329	266	370
385.00000382710834	0	0	1177	0	432	1332	369	4533	4059	3880	6122	2003	1236	1124	1040	231	227	314	479	452	7	515	535	542	10	591	474	626	533	627	569	482	554	529	519	478	427	456	594	565	510	487	459	367	464	485	105	51	156	167	83	12	43	73	59	72	20	62	514	509	500	557	536	482	623	610	583	233	218	289	377	368	356	471	471	471	469	599	544	658	654	729	727	803	803	797	793	791	714	702	895	889	878	873	874	827	965	1021	204	194	401	392	362	287	365	365	365	359	296	410
390.0000004896734	0	0	1162	0	441	1384	377	4545	4076	3889	6137	2015	1249	1141	1060	235	231	318	480	464	7	524	546	547	15	608	492	636	548	640	588	501	574	542	544	501	440	465	618	592	532	505	478	385	491	504	114	55	164	181	88	16	45	78	68	78	25	74	518	517	509	570	542	483	634	622	588	235	218	302	400	382	358	472	472	471	470	604	554	667	661	735	731	816	811	808	807	794	737	729	942	930	910	898	890	831	1015	1105	213	198	407	403	375	301	366	366	365	365	347	451
395.0000023314508	0	0	1157	0	448	1448	390	4553	4082	3899	6149	2026	1263	1162	1071	242	240	322	493	472	4	533	558	561	10	627	503	651	560	657	599	523	591	555	554	517	459	488	635	613	555	522	496	410	510	524	123	60	174	194	101	22	53	86	75	85	29	81	523	520	518	580	545	493	639	626	607	267	251	326	412	401	390	486	472	472	472	608	578	699	694	758	738	826	822	820	816	806	743	735	947	945	944	944	927	836	1033	1172	236	204	423	412	391	303	385	377	371	366	365	494
400.00000131148414	1	0	1145	0	453	1455	398	4565	4094	3910	6157	2039	1275	1174	1091	245	245	325	507	481	6	540	566	571	11	642	521	665	573	672	615	552	615	574	577	536	477	509	647	639	569	541	510	434	533	537	127	61	181	204	109	30	62	93	85	95	33	99	524	523	520	588	549	511	647	627	618	276	262	347	453	440	417	522	505	492	476	610	579	699	695	778	773	831	831	829	827	825	773	759	959	948	947	947	945	875	1042	1202	254	211	432	424	403	314	389	389	388	385	365	510
405.0000016864571	0	0	1137	0	459	1427	401	4576	4104	3922	6179	2053	1286	1190	1104	247	248	331	516	490	6	555	577	580	9	651	535	683	581	687	624	571	636	592	584	553	498	530	663	658	588	565	530	449	557	563	129	68	187	210	117	35	73	101	89	105	42	109	524	524	523	593	553	520	664	627	627	285	276	363	467	462	459	565	535	529	506	634	579	699	695	778	778	843	834	832	832	832	821	812	1016	1001	974	961	949	943	1071	1218	261	222	447	439	411	322	394	391	389	389	371	520
410.00000045867233	0	0	1118	0	471	1403	419	4588	4118	3928	6188	2069	1306	1203	1122	254	257	336	527	497	4	566	583	589	12	665	553	704	593	699	643	590	650	609	601	568	517	540	685	676	606	584	558	468	578	586	137	70	198	219	125	43	87	109	97	111	48	120	527	526	523	600	555	527	675	642	639	297	284	367	479	479	477	597	589	561	516	644	583	704	695	778	778	879	873	857	848	843	829	824	1052	1052	1033	1020	996	947	1115	1249	266	228	467	452	425	329	411	406	402	394	373	523
415.0000035574853	0	0	1108	0	477	1403	432	4601	4132	3944	6198	2084	1323	1217	1134	266	263	348	536	511	6	576	598	601	14	678	569	713	610	709	662	606	667	627	620	586	535	559	702	702	631	606	569	489	605	610	143	80	205	226	139	49	101	117	105	121	57	131	537	528	526	601	560	542	689	660	659	315	315	407	506	496	486	615	612	601	552	669	603	723	706	784	784	883	883	883	882	881	851	843	1070	1059	1055	1053	1046	965	1157	1298	277	242	480	473	439	383	418	416	416	410	388	553
420.000001782071	0	0	1103	0	486	1410	433	4605	4148	3959	6210	2093	1340	1236	1146	268	267	360	544	523	7	586	609	610	12	690	588	725	625	727	680	625	689	646	631	597	550	571	723	725	643	623	592	509	632	635	152	92	214	238	149	58	111	125	113	128	63	141	557	543	528	604	570	558	706	682	671	319	315	408	531	531	529	623	623	616	613	737	615	733	726	812	803	883	883	883	883	883	865	854	1081	1081	1080	1075	1060	1009	1199	1344	285	266	523	495	453	408	440	431	423	420	398	560
425.000000101927	0	0	1094	0	492	1422	447	4613	4161	3970	6224	2109	1348	1250	1165	279	273	372	549	531	7	596	623	620	11	704	604	742	638	744	698	637	707	662	648	613	573	592	745	743	657	635	611	529	656	661	157	96	226	246	159	62	119	137	124	133	63	149	560	550	536	608	584	569	728	700	686	324	316	408	533	533	533	674	662	636	623	754	623	749	736	821	813	890	885	883	883	883	880	874	1114	1109	1092	1083	1081	1030	1246	1398	294	275	527	527	472	413	497	484	466	440	412	575
430.0000130192828	0	0	1075	0	507	1428	452	4623	4173	3983	6233	2123	1357	1259	1190	281	277	385	556	542	5	616	633	634	11	717	616	748	652	763	720	659	732	678	667	633	585	616	763	760	679	651	633	553	681	683	160	99	230	252	165	69	126	149	131	146	66	157	566	556	543	617	592	574	751	721	693	324	320	408	533	533	533	678	676	675	672	793	684	809	790	865	836	908	898	891	890	890	880	874	1123	1119	1117	1114	1105	1042	1266	1453	309	283	533	532	490	425	518	516	515	497	423	581
435.00000579419986	0	0	1064	0	517	1430	456	4635	4184	3988	6239	2131	1366	1274	1203	289	284	391	562	547	4	637	651	646	20	733	637	772	668	778	731	667	741	698	675	649	602	640	777	780	702	674	658	573	698	703	166	105	239	263	170	78	132	156	138	155	73	170	580	573	556	623	596	579	761	742	705	324	320	415	540	540	536	679	678	678	676	820	706	832	819	907	896	924	922	921	915	910	881	875	1132	1131	1127	1124	1122	1056	1281	1472	319	288	546	541	525	428	536	532	526	518	442	601
440.0000036026753	0	0	1062	0	519	1409	480	4652	4192	3998	6252	2141	1379	1286	1216	292	288	397	572	557	10	659	659	658	12	746	645	780	688	801	750	685	754	711	693	668	618	651	792	795	720	695	674	594	726	721	174	109	245	274	175	84	139	173	150	163	83	182	587	582	570	638	600	582	770	759	711	326	321	416	544	543	538	684	683	680	679	827	739	868	866	950	914	953	935	932	929	926	882	876	1135	1135	1134	1133	1132	1060	1311	1496	321	288	548	548	533	435	549	546	544	538	450	607
445.00000065320774	0	0	1049	0	531	1412	481	4657	4201	4007	6261	2150	1393	1306	1228	295	290	401	581	568	3	669	667	667	19	762	659	802	701	821	764	703	768	723	709	687	635	667	820	817	732	712	696	626	759	746	180	113	254	282	179	88	148	179	157	173	93	191	593	590	583	652	602	589	772	765	721	333	328	426	549	549	543	691	684	684	682	831	753	886	880	972	960	1006	984	973	960	953	912	907	1160	1147	1140	1139	1135	1063	1315	1539	324	288	552	550	539	437	558	557	550	549	461	608
450.00000377323704	0	0	1043	0	532	1425	491	4669	4208	4018	6267	2161	1405	1322	1241	303	296	404	591	577	11	683	678	688	15	775	670	815	717	845	776	725	784	744	723	699	646	680	835	850	748	728	722	649	784	781	186	121	264	296	193	96	153	188	171	185	99	209	594	593	590	665	604	593	781	765	733	341	331	428	561	561	552	696	694	693	683	835	754	890	881	972	971	1035	1026	1025	1020	1008	964	953	1218	1195	1175	1163	1145	1066	1321	1550	331	290	558	557	549	465	565	565	565	558	517	672
455.0000071215418	0	0	1035	0	539	1448	496	4679	4218	4021	6275	2176	1423	1330	1250	308	305	409	605	586	9	690	692	701	16	787	683	837	732	860	793	743	800	758	745	712	662	696	856	872	769	753	733	670	811	808	192	127	267	306	200	102	165	193	184	199	107	218	596	595	593	673	608	598	782	766	741	341	331	428	566	566	565	716	706	697	683	836	757	896	891	984	979	1083	1069	1057	1046	1036	991	980	1241	1235	1225	1220	1190	1091	1323	1559	335	301	571	559	551	488	579	571	565	565	549	721
460.0000007619952	0	0	1019	0	555	1441	517	4685	4223	4030	6287	2188	1435	1344	1261	312	309	420	616	593	7	705	703	714	13	800	695	850	749	876	813	765	813	772	758	730	676	720	884	893	786	778	749	691	833	835	194	133	277	316	209	110	174	204	191	211	110	227	611	599	595	674	617	600	782	766	750	343	331	428	566	566	565	722	721	718	707	864	757	900	897	992	986	1094	1092	1092	1089	1084	1050	1043	1295	1273	1256	1242	1236	1143	1349	1570	338	320	577	571	557	490	596	596	595	583	565	749
465.0000013410882	0	0	1013	0	566	1421	523	4689	4237	4043	6292	2192	1447	1354	1275	313	314	429	626	600	5	718	720	725	18	811	711	861	759	891	832	784	833	796	768	752	682	739	903	911	811	796	770	711	849	859	205	144	290	325	218	116	184	212	198	221	118	239	615	610	600	677	626	610	785	767	766	360	353	452	570	566	565	726	724	724	712	874	758	903	899	997	993	1104	1100	1097	1095	1095	1073	1062	1334	1334	1323	1298	1270	1153	1396	1584	340	334	619	600	559	490	625	626	614	597	565	761
470.0000010536995	0	0	1011	0	568	1415	532	4703	4250	4058	6299	2203	1461	1369	1287	322	319	435	638	611	10	728	732	738	17	828	723	878	767	911	851	799	852	817	781	776	697	759	924	925	833	808	790	730	869	881	211	149	299	333	232	128	186	222	212	225	127	250	621	615	612	683	639	615	796	767	786	364	353	452	590	581	567	727	727	726	726	891	774	920	909	1001	999	1117	1114	1107	1106	1105	1095	1095	1378	1365	1341	1334	1318	1165	1424	1635	342	338	634	631	571	526	627	627	627	626	572	762
475.0000045573837	0	0	995	0	577	1416	545	4712	4259	4064	6308	2209	1471	1380	1296	324	324	445	650	621	11	741	741	756	13	845	731	891	782	927	865	811	863	835	793	790	718	775	947	939	852	824	812	755	895	909	216	153	308	341	239	133	200	231	224	233	130	258	632	626	616	696	651	620	801	777	800	367	353	452	592	592	592	745	731	730	727	896	782	926	915	1017	1017	1128	1127	1121	1118	1118	1105	1100	1381	1381	1381	1371	1337	1166	1436	1677	354	340	648	639	596	551	641	632	629	627	607	783
480.0000219160061	0	0	974	0	589	1447	551	4717	4269	4076	6326	2216	1480	1397	1309	332	333	455	658	636	5	747	753	765	20	859	755	907	798	947	885	832	883	849	814	808	740	791	969	961	876	846	835	781	922	931	219	155	316	351	252	142	204	236	234	244	136	273	636	632	627	705	664	623	810	785	800	380	366	455	595	595	594	765	762	751	733	902	811	955	940	1031	1026	1139	1137	1133	1133	1129	1117	1110	1394	1385	1384	1382	1377	1229	1447	1699	361	342	653	650	632	553	683	674	663	642	627	840
485.0000086150276	0	0	966	0	589	1432	559	4730	4272	4086	6338	2225	1498	1412	1323	336	335	462	672	650	11	760	764	784	22	864	772	921	808	962	897	845	902	860	831	822	754	804	992	984	891	867	860	800	946	955	226	162	331	363	260	151	220	249	239	250	139	285	644	637	632	717	673	626	816	792	804	380	372	474	616	609	597	771	767	766	764	916	852	999	984	1074	1051	1161	1155	1146	1143	1140	1125	1113	1398	1398	1396	1394	1385	1319	1499	1720	364	352	673	657	639	557	702	703	703	686	628	848
490.00000745490996	0	0	948	0	599	1439	571	4742	4280	4098	6351	2239	1513	1427	1340	347	342	467	679	660	7	773	773	795	17	878	788	935	827	987	910	862	922	880	845	846	767	820	1007	1002	905	889	885	817	972	986	230	167	341	373	270	160	227	255	247	258	151	291	655	646	639	722	674	640	818	800	804	380	372	474	618	609	597	776	776	775	770	946	889	1045	1042	1127	1097	1172	1163	1161	1161	1161	1144	1136	1420	1411	1404	1398	1398	1376	1559	1778	371	360	694	679	650	568	705	706	706	704	640	858
495.00000265862394	0	0	936	0	607	1443	577	4746	4285	4108	6361	2246	1518	1439	1353	352	350	471	691	668	5	785	783	805	12	886	802	953	838	1002	927	882	929	898	861	877	780	837	1029	1020	925	905	912	837	987	1011	233	176	349	386	274	166	239	266	256	268	155	300	669	663	649	730	679	647	829	801	804	392	390	496	624	615	602	776	776	776	776	947	916	1075	1069	1168	1137	1198	1183	1176	1175	1174	1156	1144	1443	1443	1436	1426	1412	1395	1651	1844	388	364	701	699	658	592	714	714	710	706	648	862
500.0000027971802	0	0	927	0	615	1461	589	4755	4295	4117	6368	2258	1528	1447	1358	355	355	480	697	674	7	793	795	815	9	901	817	971	854	1015	944	896	952	916	873	896	795	852	1050	1040	943	931	932	860	1001	1040	238	182	355	405	284	175	245	273	264	276	169	316	672	671	665	744	689	652	838	809	811	393	390	496	648	639	623	797	783	778	776	957	916	1075	1069	1177	1176	1240	1225	1212	1205	1199	1172	1166	1460	1453	1447	1444	1443	1397	1688	1932	401	370	712	708	681	600	733	724	721	714	649	863
505.0000029981103	0	0	921	0	622	1486	589	4767	4300	4126	6384	2270	1539	1455	1374	362	363	484	708	685	9	813	811	827	22	920	827	985	865	1039	963	918	963	930	888	916	806	866	1065	1055	956	948	951	877	1022	1068	243	187	365	418	294	186	252	291	277	282	178	325	677	672	671	759	700	652	842	820	821	397	391	496	648	648	644	808	806	804	788	958	924	1084	1078	1182	1177	1291	1271	1255	1246	1237	1187	1182	1484	1480	1479	1467	1452	1407	1691	1995	425	381	717	717	698	630	750	748	746	733	650	869
510.0000002845289	0	0	907	0	634	1481	595	4776	4306	4134	6394	2280	1558	1471	1388	372	371	495	716	693	7	829	820	833	15	935	841	1003	882	1046	974	930	979	948	900	931	824	882	1079	1078	971	970	975	898	1049	1095	249	195	378	427	301	193	261	299	289	291	185	338	680	678	673	765	707	653	853	831	840	406	394	496	649	649	644	832	829	815	808	989	925	1091	1087	1193	1188	1332	1324	1312	1304	1294	1232	1227	1535	1523	1505	1489	1480	1439	1695	2002	432	399	735	725	709	631	775	767	756	750	651	881
515.000007466511	0	0	897	0	642	1462	605	4782	4310	4143	6403	2292	1567	1482	1398	376	375	504	728	704	9	842	835	844	11	949	857	1013	898	1066	987	938	996	967	917	952	840	896	1098	1098	997	989	1000	922	1074	1123	258	201	383	433	309	209	274	309	297	305	194	352	686	683	678	769	719	658	858	841	847	408	394	501	656	655	646	834	834	834	830	996	935	1100	1087	1199	1194	1335	1335	1334	1333	1332	1293	1275	1581	1567	1550	1536	1518	1473	1717	2002	432	422	753	741	717	634	799	797	791	775	658	885
520.0000005320725	0	0	892	0	644	1444	618	4792	4317	4150	6412	2299	1580	1489	1408	383	382	505	736	708	15	857	845	857	12	976	868	1028	905	1078	999	958	1012	983	941	970	854	908	1109	1114	1016	1011	1019	944	1103	1154	264	204	390	440	318	216	284	321	311	311	204	366	690	686	682	773	724	671	864	849	856	425	412	510	658	657	657	834	834	834	834	1021	978	1152	1138	1234	1206	1353	1343	1339	1337	1336	1308	1296	1593	1590	1590	1581	1562	1479	1732	2020	432	432	791	775	724	668	799	800	800	800	695	909
525.0000019974924	0	0	875	0	666	1476	621	4802	4327	4155	6420	2307	1592	1495	1423	386	386	507	747	713	7	864	853	874	23	999	883	1044	916	1094	1016	982	1030	1003	967	988	863	926	1121	1138	1038	1034	1035	960	1118	1184	266	209	397	452	329	225	288	332	319	317	215	377	692	691	686	780	731	686	879	858	880	438	431	536	684	682	669	855	852	840	834	1024	995	1170	1164	1274	1253	1363	1356	1355	1354	1354	1317	1310	1631	1631	1618	1596	1590	1482	1741	2039	436	432	796	796	741	700	808	803	800	800	745	955
530.0000005025216	2	0	866	0	675	1495	643	4809	4338	4159	6432	2322	1599	1509	1439	389	390	513	758	721	7	874	863	884	18	1011	899	1061	927	1101	1027	995	1049	1017	980	1009	883	939	1141	1155	1058	1052	1056	980	1138	1212	268	216	405	464	338	238	298	345	329	328	228	390	698	693	689	787	744	701	904	870	904	448	442	553	710	697	672	868	866	858	853	1040	1021	1197	1181	1285	1281	1379	1370	1366	1367	1364	1331	1322	1631	1631	1631	1631	1613	1491	1787	2054	440	432	796	796	778	705	857	846	829	810	780	1004
535.0000167333865	0	0	864	0	679	1548	666	4818	4344	4163	6442	2330	1607	1515	1456	395	396	520	767	736	11	884	873	894	17	1024	914	1079	941	1123	1040	1008	1067	1038	998	1031	900	963	1159	1174	1083	1074	1076	998	1160	1236	271	225	421	474	343	245	304	360	340	341	241	406	705	701	693	790	754	721	923	895	922	457	448	559	717	708	689	868	868	868	860	1049	1025	1209	1203	1320	1307	1416	1401	1390	1384	1380	1365	1356	1676	1664	1643	1634	1613	1503	1805	2099	441	436	801	799	796	711	879	879	873	854	799	1050
540.0000001648751	0	0	861	0	683	1563	665	4826	4359	4168	6454	2342	1615	1523	1472	398	403	523	777	747	10	897	884	907	23	1040	928	1097	957	1141	1055	1021	1080	1055	1012	1050	919	979	1175	1196	1103	1092	1096	1017	1188	1260	278	228	429	485	358	260	315	370	350	357	253	414	718	707	702	796	764	730	943	918	933	466	458	559	729	728	714	885	879	868	868	1062	1034	1215	1209	1329	1328	1454	1451	1431	1424	1417	1382	1371	1692	1691	1685	1676	1660	1550	1820	2124	445	436	802	801	796	713	883	883	883	880	813	1054
545.0000014072323	0	0	858	0	689	1541	674	4831	4372	4174	6467	2352	1633	1530	1487	403	411	529	788	756	11	906	893	915	13	1053	939	1114	970	1160	1079	1035	1092	1075	1026	1062	939	994	1197	1222	1115	1111	1130	1046	1213	1288	283	235	433	496	368	271	323	382	365	368	269	422	721	720	709	806	772	742	957	934	948	480	471	584	747	741	716	911	904	889	877	1069	1042	1227	1224	1338	1329	1479	1466	1458	1454	1454	1424	1418	1737	1722	1704	1694	1692	1590	1848	2138	449	440	811	805	799	723	891	891	891	885	841	1069
550.0000024103265	0	0	856	0	685	1574	678	4838	4379	4184	6477	2363	1652	1546	1496	409	414	532	796	761	21	918	906	928	27	1060	957	1124	984	1184	1090	1051	1105	1091	1046	1085	955	1013	1210	1239	1141	1135	1153	1068	1237	1312	290	237	444	508	372	278	337	389	373	382	272	438	722	721	720	816	774	753	969	955	960	480	471	584	754	744	725	923	911	911	887	1088	1063	1256	1250	1366	1348	1503	1497	1496	1488	1481	1453	1446	1782	1775	1756	1743	1718	1646	1912	2170	453	444	826	819	802	763	903	900	894	891	858	1104
555.000000359052	0	0	832	0	711	1590	687	4848	4389	4192	6488	2379	1663	1556	1510	416	417	537	805	774	5	927	913	947	27	1071	974	1142	989	1198	1102	1070	1119	1106	1064	1100	973	1030	1234	1259	1166	1156	1171	1089	1267	1344	295	238	455	517	383	283	349	409	381	395	286	452	726	723	721	824	782	759	983	967	972	489	477	584	754	745	725	923	922	923	913	1109	1065	1262	1257	1389	1385	1506	1504	1503	1503	1503	1456	1447	1782	1782	1782	1782	1771	1688	1966	2230	457	447	832	831	805	796	922	913	906	903	881	1121
560.0000069042875	1	0	841	0	715	1605	713	4850	4398	4202	6500	2394	1680	1570	1520	420	420	541	814	784	18	939	921	955	13	1088	989	1156	1008	1217	1122	1087	1132	1127	1082	1114	993	1050	1259	1289	1189	1186	1188	1105	1283	1363	297	245	465	526	397	288	361	418	392	408	299	463	734	729	722	826	787	765	996	981	992	494	495	605	756	746	725	924	923	923	923	1129	1084	1278	1266	1395	1389	1526	1522	1510	1508	1506	1489	1481	1806	1795	1785	1782	1782	1749	2011	2291	472	448	841	837	818	796	974	961	943	925	890	1137
565.0000025288168	0	0	833	0	728	1643	718	4865	4408	4213	6509	2401	1691	1583	1535	428	427	553	822	791	15	950	930	959	21	1110	1000	1175	1024	1235	1128	1098	1146	1139	1098	1130	1010	1079	1282	1314	1212	1203	1207	1121	1312	1393	304	251	474	534	409	294	374	428	404	414	311	472	741	734	725	830	792	779	1002	994	1017	502	496	613	771	753	727	924	924	924	923	1130	1095	1288	1285	1418	1402	1571	1558	1543	1535	1527	1510	1504	1847	1842	1823	1813	1796	1776	2073	2347	482	451	842	841	830	798	988	988	988	975	899	1158
570.0000160669059	0	0	839	0	735	1650	721	4873	4415	4218	6522	2409	1700	1591	1544	432	432	562	828	797	18	958	939	975	16	1125	1008	1194	1035	1250	1142	1116	1165	1152	1115	1145	1027	1091	1298	1334	1240	1226	1227	1138	1337	1422	307	259	481	546	417	302	380	435	415	429	323	491	743	741	729	833	800	790	1020	1001	1038	509	503	613	776	757	727	924	924	924	924	1132	1107	1304	1298	1418	1413	1579	1579	1577	1576	1574	1530	1518	1856	1847	1847	1846	1838	1785	2101	2410	497	473	859	851	837	802	993	992	991	989	906	1164
575.0000006303131	0	0	840	0	741	1640	723	4877	4424	4224	6530	2415	1712	1605	1551	439	439	572	837	802	18	973	960	985	22	1138	1023	1208	1046	1264	1157	1128	1186	1181	1125	1159	1042	1104	1318	1353	1260	1252	1241	1154	1359	1448	309	265	496	557	422	319	390	450	423	438	333	502	755	744	741	841	808	796	1029	1012	1056	515	506	625	808	792	756	924	924	924	924	1132	1116	1314	1302	1441	1421	1593	1581	1579	1579	1579	1566	1556	1896	1895	1875	1861	1848	1798	2108	2443	510	481	891	881	841	808	999	997	995	994	943	1194
580.000001100881	1	0	833	0	762	1646	736	4884	4428	4227	6539	2428	1721	1621	1563	443	443	577	844	808	7	987	967	991	22	1155	1040	1230	1057	1287	1172	1148	1201	1203	1151	1173	1067	1119	1338	1368	1280	1277	1265	1171	1386	1466	316	271	504	566	426	325	398	459	433	446	344	514	757	755	744	852	815	806	1032	1028	1078	520	513	636	816	805	792	979	948	931	924	1134	1132	1337	1332	1469	1455	1606	1606	1606	1599	1593	1579	1577	1922	1914	1908	1897	1892	1818	2109	2460	520	494	910	904	851	825	1012	1011	1008	1000	947	1220
585.0000025416459	0	0	834	0	764	1635	745	4888	4440	4233	6547	2442	1734	1627	1576	448	448	581	850	819	15	996	973	997	24	1166	1055	1236	1067	1305	1186	1171	1228	1228	1166	1191	1078	1136	1357	1393	1310	1293	1282	1188	1408	1495	320	277	518	573	440	334	404	472	451	462	356	529	758	758	755	856	825	810	1040	1030	1096	521	514	641	831	830	829	1008	992	980	944	1138	1134	1337	1333	1474	1474	1617	1607	1606	1606	1606	1591	1582	1942	1939	1936	1926	1915	1856	2112	2469	521	503	923	917	883	832	1023	1017	1013	1012	995	1255
590.0000131148298	0	0	821	0	777	1629	758	4892	4444	4245	6554	2453	1743	1636	1588	455	455	589	861	824	10	1008	982	1011	16	1178	1065	1249	1082	1323	1207	1188	1243	1251	1193	1210	1091	1155	1378	1412	1329	1319	1305	1208	1433	1519	325	281	530	581	453	346	417	482	465	476	361	542	759	758	758	865	827	818	1049	1038	1109	522	517	647	839	838	837	1039	1033	1016	999	1202	1134	1341	1335	1475	1474	1651	1641	1631	1624	1618	1606	1604	1964	1952	1944	1942	1939	1898	2112	2471	523	516	946	932	904	838	1050	1048	1035	1023	1007	1292
595.0000043464906	0	0	827	0	773	1603	754	4897	4456	4255	6562	2462	1752	1648	1602	460	460	597	865	835	19	1017	993	1018	21	1189	1079	1262	1098	1341	1220	1213	1258	1266	1208	1227	1106	1177	1392	1434	1351	1330	1327	1232	1454	1534	332	286	538	586	466	355	427	493	472	484	372	555	767	759	758	868	830	828	1067	1046	1117	524	518	647	848	848	844	1050	1046	1039	1038	1247	1143	1352	1347	1485	1482	1671	1669	1664	1657	1650	1625	1621	1979	1973	1973	1967	1951	1914	2119	2471	523	521	953	948	918	839	1058	1057	1054	1051	1009	1301
600.0000077623306	0	0	795	0	798	1568	765	4903	4464	4261	6570	2468	1764	1660	1611	463	463	606	871	845	8	1025	1002	1030	24	1197	1093	1285	1114	1358	1233	1236	1279	1281	1224	1241	1125	1190	1404	1445	1378	1350	1349	1253	1470	1564	339	291	548	597	481	365	436	503	485	496	382	569	774	767	759	871	834	841	1084	1067	1120	537	532	665	856	854	848	1052	1052	1051	1047	1266	1163	1374	1370	1496	1491	1672	1672	1672	1672	1671	1657	1651	2019	2014	1996	1983	1973	1944	2188	2475	523	523	962	959	932	849	1065	1065	1064	1058	1022	1313
