>time	Ribosome	coli Pol	coli Pol-P	coli Pol-2.0	coli Pol-P-2.0	gp1	gp1-3.5	gp0.3	gp0.4	gp0.5	gp0.6A	gp0.7	gp1.1	gp1.2	gp1.3	gp1.4	gp1.5	gp1.6	gp1.7	gp1.8	gp2.0	gp2.5	gp2.8	gp3.0	gp3.5	gp3.8	gp4A	gp4.2	gp4.3	gp4.5	gp4.7	gp5.0	gp5.3	gp5.5	gp5.7	gp5.9	gp6.0	gp6.3	gp6.5	gp6.7	gp7	gp7.3	gp7.7	gp8	gp9	gp10A	gp11	gp12	gp13	gp14	gp15	gp16	gp17	gp17.5	gp18	gp18.5	gp19	gp19.5	RNA: gp0.3	RNA: gp0.4	RNA: gp0.5	RNA: gp0.6A	RNA: gp0.7	RNA: gp1	RNA: gp1.1	RNA: gp1.2	RNA: gp1.3	RNA: gp1.4	RNA: gp1.5	RNA: gp1.6	RNA: gp1.7	RNA: gp1.8	RNA: gp2.0	RNA: gp2.5	RNA: gp2.8	RNA: gp3.0	RNA: gp3.5	RNA: gp3.8	RNA: gp4A	RNA: gp4.2	RNA: gp4.3	RNA: gp4.5	RNA: gp4.7	RNA: gp5.0	RNA: gp5.3	RNA: gp5.5	RNA: gp5.7	RNA: gp5.9	RNA: gp6.0	RNA: gp6.3	RNA: gp6.5	RNA: gp6.7	RNA: gp7	RNA: gp7.3	RNA: gp7.7	RNA: gp8	RNA: gp9	RNA: gp10A	RNA: gp11	RNA: gp12	RNA: gp13	RNA: gp14	RNA: gp15	RNA: gp16	RNA: gp17	RNA: gp17.5	RNA: gp18	RNA: gp18.5	RNA: gp19	RNA: gp19.5	NumColiPoly:	4	NumT7Poly	2	NumOfTimePoints:	121	NumOfProteins:	58	NumOfCoding	52
0.002432967618462251	2500	1800	0	0	0	0	0	0	0	0	0	0	0	0	0	0	0	0	0	0	0	0	0	0	0	0	0	0	0	0	0	0	0	0	0	0	0	0	0	0	0	0	0	0	0	0	0	0	0	0	0	0	0	0	0	0	0	0	0	0	0	0	0	0	0	0	0	0	0	0	0	0	0	0	0	0	0	0	0	0	0	0	0	0	0	0	0	0	0	0	0	0	0	0	0	0	0	0	0	0	0	0	0	0	0	0	0	0	0	0
5.00230169990209	2500	1800	0	0	0	0	0	0	0	0	0	0	0	0	0	0	0	0	0	0	0	0	0	0	0	0	0	0	0	0	0	0	0	0	0	0	0	0	0	0	0	0	0	0	0	0	0	0	0	0	0	0	0	0	0	0	0	0	0	0	0	0	0	0	0	0	0	0	0	0	0	0	0	0	0	0	0	0	0	0	0	0	0	0	0	0	0	0	0	0	0	0	0	0	0	0	0	0	0	0	0	0	0	0	0	0	0	0	0	0
10.001482163658114	2500	1795	0	0	0	0	0	0	0	0	0	0	0	0	0	0	0	0	0	0	0	0	0	0	0	0	0	0	0	0	0	0	0	0	0	0	0	0	0	0	0	0	0	0	0	0	0	0	0	0	0	0	0	0	0	0	0	0	0	0	0	0	0	0	0	0	0	0	0	0	0	0	0	0	0	0	0	0	0	0	0	0	0	0	0	0	0	0	0	0	0	0	0	0	0	0	0	0	0	0	0	0	0	0	0	0	0	0	0	0
15.007546861766405	2499	1786	0	0	0	0	0	0	0	0	0	0	0	0	0	0	0	0	0	0	0	0	0	0	0	0	0	0	0	0	0	0	0	0	0	0	0	0	0	0	0	0	0	0	0	0	0	0	0	0	0	0	0	0	0	0	0	0	0	0	0	0	0	0	0	0	0	0	0	0	0	0	0	0	0	0	0	0	0	0	0	0	0	0	0	0	0	0	0	0	0	0	0	0	0	0	0	0	0	0	0	0	0	0	0	0	0	0	0	0
20.00010555594843	2492	1779	0	0	0	0	0	0	0	0	0	0	0	0	0	0	0	0	0	0	0	0	0	0	0	0	0	0	0	0	0	0	0	0	0	0	0	0	0	0	0	0	0	0	0	0	0	0	0	0	0	0	0	0	0	0	0	0	0	0	0	0	0	0	0	0	0	0	0	0	0	0	0	0	0	0	0	0	0	0	0	0	0	0	0	0	0	0	0	0	0	0	0	0	0	0	0	0	0	0	0	0	0	0	0	0	0	0	0	0
25.00165216937022	2482	1774	0	0	0	0	0	1	0	0	0	0	0	0	0	0	0	0	0	0	0	0	0	0	0	0	0	0	0	0	0	0	0	0	0	0	0	0	0	0	0	0	0	0	0	0	0	0	0	0	0	0	0	0	0	0	0	0	2	0	0	0	0	0	0	0	0	0	0	0	0	0	0	0	0	0	0	0	0	0	0	0	0	0	0	0	0	0	0	0	0	0	0	0	0	0	0	0	0	0	0	0	0	0	0	0	0	0	0	0
30.000844990142912	2452	1766	0	0	0	0	0	7	1	0	0	0	0	0	0	0	0	0	0	0	0	0	0	0	0	0	0	0	0	0	0	0	0	0	0	0	0	0	0	0	0	0	0	0	0	0	0	0	0	0	0	0	0	0	0	0	0	0	11	1	0	0	0	0	0	0	0	0	0	0	0	0	0	0	0	0	0	0	0	0	0	0	0	0	0	0	0	0	0	0	0	0	0	0	0	0	0	0	0	0	0	0	0	0	0	0	0	0	0	0
35.0011155635168	2426	1755	0	0	0	0	0	18	11	2	1	0	0	0	0	0	0	0	0	0	0	0	0	0	0	0	0	0	0	0	0	0	0	0	0	0	0	0	0	0	0	0	0	0	0	0	0	0	0	0	0	0	0	0	0	0	0	0	14	9	2	1	0	0	0	0	0	0	0	0	0	0	0	0	0	0	0	0	0	0	0	0	0	0	0	0	0	0	0	0	0	0	0	0	0	0	0	0	0	0	0	0	0	0	0	0	0	0	0	0
40.00100447182779	2372	1745	0	0	0	0	0	35	22	9	5	0	0	0	0	0	0	0	0	0	0	0	0	0	0	0	0	0	0	0	0	0	0	0	0	0	0	0	0	0	0	0	0	0	0	0	0	0	0	0	0	0	0	0	0	0	0	0	17	14	7	4	0	0	0	0	0	0	0	0	0	0	0	0	0	0	0	0	0	0	0	0	0	0	0	0	0	0	0	0	0	0	0	0	0	0	0	0	0	0	0	0	0	0	0	0	0	0	0	0
45.00028794226322	2327	1734	0	0	0	0	0	58	43	18	16	0	0	0	0	0	0	0	0	0	0	0	0	0	0	0	0	0	0	0	0	0	0	0	0	0	0	0	0	0	0	0	0	0	0	0	0	0	0	0	0	0	0	0	0	0	0	0	22	17	14	11	0	0	0	0	0	0	0	0	0	0	0	0	0	0	0	0	0	0	0	0	0	0	0	0	0	0	0	0	0	0	0	0	0	0	0	0	0	0	0	0	0	0	0	0	0	0	0	0
50.000070970378154	2256	1722	0	0	0	0	0	90	64	39	38	0	0	0	0	0	0	0	0	0	0	0	0	0	0	0	0	0	0	0	0	0	0	0	0	0	0	0	0	0	0	0	0	0	0	0	0	0	0	0	0	0	0	0	0	0	0	0	31	19	16	22	0	0	0	0	0	0	0	0	0	0	0	0	0	0	0	0	0	0	0	0	0	0	0	0	0	0	0	0	0	0	0	0	0	0	0	0	0	0	0	0	0	0	0	0	0	0	0	0
55.000042256660535	2182	1719	0	0	0	0	0	131	92	61	67	0	0	0	0	0	0	0	0	0	0	0	0	0	0	0	0	0	0	0	0	0	0	0	0	0	0	0	0	0	0	0	0	0	0	0	0	0	0	0	0	0	0	0	0	0	0	0	39	31	22	28	0	0	0	0	0	0	0	0	0	0	0	0	0	0	0	0	0	0	0	0	0	0	0	0	0	0	0	0	0	0	0	0	0	0	0	0	0	0	0	0	0	0	0	0	0	0	0	0
60.00001931914216	2082	1711	0	0	0	0	0	179	140	88	104	0	0	0	0	0	0	0	0	0	0	0	0	0	0	0	0	0	0	0	0	0	0	0	0	0	0	0	0	0	0	0	0	0	0	0	0	0	0	0	0	0	0	0	0	0	0	0	49	38	32	32	0	0	0	0	0	0	0	0	0	0	0	0	0	0	0	0	0	0	0	0	0	0	0	0	0	0	0	0	0	0	0	0	0	0	0	0	0	0	0	0	0	0	0	0	0	0	0	0
65.00029871543958	1986	1708	0	0	0	0	0	227	196	134	153	0	0	0	0	0	0	0	0	0	0	0	0	0	0	0	0	0	0	0	0	0	0	0	0	0	0	0	0	0	0	0	0	0	0	0	0	0	0	0	0	0	0	0	0	0	0	0	53	49	40	42	8	0	0	0	0	0	0	0	0	0	0	0	0	0	0	0	0	0	0	0	0	0	0	0	0	0	0	0	0	0	0	0	0	0	0	0	0	0	0	0	0	0	0	0	0	0	0	0
70.00006407116028	1869	1698	2	0	0	0	0	297	249	181	212	0	0	0	0	0	0	0	0	0	0	0	0	0	0	0	0	0	0	0	0	0	0	0	0	0	0	0	0	0	0	0	0	0	0	0	0	0	0	0	0	0	0	0	0	0	0	0	59	57	50	56	28	0	0	0	0	0	0	0	0	0	0	0	0	0	0	0	0	0	0	0	0	0	0	0	0	0	0	0	0	0	0	0	0	0	0	0	0	0	0	0	0	0	0	0	0	0	0	0
75.0000636957948	1748	1681	14	0	0	0	0	364	328	231	290	0	0	0	0	0	0	0	0	0	0	0	0	0	0	0	0	0	0	0	0	0	0	0	0	0	0	0	0	0	0	0	0	0	0	0	0	0	0	0	0	0	0	0	0	0	0	0	68	62	59	63	42	0	0	0	0	0	0	0	0	0	0	0	0	0	0	0	0	0	0	0	0	0	0	0	0	0	0	0	0	0	0	0	0	0	0	0	0	0	0	0	0	0	0	0	0	0	0	0
80.00019999024337	1628	1638	44	0	0	0	0	442	402	300	395	0	0	0	0	0	0	0	0	0	0	0	0	0	0	0	0	0	0	0	0	0	0	0	0	0	0	0	0	0	0	0	0	0	0	0	0	0	0	0	0	0	0	0	0	0	0	0	71	66	62	72	55	0	0	0	0	0	0	0	0	0	0	0	0	0	0	0	0	0	0	0	0	0	0	0	0	0	0	0	0	0	0	0	0	0	0	0	0	0	0	0	0	0	0	0	0	0	0	0
85.00002365043628	1531	1609	68	0	0	0	0	532	470	378	513	1	0	0	0	0	0	0	0	0	0	0	0	0	0	0	0	0	0	0	0	0	0	0	0	0	0	0	0	0	0	0	0	0	0	0	0	0	0	0	0	0	0	0	0	0	0	0	75	71	66	75	63	0	0	0	0	0	0	0	0	0	0	0	0	0	0	0	0	0	0	0	0	0	0	0	0	0	0	0	0	0	0	0	0	0	0	0	0	0	0	0	0	0	0	0	0	0	0	0
90.00000153512309	1403	1552	114	0	0	0	0	613	546	466	646	1	0	0	0	0	0	0	0	0	0	0	0	0	0	0	0	0	0	0	0	0	0	0	0	0	0	0	0	0	0	0	0	0	0	0	0	0	0	0	0	0	0	0	0	0	0	0	82	76	71	79	69	0	0	0	0	0	0	0	0	0	0	0	0	0	0	0	0	0	0	0	0	0	0	0	0	0	0	0	0	0	0	0	0	0	0	0	0	0	0	0	0	0	0	0	0	0	0	0
95.00014111852923	1266	1502	161	0	0	0	0	711	645	553	784	0	0	0	0	0	0	0	0	0	0	0	0	0	0	0	0	0	0	0	0	0	0	0	0	0	0	0	0	0	0	0	0	0	0	0	0	0	0	0	0	0	0	0	0	0	0	0	89	80	75	86	75	0	0	0	0	0	0	0	0	0	0	0	0	0	0	0	0	0	0	0	0	0	0	0	0	0	0	0	0	0	0	0	0	0	0	0	0	0	0	0	0	0	0	0	0	0	0	0
100.000130801984	1096	1432	223	0	0	0	0	808	734	632	954	1	0	0	0	0	0	0	0	0	0	0	0	0	0	0	0	0	0	0	0	0	0	0	0	0	0	0	0	0	0	0	0	0	0	0	0	0	0	0	0	0	0	0	0	0	0	0	95	88	78	92	82	0	0	0	0	0	0	0	0	0	0	0	0	0	0	0	0	0	0	0	0	0	0	0	0	0	0	0	0	0	0	0	0	0	0	0	0	0	0	0	0	0	0	0	0	0	0	0
105.00018333011461	918	1348	297	0	0	0	0	923	831	725	1137	0	0	0	0	0	0	0	0	0	0	0	0	0	0	0	0	0	0	0	0	0	0	0	0	0	0	0	0	0	0	0	0	0	0	0	0	0	0	0	0	0	0	0	0	0	0	0	97	93	92	101	90	0	0	0	0	0	0	0	0	0	0	0	0	0	0	0	0	0	0	0	0	0	0	0	0	0	0	0	0	0	0	0	0	0	0	0	0	0	0	0	0	0	0	0	0	0	0	0
110.00002262856422	732	1265	369	0	0	0	0	1037	938	835	1348	0	0	0	0	0	0	0	0	0	0	0	0	0	0	0	0	0	0	0	0	0	0	0	0	0	0	0	0	0	0	0	0	0	0	0	0	0	0	0	0	0	0	0	0	0	0	0	109	98	95	110	94	0	0	0	0	0	0	0	0	0	0	0	0	0	0	0	0	0	0	0	0	0	0	0	0	0	0	0	0	0	0	0	0	0	0	0	0	0	0	0	0	0	0	0	0	0	0	0
115.00011567438044	588	1182	442	0	0	0	0	1165	1054	946	1565	0	0	0	0	0	0	0	0	0	0	0	0	0	0	0	0	0	0	0	0	0	0	0	0	0	0	0	0	0	0	0	0	0	0	0	0	0	0	0	0	0	0	0	0	0	0	0	115	101	98	113	99	0	0	0	0	0	0	0	0	0	0	0	0	0	0	0	0	0	0	0	0	0	0	0	0	0	0	0	0	0	0	0	0	0	0	0	0	0	0	0	0	0	0	0	0	0	0	0
120.0000627138801	389	1077	539	0	0	0	0	1289	1166	1057	1807	0	0	0	0	0	0	0	0	0	0	0	0	0	0	0	0	0	0	0	0	0	0	0	0	0	0	0	0	0	0	0	0	0	0	0	0	0	0	0	0	0	0	0	0	0	0	0	124	110	102	121	108	5	0	0	0	0	0	0	0	0	0	0	0	0	0	0	0	0	0	0	0	0	0	0	0	0	0	0	0	0	0	0	0	0	0	0	0	0	0	0	0	0	0	0	0	0	0	0
125.00003263026093	203	966	645	0	0	1	0	1437	1300	1177	2055	1	0	0	0	0	0	0	0	0	0	0	0	0	0	0	0	0	0	0	0	0	0	0	0	0	0	0	0	0	0	0	0	0	0	0	0	0	0	0	0	0	0	0	0	0	0	0	127	120	111	128	116	28	0	0	0	0	0	0	0	0	0	0	0	0	0	0	0	0	0	0	0	0	0	0	0	0	0	0	0	0	0	0	0	0	0	0	0	0	0	0	0	0	0	0	0	0	0	0
130.00006921199164	77	859	743	0	0	1	0	1588	1422	1309	2310	0	1	0	0	0	0	0	0	0	0	0	0	0	0	0	0	0	0	0	0	0	0	0	0	0	0	0	0	0	0	0	0	0	0	0	0	0	0	0	0	0	0	0	0	0	0	0	129	122	122	143	125	62	1	0	0	0	0	0	0	0	0	0	0	0	0	0	0	0	0	0	0	0	0	0	0	0	0	0	0	0	0	0	0	0	0	0	0	0	0	0	0	0	0	0	0	0	0	0
135.00000281153223	40	748	851	0	0	6	0	1719	1559	1455	2577	2	2	0	0	0	0	0	0	0	0	0	0	0	0	0	0	0	0	0	0	0	0	0	0	0	0	0	0	0	0	0	0	0	0	0	0	0	0	0	0	0	0	0	0	0	0	0	135	131	127	149	128	96	3	0	0	0	0	0	0	0	0	0	0	0	0	0	0	0	0	0	0	0	0	0	0	0	0	0	0	0	0	0	0	0	0	0	0	0	0	0	0	0	0	0	0	0	0	0
140.0000265983801	17	614	979	0	0	19	0	1869	1667	1558	2854	1	7	1	0	0	0	0	0	0	0	0	0	0	0	0	0	0	0	0	0	0	0	0	0	0	0	0	0	0	0	0	0	0	0	0	0	0	0	0	0	0	0	0	0	0	0	0	139	134	131	155	139	112	6	3	0	0	0	0	0	0	0	0	0	0	0	0	0	0	0	0	0	0	0	0	0	0	0	0	0	0	0	0	0	0	0	0	0	0	0	0	0	0	0	0	0	0	0	0
145.00008410914597	19	495	1091	0	0	41	0	1994	1779	1669	3101	1	17	6	0	0	0	0	0	0	0	0	0	0	0	0	0	0	0	0	0	0	0	0	0	0	0	0	0	0	0	0	0	0	0	0	0	0	0	0	0	0	0	0	0	0	0	0	140	139	137	161	145	121	13	7	0	0	0	0	0	0	0	0	0	0	0	0	0	0	0	0	0	0	0	0	0	0	0	0	0	0	0	0	0	0	0	0	0	0	0	0	0	0	0	0	0	0	0	0
150.00009388741324	15	352	1226	0	0	68	0	2112	1883	1767	3349	1	33	12	0	0	0	0	0	0	0	0	0	0	0	0	0	0	0	0	0	0	0	0	0	0	0	0	0	0	0	0	0	0	0	0	0	0	0	0	0	0	0	0	0	0	0	0	143	142	138	165	150	127	26	13	0	0	0	0	0	0	0	0	0	0	0	0	0	0	0	0	0	0	0	0	0	0	0	0	0	0	0	0	0	0	0	0	0	0	0	0	0	0	0	0	0	0	0	0
155.0000293177512	19	224	1349	0	0	109	0	2216	1985	1866	3580	1	50	25	0	0	0	0	0	0	0	0	0	0	0	0	0	0	0	0	0	0	0	0	0	0	0	0	0	0	0	0	0	0	0	0	0	0	0	0	0	0	0	0	0	0	0	0	150	146	143	169	159	135	35	26	0	0	0	0	0	0	0	0	0	0	0	0	0	0	0	0	0	0	0	0	0	0	0	0	0	0	0	0	0	0	0	0	0	0	0	0	0	0	0	0	0	0	0	0
160.00003346497874	11	94	1471	0	0	162	0	2314	2067	1960	3831	6	84	47	1	0	0	0	0	0	0	0	0	0	0	0	0	0	0	0	0	0	0	0	0	0	0	0	0	0	0	0	0	0	0	0	0	0	0	0	0	0	0	0	0	0	0	0	159	152	146	177	161	142	57	38	5	0	0	0	0	0	0	0	0	0	0	0	0	0	0	0	0	0	0	0	0	0	0	0	0	0	0	0	0	0	0	0	0	0	0	0	0	0	0	0	0	0	0	0
165.0000009257256	17	0	1558	0	0	235	0	2398	2158	2044	4023	40	119	70	1	0	0	0	0	0	0	0	0	0	0	0	0	0	0	0	0	0	0	0	0	0	0	0	0	0	0	0	0	0	0	0	0	0	0	0	0	0	0	0	0	0	0	0	177	159	151	184	166	151	66	52	7	0	0	0	0	0	0	0	0	0	0	0	0	0	0	0	0	0	0	0	0	0	0	0	0	0	0	0	0	0	0	0	0	0	0	0	0	0	0	0	0	0	0	0
170.00000114932362	3	0	1554	0	0	291	0	2503	2246	2128	4119	147	145	103	7	0	0	0	0	0	0	0	0	0	0	0	0	0	0	0	0	0	0	0	0	0	0	0	0	0	0	0	0	0	0	0	0	0	0	0	0	0	0	0	0	0	0	0	187	174	158	190	169	158	72	69	27	8	8	8	0	0	0	0	0	0	0	0	0	0	0	0	0	0	0	0	0	0	0	0	0	0	0	0	0	0	0	0	0	0	0	0	0	0	0	0	0	0	0	0
175.00001512596194	11	0	1553	0	0	370	0	2591	2328	2205	4219	248	182	134	15	5	3	0	0	0	0	0	0	0	0	0	0	0	0	0	0	0	0	0	0	0	0	0	0	0	0	0	0	0	0	0	0	0	0	0	0	0	0	0	0	0	0	0	194	184	177	202	176	166	83	74	33	10	9	11	12	13	13	1	0	0	0	0	0	0	0	0	0	0	0	0	0	0	0	0	0	0	0	0	0	0	0	0	0	0	0	0	0	0	0	0	0	0	0	0
180.00000863264378	6	0	1556	0	1	454	0	2692	2411	2280	4324	334	217	167	26	10	6	4	0	3	0	0	0	0	0	0	0	0	0	0	0	0	0	0	0	0	0	0	0	0	0	0	0	0	0	0	0	0	0	0	0	0	0	0	0	0	0	0	202	193	189	222	182	168	94	84	57	12	11	22	19	17	15	14	10	2	0	0	0	0	0	0	0	0	0	0	0	0	0	0	0	0	0	0	0	0	0	0	0	0	0	0	0	0	0	0	0	0	0	0
185.0000234965529	4	0	1543	0	14	523	0	2774	2486	2348	4413	433	267	206	46	17	10	11	3	7	0	0	0	0	0	0	0	0	0	0	0	0	0	0	0	0	0	0	0	0	0	0	0	0	0	0	0	0	0	0	0	0	0	0	0	0	0	0	208	201	197	231	187	176	108	95	76	14	14	28	30	31	21	22	17	14	10	5	0	0	0	0	0	0	0	0	0	0	0	0	0	0	0	0	0	0	0	0	0	0	0	0	0	0	0	0	0	0	0	0
190.0000061431408	2	0	1535	0	25	599	0	2848	2560	2421	4511	518	309	248	71	27	15	19	9	15	0	1	2	0	0	0	0	0	0	0	0	0	0	0	0	0	0	0	0	0	0	0	0	0	0	0	0	0	0	0	0	0	0	0	0	0	0	0	210	209	199	240	194	178	121	108	82	16	14	38	48	49	33	28	24	22	17	18	1	0	0	0	0	0	0	0	0	0	0	0	0	0	0	0	0	0	0	0	0	0	0	0	0	0	0	0	0	0	0	0
195.0000290964543	4	0	1531	0	36	653	3	2930	2625	2500	4606	600	357	288	93	31	19	28	17	26	0	4	10	4	0	4	0	0	0	0	0	0	0	0	0	0	0	0	0	0	0	0	0	0	0	0	0	0	0	0	0	0	0	0	0	0	0	0	213	210	210	248	208	184	133	120	97	20	15	41	55	56	54	52	40	31	24	29	14	12	6	6	1	0	0	0	0	0	0	0	0	0	0	0	0	0	0	0	0	0	0	0	0	0	0	0	0	0	0	0
200.00000982757962	2	0	1514	0	51	720	6	3008	2700	2561	4689	681	391	324	127	38	22	36	27	41	0	9	16	14	0	7	0	2	1	0	0	0	0	0	0	0	0	0	0	0	0	0	0	0	0	0	0	0	0	0	0	0	0	0	0	0	0	0	222	216	210	253	219	186	143	132	115	22	15	43	64	65	55	68	67	61	52	41	19	16	9	13	11	0	0	0	0	0	0	0	0	0	0	0	0	0	0	0	0	0	0	0	0	0	0	0	0	0	0	0
205.0000330766167	3	0	1505	0	67	790	10	3068	2766	2619	4755	759	436	368	174	50	26	50	44	60	1	15	36	19	1	14	0	7	2	1	1	0	0	0	0	0	0	0	0	0	0	0	0	0	0	0	0	0	0	0	0	0	0	0	0	0	0	0	231	223	217	254	229	194	155	141	124	42	33	48	68	69	62	78	73	70	67	78	30	26	24	29	17	3	0	0	0	0	0	0	0	0	0	0	0	0	0	0	0	0	0	0	0	0	0	0	0	0	0	0
210.00002946994323	3	0	1494	0	80	832	23	3121	2815	2676	4831	819	465	403	213	60	31	64	57	75	2	31	57	33	1	20	0	16	6	5	1	0	0	0	0	0	0	0	0	0	0	0	0	0	0	0	0	0	0	0	0	0	0	0	0	0	0	0	236	235	222	265	239	199	156	153	136	45	43	66	92	86	76	94	85	82	71	86	44	36	30	37	30	19	16	6	6	5	0	0	0	0	0	0	0	0	0	0	0	0	0	0	0	0	0	0	0	0	0	0
215.00001070091594	1	0	1482	0	92	870	34	3191	2865	2725	4880	887	499	441	251	68	44	77	83	92	2	57	73	53	2	32	0	22	12	11	3	0	0	0	0	0	0	0	0	0	0	0	0	0	0	0	0	0	0	0	0	0	0	0	0	0	0	0	241	238	232	268	244	204	165	158	144	49	46	78	105	105	95	114	100	97	85	104	56	50	44	47	37	31	26	22	21	20	6	6	3	0	0	0	0	0	0	0	0	0	0	0	0	0	0	0	0	0	0	0
220.00000110055643	1	0	1463	0	115	907	42	3243	2910	2779	4950	966	535	465	292	77	54	92	100	115	1	75	90	73	4	52	0	36	18	17	6	0	1	2	3	3	0	0	0	0	0	0	0	0	0	0	0	0	0	0	0	0	0	0	0	0	0	0	260	247	237	282	252	216	184	166	152	55	53	83	107	107	102	131	123	121	104	126	85	89	87	84	61	45	43	41	34	30	23	20	38	27	15	6	1	0	0	0	0	0	0	0	0	0	0	0	0	0	0	0
225.0000002700914	2	0	1448	0	136	942	60	3295	2954	2825	5015	1031	574	499	334	89	60	104	120	134	0	97	112	87	5	61	1	55	29	22	15	0	3	7	6	6	0	2	1	1	0	0	0	0	0	0	0	0	0	0	0	0	0	0	0	0	0	0	272	265	250	284	256	225	202	180	164	61	61	101	125	123	116	141	133	133	124	144	100	101	101	109	101	60	49	48	49	48	37	34	57	47	39	38	30	0	0	0	0	0	0	0	0	0	0	0	0	0	0	0
230.00000813730122	3	0	1432	0	152	955	78	3338	3001	2863	5069	1087	609	532	372	101	75	113	137	152	2	114	128	110	2	88	5	70	43	46	23	0	15	14	17	9	0	4	6	5	4	0	0	0	0	0	0	0	0	0	0	0	0	0	0	0	0	0	277	273	267	300	259	231	218	196	181	63	61	102	141	140	138	158	150	142	134	166	124	140	141	132	117	90	72	65	62	59	49	49	86	79	62	58	50	8	0	0	0	0	0	0	0	0	0	0	0	0	0	0
235.00000362655598	0	0	1420	0	169	949	90	3375	3040	2902	5119	1131	637	558	414	109	79	127	158	175	3	145	156	127	2	105	13	91	55	62	36	0	24	26	26	16	1	10	10	10	7	3	2	0	0	0	0	0	0	0	0	0	0	0	0	0	0	0	282	279	273	319	260	239	230	216	196	70	63	103	144	144	143	180	178	165	152	184	145	154	146	165	151	125	111	104	95	92	61	54	104	98	93	86	77	32	9	0	0	0	0	0	0	0	0	0	0	0	0	0
240.00000601976677	0	0	1394	0	194	971	105	3415	3072	2939	5166	1186	662	585	453	116	92	143	179	195	1	163	179	155	3	129	28	117	75	73	52	0	31	39	33	31	3	15	26	26	12	12	3	0	0	0	0	0	0	0	0	0	0	0	0	0	0	0	292	284	279	325	267	242	254	228	202	80	76	120	154	150	145	190	186	185	175	203	160	179	167	191	174	150	138	133	132	128	80	72	125	119	109	107	98	53	26	14	1	0	0	0	0	0	0	0	0	0	0	0
245.00000026739258	0	0	1375	0	211	988	124	3451	3098	2967	5207	1229	682	612	489	123	102	152	201	209	1	189	198	177	1	160	36	133	93	88	67	1	46	48	43	43	8	21	32	34	21	23	12	0	0	0	0	0	0	0	0	0	0	0	0	0	0	0	302	293	285	333	276	248	258	247	207	81	80	127	169	168	162	197	195	195	188	223	169	188	184	209	195	182	173	160	152	151	133	130	170	148	129	126	118	80	47	36	5	0	0	0	0	0	0	0	0	0	0	0
250.00000523263765	0	0	1357	0	229	1038	132	3489	3122	2992	5250	1282	703	638	519	129	109	163	212	227	4	213	217	196	5	189	56	156	108	103	84	4	66	70	60	58	15	35	47	51	35	35	22	0	0	0	0	0	0	0	0	0	0	0	0	0	0	0	303	302	292	339	289	251	260	260	214	83	80	127	178	178	166	215	212	206	194	236	186	206	195	217	217	210	200	200	199	191	153	152	214	206	193	175	145	106	52	60	12	0	0	0	0	0	0	0	0	0	0	0
255.00000109514627	0	0	1349	0	241	1022	139	3520	3155	3027	5293	1304	727	662	550	139	114	178	233	249	4	235	234	212	9	214	79	177	129	129	102	11	90	86	77	74	21	48	65	67	45	47	29	0	1	0	0	0	0	0	0	0	0	0	0	0	0	0	304	304	302	351	292	256	273	262	238	86	81	131	183	183	172	215	215	215	212	258	199	217	214	243	234	232	225	225	219	215	191	181	254	239	228	216	206	125	98	65	14	5	3	1	0	0	0	0	0	0	0	0
260.0000050913784	2	0	1341	0	252	1071	151	3547	3182	3045	5333	1327	756	687	582	146	118	188	250	267	3	249	247	227	8	241	91	202	145	147	126	23	110	111	86	86	32	59	86	86	55	60	42	0	2	1	0	0	0	0	0	0	0	0	0	0	0	0	314	305	304	357	310	259	292	268	257	91	82	131	183	183	172	224	224	216	215	265	206	224	218	248	245	258	250	243	240	235	193	189	275	271	259	256	238	148	123	112	16	11	14	9	0	0	0	0	0	0	0	0
265.00003333104553	0	0	1339	0	260	1127	163	3572	3209	3063	5363	1343	779	719	616	152	123	201	266	286	3	269	268	248	6	267	105	239	164	169	143	34	127	131	100	101	49	74	107	98	70	78	62	3	8	2	0	0	0	0	0	0	0	0	0	0	0	0	331	317	307	361	321	264	292	287	275	97	88	136	183	183	172	224	224	224	224	275	239	265	250	265	247	277	266	261	257	257	236	231	312	299	284	275	271	148	123	147	22	12	23	21	1	0	0	0	0	0	0	0
270.0000007846907	0	0	1336	0	269	1142	171	3609	3233	3093	5397	1371	804	743	640	156	128	214	281	301	3	292	290	259	15	289	127	259	186	197	162	46	145	153	118	124	63	87	125	113	87	97	77	13	17	3	1	0	3	0	0	0	0	0	0	0	0	0	345	334	318	368	328	270	294	294	288	102	93	148	199	190	174	228	228	224	224	282	264	299	294	319	295	291	290	285	280	277	250	241	326	323	321	312	296	149	123	152	30	12	30	25	10	0	0	0	0	0	0	0
275.00000277049423	0	0	1315	0	291	1140	198	3638	3263	3121	5436	1394	826	769	670	162	136	226	298	311	3	307	313	277	2	304	159	272	206	214	180	63	157	167	140	137	76	103	146	130	108	117	96	24	25	5	5	0	5	0	0	0	0	0	0	0	0	0	351	348	335	378	334	276	300	294	300	104	93	149	204	204	198	237	228	228	227	287	268	300	295	332	332	296	292	292	292	292	252	245	341	341	336	332	324	169	124	154	30	23	45	30	21	0	0	0	0	0	0	0
280.0000064938006	3	0	1301	0	305	1147	204	3667	3283	3144	5472	1423	842	786	694	168	140	233	313	323	6	321	330	290	7	323	179	286	228	237	199	74	168	191	163	160	87	113	169	150	124	137	112	37	40	14	6	0	6	1	0	0	0	0	0	0	0	0	355	352	348	400	345	286	313	297	311	112	105	157	205	205	199	258	256	246	230	291	277	308	297	337	336	345	327	308	302	298	263	256	353	353	346	342	341	223	173	160	30	29	53	51	27	0	0	0	0	0	0	0
285.0000003389661	0	0	1283	0	322	1176	212	3688	3308	3164	5502	1446	869	807	720	174	148	239	322	334	2	343	352	306	6	345	205	310	253	252	224	94	188	212	184	186	103	136	195	167	147	161	136	45	46	22	7	0	8	3	0	0	0	0	0	0	0	0	358	357	352	408	351	294	329	308	313	112	106	163	220	211	199	261	258	258	258	308	288	331	325	359	347	379	375	360	349	343	275	265	356	353	352	353	353	255	227	205	33	30	62	59	32	3	0	0	0	0	0	0
290.00000098307305	0	0	1282	0	326	1176	227	3705	3325	3182	5530	1464	884	827	741	180	154	254	336	342	5	361	362	321	11	360	229	330	265	271	239	117	214	234	206	199	120	151	218	182	168	186	159	60	57	31	11	0	11	4	0	0	0	0	0	0	0	0	361	359	356	414	362	297	337	320	330	112	106	164	222	214	203	264	263	263	259	329	294	336	334	382	367	385	382	381	380	380	302	286	388	376	368	363	353	263	306	258	42	30	71	65	52	14	2	0	0	0	0	0
295.0000002297002	1	0	1267	0	342	1203	246	3731	3346	3198	5558	1484	904	852	763	189	161	265	345	358	3	379	391	334	6	380	256	346	282	288	265	140	234	261	232	212	139	162	239	211	190	206	172	65	70	46	13	0	13	7	0	0	0	0	0	0	0	0	362	361	358	418	367	300	346	333	346	120	107	165	225	225	225	283	267	265	265	337	315	358	353	394	385	401	391	387	387	387	341	332	413	395	391	389	376	271	320	344	58	34	80	76	59	26	12	10	4	2	0	0
300.00000466229807	0	0	1259	0	346	1227	256	3757	3364	3223	5583	1509	923	868	786	196	170	275	360	366	5	393	404	346	7	393	272	367	301	308	284	158	256	283	242	229	160	173	261	237	212	224	193	81	75	55	16	0	16	10	0	0	0	0	0	0	0	0	364	363	360	420	374	314	359	344	348	123	112	170	228	228	226	293	290	290	268	339	324	366	358	409	404	424	415	409	409	403	370	364	471	458	440	419	391	273	341	367	68	37	92	89	66	27	35	28	24	15	0	0
305.0000029015683	0	0	1239	0	359	1206	273	3773	3384	3239	5599	1531	945	877	815	202	176	284	377	379	5	406	423	362	4	422	290	383	312	330	306	179	276	305	267	248	171	196	276	256	229	250	215	94	88	65	20	0	21	13	0	0	0	0	0	0	0	0	372	365	363	425	391	328	379	355	353	151	145	198	240	238	226	297	294	294	291	370	339	390	381	431	414	449	440	437	432	426	394	391	493	482	479	472	449	287	349	393	72	41	92	92	76	35	42	41	38	35	3	3
310.0000015140575	0	0	1229	0	371	1186	274	3788	3396	3253	5625	1549	967	893	835	213	184	294	390	392	5	422	436	377	10	446	310	405	335	350	332	193	300	339	282	258	184	217	298	280	256	268	241	114	103	77	24	1	27	18	0	0	0	2	2	1	0	0	380	375	367	428	406	337	398	370	375	155	153	219	282	268	243	297	297	297	297	371	344	392	387	447	439	471	465	457	452	448	429	418	535	527	509	497	479	311	350	409	75	62	113	93	92	48	52	44	44	42	25	18
315.00000604350475	0	0	1216	0	381	1187	280	3803	3417	3270	5653	1569	976	902	859	217	190	306	397	403	4	439	451	384	8	468	341	418	352	373	349	221	324	352	295	270	209	241	320	305	278	292	264	130	118	93	28	3	32	20	0	0	0	2	7	3	0	0	382	380	377	438	410	347	412	385	386	158	155	225	291	280	263	331	309	298	297	378	348	393	388	450	449	484	479	475	470	472	451	444	563	551	525	504	479	360	353	423	78	72	120	120	92	59	65	63	56	52	39	29
320.00000472356857	0	0	1210	0	389	1198	287	3814	3439	3289	5681	1592	994	924	878	221	200	316	406	420	6	458	466	397	9	488	353	437	372	386	366	251	344	373	324	288	233	261	338	332	303	308	285	144	135	110	30	5	33	25	1	0	0	5	8	4	0	0	387	384	380	449	415	357	426	402	405	171	160	229	304	295	287	339	338	337	317	382	378	434	418	456	450	512	505	496	492	487	469	462	592	582	560	536	493	377	353	425	79	76	140	135	93	65	78	75	70	66	44	59
325.0000066087712	0	0	1191	0	404	1168	302	3821	3456	3302	5694	1608	1017	939	903	227	204	322	418	438	4	475	474	406	12	508	380	457	391	403	387	270	366	391	353	304	248	274	362	356	329	332	309	181	150	117	37	6	38	35	2	0	0	6	10	5	0	0	391	388	384	453	419	368	439	420	416	182	171	241	315	311	306	375	360	345	339	422	378	441	435	483	464	520	518	519	518	515	482	467	598	597	594	584	553	415	396	425	79	78	145	144	120	69	94	93	86	81	54	66
330.00000404198903	0	0	1186	0	407	1194	312	3845	3473	3326	5720	1630	1034	952	923	235	214	330	429	446	9	493	482	415	11	527	398	477	408	428	406	298	380	409	371	322	264	293	397	383	356	356	325	218	168	136	39	8	43	40	5	0	2	8	11	11	0	1	396	394	388	457	420	382	449	439	424	182	173	245	329	328	314	395	384	378	364	434	387	447	437	488	477	524	523	523	522	521	508	496	627	620	606	598	597	472	446	467	81	79	156	148	133	91	98	98	94	94	69	97
335.0000009167814	0	0	1169	0	423	1229	326	3865	3484	3344	5738	1650	1047	974	944	242	219	341	443	460	4	504	499	423	8	550	414	495	428	448	422	317	393	422	388	346	282	311	418	416	384	377	343	229	188	154	43	11	51	45	10	0	4	9	12	13	0	1	405	399	395	464	427	393	473	447	444	182	173	245	330	330	320	397	397	397	387	471	401	462	458	515	508	542	537	530	526	524	522	522	654	637	635	627	618	515	483	521	88	79	170	163	143	91	107	105	102	98	78	104
340.000003740244	0	0	1169	0	427	1262	335	3875	3490	3362	5761	1663	1066	988	958	247	227	355	457	476	8	521	507	440	14	568	427	516	447	466	441	341	416	433	410	360	303	336	441	445	407	394	365	239	198	171	46	11	58	48	16	0	5	11	15	14	0	7	415	410	400	471	430	405	491	470	454	196	192	270	340	335	327	406	404	402	392	482	438	510	505	553	530	559	555	554	553	546	527	526	679	676	675	662	637	556	530	558	93	80	174	172	149	93	126	127	127	108	94	133
345.00000348550907	0	0	1148	0	447	1272	348	3889	3500	3376	5768	1675	1078	1011	978	255	231	360	472	484	8	532	526	449	11	590	444	538	472	481	462	367	438	452	426	374	315	354	471	462	439	417	396	253	212	188	48	15	62	54	19	0	7	21	18	19	0	10	418	415	409	480	438	411	499	489	471	199	192	270	357	349	337	423	412	406	405	497	454	523	512	587	572	591	574	565	560	559	554	546	711	699	683	682	675	571	566	604	104	84	177	176	164	93	127	127	127	126	103	136
350.0000129332145	1	0	1144	0	454	1276	364	3905	3513	3389	5785	1688	1093	1025	1007	259	234	374	488	506	7	549	536	463	6	607	461	550	489	495	480	394	458	466	447	394	334	371	491	481	464	446	419	273	227	208	51	16	67	58	21	0	9	26	22	23	0	13	421	418	415	490	451	415	509	501	489	199	192	270	360	360	359	431	430	427	416	505	481	552	551	621	601	615	602	593	589	588	561	554	719	712	712	712	693	594	591	642	114	86	179	178	172	133	131	130	128	126	115	159
355.00000829939256	0	0	1137	0	464	1303	370	3921	3523	3402	5798	1712	1104	1042	1025	271	243	379	503	520	6	563	550	476	10	622	470	566	509	510	503	418	482	484	461	413	348	387	526	510	480	463	443	291	245	237	55	18	71	62	29	0	13	31	30	26	1	18	425	423	419	496	455	425	525	504	517	219	214	279	366	364	363	456	448	433	430	527	488	564	561	642	632	655	638	626	621	617	568	556	723	720	720	720	712	605	632	667	123	98	190	179	176	146	139	132	132	130	127	184
360.00000030307046	0	0	1132	0	468	1322	383	3937	3541	3418	5807	1727	1118	1058	1037	277	249	387	518	527	7	571	565	488	11	644	484	578	522	530	520	445	506	499	485	431	366	404	541	541	500	476	469	307	270	253	58	20	74	68	34	1	16	32	35	30	2	24	425	425	423	500	459	427	530	520	528	231	221	299	387	378	365	462	456	456	454	536	494	570	566	643	642	683	670	665	658	655	582	571	730	723	723	723	721	622	645	719	132	107	205	198	178	151	197	190	177	141	128	186
365.0000000212695	2	0	1117	0	478	1299	391	3948	3550	3431	5822	1742	1129	1074	1046	285	252	397	525	540	5	588	576	505	18	657	499	597	537	543	540	473	524	515	499	447	386	424	568	570	525	496	492	334	302	264	60	21	78	70	40	1	19	36	37	37	6	28	433	426	425	508	466	437	541	529	536	231	221	301	402	401	401	465	462	462	460	557	495	570	566	649	648	719	710	698	689	685	639	628	776	758	743	734	723	658	714	735	140	118	223	216	179	160	201	200	200	198	132	191
370.0000044092805	0	0	1107	0	492	1317	398	3962	3565	3438	5836	1753	1145	1087	1071	289	258	406	531	554	4	607	594	517	13	680	515	605	547	559	565	497	547	543	510	473	405	442	588	581	544	518	515	354	329	297	60	26	81	74	44	2	23	43	42	45	8	31	441	435	426	510	473	447	544	538	547	233	222	301	405	405	403	500	490	474	462	566	499	572	566	651	650	726	726	726	725	720	669	664	834	822	802	781	758	693	744	809	143	124	241	232	197	174	216	209	204	201	154	195
375.0000053367749	0	0	1106	0	494	1362	413	3976	3579	3450	5846	1769	1163	1103	1089	292	265	410	539	563	8	626	616	523	11	698	531	621	565	574	582	510	566	562	528	492	427	460	609	609	562	538	530	368	350	314	62	28	88	79	53	2	29	53	45	50	9	41	450	444	436	514	478	452	557	542	560	248	241	313	408	408	403	502	501	501	483	583	515	592	577	653	652	736	732	728	728	727	725	719	881	866	848	836	817	733	793	846	158	135	262	246	217	175	235	224	223	218	192	254
380.00000713637104	0	0	1094	0	511	1378	426	3989	3591	3466	5862	1785	1181	1109	1107	303	273	418	546	574	2	641	629	530	13	708	544	631	583	590	599	531	595	586	543	509	441	475	627	637	587	550	547	389	367	344	67	29	96	86	60	6	31	55	48	52	12	49	458	453	444	526	486	456	568	556	573	252	241	326	431	428	411	504	503	502	502	605	515	595	590	676	672	739	738	738	738	738	728	728	920	918	907	883	863	771	853	890	161	142	282	263	233	175	247	246	245	236	193	263
385.00000199829833	0	0	1084	0	518	1398	444	4003	3596	3478	5877	1801	1193	1119	1129	311	278	428	559	585	4	655	645	544	11	720	554	644	604	615	616	553	616	605	561	529	461	495	640	668	608	566	557	418	390	366	71	32	102	92	64	11	34	61	58	56	13	63	462	460	454	536	488	461	579	567	588	252	241	326	431	428	416	512	511	504	504	612	522	601	595	682	676	741	742	742	742	741	737	731	924	924	923	920	917	787	886	950	166	155	293	285	247	181	254	254	253	249	213	280
390.00000036099254	0	0	1078	0	521	1435	458	4015	3607	3488	5893	1817	1201	1130	1142	317	284	438	571	592	10	670	662	556	11	733	569	655	624	632	632	575	634	626	580	552	476	509	667	696	634	582	577	439	414	391	75	37	109	101	73	16	38	64	63	63	20	69	468	464	460	546	493	473	591	570	599	255	242	329	434	428	416	521	521	512	509	616	522	601	595	682	682	762	750	742	742	742	742	741	931	924	924	924	924	814	918	1004	175	155	298	293	263	198	256	256	256	254	227	295
395.0000033252006	1	0	1062	0	528	1464	460	4032	3614	3498	5907	1831	1216	1144	1153	325	287	445	579	605	14	687	675	571	15	750	585	670	647	655	645	601	655	638	590	574	495	525	696	716	646	604	600	468	438	412	83	39	117	109	79	20	44	72	69	71	23	81	475	473	464	551	498	483	604	575	603	260	246	329	435	430	418	521	521	521	521	629	522	601	595	682	682	767	767	765	766	762	742	742	942	938	937	934	924	884	924	1039	186	155	301	298	285	208	263	262	262	256	239	316
400.00000616420783	0	0	1047	0	546	1442	472	4039	3631	3509	5921	1845	1231	1161	1167	333	289	455	592	611	7	702	683	583	16	765	602	693	657	674	662	620	679	662	607	593	515	540	714	742	663	633	617	489	460	427	83	49	129	116	81	28	49	77	77	78	25	86	482	476	472	559	509	490	616	589	620	281	270	361	449	437	420	526	526	525	521	643	577	671	650	706	684	775	774	774	771	768	765	766	968	954	945	943	939	924	940	1045	193	174	305	302	293	225	289	285	275	264	256	344
405.00001716667055	0	0	1035	0	556	1427	480	4048	3644	3527	5941	1854	1246	1175	1184	340	298	463	602	627	9	715	695	595	16	778	620	708	679	689	685	643	697	683	620	615	531	561	733	762	677	657	640	502	476	445	85	51	132	123	91	28	53	81	84	83	32	94	501	488	477	570	516	492	625	612	622	288	272	362	474	459	424	527	527	526	525	648	592	690	682	755	731	778	777	777	776	775	773	770	992	989	983	972	957	935	1013	1060	193	184	342	326	298	235	305	305	297	290	260	360
410.0000038953675	0	0	1019	0	570	1435	492	4063	3655	3537	5955	1867	1253	1189	1202	348	303	469	612	629	6	722	700	610	13	795	636	716	694	718	703	661	719	701	639	637	553	582	754	788	697	672	665	535	496	473	93	54	138	127	93	30	60	90	95	88	41	98	502	501	489	574	527	510	634	622	636	291	283	362	478	472	459	553	529	527	527	653	597	698	696	775	775	784	779	779	778	778	776	776	995	993	993	993	990	946	1020	1131	202	191	364	356	302	249	326	324	316	305	273	370
415.00000021583173	0	0	1013	0	578	1443	499	4076	3662	3553	5962	1888	1269	1199	1221	354	309	477	620	637	4	735	710	623	15	807	646	732	708	737	723	685	739	720	659	658	574	592	781	808	717	696	690	562	519	492	102	58	145	132	103	37	64	93	100	95	45	106	509	504	501	589	541	511	645	630	647	306	302	398	491	482	462	570	570	566	531	657	599	702	696	787	787	832	808	796	789	786	779	778	1008	1008	1006	999	993	958	1025	1152	216	193	377	366	322	251	347	343	334	326	298	398
420.0000014983963	1	0	1012	0	579	1430	511	4093	3676	3563	5972	1901	1286	1211	1233	362	316	487	630	648	14	747	725	634	19	827	663	757	720	753	737	703	762	739	675	677	594	609	805	829	743	719	708	596	548	513	104	64	155	140	105	41	69	99	106	99	50	113	510	509	501	598	547	511	653	643	661	310	307	405	494	486	474	578	570	570	570	690	643	746	730	804	787	875	859	845	838	833	788	782	1025	1022	1014	1010	1008	961	1035	1161	217	199	380	378	356	258	354	353	352	347	314	421
425.00000030501707	0	0	1003	0	591	1420	515	4103	3687	3571	5985	1910	1296	1222	1252	369	322	491	638	658	7	759	741	644	18	845	676	779	734	768	762	727	776	758	693	696	612	623	825	848	770	746	723	630	575	533	109	65	169	151	109	44	74	103	109	106	55	122	519	510	503	600	552	517	655	653	684	315	308	405	498	489	475	592	591	582	572	703	652	762	758	852	831	894	887	882	880	875	828	821	1049	1037	1027	1026	1022	967	1113	1171	217	211	394	385	366	264	361	356	354	354	336	449
430.0000084591357	0	0	998	0	597	1449	538	4125	3697	3577	6001	1925	1308	1234	1269	380	328	505	644	670	10	770	760	656	16	856	692	794	755	787	775	747	795	771	721	718	632	638	845	872	786	769	736	650	599	558	115	68	176	159	117	45	78	110	115	114	60	132	525	522	509	604	560	520	658	655	700	323	312	410	517	509	500	596	592	592	591	720	665	771	765	863	858	899	896	896	895	894	832	826	1075	1072	1065	1051	1037	984	1135	1250	224	215	400	394	379	303	367	364	361	361	347	468
435.00000187537375	0	0	987	0	604	1468	548	4140	3706	3595	6009	1937	1322	1245	1294	384	335	513	654	677	12	784	768	670	21	873	705	813	772	803	795	758	824	791	738	736	646	660	858	888	801	787	755	676	621	577	122	72	182	166	124	51	83	115	121	120	66	136	529	523	510	610	566	530	661	660	722	339	324	410	539	539	535	631	613	599	594	728	680	789	784	868	863	942	922	909	902	899	842	830	1080	1080	1078	1077	1072	1026	1157	1293	243	216	407	402	387	323	389	375	368	367	347	485
440.0000008137752	2	0	980	0	620	1440	556	4147	3716	3603	6023	1949	1339	1265	1313	396	344	519	661	686	4	795	782	681	20	885	718	843	797	817	806	774	843	805	753	752	662	677	884	912	832	806	780	703	660	594	128	76	190	173	129	57	87	127	130	124	70	144	536	526	514	610	574	543	675	662	740	352	338	431	558	553	537	656	656	639	618	737	693	803	790	886	883	972	968	955	947	938	852	842	1098	1087	1086	1082	1080	1040	1206	1322	251	222	412	409	394	343	424	417	408	390	359	492
445.0000134310138	1	0	985	0	617	1468	569	4165	3724	3612	6031	1967	1344	1278	1325	400	350	524	668	698	17	809	796	694	14	897	736	858	817	833	826	789	856	818	761	768	672	701	905	934	855	829	797	722	679	624	134	79	196	185	140	62	92	132	135	133	74	150	544	538	527	618	589	550	697	673	756	363	359	463	577	563	539	656	657	657	657	784	720	831	813	899	891	981	981	980	977	971	888	878	1128	1116	1109	1102	1088	1076	1218	1373	258	241	446	428	402	345	437	435	435	425	368	526
450.0000058712266	0	0	978	0	626	1456	565	4179	3733	3626	6049	1987	1357	1289	1339	407	361	534	684	709	14	822	812	702	19	904	749	873	832	853	841	807	871	837	773	783	695	714	928	951	879	841	822	740	702	650	135	81	205	195	153	66	98	134	144	146	82	163	546	546	537	631	598	555	717	691	771	370	361	463	589	580	562	661	657	657	657	801	737	855	851	947	921	1001	992	983	981	976	918	912	1165	1160	1145	1132	1116	1079	1267	1386	263	246	448	447	409	345	455	455	454	439	398	542
455.00000037259105	1	0	961	0	645	1480	586	4190	3747	3636	6054	1998	1369	1298	1352	411	370	545	690	718	8	831	825	713	18	919	762	890	849	868	857	824	882	858	790	794	704	729	951	961	892	863	848	764	733	673	141	84	214	203	161	67	105	141	148	151	91	182	546	546	543	638	600	558	722	711	782	383	374	466	593	583	562	682	682	670	657	803	782	895	878	969	953	1015	1013	1006	1003	996	921	914	1185	1185	1182	1170	1160	1096	1279	1438	268	251	464	462	428	345	455	455	455	455	430	580
460.0000068389073	0	0	954	0	651	1480	605	4196	3755	3644	6066	2007	1376	1312	1365	421	377	553	700	727	11	845	833	726	14	937	789	906	865	885	878	842	902	875	803	811	720	744	969	985	910	888	878	787	756	702	145	87	219	215	168	74	110	146	160	158	97	192	550	548	546	647	605	571	726	723	786	396	387	490	609	591	564	683	683	682	682	818	800	921	918	1010	990	1045	1032	1019	1016	1007	930	917	1185	1185	1185	1185	1185	1118	1288	1463	280	257	478	467	447	370	455	455	455	455	430	586
465.0000032577891	0	0	932	0	667	1446	606	4210	3764	3659	6073	2020	1383	1322	1380	428	387	562	711	734	10	859	842	738	13	949	809	920	881	906	892	855	917	892	817	833	738	758	987	1008	928	904	895	808	774	729	149	95	228	232	176	81	116	153	164	172	103	200	556	552	548	647	610	581	730	728	786	399	395	503	616	597	564	683	683	683	683	835	801	928	920	1026	1024	1080	1056	1031	1019	1009	949	931	1187	1185	1185	1185	1185	1127	1324	1467	285	260	489	487	462	396	466	459	455	455	430	586
470.0000019935077	0	0	908	0	678	1434	611	4215	3772	3667	6079	2029	1403	1336	1395	435	391	569	724	740	10	870	855	752	15	961	813	938	896	920	907	875	928	911	840	848	753	775	1011	1025	946	920	921	838	794	753	152	96	241	242	187	85	134	155	174	181	111	212	560	557	551	649	611	592	750	728	794	399	395	505	625	616	595	696	684	683	683	837	808	930	926	1032	1032	1114	1084	1052	1035	1022	952	940	1214	1212	1201	1189	1185	1130	1346	1505	287	262	493	493	467	416	504	490	482	467	439	592
475.0000015156121	0	0	902	0	688	1462	619	4217	3787	3678	6088	2045	1422	1355	1407	447	397	579	733	744	9	885	872	765	21	972	840	950	903	941	926	899	944	923	850	858	767	789	1035	1048	962	935	938	862	821	778	156	101	251	256	197	88	140	165	180	193	119	222	580	567	552	654	620	599	763	748	809	408	395	505	625	616	604	726	710	697	685	841	832	962	948	1039	1035	1150	1119	1088	1071	1054	968	950	1214	1214	1213	1214	1213	1177	1361	1535	297	285	514	494	487	436	528	518	511	505	455	628
480.0000065625289	0	0	899	0	698	1438	626	4223	3802	3689	6100	2052	1430	1367	1423	458	400	590	746	753	10	899	885	773	20	987	858	964	928	959	945	916	964	939	865	876	782	804	1049	1075	976	952	958	885	849	802	164	106	256	266	205	91	150	179	187	198	125	231	592	584	563	655	629	603	773	761	830	411	400	513	650	650	649	743	730	729	705	857	833	964	962	1059	1035	1163	1141	1116	1102	1092	1004	988	1246	1239	1226	1216	1214	1187	1373	1551	299	287	529	529	493	447	554	552	546	532	481	644
485.0000002625881	0	0	893	0	701	1428	641	4232	3813	3693	6109	2061	1450	1386	1437	466	403	595	755	761	16	911	895	785	14	1000	866	978	943	973	971	930	977	957	880	893	806	823	1068	1100	995	980	981	900	872	826	168	110	266	278	212	101	157	186	195	204	132	238	600	594	583	669	635	604	778	771	854	413	400	513	660	660	660	781	770	751	732	894	837	968	962	1075	1075	1171	1168	1153	1139	1130	1065	1055	1312	1288	1263	1250	1240	1214	1422	1569	305	293	530	530	495	464	587	589	574	557	511	693
490.0000020428084	0	0	876	0	717	1457	666	4241	3819	3700	6118	2073	1457	1400	1458	470	405	599	764	769	9	925	914	794	13	1006	883	996	962	988	993	955	995	971	908	905	823	836	1082	1113	1015	1003	1002	925	888	853	174	114	276	284	222	107	161	192	201	210	139	248	610	605	592	692	647	613	783	776	866	419	405	513	660	660	660	793	785	782	777	923	851	982	976	1078	1075	1178	1172	1171	1170	1170	1119	1109	1370	1356	1332	1315	1283	1216	1460	1620	307	298	535	530	527	471	612	601	589	589	544	717
495.00000260485564	0	0	870	0	719	1494	664	4251	3827	3703	6127	2080	1473	1420	1469	480	415	604	776	775	13	936	927	811	24	1023	897	1012	976	1005	1011	977	1015	985	928	919	841	851	1096	1136	1035	1021	1021	947	910	888	178	123	291	294	228	112	167	201	210	221	147	258	619	611	604	702	648	621	786	779	866	426	418	535	677	671	662	793	793	793	788	953	856	992	988	1099	1085	1214	1202	1189	1182	1178	1156	1151	1436	1424	1389	1373	1350	1216	1469	1671	318	299	548	538	530	477	625	624	622	613	562	743
500.00000028718927	0	0	866	0	720	1478	673	4258	3832	3713	6144	2096	1488	1432	1487	485	420	608	788	783	19	947	934	824	16	1037	913	1023	990	1016	1027	997	1032	1003	945	937	861	866	1111	1165	1053	1043	1038	964	941	920	182	127	297	303	240	119	172	208	215	234	155	265	623	619	612	713	651	629	794	782	878	438	432	539	683	674	662	794	794	794	788	958	872	1003	989	1104	1094	1217	1216	1215	1215	1215	1184	1178	1469	1465	1445	1437	1414	1247	1473	1682	324	300	552	552	530	492	638	633	631	626	566	751
505.00000432850106	0	0	857	0	737	1470	685	4267	3838	3726	6156	2109	1504	1444	1503	490	425	609	799	791	11	961	951	832	20	1045	928	1041	1002	1030	1043	1018	1047	1015	966	960	876	883	1128	1191	1079	1059	1065	982	965	955	187	130	307	310	257	128	177	219	224	242	164	278	624	623	619	723	654	632	805	793	898	441	435	555	704	688	664	796	796	796	790	959	904	1041	1015	1109	1104	1231	1226	1223	1219	1216	1190	1185	1471	1471	1471	1469	1462	1308	1489	1698	325	305	552	552	539	506	641	640	640	638	589	755
510.0000010552908	0	0	850	0	745	1497	712	4275	3844	3736	6172	2122	1520	1453	1518	494	429	620	808	809	11	972	961	845	19	1055	937	1060	1023	1054	1057	1043	1061	1036	985	975	894	899	1138	1212	1099	1085	1091	1006	993	977	193	137	316	320	263	137	182	228	229	257	175	286	632	629	623	728	657	645	806	804	913	443	436	555	704	688	664	796	796	796	796	970	958	1105	1084	1171	1115	1242	1239	1239	1239	1234	1221	1217	1507	1495	1479	1471	1471	1395	1536	1719	328	323	576	553	552	513	674	670	661	643	631	832
515.0000020334805	0	0	842	0	749	1507	732	4285	3853	3746	6182	2126	1532	1462	1540	500	437	630	819	815	16	985	973	858	21	1069	950	1083	1036	1069	1068	1062	1078	1051	1005	996	913	911	1154	1236	1118	1106	1113	1020	1015	1010	199	140	319	329	265	141	186	244	236	267	181	295	639	632	630	732	673	665	819	806	919	445	436	555	704	688	664	796	796	796	796	977	962	1111	1110	1228	1215	1252	1252	1250	1247	1243	1239	1234	1529	1525	1510	1507	1491	1462	1627	1759	330	324	585	583	552	530	691	686	684	674	639	852
520.0000026837893	0	0	829	0	756	1562	739	4293	3868	3762	6185	2145	1543	1471	1549	508	443	643	832	832	18	998	982	866	19	1086	962	1104	1052	1090	1083	1076	1092	1063	1025	1010	927	926	1174	1262	1145	1128	1132	1041	1038	1035	205	144	324	335	269	151	194	254	248	279	192	308	644	640	632	741	690	682	840	812	919	445	439	560	704	695	683	810	796	796	796	978	969	1116	1110	1229	1229	1269	1253	1253	1252	1252	1247	1241	1546	1541	1535	1532	1524	1473	1724	1845	341	325	587	585	554	530	700	697	694	693	654	860
525.0000003792045	0	0	811	0	771	1602	758	4303	3876	3770	6196	2157	1553	1478	1567	517	449	649	845	845	12	1007	995	882	18	1102	980	1120	1063	1108	1106	1092	1110	1077	1039	1025	952	948	1198	1288	1164	1141	1155	1054	1063	1061	214	148	334	343	276	156	202	258	260	291	200	330	650	645	639	742	701	687	865	829	929	452	443	560	718	713	703	820	820	818	801	982	972	1123	1119	1232	1229	1354	1324	1301	1282	1271	1249	1243	1557	1554	1550	1547	1540	1498	1743	1944	355	330	595	588	584	548	721	721	712	700	660	863
530.000007732839	0	0	794	0	781	1608	754	4312	3886	3775	6205	2172	1566	1488	1579	523	455	654	850	854	10	1015	1004	890	21	1118	997	1137	1080	1121	1114	1110	1132	1090	1065	1038	972	969	1225	1305	1188	1165	1173	1069	1088	1085	218	149	346	355	288	163	216	273	270	302	205	339	653	651	645	753	717	688	884	851	938	454	443	565	726	725	721	854	838	822	820	1008	979	1138	1124	1242	1239	1381	1380	1377	1364	1351	1265	1251	1564	1561	1558	1557	1555	1525	1747	1978	369	339	614	605	586	549	723	721	721	721	660	863
535.0000039784567	0	0	781	0	787	1596	758	4321	3892	3779	6218	2182	1571	1493	1588	532	460	659	861	864	14	1026	1017	902	21	1137	1008	1153	1099	1143	1134	1136	1140	1102	1073	1055	997	985	1251	1334	1212	1193	1191	1086	1113	1108	229	156	356	365	295	171	230	283	277	315	214	351	664	658	651	762	726	697	885	868	938	466	452	575	727	727	727	872	865	861	845	1020	986	1142	1136	1260	1258	1386	1384	1382	1382	1381	1302	1292	1595	1584	1564	1564	1561	1537	1747	1985	371	350	624	620	588	552	752	749	744	726	686	894
540.0000002023338	0	0	763	0	803	1575	767	4330	3898	3789	6223	2192	1586	1503	1599	535	468	667	873	877	9	1032	1035	915	18	1150	1020	1171	1117	1163	1162	1149	1156	1121	1088	1079	1010	1002	1271	1354	1244	1212	1216	1114	1141	1132	230	162	359	374	301	175	239	298	283	320	222	363	667	665	657	768	730	705	895	880	938	466	452	575	738	738	728	875	875	875	869	1055	1006	1168	1163	1274	1260	1397	1394	1387	1387	1383	1325	1319	1643	1629	1610	1598	1581	1537	1751	1991	373	357	637	634	605	564	761	759	754	752	699	905
545.0000047230308	0	0	762	0	804	1585	767	4338	3911	3800	6235	2201	1592	1518	1611	540	474	672	884	885	17	1041	1049	935	20	1162	1039	1196	1132	1179	1179	1162	1171	1131	1108	1096	1032	1018	1296	1380	1274	1229	1232	1135	1170	1163	234	167	365	384	310	182	250	308	292	332	225	375	673	668	665	777	735	705	903	892	951	486	479	604	748	743	739	891	878	876	874	1066	1009	1170	1164	1290	1288	1420	1407	1402	1401	1394	1327	1321	1650	1650	1646	1644	1626	1546	1751	1994	374	365	654	637	620	584	765	762	761	761	742	947
550.0000024117143	0	0	756	0	821	1614	774	4352	3913	3809	6248	2208	1607	1528	1625	544	481	679	892	888	14	1050	1062	947	25	1174	1051	1219	1143	1193	1194	1181	1194	1151	1130	1114	1051	1037	1306	1399	1299	1248	1251	1147	1189	1199	240	170	369	393	320	193	261	318	306	337	236	386	673	673	669	781	741	712	906	899	969	488	479	604	768	768	758	891	891	891	877	1069	1009	1171	1167	1290	1288	1422	1421	1421	1421	1416	1341	1331	1650	1650	1650	1650	1650	1569	1762	1996	374	367	657	656	634	587	803	791	776	766	753	979
555.0000023979791	0	0	752	0	828	1559	787	4359	3923	3822	6257	2222	1623	1540	1637	549	492	688	902	904	16	1065	1069	960	24	1185	1065	1242	1163	1214	1215	1197	1213	1171	1154	1130	1068	1060	1324	1425	1318	1275	1270	1165	1209	1224	243	176	376	397	330	209	270	327	312	341	245	395	677	673	673	788	744	721	911	902	992	494	481	604	769	768	768	923	906	893	878	1073	1043	1217	1200	1308	1293	1454	1441	1431	1426	1422	1393	1388	1696	1678	1660	1651	1650	1569	1782	2008	375	368	661	658	638	592	808	807	806	804	759	982
560.0000052129986	0	0	749	0	840	1540	786	4373	3930	3823	6267	2230	1633	1551	1656	556	496	694	908	912	14	1080	1088	971	22	1199	1082	1253	1178	1229	1231	1214	1230	1185	1166	1147	1086	1075	1341	1451	1343	1294	1295	1184	1235	1249	251	183	388	402	336	217	285	335	325	348	259	407	689	682	673	791	757	732	936	904	1013	509	503	628	769	769	769	926	924	923	880	1075	1050	1226	1222	1354	1341	1457	1455	1454	1454	1454	1427	1424	1761	1747	1727	1704	1677	1607	1787	2027	378	368	666	665	656	606	820	816	810	808	770	991
565.0000037603888	0	0	750	0	845	1542	789	4380	3937	3829	6277	2237	1649	1562	1668	560	503	700	919	918	22	1093	1095	980	26	1217	1095	1274	1197	1247	1245	1227	1243	1202	1187	1164	1098	1093	1357	1474	1360	1325	1316	1202	1256	1278	257	186	399	408	342	225	297	344	337	356	268	419	691	690	683	794	765	739	944	925	1038	516	505	632	795	790	772	927	927	927	893	1078	1050	1231	1227	1362	1355	1467	1464	1459	1457	1457	1438	1433	1772	1772	1772	1763	1741	1618	1820	2042	384	369	670	668	658	624	837	833	828	822	782	1004
570.0000241881002	0	0	734	0	863	1531	815	4386	3948	3836	6293	2247	1662	1574	1680	567	509	711	936	930	13	1111	1106	998	13	1226	1112	1285	1210	1264	1268	1246	1260	1217	1199	1177	1113	1107	1385	1494	1385	1344	1340	1229	1267	1302	262	188	409	421	351	231	301	348	349	372	276	427	694	692	690	806	769	741	954	940	1053	521	507	632	801	792	775	927	927	927	927	1122	1069	1250	1246	1369	1359	1513	1488	1477	1473	1469	1457	1457	1809	1804	1784	1772	1772	1666	1852	2072	386	377	673	671	665	625	864	855	843	839	789	1024
575.0000023141415	0	0	725	0	870	1525	819	4393	3953	3847	6298	2258	1673	1588	1688	576	516	719	949	939	16	1125	1118	1012	24	1233	1127	1297	1221	1280	1281	1261	1275	1231	1213	1194	1133	1128	1410	1521	1413	1368	1354	1245	1295	1337	269	194	417	425	360	243	312	356	359	378	282	437	700	695	692	813	777	743	960	951	1067	534	528	654	802	802	802	942	930	927	927	1135	1074	1252	1248	1384	1364	1536	1535	1531	1525	1515	1473	1467	1815	1809	1809	1809	1799	1738	1941	2106	394	382	695	687	669	625	871	871	869	863	802	1034
580.0000003551093	0	0	720	0	873	1546	837	4402	3958	3859	6317	2263	1683	1600	1705	583	523	726	962	949	22	1145	1123	1023	22	1245	1133	1311	1233	1292	1300	1281	1292	1246	1233	1219	1151	1145	1435	1549	1434	1394	1374	1266	1310	1358	272	204	423	436	369	247	322	364	368	386	294	448	704	700	695	816	782	754	961	961	1076	537	528	661	830	830	820	963	963	949	939	1136	1087	1264	1249	1384	1384	1542	1541	1541	1539	1536	1519	1511	1847	1838	1823	1817	1810	1781	2026	2192	401	385	707	703	671	637	875	874	873	871	811	1051
585.0000044170322	0	0	702	0	889	1571	844	4412	3970	3867	6327	2273	1697	1607	1719	593	526	731	971	956	16	1162	1131	1029	27	1256	1157	1329	1246	1307	1322	1297	1308	1269	1242	1230	1169	1166	1455	1568	1449	1408	1392	1280	1336	1378	279	207	429	443	374	252	334	377	380	395	301	459	706	706	699	819	788	769	977	964	1079	538	536	668	836	836	822	983	981	966	963	1163	1104	1283	1273	1394	1384	1552	1543	1543	1543	1543	1539	1538	1906	1900	1874	1854	1837	1808	2093	2277	416	390	712	712	687	644	875	875	875	875	823	1064
590.0000047335321	0	0	693	0	895	1641	853	4424	3983	3876	6335	2280	1707	1615	1729	600	532	739	981	966	22	1173	1143	1040	27	1268	1171	1337	1260	1329	1342	1326	1325	1292	1260	1246	1186	1179	1477	1594	1467	1430	1424	1294	1360	1406	286	213	434	451	378	266	342	389	387	402	314	464	711	707	706	826	791	787	997	973	1093	541	536	672	847	847	838	983	983	983	964	1173	1109	1289	1279	1416	1415	1572	1571	1564	1559	1555	1543	1543	1917	1917	1913	1908	1895	1810	2126	2359	444	393	715	715	704	648	902	895	885	876	824	1077
595.0000039250597	0	0	689	0	906	1625	872	4430	3989	3883	6340	2291	1713	1625	1743	604	537	747	996	984	19	1186	1157	1054	19	1282	1187	1349	1275	1346	1359	1353	1341	1311	1273	1265	1199	1191	1502	1616	1487	1455	1447	1319	1378	1432	290	220	442	454	384	274	349	402	396	409	323	478	719	712	706	833	795	805	1015	992	1113	548	537	674	851	848	839	1004	1000	990	965	1176	1122	1303	1299	1423	1417	1572	1572	1572	1572	1572	1561	1555	1924	1924	1922	1919	1917	1842	2126	2397	451	400	719	715	712	667	909	908	907	904	828	1079
600.0000078815004	0	0	690	0	908	1625	881	4437	3997	3888	6347	2302	1725	1633	1754	612	545	752	1006	993	26	1202	1169	1064	21	1299	1204	1358	1295	1358	1383	1369	1362	1334	1294	1287	1216	1211	1523	1639	1503	1474	1472	1345	1400	1462	298	225	451	463	394	279	362	417	409	419	331	489	729	723	710	835	806	815	1030	1010	1141	563	553	688	856	852	841	1005	1005	1004	979	1178	1133	1315	1302	1442	1441	1603	1589	1580	1575	1572	1566	1557	1936	1936	1932	1930	1924	1855	2146	2403	459	410	734	724	715	672	920	917	916	910	881	1118
