>time	Ribosome	coli Pol	coli Pol-P	coli Pol-2.0	coli Pol-P-2.0	gp1	gp1-3.5	gp0.3	gp0.4	gp0.5	gp0.6A	gp0.7	gp1.1	gp1.2	gp1.3	gp1.4	gp1.5	gp1.6	gp1.7	gp1.8	gp2.0	gp2.5	gp2.8	gp3.0	gp3.5	gp3.8	gp4A	gp4.2	gp4.3	gp4.5	gp4.7	gp5.0	gp5.3	gp5.5	gp5.7	gp5.9	gp6.0	gp6.3	gp6.5	gp6.7	gp7	gp7.3	gp7.7	gp8	gp9	gp10A	gp11	gp12	gp13	gp14	gp15	gp16	gp17	gp17.5	gp18	gp18.5	gp19	gp19.5	RNA: gp0.3	RNA: gp0.4	RNA: gp0.5	RNA: gp0.6A	RNA: gp0.7	RNA: gp1	RNA: gp1.1	RNA: gp1.2	RNA: gp1.3	RNA: gp1.4	RNA: gp1.5	RNA: gp1.6	RNA: gp1.7	RNA: gp1.8	RNA: gp2.0	RNA: gp2.5	RNA: gp2.8	RNA: gp3.0	RNA: gp3.5	RNA: gp3.8	RNA: gp4A	RNA: gp4.2	RNA: gp4.3	RNA: gp4.5	RNA: gp4.7	RNA: gp5.0	RNA: gp5.3	RNA: gp5.5	RNA: gp5.7	RNA: gp5.9	RNA: gp6.0	RNA: gp6.3	RNA: gp6.5	RNA: gp6.7	RNA: gp7	RNA: gp7.3	RNA: gp7.7	RNA: gp8	RNA: gp9	RNA: gp10A	RNA: gp11	RNA: gp12	RNA: gp13	RNA: gp14	RNA: gp15	RNA: gp16	RNA: gp17	RNA: gp17.5	RNA: gp18	RNA: gp18.5	RNA: gp19	RNA: gp19.5	NumColiPoly:	4	NumT7Poly	2	NumOfTimePoints:	121	NumOfProteins:	58	NumOfCoding	52
0.00674635899517926	2500	1800	0	0	0	0	0	0	0	0	0	0	0	0	0	0	0	0	0	0	0	0	0	0	0	0	0	0	0	0	0	0	0	0	0	0	0	0	0	0	0	0	0	0	0	0	0	0	0	0	0	0	0	0	0	0	0	0	0	0	0	0	0	0	0	0	0	0	0	0	0	0	0	0	0	0	0	0	0	0	0	0	0	0	0	0	0	0	0	0	0	0	0	0	0	0	0	0	0	0	0	0	0	0	0	0	0	0	0	0
5.00198456727557	2500	1800	0	0	0	0	0	0	0	0	0	0	0	0	0	0	0	0	0	0	0	0	0	0	0	0	0	0	0	0	0	0	0	0	0	0	0	0	0	0	0	0	0	0	0	0	0	0	0	0	0	0	0	0	0	0	0	0	0	0	0	0	0	0	0	0	0	0	0	0	0	0	0	0	0	0	0	0	0	0	0	0	0	0	0	0	0	0	0	0	0	0	0	0	0	0	0	0	0	0	0	0	0	0	0	0	0	0	0	0
10.000894138525805	2500	1797	0	0	0	0	0	0	0	0	0	0	0	0	0	0	0	0	0	0	0	0	0	0	0	0	0	0	0	0	0	0	0	0	0	0	0	0	0	0	0	0	0	0	0	0	0	0	0	0	0	0	0	0	0	0	0	0	0	0	0	0	0	0	0	0	0	0	0	0	0	0	0	0	0	0	0	0	0	0	0	0	0	0	0	0	0	0	0	0	0	0	0	0	0	0	0	0	0	0	0	0	0	0	0	0	0	0	0	0
15.005363937272806	2500	1786	0	0	0	0	0	0	0	0	0	0	0	0	0	0	0	0	0	0	0	0	0	0	0	0	0	0	0	0	0	0	0	0	0	0	0	0	0	0	0	0	0	0	0	0	0	0	0	0	0	0	0	0	0	0	0	0	0	0	0	0	0	0	0	0	0	0	0	0	0	0	0	0	0	0	0	0	0	0	0	0	0	0	0	0	0	0	0	0	0	0	0	0	0	0	0	0	0	0	0	0	0	0	0	0	0	0	0	0
20.006018439685995	2494	1778	0	0	0	0	0	0	0	0	0	0	0	0	0	0	0	0	0	0	0	0	0	0	0	0	0	0	0	0	0	0	0	0	0	0	0	0	0	0	0	0	0	0	0	0	0	0	0	0	0	0	0	0	0	0	0	0	0	0	0	0	0	0	0	0	0	0	0	0	0	0	0	0	0	0	0	0	0	0	0	0	0	0	0	0	0	0	0	0	0	0	0	0	0	0	0	0	0	0	0	0	0	0	0	0	0	0	0	0
25.000396195765877	2473	1774	0	0	0	0	0	0	0	0	0	0	0	0	0	0	0	0	0	0	0	0	0	0	0	0	0	0	0	0	0	0	0	0	0	0	0	0	0	0	0	0	0	0	0	0	0	0	0	0	0	0	0	0	0	0	0	0	1	0	0	0	0	0	0	0	0	0	0	0	0	0	0	0	0	0	0	0	0	0	0	0	0	0	0	0	0	0	0	0	0	0	0	0	0	0	0	0	0	0	0	0	0	0	0	0	0	0	0	0
30.001875433464747	2443	1765	0	0	0	0	0	8	2	0	0	0	0	0	0	0	0	0	0	0	0	0	0	0	0	0	0	0	0	0	0	0	0	0	0	0	0	0	0	0	0	0	0	0	0	0	0	0	0	0	0	0	0	0	0	0	0	0	9	2	0	0	0	0	0	0	0	0	0	0	0	0	0	0	0	0	0	0	0	0	0	0	0	0	0	0	0	0	0	0	0	0	0	0	0	0	0	0	0	0	0	0	0	0	0	0	0	0	0	0
35.00058487578928	2399	1758	0	0	0	0	0	23	11	1	0	0	0	0	0	0	0	0	0	0	0	0	0	0	0	0	0	0	0	0	0	0	0	0	0	0	0	0	0	0	0	0	0	0	0	0	0	0	0	0	0	0	0	0	0	0	0	0	20	8	5	0	0	0	0	0	0	0	0	0	0	0	0	0	0	0	0	0	0	0	0	0	0	0	0	0	0	0	0	0	0	0	0	0	0	0	0	0	0	0	0	0	0	0	0	0	0	0	0	0
40.00096867973908	2356	1751	0	0	0	0	0	48	26	12	3	0	0	0	0	0	0	0	0	0	0	0	0	0	0	0	0	0	0	0	0	0	0	0	0	0	0	0	0	0	0	0	0	0	0	0	0	0	0	0	0	0	0	0	0	0	0	0	24	12	10	3	0	0	0	0	0	0	0	0	0	0	0	0	0	0	0	0	0	0	0	0	0	0	0	0	0	0	0	0	0	0	0	0	0	0	0	0	0	0	0	0	0	0	0	0	0	0	0	0
45.000155291888994	2297	1742	0	0	0	0	0	81	50	28	14	0	0	0	0	0	0	0	0	0	0	0	0	0	0	0	0	0	0	0	0	0	0	0	0	0	0	0	0	0	0	0	0	0	0	0	0	0	0	0	0	0	0	0	0	0	0	0	25	23	16	13	0	0	0	0	0	0	0	0	0	0	0	0	0	0	0	0	0	0	0	0	0	0	0	0	0	0	0	0	0	0	0	0	0	0	0	0	0	0	0	0	0	0	0	0	0	0	0	0
50.000851557385936	2244	1729	0	0	0	0	0	111	81	58	38	0	0	0	0	0	0	0	0	0	0	0	0	0	0	0	0	0	0	0	0	0	0	0	0	0	0	0	0	0	0	0	0	0	0	0	0	0	0	0	0	0	0	0	0	0	0	0	32	25	24	19	0	0	0	0	0	0	0	0	0	0	0	0	0	0	0	0	0	0	0	0	0	0	0	0	0	0	0	0	0	0	0	0	0	0	0	0	0	0	0	0	0	0	0	0	0	0	0	0
55.00005815729728	2165	1719	0	0	0	0	0	150	111	96	69	0	0	0	0	0	0	0	0	0	0	0	0	0	0	0	0	0	0	0	0	0	0	0	0	0	0	0	0	0	0	0	0	0	0	0	0	0	0	0	0	0	0	0	0	0	0	0	44	29	26	27	0	0	0	0	0	0	0	0	0	0	0	0	0	0	0	0	0	0	0	0	0	0	0	0	0	0	0	0	0	0	0	0	0	0	0	0	0	0	0	0	0	0	0	0	0	0	0	0
60.00027596677971	2074	1711	0	0	0	0	0	200	151	132	98	0	0	0	0	0	0	0	0	0	0	0	0	0	0	0	0	0	0	0	0	0	0	0	0	0	0	0	0	0	0	0	0	0	0	0	0	0	0	0	0	0	0	0	0	0	0	0	54	39	30	31	0	0	0	0	0	0	0	0	0	0	0	0	0	0	0	0	0	0	0	0	0	0	0	0	0	0	0	0	0	0	0	0	0	0	0	0	0	0	0	0	0	0	0	0	0	0	0	0
65.00015795707387	1986	1705	0	0	0	0	0	258	202	172	129	0	0	0	0	0	0	0	0	0	0	0	0	0	0	0	0	0	0	0	0	0	0	0	0	0	0	0	0	0	0	0	0	0	0	0	0	0	0	0	0	0	0	0	0	0	0	0	60	48	37	37	0	0	0	0	0	0	0	0	0	0	0	0	0	0	0	0	0	0	0	0	0	0	0	0	0	0	0	0	0	0	0	0	0	0	0	0	0	0	0	0	0	0	0	0	0	0	0	0
70.00035739200399	1876	1692	4	0	0	0	0	319	265	220	181	0	0	0	0	0	0	0	0	0	0	0	0	0	0	0	0	0	0	0	0	0	0	0	0	0	0	0	0	0	0	0	0	0	0	0	0	0	0	0	0	0	0	0	0	0	0	0	65	56	48	47	20	0	0	0	0	0	0	0	0	0	0	0	0	0	0	0	0	0	0	0	0	0	0	0	0	0	0	0	0	0	0	0	0	0	0	0	0	0	0	0	0	0	0	0	0	0	0	0
75.00004378659774	1761	1670	18	0	0	0	0	403	326	270	265	0	0	0	0	0	0	0	0	0	0	0	0	0	0	0	0	0	0	0	0	0	0	0	0	0	0	0	0	0	0	0	0	0	0	0	0	0	0	0	0	0	0	0	0	0	0	0	70	61	57	58	38	0	0	0	0	0	0	0	0	0	0	0	0	0	0	0	0	0	0	0	0	0	0	0	0	0	0	0	0	0	0	0	0	0	0	0	0	0	0	0	0	0	0	0	0	0	0	0
80.00013939282293	1625	1628	49	0	0	0	0	481	404	334	359	0	0	0	0	0	0	0	0	0	0	0	0	0	0	0	0	0	0	0	0	0	0	0	0	0	0	0	0	0	0	0	0	0	0	0	0	0	0	0	0	0	0	0	0	0	0	0	78	68	61	67	45	0	0	0	0	0	0	0	0	0	0	0	0	0	0	0	0	0	0	0	0	0	0	0	0	0	0	0	0	0	0	0	0	0	0	0	0	0	0	0	0	0	0	0	0	0	0	0
85.00010491109529	1458	1584	80	0	0	0	0	567	492	395	483	1	0	0	0	0	0	0	0	0	0	0	0	0	0	0	0	0	0	0	0	0	0	0	0	0	0	0	0	0	0	0	0	0	0	0	0	0	0	0	0	0	0	0	0	0	0	0	86	77	69	71	51	0	0	0	0	0	0	0	0	0	0	0	0	0	0	0	0	0	0	0	0	0	0	0	0	0	0	0	0	0	0	0	0	0	0	0	0	0	0	0	0	0	0	0	0	0	0	0
90.0004300236245	1338	1524	124	0	0	0	0	681	580	483	626	0	0	0	0	0	0	0	0	0	0	0	0	0	0	0	0	0	0	0	0	0	0	0	0	0	0	0	0	0	0	0	0	0	0	0	0	0	0	0	0	0	0	0	0	0	0	0	91	83	75	80	65	0	0	0	0	0	0	0	0	0	0	0	0	0	0	0	0	0	0	0	0	0	0	0	0	0	0	0	0	0	0	0	0	0	0	0	0	0	0	0	0	0	0	0	0	0	0	0
95.00005048908763	1144	1478	157	0	0	0	0	784	686	585	766	0	0	0	0	0	0	0	0	0	0	0	0	0	0	0	0	0	0	0	0	0	0	0	0	0	0	0	0	0	0	0	0	0	0	0	0	0	0	0	0	0	0	0	0	0	0	0	101	92	85	92	76	0	0	0	0	0	0	0	0	0	0	0	0	0	0	0	0	0	0	0	0	0	0	0	0	0	0	0	0	0	0	0	0	0	0	0	0	0	0	0	0	0	0	0	0	0	0	0
100.0001845236769	999	1403	220	0	0	0	0	895	789	692	942	0	0	0	0	0	0	0	0	0	0	0	0	0	0	0	0	0	0	0	0	0	0	0	0	0	0	0	0	0	0	0	0	0	0	0	0	0	0	0	0	0	0	0	0	0	0	0	105	94	95	102	85	0	0	0	0	0	0	0	0	0	0	0	0	0	0	0	0	0	0	0	0	0	0	0	0	0	0	0	0	0	0	0	0	0	0	0	0	0	0	0	0	0	0	0	0	0	0	0
105.00000945509981	785	1320	291	0	0	0	0	1014	898	802	1142	0	0	0	0	0	0	0	0	0	0	0	0	0	0	0	0	0	0	0	0	0	0	0	0	0	0	0	0	0	0	0	0	0	0	0	0	0	0	0	0	0	0	0	0	0	0	0	120	106	98	115	92	0	0	0	0	0	0	0	0	0	0	0	0	0	0	0	0	0	0	0	0	0	0	0	0	0	0	0	0	0	0	0	0	0	0	0	0	0	0	0	0	0	0	0	0	0	0	0
110.0000856513755	547	1248	353	0	0	0	0	1158	1009	925	1323	0	0	0	0	0	0	0	0	0	0	0	0	0	0	0	0	0	0	0	0	0	0	0	0	0	0	0	0	0	0	0	0	0	0	0	0	0	0	0	0	0	0	0	0	0	0	0	131	112	108	120	102	0	0	0	0	0	0	0	0	0	0	0	0	0	0	0	0	0	0	0	0	0	0	0	0	0	0	0	0	0	0	0	0	0	0	0	0	0	0	0	0	0	0	0	0	0	0	0
115.00001862449206	360	1160	437	0	0	0	0	1300	1143	1055	1554	0	0	0	0	0	0	0	0	0	0	0	0	0	0	0	0	0	0	0	0	0	0	0	0	0	0	0	0	0	0	0	0	0	0	0	0	0	0	0	0	0	0	0	0	0	0	0	137	123	115	129	115	0	0	0	0	0	0	0	0	0	0	0	0	0	0	0	0	0	0	0	0	0	0	0	0	0	0	0	0	0	0	0	0	0	0	0	0	0	0	0	0	0	0	0	0	0	0	0
120.00017298248828	157	1066	519	0	0	0	0	1462	1283	1201	1775	0	0	0	0	0	0	0	0	0	0	0	0	0	0	0	0	0	0	0	0	0	0	0	0	0	0	0	0	0	0	0	0	0	0	0	0	0	0	0	0	0	0	0	0	0	0	0	140	133	124	136	125	0	0	0	0	0	0	0	0	0	0	0	0	0	0	0	0	0	0	0	0	0	0	0	0	0	0	0	0	0	0	0	0	0	0	0	0	0	0	0	0	0	0	0	0	0	0	0
125.00011746608729	50	938	635	0	0	0	0	1607	1432	1335	2067	0	0	0	0	0	0	0	0	0	0	0	0	0	0	0	0	0	0	0	0	0	0	0	0	0	0	0	0	0	0	0	0	0	0	0	0	0	0	0	0	0	0	0	0	0	0	0	143	134	133	152	134	9	0	0	0	0	0	0	0	0	0	0	0	0	0	0	0	0	0	0	0	0	0	0	0	0	0	0	0	0	0	0	0	0	0	0	0	0	0	0	0	0	0	0	0	0	0	0
130.00007642391813	24	824	737	0	0	0	0	1764	1566	1473	2344	0	0	0	0	0	0	0	0	0	0	0	0	0	0	0	0	0	0	0	0	0	0	0	0	0	0	0	0	0	0	0	0	0	0	0	0	0	0	0	0	0	0	0	0	0	0	0	156	141	139	160	140	67	0	0	0	0	0	0	0	0	0	0	0	0	0	0	0	0	0	0	0	0	0	0	0	0	0	0	0	0	0	0	0	0	0	0	0	0	0	0	0	0	0	0	0	0	0	0
135.00024869052902	19	685	872	0	0	6	0	1923	1684	1595	2621	2	1	0	0	0	0	0	0	0	0	0	0	0	0	0	0	0	0	0	0	0	0	0	0	0	0	0	0	0	0	0	0	0	0	0	0	0	0	0	0	0	0	0	0	0	0	0	163	154	145	170	153	108	4	0	0	0	0	0	0	0	0	0	0	0	0	0	0	0	0	0	0	0	0	0	0	0	0	0	0	0	0	0	0	0	0	0	0	0	0	0	0	0	0	0	0	0	0	0
140.000017997312	13	550	997	0	0	27	0	2052	1811	1714	2877	1	5	0	0	0	0	0	0	0	0	0	0	0	0	0	0	0	0	0	0	0	0	0	0	0	0	0	0	0	0	0	0	0	0	0	0	0	0	0	0	0	0	0	0	0	0	0	172	166	156	179	163	124	9	3	0	0	0	0	0	0	0	0	0	0	0	0	0	0	0	0	0	0	0	0	0	0	0	0	0	0	0	0	0	0	0	0	0	0	0	0	0	0	0	0	0	0	0	0
145.00002688783974	13	402	1140	0	0	60	0	2188	1920	1827	3147	1	13	4	0	0	0	0	0	0	0	0	0	0	0	0	0	0	0	0	0	0	0	0	0	0	0	0	0	0	0	0	0	0	0	0	0	0	0	0	0	0	0	0	0	0	0	0	180	172	164	192	170	134	14	10	0	0	0	0	0	0	0	0	0	0	0	0	0	0	0	0	0	0	0	0	0	0	0	0	0	0	0	0	0	0	0	0	0	0	0	0	0	0	0	0	0	0	0	0
150.00008954619747	13	258	1278	0	0	104	0	2308	2043	1927	3405	3	21	11	0	0	0	0	0	0	0	0	0	0	0	0	0	0	0	0	0	0	0	0	0	0	0	0	0	0	0	0	0	0	0	0	0	0	0	0	0	0	0	0	0	0	0	0	184	177	170	200	176	143	20	15	0	0	0	0	0	0	0	0	0	0	0	0	0	0	0	0	0	0	0	0	0	0	0	0	0	0	0	0	0	0	0	0	0	0	0	0	0	0	0	0	0	0	0	0
155.00002238687043	10	135	1395	0	0	147	0	2432	2137	2039	3661	5	38	21	0	0	0	0	0	0	0	0	0	0	0	0	0	0	0	0	0	0	0	0	0	0	0	0	0	0	0	0	0	0	0	0	0	0	0	0	0	0	0	0	0	0	0	0	191	184	176	211	187	152	40	19	0	0	0	0	0	0	0	0	0	0	0	0	0	0	0	0	0	0	0	0	0	0	0	0	0	0	0	0	0	0	0	0	0	0	0	0	0	0	0	0	0	0	0	0
160.00007496307015	6	27	1497	0	0	201	0	2551	2237	2132	3885	9	62	30	0	0	0	0	0	0	0	0	0	0	0	0	0	0	0	0	0	0	0	0	0	0	0	0	0	0	0	0	0	0	0	0	0	0	0	0	0	0	0	0	0	0	0	0	197	191	182	215	193	162	51	33	0	0	0	0	0	0	0	0	0	0	0	0	0	0	0	0	0	0	0	0	0	0	0	0	0	0	0	0	0	0	0	0	0	0	0	0	0	0	0	0	0	0	0	0
165.00001960482456	8	0	1524	0	0	269	0	2650	2339	2214	4007	103	95	53	0	0	0	0	0	0	0	0	0	0	0	0	0	0	0	0	0	0	0	0	0	0	0	0	0	0	0	0	0	0	0	0	0	0	0	0	0	0	0	0	0	0	0	0	207	193	183	220	204	173	68	51	5	0	0	0	0	0	0	0	0	0	0	0	0	0	0	0	0	0	0	0	0	0	0	0	0	0	0	0	0	0	0	0	0	0	0	0	0	0	0	0	0	0	0	0
170.0000174641922	8	0	1532	0	0	353	0	2759	2436	2302	4131	209	134	77	3	0	0	0	0	0	0	0	0	0	0	0	0	0	0	0	0	0	0	0	0	0	0	0	0	0	0	0	0	0	0	0	0	0	0	0	0	0	0	0	0	0	0	0	212	206	189	221	206	179	75	70	24	4	4	3	1	0	0	0	0	0	0	0	0	0	0	0	0	0	0	0	0	0	0	0	0	0	0	0	0	0	0	0	0	0	0	0	0	0	0	0	0	0	0	0
175.00016436268794	2	0	1531	0	0	423	0	2847	2524	2393	4225	305	162	122	10	0	1	0	0	1	0	0	0	0	0	0	0	0	0	0	0	0	0	0	0	0	0	0	0	0	0	0	0	0	0	0	0	0	0	0	0	0	0	0	0	0	0	0	213	210	201	229	213	183	84	75	39	7	4	4	5	4	4	2	0	0	0	0	0	0	0	0	0	0	0	0	0	0	0	0	0	0	0	0	0	0	0	0	0	0	0	0	0	0	0	0	0	0	0	0
180.0000196366995	5	0	1526	0	1	509	0	2940	2606	2480	4315	414	199	146	21	2	3	2	0	3	0	0	0	0	0	0	0	0	0	0	0	0	0	0	0	0	0	0	0	0	0	0	0	0	0	0	0	0	0	0	0	0	0	0	0	0	0	0	214	213	210	243	215	195	100	83	52	7	4	5	10	10	8	8	6	2	1	0	0	0	0	0	0	0	0	0	0	0	0	0	0	0	0	0	0	0	0	0	0	0	0	0	0	0	0	0	0	0	0	0
185.00001346162514	6	0	1518	0	5	599	0	3039	2694	2562	4426	518	237	183	37	4	4	4	0	7	0	0	0	0	0	0	0	0	0	0	0	0	0	0	0	0	0	0	0	0	0	0	0	0	0	0	0	0	0	0	0	0	0	0	0	0	0	0	231	217	213	251	221	201	108	97	62	8	5	7	15	17	13	8	7	8	7	4	0	0	0	0	0	0	0	0	0	0	0	0	0	0	0	0	0	0	0	0	0	0	0	0	0	0	0	0	0	0	0	0
190.00001292141522	5	0	1530	0	10	672	0	3117	2779	2627	4532	590	285	220	55	7	6	6	3	12	0	1	0	1	1	0	0	0	0	0	0	0	0	0	0	0	0	0	0	0	0	0	0	0	0	0	0	0	0	0	0	0	0	0	0	0	0	0	233	230	219	257	225	212	122	111	80	11	10	15	17	17	14	17	17	16	7	12	1	1	0	0	0	0	0	0	0	0	0	0	0	0	0	0	0	0	0	0	0	0	0	0	0	0	0	0	0	0	0	0
195.00002217323265	8	0	1527	0	14	752	2	3209	2849	2716	4628	687	322	263	84	11	10	8	5	19	0	2	2	5	0	0	0	0	0	0	0	0	0	0	0	0	0	0	0	0	0	0	0	0	0	0	0	0	0	0	0	0	0	0	0	0	0	0	246	235	232	267	230	220	136	119	92	20	16	20	35	31	18	20	20	17	16	17	7	10	3	2	0	0	0	0	0	0	0	0	0	0	0	0	0	0	0	0	0	0	0	0	0	0	0	0	0	0	0	0
200.00000420548403	1	0	1525	0	25	808	2	3297	2917	2803	4732	770	375	299	116	13	14	14	13	26	0	2	9	8	1	3	0	0	1	0	0	0	0	0	0	0	0	0	0	0	0	0	0	0	0	0	0	0	0	0	0	0	0	0	0	0	0	0	250	245	238	278	231	232	146	130	111	26	19	27	49	50	37	28	23	21	20	27	12	15	12	14	5	0	0	0	0	0	0	0	0	0	0	0	0	0	0	0	0	0	0	0	0	0	0	0	0	0	0	0
205.00000845575713	2	0	1519	0	34	856	10	3380	2988	2882	4796	850	419	335	153	22	21	24	17	37	1	9	10	11	0	7	0	4	2	1	1	0	0	0	0	0	0	0	0	0	0	0	0	0	0	0	0	0	0	0	0	0	0	0	0	0	0	0	254	250	246	284	240	234	160	144	124	36	30	42	56	56	52	53	44	31	23	34	20	23	19	27	17	2	1	0	0	0	0	0	0	0	0	0	0	0	0	0	0	0	0	0	0	0	0	0	0	0	0	0
210.00003568030542	2	0	1506	0	50	906	13	3456	3055	2959	4885	931	467	369	182	33	33	29	25	56	0	14	14	15	0	13	0	7	4	4	2	0	0	0	0	0	0	0	0	0	0	0	0	0	0	0	0	0	0	0	0	0	0	0	0	0	0	0	254	253	249	294	255	238	179	157	135	38	37	57	77	77	65	63	61	54	47	52	28	26	21	34	27	9	6	4	1	1	0	0	0	0	0	0	0	0	0	0	0	0	0	0	0	0	0	0	0	0	0	0
215.00006476062222	4	0	1484	0	66	940	18	3508	3105	3011	4956	1009	514	412	221	45	44	42	40	68	0	22	24	23	0	21	0	16	12	9	9	0	0	0	1	0	0	0	0	0	0	0	0	0	0	0	0	0	0	0	0	0	0	0	0	0	0	0	257	255	253	298	264	240	190	174	144	40	38	60	96	95	91	86	75	69	64	77	34	49	34	38	35	28	21	20	16	13	3	2	3	0	0	0	0	0	0	0	0	0	0	0	0	0	0	0	0	0	0	0
220.0000000451019	3	0	1466	0	79	979	28	3569	3153	3064	5026	1077	561	453	259	57	54	47	54	88	1	29	34	29	0	34	0	21	17	16	20	0	0	1	3	0	0	0	0	0	0	0	0	0	0	0	0	0	0	0	0	0	0	0	0	0	0	0	272	259	256	305	268	245	201	189	153	54	40	61	104	103	99	114	106	87	80	90	55	59	54	73	59	42	37	34	33	32	19	16	21	15	6	5	0	0	0	0	0	0	0	0	0	0	0	0	0	0	0	0
225.0000086359731	3	0	1451	0	100	1000	42	3642	3204	3098	5084	1165	596	492	308	69	58	60	71	104	1	41	50	48	1	46	1	34	29	29	27	0	4	7	6	4	0	1	0	0	0	0	0	0	0	0	0	0	0	0	0	0	0	0	0	0	0	0	281	278	260	308	278	250	212	198	169	56	45	72	104	104	103	131	124	117	107	109	68	78	64	89	80	48	47	46	43	43	33	32	50	47	38	21	18	0	0	0	0	0	0	0	0	0	0	0	0	0	0	0
230.000009729808	5	0	1434	0	120	1025	56	3685	3245	3152	5158	1209	636	525	347	80	69	71	90	122	2	60	64	61	2	60	2	47	38	42	39	0	10	11	10	11	0	5	6	4	1	0	0	0	0	0	0	0	0	0	0	0	0	0	0	0	0	0	288	286	275	317	287	257	229	208	187	67	66	89	118	117	108	133	133	131	123	140	100	117	107	121	94	76	57	50	49	49	43	42	77	66	63	54	46	6	0	0	0	0	0	0	0	0	0	0	0	0	0	0
235.00000378981795	0	0	1429	0	134	1027	70	3736	3290	3194	5216	1270	677	549	389	92	77	84	108	137	0	74	79	79	5	80	3	63	57	56	50	0	14	17	16	20	0	9	11	13	3	4	0	0	0	0	0	0	0	0	0	0	0	0	0	0	0	0	294	292	285	332	292	261	248	225	200	69	67	98	143	142	132	137	137	136	133	152	113	139	134	166	148	98	94	89	85	76	48	49	99	89	84	80	68	25	12	0	0	0	0	0	0	0	0	0	0	0	0	0
240.00000320012805	1	0	1425	0	142	1051	82	3783	3324	3231	5275	1308	707	585	419	103	90	98	131	157	1	96	96	93	5	98	13	83	68	72	63	0	24	21	24	27	0	15	22	28	10	14	7	0	0	0	0	0	0	0	0	0	0	0	0	0	0	0	304	295	291	341	298	263	264	243	217	70	70	103	150	147	147	169	162	149	137	162	141	173	167	198	173	113	105	106	106	100	85	80	109	103	101	97	89	55	32	17	0	0	0	0	0	0	0	0	0	0	0	0
245.00001085955148	0	0	1412	0	163	1099	101	3819	3356	3253	5323	1359	740	609	463	116	97	108	149	173	3	116	111	116	2	123	19	104	91	87	76	0	30	29	32	35	5	18	34	39	25	27	11	0	0	0	0	0	0	0	0	0	0	0	0	0	0	0	311	304	295	346	303	269	277	266	230	75	70	105	155	154	149	190	188	173	162	178	157	192	185	219	208	168	151	133	123	116	105	102	165	161	140	119	103	66	53	50	7	0	0	0	0	0	0	0	0	0	0	0
250.00000078048424	0	0	1400	0	179	1142	115	3859	3379	3288	5370	1395	784	640	494	125	111	120	163	185	0	140	124	135	3	150	27	122	114	109	95	3	45	44	49	47	9	23	49	52	34	33	18	0	0	0	0	0	0	0	0	0	0	0	0	0	0	0	323	315	300	350	310	273	287	278	236	81	70	106	157	157	157	195	191	189	190	212	159	197	193	234	229	194	187	183	182	172	127	119	183	179	177	168	159	99	80	70	16	0	0	0	0	0	0	0	0	0	0	0
255.00000459949547	1	0	1393	0	186	1180	128	3888	3403	3316	5414	1428	818	666	530	131	119	129	174	205	3	155	143	150	4	168	51	143	129	134	112	6	55	57	69	57	18	35	58	65	50	50	35	0	0	0	0	0	0	0	0	0	0	0	0	0	0	0	330	324	319	357	314	278	296	284	246	90	78	106	160	160	158	211	206	202	191	229	179	213	212	244	234	230	225	213	205	198	168	163	227	224	200	185	179	123	114	103	16	5	3	0	0	0	0	0	0	0	0	0
260.00000336593985	0	0	1372	0	210	1209	139	3922	3437	3344	5456	1462	846	690	560	138	125	145	190	213	2	170	161	168	4	192	63	163	145	150	133	12	69	75	85	72	27	44	75	79	67	60	49	2	1	0	0	0	0	0	0	0	0	0	0	0	0	0	338	332	325	375	325	278	301	295	257	92	86	129	181	174	161	211	211	211	209	248	198	237	224	258	255	254	244	239	234	231	202	197	277	268	247	228	223	156	153	140	21	14	23	15	0	0	0	0	0	0	0	0
265.00000215357636	0	1	1371	0	224	1236	145	3951	3463	3369	5504	1483	870	708	579	143	134	154	205	229	2	189	183	184	7	206	75	177	164	174	157	19	89	85	101	88	43	56	92	99	78	74	60	3	10	6	1	0	0	0	0	0	0	0	0	0	0	0	343	340	328	382	333	284	308	303	274	93	86	129	188	188	177	211	211	211	211	261	212	254	248	290	260	259	255	256	256	255	236	228	316	303	286	280	267	181	204	181	27	16	40	35	0	0	0	0	0	0	0	0
270.0000081031059	0	0	1371	0	232	1271	148	3989	3486	3390	5556	1511	902	729	607	149	136	161	216	247	1	209	193	199	9	229	99	193	177	196	173	28	115	104	117	105	53	66	116	116	88	94	74	8	16	10	2	0	1	0	0	0	0	0	0	0	0	0	352	345	342	387	342	291	326	305	297	94	86	129	190	190	180	230	224	213	211	268	213	255	253	304	294	282	272	270	263	259	246	241	329	322	319	318	300	233	235	240	36	21	52	43	14	0	0	0	0	0	0	0
275.00001669550534	0	0	1370	0	243	1277	166	4015	3511	3412	5586	1538	921	749	639	153	142	175	233	262	2	230	207	218	4	241	123	220	192	217	188	46	136	123	134	118	69	80	140	138	102	109	88	22	23	18	3	0	3	0	0	0	0	0	0	0	0	0	353	354	347	401	348	299	343	322	325	109	96	133	192	192	191	240	235	233	230	280	227	263	254	304	303	299	289	288	287	284	250	242	354	349	347	338	322	270	282	275	47	28	67	59	38	0	0	0	0	0	0	0
280.0000004818524	1	0	1363	0	252	1312	177	4037	3538	3432	5618	1562	945	772	671	165	148	182	248	268	1	239	218	239	6	259	140	237	207	234	207	58	148	142	155	135	83	91	165	166	126	130	106	28	40	29	4	0	6	2	0	0	0	0	0	0	0	0	358	354	354	409	355	300	351	342	336	112	100	150	217	212	196	256	252	248	237	302	238	280	267	315	310	335	320	311	303	299	287	282	381	370	359	354	348	301	342	324	55	34	86	79	45	0	0	0	0	0	0	0
285.00000405431933	1	0	1348	0	265	1333	195	4062	3567	3450	5643	1588	962	794	697	173	152	188	256	281	1	251	224	254	4	275	157	258	224	247	228	75	168	165	175	146	104	106	192	190	150	156	123	43	65	36	5	0	10	3	0	0	0	0	0	0	0	0	367	364	354	414	363	311	358	353	350	129	119	168	223	219	215	256	256	256	252	317	268	313	301	334	321	343	342	341	341	337	305	299	415	414	404	381	370	341	381	391	61	45	101	95	58	4	0	0	0	0	0	0
290.0000009526548	0	0	1343	0	272	1329	208	4081	3583	3474	5669	1607	985	814	726	184	158	200	269	296	3	270	240	267	3	299	171	279	236	269	239	92	181	175	196	163	118	115	206	209	175	179	143	56	78	58	6	0	13	9	0	0	0	0	0	0	0	0	373	367	359	416	382	326	373	355	361	129	120	177	249	245	239	278	275	263	256	327	278	326	311	343	324	351	345	344	343	343	340	336	467	452	431	417	414	354	421	439	77	48	119	112	78	24	0	0	0	0	0	0
295.00000442238735	1	0	1325	0	287	1348	215	4098	3603	3495	5691	1627	1007	831	750	187	166	206	276	307	4	282	256	278	7	320	193	301	247	284	257	111	196	193	218	183	134	128	228	228	199	202	158	74	95	73	9	0	18	19	0	0	0	0	0	0	0	0	376	372	362	424	387	331	391	368	366	133	122	177	251	251	244	307	297	283	277	341	285	328	311	351	348	364	362	355	352	351	344	338	484	481	475	470	452	379	447	491	84	49	121	119	96	41	19	10	5	0	0	0
300.0000040067417	0	0	1325	0	300	1337	227	4124	3619	3512	5723	1650	1031	845	768	190	168	210	291	319	3	294	273	289	4	345	206	316	260	302	277	134	225	211	245	199	148	149	243	260	219	227	179	93	114	96	11	0	26	23	0	0	0	0	0	0	0	0	385	377	370	429	393	339	399	387	380	134	126	184	252	252	252	320	312	309	299	364	300	346	331	376	348	371	367	364	363	363	353	351	503	490	487	486	483	425	471	530	93	77	136	126	110	53	33	28	27	21	0	0
305.0000006572744	2	0	1319	0	314	1325	231	4144	3632	3532	5753	1669	1055	865	797	194	179	218	300	329	3	303	286	308	10	360	228	324	275	316	294	155	237	227	265	213	173	169	261	283	236	251	202	112	131	112	16	0	35	30	0	0	0	0	0	0	0	0	387	387	378	438	403	347	404	397	397	136	127	190	259	260	260	325	322	322	315	379	351	403	401	450	406	393	389	378	373	370	360	354	511	510	508	509	490	474	523	558	99	83	170	160	120	65	56	56	49	32	5	0
310.00000123305864	1	0	1313	0	322	1318	239	4172	3651	3553	5771	1692	1071	886	822	201	183	223	316	345	7	320	308	326	7	380	250	342	293	335	312	172	257	237	288	225	191	188	275	304	254	268	223	141	148	140	22	2	40	38	0	0	0	4	0	0	0	0	391	391	387	444	405	354	414	403	416	147	135	190	268	268	263	337	336	327	325	405	369	420	414	478	469	402	398	397	396	396	368	361	517	515	513	512	510	488	592	617	106	92	192	181	128	84	83	77	72	58	26	22
315.0000038694237	0	0	1296	0	338	1365	250	4194	3667	3568	5794	1713	1088	899	851	208	187	230	324	364	4	336	326	332	12	401	274	357	307	351	320	191	280	251	302	242	202	202	293	320	278	292	248	155	166	159	26	2	51	43	1	0	0	5	2	1	0	1	401	392	391	452	413	357	418	410	421	159	150	215	291	283	266	341	340	339	338	408	384	441	438	507	487	460	437	420	405	402	396	396	567	560	533	519	516	499	615	701	118	99	203	192	160	104	99	96	94	84	46	46
320.0000014093084	0	0	1289	0	345	1334	274	4213	3680	3588	5810	1732	1105	916	864	217	194	239	336	376	4	354	340	344	7	419	290	374	329	367	335	212	290	263	311	255	220	218	318	342	293	326	269	173	190	189	29	2	58	46	4	0	0	11	5	4	0	3	405	399	391	457	420	363	431	416	433	164	159	224	306	291	267	348	346	343	342	433	396	455	453	518	511	524	512	486	472	460	408	402	591	585	573	570	557	513	617	731	135	106	214	203	184	112	134	129	117	101	58	66
325.00000744582235	0	0	1278	0	354	1312	283	4225	3697	3606	5826	1751	1121	935	881	219	200	241	350	383	1	373	354	356	12	434	312	394	343	387	357	236	312	279	325	270	232	234	336	359	318	343	294	198	219	205	31	5	66	50	10	0	1	14	9	7	0	4	415	405	392	458	427	379	444	425	454	174	160	224	309	299	283	349	348	348	348	436	406	459	453	532	532	546	537	530	526	526	464	453	626	604	590	591	587	528	640	746	137	116	227	220	194	124	156	154	149	135	66	78
330.0000008779121	1	0	1270	0	364	1306	294	4240	3707	3617	5846	1766	1134	948	898	225	209	248	363	391	3	384	367	372	13	451	324	405	355	408	378	253	334	296	342	291	254	248	362	385	342	359	325	215	247	237	36	7	72	61	13	0	2	16	12	9	0	7	426	417	404	460	432	386	455	438	465	184	181	252	314	307	296	374	365	352	349	448	425	489	484	565	539	572	572	564	553	549	518	515	691	664	645	629	604	566	643	774	138	132	235	232	203	135	181	173	169	160	101	103
335.00000399211115	0	0	1267	0	367	1323	301	4257	3718	3631	5860	1785	1156	959	923	229	217	252	374	400	5	401	380	387	8	473	336	418	371	427	403	269	351	312	366	311	265	275	380	408	368	390	346	232	270	253	43	10	80	67	22	0	5	21	15	13	0	9	437	430	418	481	441	393	461	453	484	193	185	252	347	346	339	397	379	375	358	459	439	507	504	575	568	595	586	578	574	573	552	544	736	736	715	695	657	580	705	776	142	136	259	256	221	162	194	188	185	181	126	139
340.0000003623461	0	0	1256	0	378	1333	319	4265	3734	3647	5876	1803	1174	979	945	236	223	258	386	408	4	408	389	399	4	484	354	431	390	453	423	284	359	332	386	330	279	294	398	432	394	411	366	255	295	276	49	14	87	73	25	0	9	25	19	18	0	13	445	438	430	490	444	402	471	460	487	197	195	265	357	352	346	442	430	414	384	486	445	514	504	591	584	611	601	600	599	597	574	574	776	755	743	736	731	588	735	835	143	138	269	266	232	188	214	210	204	196	167	179
345.00000109126506	0	0	1248	0	384	1369	333	4277	3746	3661	5893	1823	1188	992	968	242	228	265	397	418	6	422	398	410	6	498	370	444	397	466	441	298	372	352	404	352	291	311	426	455	412	438	386	268	325	304	50	18	96	78	28	0	18	30	23	20	1	18	453	448	438	506	452	405	489	468	499	205	197	265	362	361	348	446	445	444	416	519	462	534	524	615	595	640	639	637	625	615	600	598	802	792	783	778	755	666	751	886	162	142	278	272	256	200	265	252	236	216	185	215
350.00000350112276	0	0	1238	0	393	1379	328	4286	3761	3678	5913	1836	1196	1010	987	243	233	270	410	423	6	433	407	421	11	517	386	457	417	486	463	317	391	373	418	369	311	328	459	481	432	464	407	287	353	327	56	21	104	87	31	0	23	33	28	32	1	19	455	451	444	514	458	414	494	482	512	216	209	277	365	364	364	454	447	447	443	541	473	547	540	625	610	658	647	641	640	640	622	609	825	821	816	809	792	739	808	912	172	143	285	285	267	202	277	275	271	265	203	240
355.00000668007374	0	0	1226	0	403	1402	332	4301	3774	3689	5929	1847	1217	1025	1000	247	237	276	426	435	5	439	416	437	16	536	394	464	430	501	482	341	403	390	433	388	327	340	484	501	459	487	425	311	376	347	61	24	115	99	35	0	29	43	37	35	1	30	456	455	444	517	459	420	499	494	519	228	224	297	391	384	365	468	467	464	449	565	516	592	578	660	641	675	666	665	665	660	640	640	860	848	829	825	821	762	866	974	177	154	299	290	274	219	297	297	295	280	215	262
360.00000050505724	1	0	1227	0	411	1427	338	4314	3782	3699	5941	1858	1235	1036	1010	256	242	284	432	444	7	454	431	452	20	551	414	476	447	519	495	365	421	411	455	402	346	351	503	520	482	507	450	339	394	376	65	26	121	112	40	2	33	52	45	44	5	39	459	459	453	521	463	424	509	498	536	228	224	297	399	392	380	470	469	469	468	587	531	610	598	675	669	690	687	685	681	676	664	663	876	868	866	864	847	773	930	1037	196	169	319	307	283	224	302	302	299	297	229	278
365.0000147481457	1	0	1218	0	417	1435	356	4331	3793	3716	5951	1865	1244	1050	1026	261	250	292	440	455	5	465	444	463	11	565	429	489	470	533	503	381	437	436	470	415	368	365	530	544	499	531	471	358	413	399	69	31	127	121	52	5	36	61	49	49	10	52	474	461	454	530	485	432	519	509	546	237	226	297	399	399	397	486	486	478	469	589	537	614	604	701	679	725	711	699	695	693	673	668	902	899	895	880	869	778	937	1104	214	175	349	333	289	245	325	318	312	302	237	290
370.00000204817223	1	0	1207	0	425	1425	369	4341	3807	3730	5963	1886	1258	1060	1043	265	254	299	454	469	6	483	458	474	8	588	443	503	495	543	514	403	463	463	482	431	375	377	554	569	526	555	493	379	441	422	72	37	134	127	63	8	47	72	55	56	15	57	484	477	459	530	492	440	527	516	557	238	226	297	400	400	400	507	497	486	486	610	543	620	614	713	702	756	754	742	735	728	692	686	912	910	908	906	900	829	950	1120	226	189	370	360	307	271	336	327	326	326	266	312
375.00000008711726	1	0	1201	0	437	1422	377	4354	3817	3743	5974	1896	1272	1070	1055	272	259	304	465	479	5	492	471	494	4	597	462	515	510	562	532	431	479	480	501	445	389	392	575	588	544	583	518	396	461	451	78	38	139	132	68	11	53	80	62	63	17	62	488	484	472	540	504	444	537	525	568	246	240	314	402	402	401	511	508	507	504	617	567	653	647	741	716	766	757	756	756	756	724	717	950	947	931	920	910	850	965	1134	227	201	385	374	332	280	366	356	356	339	309	377
380.00000048495235	1	0	1193	0	452	1415	381	4368	3827	3755	5990	1916	1285	1080	1070	279	266	308	477	487	2	502	486	499	10	619	474	526	523	580	543	451	496	496	524	457	403	416	597	599	571	606	539	412	485	475	86	39	151	136	74	13	61	85	72	68	26	68	491	487	477	551	514	447	547	534	587	246	240	318	419	416	404	513	513	512	510	642	609	706	684	769	750	791	791	781	773	770	756	756	1001	988	969	954	944	857	992	1151	230	224	414	390	361	287	403	398	389	366	325	402
385.0000069194538	2	0	1189	0	456	1424	388	4390	3836	3769	6006	1929	1296	1091	1083	284	266	320	487	491	4	512	491	506	11	637	484	545	532	589	566	466	515	512	546	478	426	430	631	613	589	635	559	424	509	509	92	45	159	147	87	18	63	92	81	78	31	76	495	493	486	554	518	447	549	544	596	246	240	319	423	416	404	516	516	513	513	651	625	725	717	827	811	810	803	800	793	793	768	762	1015	1015	1014	1004	985	889	1035	1186	234	227	430	429	374	296	421	411	410	406	343	419
390.0000002986851	0	0	1169	0	471	1451	397	4404	3847	3782	6020	1944	1306	1104	1098	291	272	326	500	499	3	523	498	516	21	645	500	557	555	612	582	486	529	529	563	496	444	441	649	631	606	650	575	448	540	543	99	49	170	155	95	24	71	104	85	86	42	81	496	495	487	564	521	453	557	549	611	253	242	319	425	416	404	516	516	516	516	656	643	749	746	857	829	847	841	828	819	815	786	779	1024	1022	1020	1019	1016	943	1079	1235	247	230	432	432	387	313	433	429	427	422	380	458
395.0000009335444	0	0	1164	0	475	1465	418	4416	3855	3788	6031	1958	1312	1119	1110	299	280	331	506	505	6	529	511	521	15	661	509	574	572	627	602	503	546	545	577	517	465	458	676	668	631	677	591	471	561	566	103	57	180	161	100	28	77	112	92	95	49	88	505	502	492	570	525	463	567	550	625	271	260	338	425	416	404	516	516	516	516	663	653	761	754	864	857	904	879	862	855	850	809	800	1058	1056	1040	1029	1022	986	1113	1291	255	234	444	444	430	347	451	442	439	434	387	471
400.00000116015946	1	0	1160	0	477	1453	425	4423	3865	3799	6037	1972	1326	1128	1123	305	284	338	517	515	11	544	525	528	12	676	523	584	591	644	610	528	572	566	597	540	485	471	694	695	655	701	613	494	580	591	112	62	192	171	106	36	87	124	100	103	53	95	507	506	504	578	527	476	579	555	632	276	267	344	450	441	428	521	516	516	516	667	660	768	764	884	873	938	931	927	917	908	821	803	1060	1060	1060	1060	1053	1010	1159	1326	267	239	452	446	432	370	485	472	467	453	392	473
405.0000020008911	0	0	1147	0	490	1472	433	4434	3876	3818	6048	1990	1331	1140	1136	307	286	347	521	527	6	547	536	537	15	694	538	597	606	663	629	544	585	584	615	558	501	495	713	710	679	719	634	509	595	617	118	67	200	179	111	41	95	133	107	111	59	106	518	510	507	588	540	486	589	566	639	276	267	351	452	443	429	542	542	530	517	668	662	774	765	887	886	968	965	955	946	942	861	844	1077	1060	1060	1060	1060	1029	1210	1386	275	253	471	454	444	377	519	510	508	485	412	496
410.00000316703216	0	0	1143	0	495	1475	450	4441	3885	3825	6060	2001	1346	1151	1156	308	289	352	530	540	8	562	545	550	12	716	552	609	623	686	645	559	616	601	632	579	522	508	739	726	705	740	654	524	619	638	123	72	208	192	117	51	109	144	116	118	70	118	523	522	511	592	548	489	599	586	651	278	267	351	467	466	467	553	544	544	534	676	667	791	789	906	892	984	978	973	973	970	925	912	1163	1143	1108	1085	1061	1035	1238	1432	287	265	493	478	447	386	545	545	541	522	466	557
415.0000023374137	0	0	1133	0	504	1501	470	4446	3895	3841	6067	2022	1361	1163	1172	311	295	362	541	541	7	572	560	567	6	729	560	632	641	705	655	580	629	622	653	598	537	524	758	757	719	754	669	540	636	672	128	80	215	205	128	57	117	156	127	128	80	127	527	525	521	598	551	496	604	595	667	284	268	351	470	470	469	587	578	560	547	702	672	797	794	923	916	998	996	994	988	986	959	951	1212	1199	1179	1165	1134	1045	1263	1468	294	271	517	505	454	399	555	553	551	545	503	618
420.0000030075838	0	0	1119	0	509	1529	463	4462	3906	3851	6080	2032	1374	1174	1183	319	297	367	548	552	9	578	567	577	14	742	575	646	657	717	668	601	641	637	673	615	554	536	784	782	739	781	695	560	673	702	138	84	226	211	136	66	127	169	136	135	90	137	533	527	525	608	564	505	614	602	667	284	268	351	471	471	470	587	587	587	585	728	681	804	799	935	928	1009	1001	1000	999	999	991	987	1261	1242	1223	1213	1192	1081	1271	1501	303	285	529	521	479	420	577	571	563	557	533	632
425.00000268127445	0	0	1100	0	519	1540	481	4477	3921	3863	6097	2041	1388	1191	1202	324	301	372	559	563	4	587	579	589	9	754	591	665	667	735	683	622	663	649	693	635	571	554	804	799	762	801	713	583	697	723	146	93	235	223	147	71	133	186	143	146	96	155	539	538	527	613	571	518	626	612	668	287	272	351	471	471	471	591	591	591	587	756	688	817	802	936	935	1032	1028	1015	1012	1010	999	993	1275	1270	1269	1264	1239	1126	1274	1516	309	291	545	539	505	441	602	591	584	579	543	671
430.0000083173058	1	0	1088	0	530	1504	480	4487	3927	3869	6107	2054	1403	1202	1210	328	305	375	572	572	8	595	591	600	10	762	605	680	683	749	698	634	687	669	711	658	591	570	821	819	779	824	731	605	722	751	158	97	242	236	155	80	141	198	155	152	106	161	541	539	538	619	576	531	638	620	672	296	283	357	479	479	472	594	594	591	591	766	710	836	821	956	955	1044	1043	1038	1035	1033	1014	1012	1295	1293	1275	1275	1271	1142	1284	1523	311	293	554	549	521	441	609	609	609	602	548	676
435.00000173432073	0	0	1075	0	542	1477	477	4503	3935	3875	6114	2068	1411	1213	1222	330	313	383	579	576	4	602	606	613	17	774	618	691	698	778	714	654	705	687	732	672	616	585	847	835	805	839	751	631	745	779	160	101	253	244	163	89	158	214	160	161	110	167	549	543	539	632	590	547	652	630	680	305	297	385	499	493	474	596	596	595	594	771	731	861	858	996	974	1054	1053	1052	1048	1045	1028	1016	1306	1306	1303	1299	1293	1227	1331	1533	311	301	564	561	539	460	636	636	624	610	550	683
440.0000169874742	0	0	1056	0	554	1470	499	4506	3947	3882	6127	2077	1423	1219	1235	331	319	390	586	584	5	612	610	628	11	784	626	697	704	794	736	674	725	701	749	688	629	607	880	859	820	862	768	649	757	813	165	105	266	253	172	96	167	224	166	179	116	176	550	549	541	634	593	555	665	633	688	312	298	388	505	496	474	596	596	596	596	779	736	868	863	1002	1002	1074	1064	1054	1054	1054	1043	1037	1330	1327	1310	1306	1306	1261	1395	1576	313	303	573	571	549	483	652	643	638	635	576	697
445.00000060848447	0	0	1045	0	560	1502	503	4514	3954	3892	6140	2084	1433	1233	1246	336	322	396	593	590	9	621	624	638	18	795	636	711	713	815	744	702	746	718	764	701	644	624	901	877	846	892	790	667	787	848	169	108	275	263	180	102	174	243	171	196	124	185	555	553	546	636	600	561	678	657	688	314	307	401	505	496	484	598	597	597	596	787	741	870	864	1008	1008	1095	1084	1077	1075	1075	1043	1037	1344	1342	1337	1332	1326	1271	1453	1636	322	303	578	573	562	501	679	670	661	653	617	751
450.0000120953227	0	0	1027	0	570	1559	517	4526	3968	3898	6151	2090	1443	1242	1248	347	332	401	597	598	7	630	640	640	11	803	647	726	726	832	761	711	764	735	776	724	665	637	923	895	869	920	815	687	812	880	175	110	282	274	188	109	181	256	180	210	132	202	562	556	549	641	610	572	689	672	688	314	307	402	519	509	497	611	610	606	597	792	747	880	870	1014	1008	1126	1123	1109	1101	1097	1076	1075	1367	1351	1351	1345	1341	1294	1475	1701	333	305	587	583	572	506	704	696	691	680	639	792
455.00001057727303	0	0	1012	0	587	1559	518	4534	3977	3907	6163	2108	1454	1247	1260	352	336	407	607	604	7	635	648	649	13	821	658	736	747	844	774	729	782	744	793	736	694	653	940	915	894	938	831	712	835	898	178	113	297	287	199	117	192	270	202	225	145	208	572	565	556	646	615	576	705	682	693	315	307	402	532	524	512	626	625	616	610	808	762	900	886	1026	1014	1137	1135	1130	1127	1126	1087	1080	1406	1405	1402	1373	1351	1334	1525	1730	340	313	593	590	573	541	720	718	718	704	650	801
460.0000006454067	0	0	1002	0	599	1575	516	4545	3987	3915	6177	2124	1464	1262	1269	355	342	415	615	613	8	642	655	656	13	832	672	747	762	858	792	744	801	771	810	750	703	672	969	939	914	959	852	736	856	923	180	115	305	291	206	124	207	282	211	236	156	212	580	574	565	653	624	578	725	693	703	321	311	403	536	536	536	657	640	631	625	820	790	931	919	1050	1028	1144	1140	1137	1137	1137	1128	1127	1446	1430	1411	1406	1404	1344	1566	1774	348	332	608	600	583	554	730	726	725	721	669	821
465.00000547830945	0	0	993	0	608	1596	518	4551	3995	3926	6190	2140	1475	1276	1283	358	347	419	623	621	11	651	663	667	16	841	691	762	771	876	806	762	820	790	821	762	718	688	983	959	936	978	873	755	883	965	183	120	314	297	214	126	222	294	218	254	178	224	585	582	576	665	632	585	728	705	714	339	328	410	540	540	538	676	670	663	633	831	795	934	928	1074	1072	1151	1151	1150	1149	1146	1137	1132	1469	1466	1462	1446	1429	1373	1583	1819	357	340	643	628	591	561	773	770	760	735	678	834
470.0000012369158	0	0	985	0	619	1592	525	4569	4002	3935	6201	2152	1484	1285	1304	362	352	424	629	625	7	660	676	670	23	851	708	783	788	890	823	786	836	806	832	775	735	710	1008	975	959	991	892	774	905	984	188	131	330	305	219	134	231	306	238	260	186	236	585	585	582	675	634	586	738	720	736	348	343	441	569	560	540	676	676	675	672	861	798	937	928	1074	1074	1167	1163	1161	1155	1153	1150	1146	1491	1489	1478	1469	1467	1378	1583	1843	366	346	654	648	600	571	789	789	784	771	692	855
475.0000033452461	0	0	978	0	624	1590	527	4575	4014	3944	6208	2160	1497	1298	1313	367	357	426	636	629	10	667	685	680	22	869	723	798	802	909	840	809	861	820	849	794	753	727	1032	998	979	1006	915	795	932	1011	196	136	335	317	224	138	235	319	255	270	193	254	585	585	585	680	637	598	740	733	758	355	345	444	584	581	571	677	676	676	676	880	837	991	971	1094	1074	1206	1192	1179	1174	1170	1156	1154	1511	1510	1500	1494	1489	1413	1606	1846	369	352	664	660	624	577	800	797	794	790	744	901
480.00000274475235	0	0	969	0	633	1597	531	4581	4022	3952	6218	2170	1502	1311	1331	370	365	432	644	633	8	674	695	688	16	887	737	813	814	921	855	837	884	846	868	806	775	745	1052	1012	1003	1031	938	818	951	1039	202	139	347	323	236	143	248	327	264	286	200	261	591	585	585	685	641	617	752	740	787	363	361	459	587	585	585	710	702	683	676	881	841	993	989	1141	1133	1216	1214	1214	1212	1207	1172	1160	1520	1513	1513	1511	1510	1474	1697	1870	371	366	680	665	649	586	816	814	806	800	771	944
485.00000784295315	2	0	959	0	647	1625	543	4593	4029	3958	6229	2185	1513	1324	1340	375	371	437	653	639	5	680	709	697	13	898	747	826	827	938	871	857	903	858	884	824	783	757	1067	1034	1027	1053	956	835	975	1064	212	143	351	327	242	149	260	339	277	300	211	271	608	598	585	688	649	621	772	749	797	365	361	465	609	607	589	727	722	711	708	898	866	1020	1006	1146	1142	1223	1218	1218	1217	1216	1206	1195	1539	1528	1521	1520	1514	1497	1763	1959	374	369	691	689	661	593	829	827	821	817	774	953
490.0000078136447	0	0	953	0	655	1659	553	4601	4032	3963	6236	2195	1525	1337	1353	379	376	444	663	648	6	687	720	704	18	914	764	840	845	959	887	881	918	880	895	840	805	771	1085	1056	1046	1074	978	853	996	1096	218	146	360	332	249	155	267	350	291	312	226	283	614	610	601	690	657	622	779	767	823	380	364	465	609	609	603	742	729	728	726	922	873	1030	1026	1181	1169	1281	1256	1236	1229	1223	1217	1217	1591	1588	1564	1543	1527	1506	1774	2037	392	370	692	692	665	606	847	843	840	831	778	965
495.0000014915333	0	0	952	0	653	1644	563	4603	4040	3970	6251	2197	1536	1346	1364	383	382	449	674	658	12	697	732	712	10	924	780	856	861	973	903	897	933	904	915	855	816	785	1099	1074	1071	1086	991	877	1020	1125	225	152	370	338	257	168	282	359	306	329	236	295	626	619	611	707	665	630	781	775	839	384	364	465	609	609	609	750	749	748	732	942	874	1033	1028	1186	1181	1299	1296	1293	1290	1284	1229	1224	1597	1597	1596	1593	1584	1515	1786	2049	403	372	695	692	689	628	860	857	854	848	790	967
500.0000011265575	0	0	945	0	658	1630	572	4611	4049	3973	6259	2204	1548	1352	1378	388	389	456	683	661	10	705	747	722	15	935	788	873	874	988	923	917	944	927	927	876	837	798	1124	1091	1097	1105	1015	893	1050	1143	230	156	383	349	268	177	292	370	321	345	249	311	628	626	621	720	676	647	792	781	845	384	364	465	609	609	609	763	760	758	749	967	878	1037	1031	1192	1188	1328	1314	1304	1299	1300	1267	1249	1609	1599	1599	1599	1597	1532	1798	2067	404	389	712	703	692	649	876	872	869	862	813	1005
505.0000014793209	0	0	943	0	659	1625	571	4617	4057	3979	6266	2214	1557	1364	1387	393	393	461	690	670	14	718	756	731	23	947	797	886	884	1010	934	941	969	938	949	887	852	820	1141	1108	1120	1119	1040	920	1080	1163	235	160	393	361	284	186	305	376	327	359	262	323	635	631	626	729	680	661	808	787	856	400	384	484	612	609	609	765	765	763	760	969	897	1067	1053	1200	1194	1346	1346	1345	1335	1328	1288	1282	1657	1644	1623	1611	1600	1550	1804	2082	415	403	728	717	692	658	899	892	888	876	818	1018
510.0000169995543	0	0	935	0	665	1590	573	4629	4068	3987	6276	2221	1567	1372	1395	401	398	464	697	677	17	731	771	738	17	963	811	904	896	1030	946	971	984	953	966	906	873	837	1166	1133	1140	1142	1056	941	1108	1181	239	160	405	369	290	197	317	387	335	368	274	340	641	637	630	734	684	668	827	802	860	403	390	487	632	623	611	765	765	765	765	983	898	1072	1070	1229	1201	1361	1355	1352	1349	1347	1315	1308	1675	1665	1664	1658	1643	1571	1869	2086	415	404	752	745	701	667	929	925	918	903	824	1035
515.0000006665075	0	0	920	0	680	1581	582	4636	4077	3995	6289	2231	1578	1381	1411	408	406	469	705	688	9	734	786	747	19	974	828	912	917	1042	961	988	1005	976	974	929	891	855	1186	1155	1159	1160	1084	955	1128	1202	245	162	408	382	296	200	329	405	351	378	294	352	642	641	638	739	690	671	843	819	866	403	390	494	632	623	611	767	767	765	765	991	929	1100	1088	1246	1241	1372	1368	1366	1365	1363	1351	1349	1732	1717	1695	1678	1666	1618	1901	2149	417	410	760	759	717	691	950	943	943	932	839	1049
520.0000084237182	1	0	911	0	683	1600	602	4645	4087	4009	6298	2239	1589	1396	1423	412	414	473	710	700	12	746	795	752	20	981	838	935	932	1056	968	1007	1027	986	998	949	909	877	1205	1175	1185	1174	1098	969	1158	1226	251	166	415	394	305	208	346	417	360	393	311	372	649	643	641	747	694	678	846	842	867	403	390	496	632	623	611	767	767	767	767	997	964	1140	1133	1293	1268	1381	1372	1372	1372	1372	1365	1361	1752	1746	1746	1732	1712	1641	1909	2200	428	412	761	761	745	692	965	958	956	951	868	1071
525.0000058795852	0	0	903	0	693	1598	613	4655	4092	4016	6312	2251	1597	1406	1436	415	420	477	720	709	9	755	804	759	16	994	852	954	947	1068	990	1025	1042	1004	1020	971	925	898	1225	1195	1205	1192	1119	987	1184	1245	257	169	430	400	324	220	361	424	370	403	319	378	663	659	643	748	706	686	846	846	873	405	390	496	632	623	611	768	768	767	767	1000	965	1140	1136	1312	1311	1421	1408	1398	1390	1383	1372	1369	1769	1767	1760	1754	1746	1661	1933	2205	435	413	761	761	759	694	1001	999	987	968	881	1097
530.000002839185	0	0	890	0	707	1598	623	4659	4098	4024	6315	2258	1605	1419	1446	420	421	486	729	719	7	762	813	769	17	1011	871	971	955	1091	1005	1051	1054	1014	1040	982	946	916	1251	1219	1234	1211	1143	1006	1212	1284	262	171	440	406	337	222	375	438	386	415	327	389	672	668	657	753	713	694	852	846	874	405	390	496	632	623	611	770	769	768	768	1000	987	1159	1146	1317	1313	1447	1432	1423	1421	1421	1384	1378	1776	1773	1769	1769	1767	1688	1954	2231	436	428	778	769	761	703	1007	1005	1005	1002	893	1115
535.0000084016021	0	0	894	0	711	1614	623	4666	4105	4035	6321	2270	1618	1427	1457	429	432	496	736	727	10	773	823	779	18	1026	886	981	974	1108	1024	1064	1073	1032	1059	1004	963	927	1277	1245	1255	1236	1167	1031	1232	1313	266	174	448	411	345	230	388	450	396	426	338	404	676	673	668	772	724	698	863	848	891	420	411	522	649	645	643	784	771	770	770	1006	994	1168	1165	1337	1317	1493	1476	1462	1453	1447	1423	1417	1801	1788	1777	1776	1773	1722	1988	2256	440	433	799	795	761	719	1010	1008	1008	1007	908	1126
540.0000042635577	0	0	889	0	716	1599	632	4675	4123	4046	6336	2283	1631	1434	1474	434	436	503	747	731	13	782	832	793	11	1043	897	996	983	1121	1037	1076	1086	1052	1075	1022	977	944	1300	1258	1272	1257	1181	1055	1250	1335	270	180	462	415	360	235	398	466	411	438	348	421	676	676	673	777	735	698	868	851	907	428	412	523	670	661	647	810	809	792	774	1010	994	1168	1165	1343	1338	1502	1498	1495	1494	1486	1427	1418	1824	1820	1815	1801	1786	1733	2023	2288	446	436	811	801	769	735	1031	1026	1018	1010	909	1135
545.0000068168283	0	0	888	0	720	1587	630	4682	4127	4052	6349	2296	1641	1442	1490	438	442	509	755	739	15	793	838	807	21	1061	902	1015	997	1133	1052	1092	1106	1078	1085	1048	992	961	1327	1278	1301	1276	1204	1071	1271	1368	273	185	472	427	370	243	418	476	423	453	355	437	679	676	676	782	741	700	871	856	936	447	438	551	675	663	649	814	812	811	810	1037	996	1172	1166	1348	1346	1505	1505	1504	1504	1503	1445	1439	1842	1835	1828	1824	1821	1744	2076	2328	454	440	819	814	795	737	1052	1046	1043	1031	929	1150
550.000003441464	0	0	877	0	732	1632	640	4696	4134	4056	6360	2300	1664	1451	1501	448	444	515	765	750	13	802	845	813	17	1070	917	1028	1010	1149	1066	1108	1125	1094	1106	1068	1008	975	1353	1306	1329	1301	1227	1091	1292	1388	276	196	482	440	378	257	429	492	441	466	361	449	679	679	676	787	747	706	875	864	957	463	450	552	698	686	664	822	819	820	813	1053	999	1180	1175	1358	1349	1530	1529	1518	1511	1507	1501	1495	1903	1885	1859	1848	1836	1789	2088	2381	464	445	833	823	800	742	1066	1067	1067	1054	1010	1217
555.0000005389621	0	0	861	0	742	1698	651	4701	4140	4066	6372	2310	1676	1463	1510	456	447	518	768	756	11	807	855	826	19	1085	929	1043	1024	1159	1073	1127	1143	1112	1117	1083	1030	988	1373	1338	1348	1314	1245	1116	1320	1417	282	202	489	450	386	261	442	509	458	471	377	464	683	680	679	787	748	723	882	874	975	484	474	578	716	703	679	847	830	823	822	1065	1004	1182	1176	1361	1359	1542	1543	1537	1531	1530	1513	1506	1930	1930	1916	1902	1880	1807	2101	2399	475	453	847	837	814	762	1068	1068	1068	1067	1032	1266
560.0000010523788	0	0	845	0	750	1671	660	4709	4147	4072	6380	2317	1689	1472	1522	460	453	521	776	762	10	818	864	833	26	1102	942	1057	1039	1180	1094	1137	1159	1132	1135	1102	1046	1003	1398	1354	1366	1338	1268	1138	1345	1438	288	208	503	458	393	267	454	516	466	482	386	476	687	683	680	791	755	728	905	878	983	486	477	591	716	703	679	851	850	850	837	1072	1006	1185	1180	1361	1361	1552	1548	1547	1544	1543	1514	1507	1936	1932	1930	1930	1928	1815	2110	2409	476	460	854	854	823	776	1089	1079	1071	1068	1057	1291
565.0000109684164	0	0	846	0	753	1669	680	4713	4153	4079	6382	2332	1698	1483	1536	465	455	527	777	768	15	826	874	837	19	1112	954	1072	1045	1195	1109	1161	1182	1150	1152	1116	1061	1020	1424	1371	1391	1363	1287	1162	1372	1460	290	212	513	467	401	280	466	533	473	494	401	493	698	690	683	796	771	741	916	899	992	489	479	594	720	703	679	851	851	851	845	1093	1012	1199	1195	1378	1364	1564	1561	1558	1557	1555	1525	1512	1942	1939	1936	1936	1931	1817	2116	2424	485	470	861	855	837	798	1103	1100	1098	1089	1068	1334
570.0000077511622	0	0	842	0	756	1661	686	4723	4160	4084	6391	2340	1708	1496	1545	475	461	531	780	782	16	838	882	846	19	1129	964	1085	1059	1216	1128	1180	1203	1166	1168	1137	1076	1032	1448	1400	1409	1384	1302	1184	1406	1487	299	216	519	476	409	291	482	547	487	507	412	507	712	704	690	801	780	752	926	914	1002	494	486	596	728	720	709	858	851	851	851	1105	1016	1201	1196	1379	1373	1567	1566	1566	1566	1564	1527	1522	1954	1946	1944	1942	1940	1841	2160	2431	489	471	867	861	854	804	1133	1124	1116	1104	1070	1347
575.0000045862532	0	0	834	0	764	1659	690	4730	4172	4094	6397	2351	1722	1504	1561	482	471	535	785	788	16	848	886	857	23	1140	971	1093	1078	1228	1145	1195	1222	1185	1189	1153	1094	1044	1468	1426	1441	1405	1324	1203	1431	1519	306	226	532	481	414	309	495	560	498	514	430	525	713	712	707	807	787	762	937	926	1014	496	487	606	773	768	758	898	883	867	854	1110	1026	1210	1197	1381	1374	1575	1571	1568	1567	1567	1540	1535	1960	1960	1960	1957	1947	1856	2207	2476	490	471	867	867	855	808	1149	1146	1146	1134	1095	1368
580.0000007711693	0	0	818	0	775	1655	717	4738	4179	4097	6408	2368	1729	1509	1571	490	475	542	797	795	12	854	900	868	12	1151	988	1109	1089	1243	1155	1213	1235	1206	1207	1168	1109	1059	1486	1448	1461	1431	1345	1224	1454	1547	313	231	539	487	425	317	507	571	510	528	441	545	715	713	712	826	788	766	959	935	1040	516	507	627	783	778	774	942	926	908	888	1134	1047	1235	1220	1391	1374	1589	1588	1586	1586	1579	1568	1567	2011	1997	1979	1964	1960	1880	2233	2522	499	471	867	867	862	827	1164	1162	1157	1149	1099	1381
585.0000024396966	1	0	816	0	779	1658	721	4749	4191	4105	6418	2374	1738	1524	1585	496	479	548	806	807	15	864	912	878	20	1156	1002	1127	1098	1259	1166	1236	1255	1226	1231	1183	1124	1076	1506	1466	1484	1446	1365	1243	1473	1577	322	237	550	492	439	326	517	582	521	544	455	557	719	718	713	833	790	772	969	947	1058	533	525	647	801	793	775	951	944	917	889	1151	1050	1237	1231	1419	1413	1590	1590	1589	1590	1589	1583	1575	2020	2019	2013	2012	1996	1929	2239	2556	513	486	887	868	867	841	1193	1183	1174	1166	1137	1422
590.0000084421931	0	0	807	0	785	1642	731	4763	4198	4114	6426	2384	1748	1533	1601	503	480	549	816	816	14	877	928	891	17	1166	1011	1140	1108	1274	1179	1254	1276	1245	1245	1197	1140	1094	1528	1484	1505	1472	1379	1261	1494	1607	327	241	555	495	451	332	536	591	539	553	469	571	724	719	717	835	793	777	970	957	1072	549	545	676	831	825	819	962	944	917	889	1153	1050	1238	1234	1422	1419	1592	1590	1590	1590	1590	1590	1590	2037	2028	2020	2020	2018	1934	2260	2569	521	490	891	888	867	842	1203	1201	1197	1192	1139	1439
595.0000007393863	0	0	804	0	795	1649	738	4775	4205	4119	6433	2391	1755	1541	1614	507	484	556	824	825	15	888	941	897	15	1185	1023	1154	1127	1290	1190	1265	1290	1260	1256	1222	1152	1110	1551	1498	1531	1502	1398	1282	1518	1628	335	244	564	501	461	342	545	603	558	569	484	581	735	727	718	840	796	785	976	970	1089	549	545	679	856	856	846	1009	979	941	907	1156	1050	1238	1234	1423	1423	1626	1613	1603	1598	1594	1590	1590	2050	2050	2048	2041	2028	1997	2313	2598	526	503	897	896	868	846	1221	1221	1221	1206	1151	1448
600.0000040257107	0	0	799	0	801	1651	745	4782	4210	4129	6438	2396	1764	1554	1627	511	489	562	832	837	15	896	948	902	15	1194	1039	1176	1138	1304	1206	1282	1304	1280	1274	1237	1170	1131	1575	1510	1557	1525	1418	1302	1540	1658	339	245	572	508	469	354	562	624	570	583	493	600	742	737	723	843	802	786	976	974	1102	555	546	682	860	860	849	1035	1032	1023	973	1220	1055	1240	1234	1423	1423	1637	1637	1637	1633	1627	1600	1595	2054	2053	2052	2050	2050	2011	2381	2640	535	520	928	910	888	852	1221	1221	1221	1221	1157	1455
