>time	Ribosome	coli Pol	coli Pol-P	coli Pol-2.0	coli Pol-P-2.0	gp1	gp1-3.5	gp0.3	gp0.4	gp0.5	gp0.6A	gp0.7	gp1.1	gp1.2	gp1.3	gp1.4	gp1.5	gp1.6	gp1.7	gp1.8	gp2.0	gp2.5	gp2.8	gp3.0	gp3.5	gp3.8	gp4A	gp4.2	gp4.3	gp4.5	gp4.7	gp5.0	gp5.3	gp5.5	gp5.7	gp5.9	gp6.0	gp6.3	gp6.5	gp6.7	gp7	gp7.3	gp7.7	gp8	gp9	gp10A	gp11	gp12	gp13	gp14	gp15	gp16	gp17	gp17.5	gp18	gp18.5	gp19	gp19.5	RNA: gp0.3	RNA: gp0.4	RNA: gp0.5	RNA: gp0.6A	RNA: gp0.7	RNA: gp1	RNA: gp1.1	RNA: gp1.2	RNA: gp1.3	RNA: gp1.4	RNA: gp1.5	RNA: gp1.6	RNA: gp1.7	RNA: gp1.8	RNA: gp2.0	RNA: gp2.5	RNA: gp2.8	RNA: gp3.0	RNA: gp3.5	RNA: gp3.8	RNA: gp4A	RNA: gp4.2	RNA: gp4.3	RNA: gp4.5	RNA: gp4.7	RNA: gp5.0	RNA: gp5.3	RNA: gp5.5	RNA: gp5.7	RNA: gp5.9	RNA: gp6.0	RNA: gp6.3	RNA: gp6.5	RNA: gp6.7	RNA: gp7	RNA: gp7.3	RNA: gp7.7	RNA: gp8	RNA: gp9	RNA: gp10A	RNA: gp11	RNA: gp12	RNA: gp13	RNA: gp14	RNA: gp15	RNA: gp16	RNA: gp17	RNA: gp17.5	RNA: gp18	RNA: gp18.5	RNA: gp19	RNA: gp19.5	NumColiPoly:	4	NumT7Poly	2	NumOfTimePoints:	121	NumOfProteins:	58	NumOfCoding	52
0.006310933624060228	2500	1800	0	0	0	0	0	0	0	0	0	0	0	0	0	0	0	0	0	0	0	0	0	0	0	0	0	0	0	0	0	0	0	0	0	0	0	0	0	0	0	0	0	0	0	0	0	0	0	0	0	0	0	0	0	0	0	0	0	0	0	0	0	0	0	0	0	0	0	0	0	0	0	0	0	0	0	0	0	0	0	0	0	0	0	0	0	0	0	0	0	0	0	0	0	0	0	0	0	0	0	0	0	0	0	0	0	0	0	0
5.003616022178376	2500	1800	0	0	0	0	0	0	0	0	0	0	0	0	0	0	0	0	0	0	0	0	0	0	0	0	0	0	0	0	0	0	0	0	0	0	0	0	0	0	0	0	0	0	0	0	0	0	0	0	0	0	0	0	0	0	0	0	0	0	0	0	0	0	0	0	0	0	0	0	0	0	0	0	0	0	0	0	0	0	0	0	0	0	0	0	0	0	0	0	0	0	0	0	0	0	0	0	0	0	0	0	0	0	0	0	0	0	0	0
10.010263880346589	2500	1794	0	0	0	0	0	0	0	0	0	0	0	0	0	0	0	0	0	0	0	0	0	0	0	0	0	0	0	0	0	0	0	0	0	0	0	0	0	0	0	0	0	0	0	0	0	0	0	0	0	0	0	0	0	0	0	0	0	0	0	0	0	0	0	0	0	0	0	0	0	0	0	0	0	0	0	0	0	0	0	0	0	0	0	0	0	0	0	0	0	0	0	0	0	0	0	0	0	0	0	0	0	0	0	0	0	0	0	0
15.00971990820639	2500	1787	0	0	0	0	0	0	0	0	0	0	0	0	0	0	0	0	0	0	0	0	0	0	0	0	0	0	0	0	0	0	0	0	0	0	0	0	0	0	0	0	0	0	0	0	0	0	0	0	0	0	0	0	0	0	0	0	0	0	0	0	0	0	0	0	0	0	0	0	0	0	0	0	0	0	0	0	0	0	0	0	0	0	0	0	0	0	0	0	0	0	0	0	0	0	0	0	0	0	0	0	0	0	0	0	0	0	0	0
20.00588905807749	2495	1786	0	0	0	0	0	0	0	0	0	0	0	0	0	0	0	0	0	0	0	0	0	0	0	0	0	0	0	0	0	0	0	0	0	0	0	0	0	0	0	0	0	0	0	0	0	0	0	0	0	0	0	0	0	0	0	0	0	0	0	0	0	0	0	0	0	0	0	0	0	0	0	0	0	0	0	0	0	0	0	0	0	0	0	0	0	0	0	0	0	0	0	0	0	0	0	0	0	0	0	0	0	0	0	0	0	0	0	0
25.001968028570236	2485	1778	0	0	0	0	0	0	0	0	0	0	0	0	0	0	0	0	0	0	0	0	0	0	0	0	0	0	0	0	0	0	0	0	0	0	0	0	0	0	0	0	0	0	0	0	0	0	0	0	0	0	0	0	0	0	0	0	2	0	0	0	0	0	0	0	0	0	0	0	0	0	0	0	0	0	0	0	0	0	0	0	0	0	0	0	0	0	0	0	0	0	0	0	0	0	0	0	0	0	0	0	0	0	0	0	0	0	0	0
30.00105705545706	2470	1774	0	0	0	0	0	5	3	0	0	0	0	0	0	0	0	0	0	0	0	0	0	0	0	0	0	0	0	0	0	0	0	0	0	0	0	0	0	0	0	0	0	0	0	0	0	0	0	0	0	0	0	0	0	0	0	0	7	2	0	0	0	0	0	0	0	0	0	0	0	0	0	0	0	0	0	0	0	0	0	0	0	0	0	0	0	0	0	0	0	0	0	0	0	0	0	0	0	0	0	0	0	0	0	0	0	0	0	0
35.00118620776062	2448	1765	0	0	0	0	0	11	8	2	0	0	0	0	0	0	0	0	0	0	0	0	0	0	0	0	0	0	0	0	0	0	0	0	0	0	0	0	0	0	0	0	0	0	0	0	0	0	0	0	0	0	0	0	0	0	0	0	9	5	2	0	0	0	0	0	0	0	0	0	0	0	0	0	0	0	0	0	0	0	0	0	0	0	0	0	0	0	0	0	0	0	0	0	0	0	0	0	0	0	0	0	0	0	0	0	0	0	0	0
40.00053940167184	2415	1757	0	0	0	0	0	20	19	6	1	0	0	0	0	0	0	0	0	0	0	0	0	0	0	0	0	0	0	0	0	0	0	0	0	0	0	0	0	0	0	0	0	0	0	0	0	0	0	0	0	0	0	0	0	0	0	0	12	8	5	3	0	0	0	0	0	0	0	0	0	0	0	0	0	0	0	0	0	0	0	0	0	0	0	0	0	0	0	0	0	0	0	0	0	0	0	0	0	0	0	0	0	0	0	0	0	0	0	0
45.00074659520306	2359	1744	0	0	0	0	0	34	27	19	6	0	0	0	0	0	0	0	0	0	0	0	0	0	0	0	0	0	0	0	0	0	0	0	0	0	0	0	0	0	0	0	0	0	0	0	0	0	0	0	0	0	0	0	0	0	0	0	20	11	8	9	0	0	0	0	0	0	0	0	0	0	0	0	0	0	0	0	0	0	0	0	0	0	0	0	0	0	0	0	0	0	0	0	0	0	0	0	0	0	0	0	0	0	0	0	0	0	0	0
50.000538199392416	2303	1737	0	0	0	0	0	59	45	32	24	0	0	0	0	0	0	0	0	0	0	0	0	0	0	0	0	0	0	0	0	0	0	0	0	0	0	0	0	0	0	0	0	0	0	0	0	0	0	0	0	0	0	0	0	0	0	0	31	18	11	12	0	0	0	0	0	0	0	0	0	0	0	0	0	0	0	0	0	0	0	0	0	0	0	0	0	0	0	0	0	0	0	0	0	0	0	0	0	0	0	0	0	0	0	0	0	0	0	0
55.00032618932641	2225	1722	0	0	0	0	0	94	71	49	43	0	0	0	0	0	0	0	0	0	0	0	0	0	0	0	0	0	0	0	0	0	0	0	0	0	0	0	0	0	0	0	0	0	0	0	0	0	0	0	0	0	0	0	0	0	0	0	37	26	20	19	0	0	0	0	0	0	0	0	0	0	0	0	0	0	0	0	0	0	0	0	0	0	0	0	0	0	0	0	0	0	0	0	0	0	0	0	0	0	0	0	0	0	0	0	0	0	0	0
60.000486866640514	2143	1712	0	0	0	0	0	141	106	68	67	0	0	0	0	0	0	0	0	0	0	0	0	0	0	0	0	0	0	0	0	0	0	0	0	0	0	0	0	0	0	0	0	0	0	0	0	0	0	0	0	0	0	0	0	0	0	0	43	36	26	29	0	0	0	0	0	0	0	0	0	0	0	0	0	0	0	0	0	0	0	0	0	0	0	0	0	0	0	0	0	0	0	0	0	0	0	0	0	0	0	0	0	0	0	0	0	0	0	0
65.0005073381698	2049	1702	0	0	0	0	0	189	160	98	109	0	0	0	0	0	0	0	0	0	0	0	0	0	0	0	0	0	0	0	0	0	0	0	0	0	0	0	0	0	0	0	0	0	0	0	0	0	0	0	0	0	0	0	0	0	0	0	53	41	36	40	7	0	0	0	0	0	0	0	0	0	0	0	0	0	0	0	0	0	0	0	0	0	0	0	0	0	0	0	0	0	0	0	0	0	0	0	0	0	0	0	0	0	0	0	0	0	0	0
70.00006489521496	1961	1689	4	0	0	0	0	249	213	137	176	0	0	0	0	0	0	0	0	0	0	0	0	0	0	0	0	0	0	0	0	0	0	0	0	0	0	0	0	0	0	0	0	0	0	0	0	0	0	0	0	0	0	0	0	0	0	0	63	48	42	54	21	0	0	0	0	0	0	0	0	0	0	0	0	0	0	0	0	0	0	0	0	0	0	0	0	0	0	0	0	0	0	0	0	0	0	0	0	0	0	0	0	0	0	0	0	0	0	0
75.00020255472784	1783	1672	12	0	0	0	0	305	275	186	244	0	0	0	0	0	0	0	0	0	0	0	0	0	0	0	0	0	0	0	0	0	0	0	0	0	0	0	0	0	0	0	0	0	0	0	0	0	0	0	0	0	0	0	0	0	0	0	69	59	49	58	37	0	0	0	0	0	0	0	0	0	0	0	0	0	0	0	0	0	0	0	0	0	0	0	0	0	0	0	0	0	0	0	0	0	0	0	0	0	0	0	0	0	0	0	0	0	0	0
80.000302502111	1665	1641	29	0	0	0	0	386	349	254	336	0	0	0	0	0	0	0	0	0	0	0	0	0	0	0	0	0	0	0	0	0	0	0	0	0	0	0	0	0	0	0	0	0	0	0	0	0	0	0	0	0	0	0	0	0	0	0	79	63	58	71	53	0	0	0	0	0	0	0	0	0	0	0	0	0	0	0	0	0	0	0	0	0	0	0	0	0	0	0	0	0	0	0	0	0	0	0	0	0	0	0	0	0	0	0	0	0	0	0
85.00006113308872	1515	1611	53	0	0	0	0	474	425	325	449	0	0	0	0	0	0	0	0	0	0	0	0	0	0	0	0	0	0	0	0	0	0	0	0	0	0	0	0	0	0	0	0	0	0	0	0	0	0	0	0	0	0	0	0	0	0	0	86	78	63	80	61	0	0	0	0	0	0	0	0	0	0	0	0	0	0	0	0	0	0	0	0	0	0	0	0	0	0	0	0	0	0	0	0	0	0	0	0	0	0	0	0	0	0	0	0	0	0	0
90.00015727719762	1360	1578	80	0	0	0	0	559	527	402	582	0	0	0	0	0	0	0	0	0	0	0	0	0	0	0	0	0	0	0	0	0	0	0	0	0	0	0	0	0	0	0	0	0	0	0	0	0	0	0	0	0	0	0	0	0	0	0	90	82	76	87	74	0	0	0	0	0	0	0	0	0	0	0	0	0	0	0	0	0	0	0	0	0	0	0	0	0	0	0	0	0	0	0	0	0	0	0	0	0	0	0	0	0	0	0	0	0	0	0
95.00005851413563	1212	1524	119	0	0	0	0	665	620	505	730	0	0	0	0	0	0	0	0	0	0	0	0	0	0	0	0	0	0	0	0	0	0	0	0	0	0	0	0	0	0	0	0	0	0	0	0	0	0	0	0	0	0	0	0	0	0	0	102	86	79	98	77	0	0	0	0	0	0	0	0	0	0	0	0	0	0	0	0	0	0	0	0	0	0	0	0	0	0	0	0	0	0	0	0	0	0	0	0	0	0	0	0	0	0	0	0	0	0	0
100.00009539672938	1016	1462	176	0	0	0	0	780	727	601	899	0	0	0	0	0	0	0	0	0	0	0	0	0	0	0	0	0	0	0	0	0	0	0	0	0	0	0	0	0	0	0	0	0	0	0	0	0	0	0	0	0	0	0	0	0	0	0	110	90	89	105	87	0	0	0	0	0	0	0	0	0	0	0	0	0	0	0	0	0	0	0	0	0	0	0	0	0	0	0	0	0	0	0	0	0	0	0	0	0	0	0	0	0	0	0	0	0	0	0
105.00012824148136	830	1384	244	0	0	0	0	897	831	720	1099	0	0	0	0	0	0	0	0	0	0	0	0	0	0	0	0	0	0	0	0	0	0	0	0	0	0	0	0	0	0	0	0	0	0	0	0	0	0	0	0	0	0	0	0	0	0	0	115	105	94	110	96	0	0	0	0	0	0	0	0	0	0	0	0	0	0	0	0	0	0	0	0	0	0	0	0	0	0	0	0	0	0	0	0	0	0	0	0	0	0	0	0	0	0	0	0	0	0	0
110.00010474929175	663	1302	314	0	0	0	0	1030	965	823	1307	0	0	0	0	0	0	0	0	0	0	0	0	0	0	0	0	0	0	0	0	0	0	0	0	0	0	0	0	0	0	0	0	0	0	0	0	0	0	0	0	0	0	0	0	0	0	0	119	110	107	121	107	0	0	0	0	0	0	0	0	0	0	0	0	0	0	0	0	0	0	0	0	0	0	0	0	0	0	0	0	0	0	0	0	0	0	0	0	0	0	0	0	0	0	0	0	0	0	0
115.00024921904075	496	1196	412	0	0	0	0	1163	1094	951	1554	0	0	0	0	0	0	0	0	0	0	0	0	0	0	0	0	0	0	0	0	0	0	0	0	0	0	0	0	0	0	0	0	0	0	0	0	0	0	0	0	0	0	0	0	0	0	0	127	115	112	133	112	0	0	0	0	0	0	0	0	0	0	0	0	0	0	0	0	0	0	0	0	0	0	0	0	0	0	0	0	0	0	0	0	0	0	0	0	0	0	0	0	0	0	0	0	0	0	0
120.00000935408966	254	1112	491	0	0	0	0	1292	1230	1089	1798	0	0	0	0	0	0	0	0	0	0	0	0	0	0	0	0	0	0	0	0	0	0	0	0	0	0	0	0	0	0	0	0	0	0	0	0	0	0	0	0	0	0	0	0	0	0	0	135	124	117	137	123	0	0	0	0	0	0	0	0	0	0	0	0	0	0	0	0	0	0	0	0	0	0	0	0	0	0	0	0	0	0	0	0	0	0	0	0	0	0	0	0	0	0	0	0	0	0	0
125.00014896591446	107	1004	593	0	0	1	0	1437	1372	1224	2065	0	0	0	0	0	0	0	0	0	0	0	0	0	0	0	0	0	0	0	0	0	0	0	0	0	0	0	0	0	0	0	0	0	0	0	0	0	0	0	0	0	0	0	0	0	0	0	142	130	124	145	134	10	0	0	0	0	0	0	0	0	0	0	0	0	0	0	0	0	0	0	0	0	0	0	0	0	0	0	0	0	0	0	0	0	0	0	0	0	0	0	0	0	0	0	0	0	0	0
130.00014754584885	60	878	708	0	0	2	0	1610	1517	1364	2340	0	0	0	0	0	0	0	0	0	0	0	0	0	0	0	0	0	0	0	0	0	0	0	0	0	0	0	0	0	0	0	0	0	0	0	0	0	0	0	0	0	0	0	0	0	0	0	144	136	132	153	139	55	0	0	0	0	0	0	0	0	0	0	0	0	0	0	0	0	0	0	0	0	0	0	0	0	0	0	0	0	0	0	0	0	0	0	0	0	0	0	0	0	0	0	0	0	0	0
135.00000054475817	26	750	827	0	0	12	0	1762	1651	1492	2620	1	3	0	0	0	0	0	0	0	0	0	0	0	0	0	0	0	0	0	0	0	0	0	0	0	0	0	0	0	0	0	0	0	0	0	0	0	0	0	0	0	0	0	0	0	0	0	147	143	138	159	148	84	5	0	0	0	0	0	0	0	0	0	0	0	0	0	0	0	0	0	0	0	0	0	0	0	0	0	0	0	0	0	0	0	0	0	0	0	0	0	0	0	0	0	0	0	0	0
140.00006469391096	18	618	949	0	0	21	0	1907	1772	1615	2902	0	14	1	0	0	0	0	0	0	0	0	0	0	0	0	0	0	0	0	0	0	0	0	0	0	0	0	0	0	0	0	0	0	0	0	0	0	0	0	0	0	0	0	0	0	0	0	151	147	141	172	155	109	12	7	0	0	0	0	0	0	0	0	0	0	0	0	0	0	0	0	0	0	0	0	0	0	0	0	0	0	0	0	0	0	0	0	0	0	0	0	0	0	0	0	0	0	0	0
145.00001066015324	21	480	1081	0	0	34	0	2026	1899	1720	3166	2	20	9	0	0	0	0	0	0	0	0	0	0	0	0	0	0	0	0	0	0	0	0	0	0	0	0	0	0	0	0	0	0	0	0	0	0	0	0	0	0	0	0	0	0	0	0	154	151	143	172	161	130	16	12	0	0	0	0	0	0	0	0	0	0	0	0	0	0	0	0	0	0	0	0	0	0	0	0	0	0	0	0	0	0	0	0	0	0	0	0	0	0	0	0	0	0	0	0
150.00000291863358	4	347	1209	0	0	51	0	2153	1993	1827	3404	1	36	19	0	0	0	0	0	0	0	0	0	0	0	0	0	0	0	0	0	0	0	0	0	0	0	0	0	0	0	0	0	0	0	0	0	0	0	0	0	0	0	0	0	0	0	0	163	153	145	176	168	138	29	18	0	0	0	0	0	0	0	0	0	0	0	0	0	0	0	0	0	0	0	0	0	0	0	0	0	0	0	0	0	0	0	0	0	0	0	0	0	0	0	0	0	0	0	0
155.00021523921058	12	214	1337	0	0	93	0	2280	2087	1906	3636	2	55	34	0	0	0	0	0	0	0	0	0	0	0	0	0	0	0	0	0	0	0	0	0	0	0	0	0	0	0	0	0	0	0	0	0	0	0	0	0	0	0	0	0	0	0	0	174	157	146	180	173	143	39	25	0	0	0	0	0	0	0	0	0	0	0	0	0	0	0	0	0	0	0	0	0	0	0	0	0	0	0	0	0	0	0	0	0	0	0	0	0	0	0	0	0	0	0	0
160.00000556145076	6	89	1457	0	0	148	0	2380	2175	1987	3863	2	80	52	0	0	0	0	0	0	0	0	0	0	0	0	0	0	0	0	0	0	0	0	0	0	0	0	0	0	0	0	0	0	0	0	0	0	0	0	0	0	0	0	0	0	0	0	186	166	152	181	173	155	51	38	0	0	0	0	0	0	0	0	0	0	0	0	0	0	0	0	0	0	0	0	0	0	0	0	0	0	0	0	0	0	0	0	0	0	0	0	0	0	0	0	0	0	0	0
165.0000129114648	4	2	1535	0	0	205	0	2474	2269	2069	4040	25	116	81	0	0	0	0	0	0	0	0	0	0	0	0	0	0	0	0	0	0	0	0	0	0	0	0	0	0	0	0	0	0	0	0	0	0	0	0	0	0	0	0	0	0	0	0	188	175	158	189	176	167	65	49	9	1	1	0	0	0	0	0	0	0	0	0	0	0	0	0	0	0	0	0	0	0	0	0	0	0	0	0	0	0	0	0	0	0	0	0	0	0	0	0	0	0	0	0
170.00001102757636	10	0	1534	0	0	259	0	2567	2360	2157	4135	132	142	112	6	1	0	0	0	0	0	0	0	0	0	0	0	0	0	0	0	0	0	0	0	0	0	0	0	0	0	0	0	0	0	0	0	0	0	0	0	0	0	0	0	0	0	0	189	175	166	197	177	172	78	61	26	5	3	5	3	3	1	0	0	0	0	0	0	0	0	0	0	0	0	0	0	0	0	0	0	0	0	0	0	0	0	0	0	0	0	0	0	0	0	0	0	0	0	0
175.00000243123438	11	0	1534	0	0	354	0	2661	2450	2231	4239	225	188	138	17	2	1	1	0	0	0	0	0	0	0	0	0	0	0	0	0	0	0	0	0	0	0	0	0	0	0	0	0	0	0	0	0	0	0	0	0	0	0	0	0	0	0	0	200	185	169	205	179	180	94	80	40	8	4	5	7	8	6	6	4	0	0	0	0	0	0	0	0	0	0	0	0	0	0	0	0	0	0	0	0	0	0	0	0	0	0	0	0	0	0	0	0	0	0	0
180.00000478613728	5	0	1535	0	3	450	0	2760	2533	2312	4325	342	234	181	27	4	1	3	0	4	0	0	0	0	0	0	0	0	0	0	0	0	0	0	0	0	0	0	0	0	0	0	0	0	0	0	0	0	0	0	0	0	0	0	0	0	0	0	209	197	179	213	183	184	114	97	51	9	6	9	10	9	9	15	12	7	2	0	0	0	0	0	0	0	0	0	0	0	0	0	0	0	0	0	0	0	0	0	0	0	0	0	0	0	0	0	0	0	0	0
185.00003229115774	4	0	1526	0	7	514	0	2843	2609	2389	4418	433	279	218	45	9	6	5	3	9	0	0	0	0	0	0	0	0	0	0	0	0	0	0	0	0	0	0	0	0	0	0	0	0	0	0	0	0	0	0	0	0	0	0	0	0	0	0	219	214	199	222	192	190	124	108	70	14	9	20	16	17	15	21	16	14	11	10	0	0	0	0	0	0	0	0	0	0	0	0	0	0	0	0	0	0	0	0	0	0	0	0	0	0	0	0	0	0	0	0
190.00002616719476	5	0	1523	0	13	598	2	2925	2691	2462	4517	509	329	260	58	15	8	7	7	12	0	5	3	3	1	0	0	0	0	0	0	0	0	0	0	0	0	0	0	0	0	0	0	0	0	0	0	0	0	0	0	0	0	0	0	0	0	0	229	224	212	242	197	196	134	122	77	15	14	25	31	30	23	26	24	21	16	18	3	3	2	0	0	0	0	0	0	0	0	0	0	0	0	0	0	0	0	0	0	0	0	0	0	0	0	0	0	0	0	0
195.00001584749938	3	0	1522	0	20	674	5	3012	2752	2539	4608	581	372	318	88	19	12	15	11	19	0	10	6	9	0	4	0	0	0	0	0	0	0	0	0	0	0	0	0	0	0	0	0	0	0	0	0	0	0	0	0	0	0	0	0	0	0	0	233	229	223	257	201	198	142	132	96	22	18	33	44	42	33	39	37	30	27	26	10	7	4	3	3	0	0	0	0	0	0	0	0	0	0	0	0	0	0	0	0	0	0	0	0	0	0	0	0	0	0	0
200.00000808789258	1	0	1521	0	25	740	11	3088	2812	2623	4712	660	419	364	117	25	18	22	19	30	0	15	14	16	0	12	0	4	1	0	0	0	0	0	0	0	0	0	0	0	0	0	0	0	0	0	0	0	0	0	0	0	0	0	0	0	0	0	238	238	231	269	207	201	158	139	113	25	19	35	52	55	43	58	51	40	38	44	21	30	24	8	5	0	0	0	0	0	0	0	0	0	0	0	0	0	0	0	0	0	0	0	0	0	0	0	0	0	0	0
205.00003873104689	3	0	1520	0	32	801	17	3164	2872	2682	4798	728	468	398	158	32	23	38	28	40	0	23	24	27	0	20	0	10	2	0	0	0	0	0	0	0	0	0	0	0	0	0	0	0	0	0	0	0	0	0	0	0	0	0	0	0	0	0	249	240	238	280	214	202	171	157	122	30	23	44	55	55	43	67	66	60	44	52	34	39	31	33	31	2	2	1	0	0	0	0	0	0	0	0	0	0	0	0	0	0	0	0	0	0	0	0	0	0	0	0
210.00000099119973	2	0	1516	0	38	856	25	3238	2936	2741	4877	797	514	426	196	40	29	45	33	55	1	33	35	34	1	34	0	16	8	5	0	0	0	0	0	0	0	0	0	0	0	0	0	0	0	0	0	0	0	0	0	0	0	0	0	0	0	0	258	251	239	285	228	204	187	168	130	32	24	44	65	66	54	79	71	67	67	74	51	58	55	53	38	11	6	5	4	4	0	0	0	0	0	0	0	0	0	0	0	0	0	0	0	0	0	0	0	0	0	0
215.00000013429033	3	0	1511	0	51	891	36	3303	2998	2802	4959	858	565	465	230	45	33	51	50	72	1	46	49	48	3	46	0	27	16	16	5	0	1	0	1	1	0	0	0	0	0	0	0	0	0	0	0	0	0	0	0	0	0	0	0	0	0	0	266	255	244	286	234	208	198	185	141	39	26	46	69	69	54	90	88	83	77	89	55	66	56	62	62	36	22	12	8	8	4	4	5	3	0	0	0	0	0	0	0	0	0	0	0	0	0	0	0	0	0	0
220.00000420117897	1	0	1506	0	61	885	56	3363	3048	2858	5029	920	610	506	281	55	41	64	68	85	1	66	71	58	1	61	1	45	25	23	9	0	1	1	2	2	0	1	0	0	0	0	0	0	0	0	0	0	0	0	0	0	0	0	0	0	0	0	268	263	245	290	254	215	212	196	153	48	39	69	82	72	57	96	95	92	90	110	73	82	70	75	71	48	40	39	38	38	8	8	15	11	8	6	4	0	0	0	0	0	0	0	0	0	0	0	0	0	0	0
225.00000902782895	2	0	1488	0	76	920	67	3411	3098	2908	5095	991	639	553	327	60	50	78	90	101	0	78	91	70	4	82	2	59	44	32	23	0	4	3	5	8	0	2	1	0	0	0	0	0	0	0	0	0	0	0	0	0	0	0	0	0	0	0	273	263	254	297	266	221	237	207	162	50	49	84	90	81	70	108	101	96	94	118	98	113	110	115	81	71	61	60	57	52	38	39	48	38	24	21	11	0	0	0	0	0	0	0	0	0	0	0	0	0	0	0
230.00001357951396	0	0	1476	0	96	930	71	3462	3133	2956	5163	1046	691	587	357	67	58	86	110	120	0	95	106	89	4	103	6	80	58	48	36	0	10	11	12	14	0	6	6	3	1	1	0	0	0	0	0	0	0	0	0	0	0	0	0	0	0	0	281	267	256	305	273	228	256	228	174	53	53	89	115	115	105	124	119	111	104	128	110	132	129	132	123	84	77	74	72	71	55	47	73	71	61	57	37	5	1	0	0	0	0	0	0	0	0	0	0	0	0	0
235.00001120460004	0	0	1475	0	108	936	87	3508	3173	3003	5212	1098	724	624	398	76	64	95	127	142	0	112	119	102	3	123	12	105	76	65	45	0	18	23	22	18	0	9	11	7	5	1	1	0	0	0	0	0	0	0	0	0	0	0	0	0	0	0	291	276	262	306	284	233	272	246	195	57	55	95	129	129	112	159	156	137	120	152	115	149	143	146	146	107	91	84	83	83	74	65	92	87	76	75	72	12	5	1	0	0	0	0	0	0	0	0	0	0	0	0
240.00001564694074	1	0	1463	0	125	977	95	3548	3219	3036	5249	1146	756	656	434	85	73	105	144	164	3	132	135	116	1	150	31	125	97	80	54	0	25	38	32	31	5	16	23	15	10	8	6	0	0	0	0	0	0	0	0	0	0	0	0	0	0	0	299	290	273	313	288	235	278	270	214	62	57	101	138	139	124	171	163	164	160	181	121	152	148	167	166	140	136	121	111	103	83	80	113	106	98	93	86	43	15	12	1	0	0	0	0	0	0	0	0	0	0	0
245.0000159235339	3	0	1449	0	144	1007	110	3580	3265	3070	5296	1204	787	688	475	97	83	115	159	179	0	154	149	128	3	170	45	142	114	95	78	0	35	52	42	39	14	20	37	28	15	17	10	0	0	0	0	0	0	0	0	0	0	0	0	0	0	0	307	303	292	334	288	239	286	280	227	64	59	102	141	141	136	185	178	177	166	203	128	154	148	167	167	171	156	146	143	138	108	96	128	126	118	117	106	74	35	29	7	0	0	0	0	0	0	0	0	0	0	0
250.00000201886525	3	0	1435	0	153	1030	118	3623	3292	3100	5335	1234	822	721	513	107	88	135	176	195	2	170	171	141	6	197	56	158	126	115	96	2	48	68	52	51	21	31	50	41	34	27	23	0	0	0	0	0	0	0	0	0	0	0	0	0	0	0	321	311	303	347	294	241	295	285	240	74	65	115	150	148	138	198	198	197	180	218	144	174	168	179	167	190	180	175	168	170	123	116	157	146	139	129	126	94	95	49	8	1	0	0	0	0	0	0	0	0	0	0
255.00000629582775	2	0	1419	0	171	1088	139	3668	3322	3126	5369	1274	841	751	549	114	95	148	186	207	0	190	191	150	4	223	78	174	139	137	111	6	70	92	67	69	23	42	65	60	46	38	28	0	1	0	1	0	0	0	0	0	0	0	0	0	0	0	328	321	310	360	299	249	302	294	248	74	65	115	156	157	157	211	201	199	186	225	196	239	218	211	187	196	195	193	190	191	169	167	197	185	172	161	146	95	118	116	13	5	2	0	0	0	0	0	0	0	0	0
260.000004547979	1	0	1408	0	184	1087	157	3700	3344	3160	5414	1316	865	772	583	120	103	156	201	224	3	212	209	171	8	238	99	190	148	151	134	15	91	102	85	81	33	58	80	75	59	49	46	0	2	2	1	0	0	0	0	0	0	0	0	0	0	0	344	336	319	369	306	254	314	304	262	80	73	128	166	161	158	229	227	216	204	243	220	273	269	272	256	197	196	196	196	196	181	177	247	237	228	207	184	126	121	155	23	7	16	4	0	0	0	0	0	0	0	0
265.00001665509194	0	0	1402	0	198	1078	172	3732	3367	3187	5460	1352	898	799	620	125	109	169	220	242	0	235	227	187	4	256	116	215	171	164	151	24	103	122	101	98	46	71	100	85	67	64	59	4	5	6	2	0	0	0	0	0	0	0	0	0	0	0	349	344	331	378	310	256	323	309	287	91	85	137	176	176	167	234	231	230	229	262	223	277	274	300	298	222	216	207	199	198	188	182	260	254	249	247	237	138	121	171	35	13	23	18	1	0	0	0	0	0	0	0
270.0000025127414	0	0	1390	0	211	1074	186	3761	3405	3209	5497	1366	920	814	660	133	115	172	238	254	1	262	238	207	5	275	128	239	184	183	167	33	121	140	122	111	55	88	123	107	87	76	76	10	11	13	3	0	0	0	0	0	0	0	0	0	0	0	358	352	343	395	320	261	327	324	306	111	103	162	198	195	171	243	243	234	232	284	241	294	287	304	303	286	257	238	229	224	201	195	267	265	261	260	256	163	129	182	42	24	32	28	6	0	0	0	0	0	0	0
275.0000035763094	0	0	1376	0	223	1072	192	3792	3427	3229	5531	1397	944	840	696	143	124	180	258	267	0	272	256	228	9	298	150	266	201	214	199	45	133	158	133	121	67	96	142	131	105	91	91	14	20	23	8	0	0	1	0	0	0	0	0	0	0	0	364	360	351	403	340	262	346	326	311	114	109	171	213	212	203	254	244	244	243	289	244	295	292	320	320	337	317	304	293	285	230	222	312	298	282	271	266	202	176	189	44	29	47	37	19	0	0	0	0	0	0	0
280.00000351294216	0	0	1362	0	232	1103	206	3818	3445	3255	5562	1419	969	874	721	148	132	193	274	280	2	292	277	241	9	320	169	293	220	236	218	59	147	175	139	135	86	107	163	149	120	105	109	27	29	38	10	0	2	2	0	0	0	0	0	0	0	0	376	367	359	413	352	268	349	341	320	114	110	176	225	224	224	282	278	262	248	303	256	310	305	336	321	354	349	346	345	339	265	254	331	320	316	312	298	251	230	235	47	30	54	53	30	0	0	0	0	0	0	0
285.0000014523886	1	0	1342	0	251	1140	221	3848	3465	3280	5595	1449	988	892	751	157	136	205	287	292	1	300	284	265	11	345	190	310	242	259	238	81	167	195	156	149	105	116	187	173	141	124	122	36	35	49	12	0	3	3	0	0	0	0	0	0	0	0	381	377	362	418	363	280	353	350	332	121	112	179	237	238	234	306	300	286	262	310	262	314	308	341	336	371	360	354	354	354	322	313	381	364	346	334	320	262	241	295	57	44	71	54	40	3	0	0	0	0	0	0
290.0000065286377	1	0	1329	0	263	1133	225	3878	3490	3302	5614	1471	1013	911	781	167	143	218	302	305	1	316	306	276	20	359	218	325	257	277	255	95	188	211	174	173	117	134	208	191	164	148	142	44	49	66	14	0	6	8	0	0	0	0	0	0	0	0	386	381	377	426	368	281	353	352	339	129	121	190	250	247	243	318	315	310	306	351	270	325	313	342	342	384	379	374	373	371	353	353	454	442	413	387	361	274	256	318	69	47	87	83	53	14	4	2	0	0	0	0
295.00000721012395	1	0	1329	0	267	1081	251	3902	3510	3319	5643	1493	1036	934	798	173	147	234	318	324	4	328	322	296	14	376	235	345	276	294	271	119	207	233	197	193	130	150	244	214	179	162	157	56	61	78	18	0	10	11	0	0	0	0	0	0	0	0	391	387	380	441	369	283	353	353	355	135	132	206	259	258	250	334	330	327	317	375	302	361	344	361	354	402	398	396	390	386	369	364	476	468	466	457	437	303	306	335	78	55	102	91	54	23	13	9	6	4	0	0
300.0000149006312	1	0	1312	0	282	1078	261	3929	3528	3341	5673	1514	1055	954	830	179	156	242	333	338	2	345	343	301	7	388	262	368	297	304	289	132	237	253	219	212	153	160	250	239	195	181	174	75	75	96	23	1	16	14	0	0	0	0	0	0	0	0	402	395	383	445	385	283	353	353	368	142	136	210	288	288	267	352	339	333	327	386	319	381	376	412	395	412	408	402	401	401	390	387	502	498	478	475	471	314	352	383	83	67	120	110	82	32	31	29	24	14	0	0
305.0000006791302	2	0	1303	0	292	1089	264	3951	3547	3367	5689	1536	1067	972	859	186	164	254	355	350	7	358	361	310	13	410	279	386	313	317	304	143	259	269	240	230	169	174	273	270	216	198	189	87	89	109	27	1	25	20	0	0	0	2	0	0	0	0	404	401	394	446	398	283	353	353	376	151	139	215	294	294	285	374	356	353	340	401	327	391	387	416	412	429	417	413	412	412	402	401	535	531	515	505	495	361	385	430	100	76	147	133	93	40	38	39	33	31	5	1
310.00000582021113	0	0	1288	0	313	1099	278	3974	3563	3381	5714	1559	1083	989	880	190	172	260	363	364	3	375	375	330	9	423	297	407	330	343	317	163	287	285	259	245	186	197	291	288	241	218	216	101	109	137	35	2	33	23	0	0	0	3	1	0	0	0	407	406	398	459	413	283	353	353	400	159	149	227	304	298	285	382	376	374	360	420	353	424	417	441	424	467	447	436	429	429	413	411	546	540	538	535	532	410	411	480	113	77	155	150	113	48	52	50	42	39	23	18
315.0000010830643	0	0	1260	0	331	1124	281	3990	3570	3394	5731	1587	1094	1011	896	194	182	269	382	373	2	394	392	343	11	444	321	422	348	366	336	178	302	296	275	261	212	217	319	307	261	249	240	117	121	160	37	4	38	28	0	0	0	3	3	3	0	0	410	409	402	462	421	290	355	354	404	160	149	227	310	310	301	383	382	382	382	445	366	439	424	459	458	496	491	487	478	470	425	418	568	565	562	549	540	475	450	514	123	93	163	155	135	61	52	53	53	52	33	33
320.00000034570553	0	0	1253	0	338	1131	291	4006	3592	3415	5757	1598	1103	1025	918	199	188	283	393	380	5	412	413	361	10	468	337	443	362	381	356	209	332	310	291	278	240	241	343	335	284	266	263	134	137	178	40	4	43	38	1	0	0	4	3	5	0	3	417	410	402	468	432	302	372	354	412	161	150	227	310	310	310	398	398	385	383	457	374	444	437	478	471	514	508	500	496	496	466	450	598	589	576	572	565	514	483	547	126	100	181	170	151	88	66	65	62	53	42	52
325.0000001564189	0	0	1228	0	355	1100	316	4023	3612	3437	5773	1630	1113	1037	933	206	189	288	404	392	2	429	437	379	8	484	360	461	380	395	375	230	347	326	320	295	254	255	366	351	308	293	283	153	152	201	42	5	49	46	2	0	0	5	8	8	0	6	417	417	411	471	444	308	390	359	413	162	152	231	316	312	310	412	411	398	398	470	409	490	475	491	478	548	535	522	515	513	498	497	669	660	620	600	587	550	586	588	135	123	210	189	156	99	98	92	83	67	46	58
330.0000008981414	1	0	1212	0	363	1123	326	4040	3637	3451	5790	1647	1124	1049	947	214	195	300	410	407	5	448	444	398	12	500	381	488	397	413	394	255	375	347	335	319	270	270	383	373	335	317	306	165	170	219	47	5	51	54	6	0	3	6	9	11	0	8	426	418	417	482	447	313	397	370	417	185	182	257	320	318	312	413	412	412	412	482	423	503	497	526	505	562	552	548	548	548	516	508	687	683	678	672	656	570	647	688	146	126	231	218	172	118	128	122	119	101	46	65
335.00000280231757	1	0	1199	0	372	1146	336	4062	3648	3470	5806	1665	1135	1057	964	224	195	309	418	419	6	464	454	419	15	515	398	507	408	434	412	281	388	357	356	338	288	284	413	404	356	343	329	183	208	234	51	8	60	61	9	0	4	13	13	14	0	12	441	427	419	488	450	328	403	383	418	185	182	265	351	343	329	413	412	413	413	503	461	543	525	554	545	574	572	571	571	565	547	541	737	726	701	687	683	599	667	779	167	135	239	235	189	131	148	143	135	128	54	68
340.0000007671547	0	0	1181	0	383	1115	352	4079	3661	3482	5825	1687	1149	1071	978	229	201	317	432	431	4	474	465	441	16	535	411	521	427	455	428	308	403	371	379	353	305	299	443	433	381	362	352	194	230	254	53	11	66	71	11	0	6	14	14	16	0	13	453	443	428	497	461	347	420	400	419	187	182	266	352	344	332	434	428	413	413	507	469	552	535	567	549	604	588	578	574	572	567	561	772	760	744	737	724	609	684	799	184	143	263	254	219	156	168	166	165	149	80	82
345.0000033746716	0	0	1165	0	393	1147	370	4096	3677	3498	5835	1708	1165	1084	993	239	210	324	445	440	2	491	477	458	7	554	429	538	441	474	452	323	418	387	393	364	327	321	468	450	407	387	383	220	252	270	55	13	73	78	15	0	9	17	17	20	1	15	456	453	445	505	465	369	450	414	422	188	182	267	364	364	360	438	438	438	434	517	485	573	569	616	590	639	625	614	609	604	576	573	793	786	774	773	761	649	691	818	185	149	275	271	235	164	195	185	178	166	135	141
350.00000461299476	0	0	1159	0	397	1170	375	4116	3694	3506	5856	1724	1177	1097	1008	242	213	329	459	453	6	505	492	477	6	563	447	555	462	489	471	347	431	403	408	384	343	334	483	470	422	417	404	243	276	284	59	14	82	85	17	0	10	23	22	23	2	20	461	457	453	523	468	386	469	440	423	190	190	281	372	371	366	478	464	448	439	538	487	576	571	618	618	646	646	646	642	639	608	601	821	809	800	793	783	696	722	827	188	168	292	275	256	166	223	222	216	198	151	181
355.0000009097287	0	0	1143	0	411	1187	372	4131	3706	3521	5874	1740	1189	1115	1028	243	222	336	471	459	3	516	508	493	20	570	463	572	479	499	484	373	450	419	419	398	359	343	498	495	441	437	430	266	299	304	68	18	92	88	20	0	15	29	34	29	4	25	465	463	458	530	472	387	486	466	434	192	190	286	390	388	382	480	480	474	446	545	492	579	573	625	619	684	669	658	653	650	609	603	841	841	833	826	811	719	809	860	189	174	312	302	271	181	225	225	225	225	164	187
360.00000375211647	0	0	1144	0	415	1207	401	4138	3719	3532	5887	1755	1202	1127	1045	245	226	344	478	467	6	535	515	502	14	590	475	589	491	520	494	389	466	436	434	408	379	353	517	516	463	466	453	297	315	327	75	24	98	103	33	0	17	32	39	36	6	27	468	467	463	535	484	393	491	479	440	192	190	286	394	395	391	502	490	475	449	545	493	580	575	628	628	717	712	702	689	685	614	606	845	845	844	842	841	720	839	940	198	187	340	324	275	219	235	230	225	225	216	244
365.00000077844993	0	0	1133	0	430	1266	408	4150	3734	3542	5899	1768	1214	1135	1061	250	232	351	489	476	4	552	530	518	19	610	499	606	509	531	506	409	481	449	455	423	396	371	542	537	480	491	474	319	345	359	80	29	105	109	38	0	18	39	49	40	8	36	471	470	467	541	490	406	501	495	462	194	190	286	396	396	392	506	506	503	500	580	493	582	576	629	628	724	720	719	718	717	660	651	879	866	849	845	845	736	839	989	216	188	351	345	305	237	268	252	241	236	224	265
370.00000603959063	0	0	1132	0	432	1254	419	4156	3745	3555	5911	1783	1224	1149	1081	257	238	360	504	483	6	561	544	534	15	630	519	625	522	544	524	422	495	465	472	444	412	385	561	564	499	510	498	341	367	384	84	33	113	120	41	1	23	44	56	44	10	44	472	472	470	544	498	427	523	496	475	199	197	291	400	399	399	509	509	509	504	607	514	601	589	636	633	736	731	726	725	725	663	657	907	908	895	880	864	821	855	996	219	197	356	351	326	253	294	292	289	269	225	279
375.0000055887432	0	0	1113	0	455	1224	428	4166	3755	3568	5923	1794	1239	1159	1101	263	245	365	519	491	3	570	559	551	16	643	531	636	536	561	539	444	526	491	503	458	429	401	592	579	521	528	519	358	385	411	90	35	124	130	46	2	28	50	63	53	15	55	476	472	472	548	504	450	535	510	490	201	197	297	417	417	410	523	517	515	509	617	515	601	595	652	640	736	736	736	736	730	671	664	914	909	909	909	909	845	890	1013	220	209	375	365	346	265	323	321	314	295	241	285
380.0000039448949	0	0	1107	0	468	1207	446	4178	3770	3581	5940	1803	1249	1166	1115	266	246	371	526	501	1	584	568	560	10	661	547	653	555	569	548	469	546	512	519	471	446	422	612	602	548	553	538	385	408	425	93	41	132	137	53	6	31	56	68	62	19	59	484	477	472	549	521	464	555	529	510	204	197	298	419	419	417	544	531	526	518	623	523	612	597	652	652	744	738	737	737	730	675	669	935	930	926	917	909	850	939	1045	221	218	404	383	352	276	346	339	330	322	254	302
385.00000123170344	0	0	1106	0	471	1214	450	4194	3786	3600	5951	1815	1260	1177	1132	270	252	377	537	507	4	595	575	573	17	676	564	664	572	589	566	499	562	537	533	488	464	443	629	630	569	579	568	409	429	445	102	47	137	144	56	9	37	62	74	70	21	62	496	488	478	553	531	478	580	549	527	206	197	298	420	420	420	553	547	546	536	636	524	618	614	672	656	757	752	747	743	733	676	670	942	940	936	936	930	855	952	1106	233	219	408	404	365	287	362	355	348	346	262	302
390.0000005978784	1	0	1102	0	478	1222	461	4206	3799	3611	5961	1827	1275	1190	1148	273	255	381	543	511	7	608	588	583	21	683	582	674	583	599	583	512	587	550	549	495	482	461	655	656	586	602	581	444	443	473	108	52	143	147	68	12	42	64	82	83	25	66	498	497	489	560	539	489	603	573	537	219	210	302	422	422	421	558	557	557	552	663	538	633	620	674	674	768	767	767	761	746	678	671	949	947	944	944	940	871	1003	1120	242	221	410	410	382	300	375	368	366	364	263	302
395.0000007389097	1	0	1089	0	489	1241	462	4220	3805	3621	5971	1835	1286	1203	1160	283	257	386	550	520	6	619	601	596	21	702	592	687	593	615	592	536	613	566	566	507	506	475	676	679	616	627	604	475	461	496	112	56	156	157	78	15	46	71	88	91	38	72	498	498	494	573	545	495	615	591	544	228	219	323	445	437	425	558	558	558	557	671	577	675	658	703	681	778	770	769	765	754	697	687	967	963	953	951	948	921	1020	1177	248	224	412	411	404	302	388	381	376	374	263	302
400.0000003162638	0	0	1083	0	494	1226	480	4231	3813	3634	5993	1854	1306	1214	1181	289	264	395	560	530	9	632	612	609	15	711	600	704	614	626	603	553	633	584	583	521	524	490	705	706	645	651	620	498	491	522	116	59	165	162	84	22	52	80	94	96	43	79	500	498	495	576	547	501	628	611	556	230	219	323	446	437	425	561	560	560	558	678	602	711	701	746	726	795	793	789	782	778	736	730	1007	996	979	971	963	935	1043	1200	261	227	419	414	409	302	395	395	395	389	277	320
405.00000056479706	0	0	1070	0	508	1226	486	4238	3826	3646	6004	1871	1318	1227	1194	295	272	403	570	536	11	642	621	621	21	723	613	720	627	641	615	571	648	599	598	533	545	504	737	723	662	672	648	520	511	542	122	65	173	171	98	29	58	86	107	110	49	90	516	503	498	580	549	512	646	627	570	247	239	341	446	437	425	561	561	561	561	685	603	717	711	755	750	808	797	796	795	795	779	773	1058	1045	1027	1013	995	949	1092	1229	266	229	422	422	411	332	395	395	395	395	291	332
410.0000043144441	0	0	1060	0	522	1265	492	4247	3833	3652	6015	1888	1336	1241	1209	298	278	410	582	547	4	658	633	632	15	737	623	737	638	661	634	589	662	614	613	549	560	523	755	741	682	694	668	542	534	560	127	70	180	186	107	33	62	96	112	113	54	105	519	516	503	581	551	515	653	641	582	249	239	343	475	469	457	574	564	562	561	688	611	722	711	758	753	845	832	821	814	809	780	773	1077	1075	1073	1059	1041	979	1113	1277	274	235	424	423	414	347	408	400	395	395	333	380
415.0000022756219	0	0	1048	0	533	1270	513	4254	3841	3663	6026	1903	1354	1259	1226	303	283	423	587	561	4	669	643	638	15	756	638	753	647	685	640	607	678	630	630	568	580	531	779	765	704	711	689	562	560	591	134	74	186	196	117	40	70	108	119	123	59	119	520	519	516	591	555	523	664	648	590	251	240	346	478	469	457	595	595	582	566	692	616	731	728	788	776	877	871	860	851	845	813	807	1118	1106	1087	1080	1075	991	1121	1315	285	256	447	428	422	359	437	430	424	408	342	399
420.0000007456928	1	0	1057	0	530	1271	525	4261	3853	3667	6042	1915	1365	1275	1239	308	285	431	596	569	10	681	659	653	14	773	651	774	662	702	657	627	699	643	643	588	601	546	798	786	726	727	716	582	578	621	140	80	192	202	123	48	78	125	126	133	71	127	522	520	519	605	561	533	677	659	604	257	242	347	484	481	481	596	595	595	594	718	648	761	747	802	788	883	882	879	878	872	820	815	1125	1125	1125	1124	1106	994	1121	1318	289	274	481	458	423	364	458	452	448	438	388	446
425.0000001153508	0	0	1052	0	539	1274	533	4268	3859	3670	6053	1929	1378	1287	1258	314	289	438	603	579	16	696	675	660	18	786	661	787	670	723	671	649	710	659	665	609	618	567	820	813	753	752	739	595	605	650	143	84	202	203	131	55	95	136	136	140	79	138	523	522	521	609	573	546	680	671	638	267	256	348	484	484	483	625	617	600	595	729	681	792	777	832	807	907	892	886	884	884	866	861	1175	1160	1138	1126	1125	1024	1122	1321	289	283	506	492	429	409	472	472	471	458	402	474
430.0000020658515	1	0	1032	0	560	1244	538	4273	3870	3678	6061	1939	1396	1297	1272	318	295	442	616	588	3	711	689	669	16	798	672	803	677	738	688	669	721	681	681	628	632	589	840	826	776	781	762	617	623	678	154	89	212	213	143	60	104	147	146	151	82	147	525	525	523	613	576	556	693	677	650	281	277	372	503	503	487	630	626	626	601	731	726	853	839	895	859	923	918	917	913	907	886	884	1219	1212	1194	1178	1155	1093	1153	1327	289	289	526	519	458	414	495	483	475	471	438	502
435.0000022877677	0	0	1022	0	569	1264	545	4283	3883	3685	6075	1951	1409	1310	1288	327	298	456	629	597	3	722	700	680	15	811	688	815	692	756	702	687	739	700	695	650	651	608	863	853	792	799	786	649	648	706	160	93	224	219	155	67	116	161	155	159	91	156	535	527	525	615	579	562	715	687	667	284	278	388	525	517	496	631	631	631	609	734	729	858	853	926	922	945	934	931	928	925	909	899	1220	1220	1219	1219	1207	1110	1201	1356	290	289	534	530	492	414	539	534	520	496	458	539
440.0000006642367	0	0	1012	0	579	1259	558	4290	3891	3692	6095	1960	1421	1328	1307	331	302	465	634	610	5	736	713	694	16	819	698	829	713	766	717	705	755	716	715	658	669	616	881	874	815	823	802	675	676	737	165	96	235	233	164	76	126	176	161	163	93	166	542	536	529	617	583	572	732	696	674	299	290	398	530	530	529	659	640	632	631	772	732	861	854	926	926	987	971	958	952	948	929	923	1255	1249	1232	1223	1220	1113	1240	1400	297	289	543	538	519	414	545	542	540	540	475	542
445.00000422531156	0	0	1002	0	589	1277	570	4292	3902	3703	6105	1971	1429	1342	1322	341	309	476	640	620	4	744	716	704	13	830	712	839	727	786	737	724	770	733	733	675	686	630	908	905	837	841	831	692	691	759	170	102	245	242	170	80	132	185	168	171	99	169	549	543	536	625	595	578	734	712	689	308	295	400	542	542	532	683	683	677	649	776	740	868	862	938	929	1057	1034	1008	996	990	953	951	1282	1269	1262	1257	1246	1126	1263	1450	308	290	548	545	530	424	551	550	547	546	487	567
450.00000872551476	2	0	997	0	601	1271	580	4303	3909	3717	6114	1982	1441	1356	1333	353	315	482	648	625	5	754	726	714	23	853	735	849	744	806	750	733	785	754	745	692	698	649	927	928	850	862	855	713	712	785	174	105	256	253	174	89	141	197	176	184	103	183	557	553	544	635	606	578	734	733	707	312	303	413	558	551	534	685	683	683	683	830	744	875	871	948	938	1069	1069	1066	1057	1048	992	981	1323	1306	1296	1287	1272	1185	1310	1480	317	295	550	550	538	476	553	552	550	551	492	576
455.0000033197035	0	0	998	0	601	1284	583	4316	3923	3725	6126	1994	1461	1366	1350	363	321	490	659	634	11	766	735	722	29	872	749	863	758	826	765	756	801	767	766	708	715	665	950	946	869	878	884	732	736	817	179	113	264	268	184	94	149	203	184	193	110	192	566	558	555	641	610	589	734	734	725	322	304	413	561	561	561	700	685	685	683	832	751	877	871	948	948	1078	1076	1071	1069	1069	1055	1050	1372	1344	1328	1325	1306	1237	1372	1525	323	308	569	557	545	492	596	580	563	553	515	590
460.00000594891844	1	0	994	0	612	1334	587	4323	3928	3735	6137	2001	1477	1382	1364	367	327	495	666	643	9	772	747	734	20	887	767	869	771	839	784	777	815	788	781	728	735	683	967	972	896	893	913	757	760	845	187	118	268	276	193	102	160	219	198	200	115	201	572	567	559	656	615	596	741	734	743	344	344	447	561	561	561	718	716	715	688	837	753	877	871	948	948	1093	1087	1086	1082	1078	1069	1069	1428	1419	1400	1376	1343	1291	1430	1588	335	316	591	582	550	504	647	645	625	599	549	633
465.0000063429351	0	0	982	0	626	1364	608	4332	3932	3746	6147	2013	1484	1393	1374	373	329	499	673	662	8	783	757	745	20	899	777	886	785	854	800	794	830	809	801	746	749	699	986	998	912	914	927	783	776	867	192	127	275	286	197	111	169	228	210	213	118	214	578	572	565	661	618	601	752	738	761	348	344	460	608	603	579	721	719	718	717	869	798	929	917	969	948	1102	1099	1098	1096	1094	1085	1075	1433	1431	1429	1429	1415	1321	1453	1650	353	322	602	596	557	509	658	653	647	646	561	656
470.0000009450441	0	0	979	0	632	1356	617	4341	3942	3757	6156	2024	1495	1404	1386	379	334	505	682	671	10	795	765	757	21	908	790	900	798	871	822	823	848	824	821	762	761	724	1002	1019	935	936	943	803	800	898	200	135	280	301	203	117	179	234	225	222	124	225	590	580	566	665	621	605	766	749	779	355	345	462	613	604	592	749	733	727	721	875	829	966	942	988	974	1106	1104	1103	1103	1102	1097	1087	1450	1443	1437	1435	1431	1339	1523	1682	362	334	614	605	582	543	665	662	662	660	621	681
475.000000957782	0	0	974	0	648	1411	647	4346	3947	3762	6162	2036	1508	1412	1392	382	337	511	691	682	8	812	773	766	16	920	802	920	807	884	838	844	868	843	832	784	781	737	1019	1032	963	949	961	822	822	924	206	141	290	311	212	129	187	242	233	231	129	240	591	584	566	666	632	606	773	759	803	358	346	462	613	604	592	753	753	751	725	884	849	995	996	1066	1019	1109	1107	1106	1106	1106	1101	1095	1457	1454	1450	1450	1443	1365	1541	1764	372	335	621	621	597	546	690	679	670	665	647	755
480.0000003388429	0	0	970	0	652	1448	656	4353	3960	3773	6174	2045	1518	1423	1403	388	340	515	700	690	11	821	785	776	25	929	811	934	819	897	854	862	895	859	844	797	790	755	1036	1059	985	973	981	846	845	950	209	152	306	323	218	133	199	250	244	242	143	254	596	584	577	671	635	617	779	772	813	359	346	462	613	604	592	755	755	753	752	897	863	1003	997	1081	1079	1137	1131	1119	1114	1111	1103	1097	1471	1470	1468	1459	1455	1374	1569	1802	385	352	642	624	606	546	706	705	704	690	662	784
485.0000142051903	0	0	959	0	659	1445	673	4362	3971	3777	6182	2053	1527	1436	1415	389	347	522	710	701	9	832	795	784	20	945	822	952	833	911	872	883	914	878	855	809	806	770	1056	1083	1009	997	1004	867	867	980	220	156	314	333	230	141	213	266	253	252	151	264	599	588	577	677	641	632	792	777	813	365	355	473	623	617	615	764	755	755	754	920	869	1014	1007	1088	1081	1180	1159	1144	1140	1137	1113	1107	1484	1476	1471	1471	1470	1409	1576	1831	389	358	653	648	620	551	720	720	717	708	668	796
490.0000016476282	0	0	949	0	665	1444	685	4376	3977	3787	6190	2071	1540	1444	1425	399	356	528	718	710	10	843	808	791	14	960	836	964	843	927	884	901	935	894	871	822	818	795	1081	1095	1032	1019	1025	881	882	1001	225	164	325	339	238	145	227	272	263	263	159	271	607	602	587	678	656	641	804	788	815	365	355	474	634	634	622	779	779	771	756	928	873	1015	1011	1098	1097	1246	1232	1205	1194	1183	1141	1139	1514	1502	1490	1486	1475	1458	1591	1842	391	362	658	656	623	552	720	720	720	720	704	826
495.0000073242024	0	0	936	0	679	1455	689	4390	3983	3792	6203	2081	1557	1453	1440	402	359	536	721	717	13	854	817	808	20	970	844	981	858	949	900	915	954	916	890	836	827	813	1105	1116	1051	1041	1045	903	905	1017	229	172	336	343	246	150	241	285	284	278	165	279	612	611	603	692	662	644	824	797	827	372	357	474	636	636	628	785	783	781	772	931	875	1017	1011	1098	1097	1250	1250	1249	1249	1247	1170	1158	1538	1529	1529	1516	1500	1466	1607	1857	391	362	662	659	648	553	720	720	720	720	717	840
500.00000261023087	1	0	913	0	698	1458	682	4405	3992	3804	6214	2096	1563	1465	1455	405	365	542	730	727	10	864	827	822	29	983	866	999	871	960	915	928	974	933	903	845	847	832	1133	1142	1072	1055	1060	922	933	1038	235	177	344	349	252	160	251	292	293	285	171	291	621	613	611	709	666	651	844	816	839	378	358	474	636	636	629	793	789	785	785	960	891	1036	1032	1119	1098	1267	1259	1257	1253	1250	1210	1202	1581	1569	1549	1539	1530	1487	1663	1872	396	378	663	662	656	598	720	720	720	720	718	851
505.00000201288447	0	0	901	0	713	1474	704	4413	3996	3808	6229	2109	1575	1476	1463	411	371	546	738	737	9	871	837	838	20	989	880	1016	877	976	933	953	993	949	916	855	872	851	1156	1156	1096	1070	1081	945	957	1079	241	179	354	362	255	170	262	302	308	293	178	300	624	622	613	714	666	663	848	835	851	384	370	486	636	636	629	793	793	793	787	965	892	1037	1032	1120	1120	1270	1269	1269	1269	1268	1223	1217	1615	1610	1599	1583	1565	1494	1686	1930	402	379	683	682	659	611	755	737	723	720	720	876
510.0000160863065	0	0	898	0	716	1471	723	4417	4006	3814	6244	2118	1588	1482	1475	418	378	557	744	745	11	880	845	847	20	998	892	1030	894	989	947	960	1004	975	936	876	891	868	1170	1183	1118	1090	1097	972	982	1102	246	181	365	370	262	178	273	310	318	300	188	312	634	626	622	721	672	672	856	847	865	389	371	490	650	649	631	801	798	796	787	965	892	1037	1032	1120	1120	1275	1272	1272	1272	1271	1230	1220	1615	1615	1615	1615	1611	1526	1687	1955	418	381	683	683	662	612	779	773	773	755	720	881
515.0000039160258	0	0	889	0	721	1440	726	4424	4016	3830	6257	2124	1595	1489	1487	427	382	565	753	757	14	892	853	857	19	1019	903	1044	908	1002	968	982	1027	991	952	897	909	887	1192	1202	1143	1115	1114	994	1001	1133	248	184	375	380	273	185	280	317	326	311	204	326	641	639	626	731	677	676	867	856	872	391	375	496	660	656	647	811	803	802	799	975	928	1079	1057	1129	1120	1304	1302	1293	1285	1277	1272	1264	1646	1634	1620	1615	1615	1547	1730	1955	421	399	684	683	677	612	796	794	791	780	723	884
520.0000068942054	1	0	867	0	740	1433	737	4434	4022	3843	6266	2132	1603	1498	1496	436	384	572	763	761	5	908	863	870	23	1032	919	1055	919	1017	990	988	1046	1011	975	918	927	908	1209	1222	1169	1131	1139	1021	1018	1160	256	191	379	390	278	192	288	326	334	316	217	341	646	643	637	741	679	680	890	861	872	395	376	496	661	661	655	823	822	820	803	984	965	1131	1126	1206	1160	1308	1307	1306	1306	1305	1278	1271	1666	1666	1662	1649	1632	1549	1784	1994	423	413	711	702	683	612	800	800	798	796	735	888
525.000005892381	0	0	850	0	754	1462	752	4444	4032	3850	6272	2136	1613	1504	1505	444	390	575	772	771	4	916	878	877	27	1046	931	1067	939	1035	1009	1005	1069	1028	990	935	942	923	1233	1241	1190	1152	1165	1048	1034	1192	262	200	388	398	293	198	300	333	347	326	225	355	648	646	642	752	688	685	896	888	881	397	376	496	661	661	655	834	834	824	822	1008	979	1147	1135	1218	1218	1315	1313	1310	1310	1309	1283	1272	1671	1671	1666	1666	1666	1553	1811	2056	426	421	742	726	683	636	803	801	801	800	766	923
530.0000072518507	0	0	850	0	754	1445	774	4457	4042	3857	6286	2142	1624	1516	1523	452	393	577	775	782	11	924	885	888	13	1058	941	1085	952	1052	1022	1024	1084	1042	1009	954	960	933	1253	1262	1210	1174	1189	1065	1058	1219	264	206	396	406	300	209	314	342	355	332	233	367	649	648	646	758	704	690	900	896	894	402	388	507	663	661	661	843	835	834	834	1014	986	1151	1147	1242	1231	1355	1331	1320	1318	1316	1289	1278	1671	1671	1671	1671	1671	1577	1814	2095	442	422	752	747	699	664	809	807	807	805	769	931
535.0000012543488	0	0	841	0	757	1454	777	4469	4054	3861	6294	2149	1630	1529	1532	456	397	585	779	790	15	930	895	898	24	1081	953	1099	964	1064	1043	1046	1104	1061	1026	970	967	948	1274	1283	1231	1190	1213	1086	1081	1248	268	213	403	414	307	218	326	344	371	342	241	376	661	653	648	762	714	694	903	900	901	417	408	533	688	682	676	848	845	844	837	1024	1003	1171	1166	1250	1245	1415	1405	1380	1368	1358	1319	1318	1721	1712	1679	1671	1671	1600	1825	2118	450	425	757	754	728	677	851	837	826	809	801	961
540.0000084072961	0	0	830	0	767	1444	784	4482	4061	3868	6301	2153	1641	1539	1547	462	400	588	790	796	10	943	900	908	26	1089	968	1111	979	1076	1058	1062	1123	1079	1039	991	978	960	1295	1315	1249	1212	1236	1107	1106	1274	274	219	416	435	315	222	336	357	386	350	248	385	661	660	654	763	722	694	907	903	909	417	408	533	698	689	677	861	856	849	845	1036	1009	1173	1169	1268	1268	1435	1425	1417	1417	1415	1344	1332	1745	1743	1728	1723	1709	1605	1863	2123	456	436	760	760	748	683	878	872	871	850	805	969
545.0000047136107	0	0	816	0	778	1438	787	4494	4070	3876	6309	2160	1661	1547	1558	471	405	597	801	803	5	960	910	923	28	1099	988	1122	992	1093	1076	1082	1139	1098	1057	1009	987	975	1312	1336	1263	1235	1256	1128	1130	1299	279	224	431	443	326	231	346	367	396	362	260	397	663	660	661	770	732	695	907	903	912	417	408	533	702	702	702	875	864	861	851	1044	1010	1175	1169	1268	1268	1450	1450	1445	1441	1438	1378	1372	1772	1761	1745	1745	1736	1606	1881	2158	458	436	773	771	753	685	901	897	887	879	813	969
550.0000025751614	2	0	823	0	777	1448	788	4504	4080	3885	6325	2171	1673	1562	1566	476	411	603	812	811	14	968	918	935	30	1111	1001	1139	1010	1106	1092	1103	1155	1117	1080	1035	1003	989	1334	1348	1284	1260	1272	1146	1157	1324	282	233	439	453	339	239	355	385	406	374	270	415	670	667	661	776	741	708	913	903	923	425	416	543	707	703	702	899	896	881	866	1056	1034	1209	1202	1292	1269	1473	1462	1453	1451	1450	1395	1387	1803	1797	1792	1779	1760	1663	1882	2191	469	440	774	774	760	690	905	904	902	902	821	969
555.0000056074462	1	0	811	0	790	1437	791	4514	4084	3900	6334	2185	1683	1572	1577	482	413	609	824	822	12	982	930	942	30	1129	1015	1163	1018	1120	1109	1118	1179	1136	1105	1065	1017	1005	1357	1374	1303	1279	1283	1167	1185	1354	287	242	453	461	352	250	364	399	412	382	284	422	681	673	667	780	752	720	928	913	936	427	417	543	714	714	704	901	901	901	870	1062	1048	1226	1220	1312	1303	1476	1476	1475	1475	1475	1405	1392	1818	1815	1812	1807	1797	1713	1936	2193	472	440	774	774	771	705	909	909	907	906	849	992
560.0000030359304	0	0	791	0	799	1467	811	4523	4091	3907	6347	2190	1692	1584	1586	489	414	614	831	824	11	988	947	948	35	1144	1029	1177	1029	1133	1125	1142	1202	1160	1127	1082	1028	1016	1378	1400	1328	1307	1304	1193	1202	1377	294	246	461	464	364	261	372	411	418	391	291	435	681	681	673	787	758	722	941	923	952	444	438	563	717	717	704	901	901	901	875	1068	1050	1226	1220	1323	1323	1481	1476	1476	1476	1476	1419	1401	1819	1819	1819	1819	1815	1745	1993	2244	474	457	775	774	774	707	909	909	909	909	902	1083
565.0000094221833	0	0	780	0	805	1529	819	4531	4099	3919	6359	2199	1702	1596	1596	495	419	621	837	831	13	997	962	960	44	1161	1042	1194	1045	1150	1146	1163	1225	1180	1140	1096	1048	1034	1397	1421	1350	1317	1331	1213	1221	1399	304	248	472	473	372	269	379	419	434	403	306	441	683	681	681	796	762	722	949	938	963	456	441	568	744	735	708	902	901	901	900	1099	1050	1226	1220	1323	1323	1516	1508	1498	1489	1483	1460	1447	1858	1847	1830	1821	1819	1778	2034	2309	486	472	822	795	774	708	929	927	919	909	907	1092
570.0000033480717	0	0	772	0	816	1524	849	4539	4108	3927	6368	2206	1711	1606	1607	499	423	628	844	839	11	1013	971	969	25	1176	1059	1212	1056	1169	1160	1179	1243	1200	1165	1113	1062	1053	1418	1445	1366	1332	1358	1234	1244	1435	307	255	481	485	385	278	388	423	452	415	315	449	692	687	681	804	763	728	951	948	974	456	441	568	745	745	730	905	902	902	902	1102	1052	1228	1224	1327	1324	1535	1524	1520	1516	1516	1469	1451	1878	1878	1873	1860	1843	1814	2047	2360	496	473	832	828	774	740	936	936	935	929	909	1095
575.0000113857228	0	0	771	0	822	1497	861	4545	4118	3935	6376	2219	1722	1613	1620	502	429	635	850	846	16	1018	983	975	24	1186	1076	1237	1069	1184	1178	1198	1253	1213	1187	1136	1079	1072	1430	1472	1379	1358	1372	1251	1266	1460	312	259	485	498	392	285	396	436	465	428	323	459	697	692	687	805	770	732	958	955	988	459	449	576	754	748	742	934	927	914	902	1107	1073	1257	1251	1337	1327	1537	1537	1537	1537	1536	1494	1483	1902	1889	1879	1878	1878	1821	2060	2380	506	484	838	833	790	765	941	936	936	936	917	1103
580.0000038581164	0	0	767	0	826	1479	864	4553	4129	3941	6388	2226	1737	1621	1632	511	430	643	857	853	25	1026	995	991	28	1202	1088	1248	1087	1198	1190	1219	1270	1236	1207	1153	1093	1088	1453	1491	1394	1379	1392	1271	1288	1496	315	267	493	508	406	299	411	442	481	439	333	467	707	702	690	813	770	737	971	958	1002	459	450	579	761	761	744	945	943	940	929	1131	1080	1267	1256	1360	1360	1540	1537	1537	1537	1537	1529	1523	1951	1940	1918	1906	1888	1862	2068	2397	510	492	855	850	829	774	987	974	959	941	928	1111
585.0000038996961	0	0	757	0	837	1492	862	4567	4136	3951	6401	2233	1748	1636	1650	515	437	649	863	858	20	1038	1003	1001	32	1210	1100	1261	1103	1212	1211	1236	1285	1245	1222	1169	1114	1105	1473	1508	1418	1406	1414	1291	1306	1518	323	272	504	514	412	309	428	451	493	454	338	481	710	707	700	818	776	756	978	960	1015	474	470	601	765	761	744	947	945	945	944	1154	1102	1292	1278	1366	1360	1545	1545	1543	1543	1542	1529	1523	1966	1965	1965	1956	1934	1878	2102	2407	515	503	865	857	834	774	1007	1003	1003	988	928	1131
590.000003053638	0	0	742	0	851	1485	872	4574	4144	3957	6415	2238	1762	1651	1655	518	443	658	873	868	17	1046	1013	1013	26	1221	1112	1276	1117	1227	1226	1257	1305	1261	1237	1189	1135	1119	1493	1527	1438	1423	1432	1309	1330	1544	330	279	518	521	419	317	436	460	501	473	347	493	714	711	707	829	788	766	991	974	1047	484	472	601	786	777	752	952	947	947	947	1161	1103	1294	1293	1399	1384	1578	1566	1552	1547	1545	1535	1529	1968	1968	1966	1966	1966	1895	2161	2439	517	505	880	871	849	776	1018	1018	1018	1009	943	1137
595.0000077640416	1	0	733	0	859	1521	889	4579	4154	3964	6425	2243	1769	1660	1666	522	447	668	882	881	15	1059	1020	1026	23	1236	1124	1299	1129	1248	1235	1273	1320	1280	1257	1207	1151	1136	1518	1555	1455	1451	1456	1338	1358	1577	337	282	521	531	427	327	444	467	514	479	361	499	717	716	711	840	797	776	1006	986	1059	504	490	619	787	777	753	954	954	954	948	1164	1121	1306	1293	1399	1399	1582	1582	1582	1582	1580	1538	1530	1976	1976	1974	1968	1968	1909	2194	2495	523	509	882	882	860	799	1020	1018	1018	1018	1003	1196
600.0000016815845	0	0	714	0	870	1594	893	4587	4163	3974	6435	2248	1779	1676	1680	531	449	674	895	891	16	1069	1030	1036	32	1244	1137	1307	1145	1259	1247	1289	1342	1293	1272	1217	1167	1156	1542	1572	1480	1475	1473	1363	1378	1607	345	288	535	538	434	331	461	477	527	495	374	511	724	717	717	846	804	787	1020	1001	1067	511	497	619	787	777	753	954	954	954	954	1174	1141	1331	1318	1426	1406	1603	1591	1583	1582	1582	1571	1565	2000	1989	1978	1976	1976	1966	2221	2541	534	509	882	882	872	807	1030	1029	1023	1020	1017	1226
