>time	Ribosome	coli Pol	coli Pol-P	coli Pol-2.0	coli Pol-P-2.0	gp1	gp1-3.5	gp0.3	gp0.4	gp0.5	gp0.6A	gp0.7	gp1.1	gp1.2	gp1.3	gp1.4	gp1.5	gp1.6	gp1.7	gp1.8	gp2.0	gp2.5	gp2.8	gp3.0	gp3.5	gp3.8	gp4A	gp4.2	gp4.3	gp4.5	gp4.7	gp5.0	gp5.3	gp5.5	gp5.7	gp5.9	gp6.0	gp6.3	gp6.5	gp6.7	gp7	gp7.3	gp7.7	gp8	gp9	gp10A	gp11	gp12	gp13	gp14	gp15	gp16	gp17	gp17.5	gp18	gp18.5	gp19	gp19.5
3.84471138728486E-4	0	0	0	0	0	0	0	0	0	0	0	0	0	0	0	0	0	0	0	0	0	0	0	0	0	0	0	0	0	0	0	0	0	0	0	0	0	0	0	0	0	0	0	0	0	0	0	0	0	0	0	0	0	0	0	0	0	0
5.001017717939098	0	0	0	0	0	0	0	0	0	0	0	0	0	0	0	0	0	0	0	0	0	0	0	0	0	0	0	0	0	0	0	0	0	0	0	0	0	0	0	0	0	0	0	0	0	0	0	0	0	0	0	0	0	0	0	0	0	0
10.004914612535892	0	0	0	0	0	0	0	0	0	0	0	0	0	0	0	0	0	0	0	0	0	0	0	0	0	0	0	0	0	0	0	0	0	0	0	0	0	0	0	0	0	0	0	0	0	0	0	0	0	0	0	0	0	0	0	0	0	0
15.000801348812427	0	0	0	0	0	0	0	0	0	0	0	0	0	0	0	0	0	0	0	0	0	0	0	0	0	0	0	0	0	0	0	0	0	0	0	0	0	0	0	0	0	0	0	0	0	0	0	0	0	0	0	0	0	0	0	0	0	0
20.000640693659292	0	0	0	0	0	0	0	0	0	0	0	0	0	0	0	0	0	0	0	0	0	0	0	0	0	0	0	0	0	0	0	0	0	0	0	0	0	0	0	0	0	0	0	0	0	0	0	0	0	0	0	0	0	0	0	0	0	0
25.0001636292577	0	0	0	0	0	0	0	0	0	0	0	0	0	0	0	0	0	0	0	0	0	0	0	0	0	0	0	0	0	0	0	0	0	0	0	0	0	0	0	0	0	0	0	0	0	0	0	0	0	0	0	0	0	0	0	0	0	0
30.00013519971348	0	0	0	0	0	0	0	1170	104	0	0	0	0	0	0	0	0	0	0	0	0	0	0	0	0	0	0	0	0	0	0	0	0	0	0	0	0	0	0	0	0	0	0	0	0	0	0	0	0	0	0	0	0	0	0	0	0	0
35.000805672453936	0	0	0	0	0	0	0	2808	416	168	0	0	0	0	0	0	0	0	0	0	0	0	0	0	0	0	0	0	0	0	0	0	0	0	0	0	0	0	0	0	0	0	0	0	0	0	0	0	0	0	0	0	0	0	0	0	0	0
40.00053519000529	0	0	0	0	0	0	0	5148	1144	784	212	0	0	0	0	0	0	0	0	0	0	0	0	0	0	0	0	0	0	0	0	0	0	0	0	0	0	0	0	0	0	0	0	0	0	0	0	0	0	0	0	0	0	0	0	0	0	0
45.000094358091495	0	0	0	0	0	0	0	8307	2028	1904	848	0	0	0	0	0	0	0	0	0	0	0	0	0	0	0	0	0	0	0	0	0	0	0	0	0	0	0	0	0	0	0	0	0	0	0	0	0	0	0	0	0	0	0	0	0	0	0
50.00060642875676	0	0	0	0	0	0	0	10764	3640	3136	2173	0	0	0	0	0	0	0	0	0	0	0	0	0	0	0	0	0	0	0	0	0	0	0	0	0	0	0	0	0	0	0	0	0	0	0	0	0	0	0	0	0	0	0	0	0	0	0
55.00019058179299	0	0	0	0	0	0	0	15678	5876	5208	3975	0	0	0	0	0	0	0	0	0	0	0	0	0	0	0	0	0	0	0	0	0	0	0	0	0	0	0	0	0	0	0	0	0	0	0	0	0	0	0	0	0	0	0	0	0	0	0
60.00017646305427	0	0	0	0	0	0	0	21879	8840	7336	5936	0	0	0	0	0	0	0	0	0	0	0	0	0	0	0	0	0	0	0	0	0	0	0	0	0	0	0	0	0	0	0	0	0	0	0	0	0	0	0	0	0	0	0	0	0	0	0
65.00002707633483	0	0	0	0	0	0	0	30888	12532	9912	8268	359	0	0	0	0	0	0	0	0	0	0	0	0	0	0	0	0	0	0	0	0	0	0	0	0	0	0	0	0	0	0	0	0	0	0	0	0	0	0	0	0	0	0	0	0	0	0
70.00011738260139	0	0	0	0	0	0	0	38142	16016	13272	12084	4667	0	0	0	0	0	0	0	0	0	0	0	0	0	0	0	0	0	0	0	0	0	0	0	0	0	0	0	0	0	0	0	0	0	0	0	0	0	0	0	0	0	0	0	0	0	0
75.00030384828615	0	0	0	0	0	0	0	48555	19968	16576	16854	12206	0	0	0	0	0	0	0	0	0	0	0	0	0	0	0	0	0	0	0	0	0	0	0	0	0	0	0	0	0	0	0	0	0	0	0	0	0	0	0	0	0	0	0	0	0	0
80.00004949100153	0	0	0	0	0	0	0	59436	23504	21168	21412	21181	0	0	0	0	0	0	0	0	0	0	0	0	0	0	0	0	0	0	0	0	0	0	0	0	0	0	0	0	0	0	0	0	0	0	0	0	0	0	0	0	0	0	0	0	0	0
85.00031023823286	0	0	0	0	0	0	0	68913	28912	25592	25758	33746	0	0	0	0	0	0	0	0	0	0	0	0	0	0	0	0	0	0	0	0	0	0	0	0	0	0	0	0	0	0	0	0	0	0	0	0	0	0	0	0	0	0	0	0	0	0
90.00000383052618	0	0	0	0	0	0	0	80964	33904	30912	31164	48824	0	0	0	0	0	0	0	0	0	0	0	0	0	0	0	0	0	0	0	0	0	0	0	0	0	0	0	0	0	0	0	0	0	0	0	0	0	0	0	0	0	0	0	0	0	0
95.00003247157521	0	0	0	0	0	0	0	94302	39572	35952	36782	70723	0	0	0	0	0	0	0	0	0	0	0	0	0	0	0	0	0	0	0	0	0	0	0	0	0	0	0	0	0	0	0	0	0	0	0	0	0	0	0	0	0	0	0	0	0	0
100.00022766433136	0	0	0	0	0	0	0	108225	45656	41496	43513	99443	0	0	0	0	0	0	0	0	0	0	0	0	0	0	0	0	0	0	0	0	0	0	0	0	0	0	0	0	0	0	0	0	0	0	0	0	0	0	0	0	0	0	0	0	0	0
105.00015147468189	0	0	0	0	0	0	0	124137	52052	48272	50986	130317	0	0	0	0	0	0	0	0	0	0	0	0	0	0	0	0	0	0	0	0	0	0	0	0	0	0	0	0	0	0	0	0	0	0	0	0	0	0	0	0	0	0	0	0	0	0
110.00001963666827	0	0	0	0	0	0	0	138879	58500	54264	58724	158678	0	0	0	0	0	0	0	0	0	0	0	0	0	0	0	0	0	0	0	0	0	0	0	0	0	0	0	0	0	0	0	0	0	0	0	0	0	0	0	0	0	0	0	0	0	0
115.00011840082743	0	0	0	0	0	0	0	153855	64896	60928	66038	196373	0	0	0	0	0	0	0	0	0	0	0	0	0	0	0	0	0	0	0	0	0	0	0	0	0	0	0	0	0	0	0	0	0	0	0	0	0	0	0	0	0	0	0	0	0	0
120.00004625772488	0	0	0	0	0	0	0	169299	72020	68152	74624	234068	0	0	0	0	0	0	0	0	0	0	0	0	0	0	0	0	0	0	0	0	0	0	0	0	0	0	0	0	0	0	0	0	0	0	0	0	0	0	0	0	0	0	0	0	0	0
125.00008206469845	0	0	0	0	0	0	0	186381	79040	74928	82945	273199	0	0	0	0	0	0	0	0	0	0	0	0	0	0	0	0	0	0	0	0	0	0	0	0	0	0	0	0	0	0	0	0	0	0	0	0	0	0	0	0	0	0	0	0	0	0
130.0000375919128	0	0	0	0	0	5298	0	201942	85748	81536	90259	320587	0	0	0	0	0	0	0	0	0	0	0	0	0	0	0	0	0	0	0	0	0	0	0	0	0	0	0	0	0	0	0	0	0	0	0	0	0	0	0	0	0	0	0	0	0	0
135.0000892959982	0	0	0	0	0	21192	0	218907	92196	87696	97255	367257	84	0	0	0	0	0	0	0	0	0	0	0	0	0	0	0	0	0	0	0	0	0	0	0	0	0	0	0	0	0	0	0	0	0	0	0	0	0	0	0	0	0	0	0	0	0
140.00001731826487	0	0	0	0	0	50331	0	233532	97864	94024	103933	418594	294	86	0	0	0	0	0	0	0	0	0	0	0	0	0	0	0	0	0	0	0	0	0	0	0	0	0	0	0	0	0	0	0	0	0	0	0	0	0	0	0	0	0	0	0	0
145.0000834673223	0	0	0	0	0	83002	0	244647	103636	99120	109710	476393	882	688	0	0	0	0	0	0	0	0	0	0	0	0	0	0	0	0	0	0	0	0	0	0	0	0	0	0	0	0	0	0	0	0	0	0	0	0	0	0	0	0	0	0	0	0
150.0000473996647	0	0	0	0	0	121854	0	258570	108420	103880	116706	529525	1722	2236	0	0	0	0	0	0	0	0	0	0	0	0	0	0	0	0	0	0	0	0	0	0	0	0	0	0	0	0	0	0	0	0	0	0	0	0	0	0	0	0	0	0	0	0
155.0000051967647	0	0	0	0	0	170419	0	269334	113360	109424	122642	576195	2520	3784	0	0	0	0	0	0	0	0	0	0	0	0	0	0	0	0	0	0	0	0	0	0	0	0	0	0	0	0	0	0	0	0	0	0	0	0	0	0	0	0	0	0	0	0
160.0000239723979	0	0	0	0	0	230463	0	282087	118248	114744	127094	618916	3696	5332	0	0	0	0	0	0	0	0	0	0	0	0	0	0	0	0	0	0	0	0	0	0	0	0	0	0	0	0	0	0	0	0	0	0	0	0	0	0	0	0	0	0	0	0
165.00004905723213	0	0	0	0	0	299337	0	294138	122876	119672	133030	658406	4620	7310	359	0	0	0	0	0	0	0	0	0	0	0	0	0	0	0	0	0	0	0	0	0	0	0	0	0	0	0	0	0	0	0	0	0	0	0	0	0	0	0	0	0	0	0
170.0000295720635	0	0	0	0	0	383222	0	305838	127088	124320	138065	695742	6174	9116	1077	0	0	0	0	0	0	0	0	0	0	0	0	0	0	0	0	0	0	0	0	0	0	0	0	0	0	0	0	0	0	0	0	0	0	0	0	0	0	0	0	0	0	0
175.00001769120192	0	0	0	0	0	483001	0	315783	131456	128688	143100	731642	7728	11438	5385	153	0	0	0	0	0	0	0	0	0	0	0	0	0	0	0	0	0	0	0	0	0	0	0	0	0	0	0	0	0	0	0	0	0	0	0	0	0	0	0	0	0	0
180.0000055539872	0	0	0	0	0	581014	0	328536	135928	133784	147870	771132	9534	14448	9334	408	0	172	0	0	66	0	0	0	0	0	0	0	0	0	0	0	0	0	0	0	0	0	0	0	0	0	0	0	0	0	0	0	0	0	0	0	0	0	0	0	0	0
185.00000466443976	0	0	0	0	0	663133	0	338832	140660	138544	153223	802006	11382	18748	14719	663	58	258	0	192	264	0	0	0	0	0	0	0	0	0	0	0	0	0	0	0	0	0	0	0	0	0	0	0	0	0	0	0	0	0	0	0	0	0	0	0	0	0
190.00003078289845	0	0	0	0	0	759380	0	348075	144768	142128	158152	832521	12768	22532	23694	969	203	688	591	528	528	0	560	149	0	0	0	0	0	0	0	0	0	0	0	0	0	0	0	0	0	0	0	0	0	0	0	0	0	0	0	0	0	0	0	0	0	0
195.00003693619146	0	0	0	0	0	854744	0	357084	148616	145824	162657	863395	14784	26144	35182	1377	493	1720	1576	1104	1122	232	560	149	304	0	0	0	0	0	0	0	0	0	0	0	0	0	0	0	0	0	0	0	0	0	0	0	0	0	0	0	0	0	0	0	0	0
200.0000050493688	0	0	0	0	0	946576	0	367380	152724	149184	166367	889602	16632	28638	46311	1836	580	3268	3152	1584	2178	928	1680	1192	760	121	0	112	140	89	0	0	0	0	0	0	0	0	0	0	0	0	0	0	0	0	0	0	0	0	0	0	0	0	0	0	0	0
205.00001231723644	0	0	0	0	0	1033110	0	375102	156728	152712	170766	922271	18270	31734	57440	2346	667	4214	5122	2352	3102	3016	3220	1639	1216	1210	0	336	210	89	0	0	0	0	0	0	0	0	0	0	0	0	0	0	0	0	0	0	0	0	0	0	0	0	0	0	0	0
210.00000334190494	0	0	0	0	0	1118761	0	383526	159380	156016	174847	948837	20034	35088	74313	2601	812	5762	8668	3072	4224	6960	4620	2533	1672	2541	0	1008	420	712	270	0	0	0	0	0	0	0	0	0	0	0	0	0	0	0	0	0	0	0	0	0	0	0	0	0	0	0
215.00000951600282	0	0	0	0	0	1192050	0	391833	161772	158536	178557	976121	22092	37754	88673	3009	986	7138	12214	4224	5214	9280	6580	3576	3040	3509	0	1904	910	1068	405	0	118	0	0	0	0	0	0	0	0	0	0	0	0	0	0	0	0	0	0	0	0	0	0	0	0	0
220.00000261010157	0	0	0	0	0	1267988	0	399087	164476	160664	182055	1008431	23436	41022	102315	3621	1305	7826	15563	4896	6204	13224	8820	5960	4712	4961	0	3136	1260	1958	1215	0	472	204	70	106	0	0	0	0	0	0	0	0	0	0	0	0	0	0	0	0	0	0	0	0	0	0
225.00003757738506	0	0	0	0	0	1335979	0	404118	166608	163688	184652	1036792	24780	43086	116316	4029	1537	8944	18912	5664	7524	16936	10780	8493	8056	8107	1132	4592	2240	3293	2700	0	826	612	140	371	0	111	84	89	0	0	0	0	0	0	0	0	0	0	0	0	0	0	0	0	0	0
230.000012483707	0	0	0	0	0	1415449	0	407862	169104	165928	186984	1053665	26628	44892	129599	4233	1595	9718	21867	6960	9042	23664	13860	11175	10488	10890	2264	5824	3010	4984	4185	0	1652	918	840	848	0	259	504	534	133	202	0	0	0	0	0	0	0	0	0	0	0	0	0	0	0	0
235.00000335613845	0	0	0	0	0	1486089	0	412542	171184	167664	189899	1074846	27888	48418	143241	4437	1827	10922	27186	7776	10230	27608	16100	13559	13832	14762	4528	8176	4270	7654	6075	0	2832	1938	1890	1378	300	481	1344	890	399	808	130	0	0	0	0	0	0	0	0	0	0	0	0	0	0	0
240.00000189826946	0	0	0	0	0	1555846	0	415818	172276	169568	192072	1096745	29274	51084	160473	4947	2146	12126	30338	8352	11220	31320	18620	15794	15504	16456	9056	10864	5320	9968	8370	0	4366	2754	2520	1961	1500	740	2436	1068	1197	1414	650	0	0	0	0	0	0	0	0	0	0	0	0	0	0	0
245.00000413875418	0	0	0	0	0	1620305	0	419679	174148	171024	193768	1115772	30450	53062	172679	5457	2349	12900	33490	8928	12210	35032	21000	18029	19152	18392	18112	12880	7000	11481	10530	0	5900	4080	3570	2756	3600	1073	3192	2492	2128	2424	2210	0	0	0	0	0	0	0	0	0	0	0	0	0	0	0
250.00001203442295	0	0	0	0	0	1682115	0	422838	175292	172144	195517	1133722	31458	55298	182731	5814	2407	13846	37233	9888	13332	40832	23380	20562	22496	20691	20942	15344	7980	12638	13365	704	7788	5610	4690	3445	4500	1332	4368	3649	3192	3535	3120	0	0	0	0	0	0	0	0	0	0	0	0	0	0	0
255.000002264137	0	0	0	0	0	1753638	0	427050	176800	173936	197107	1148800	32298	56932	193142	6018	2610	14104	40385	10560	13926	45240	25340	23095	25840	23353	33394	18032	9240	14863	16335	4224	10384	6630	5600	4293	7500	1776	6216	4895	4522	5353	4680	0	0	0	0	0	0	0	0	0	0	0	0	0	0	0
260.00000093046566	0	0	0	0	0	1811916	0	429624	178100	175448	198591	1163519	33054	59168	204630	6324	2842	15136	42355	11136	14916	49416	27440	27118	28424	24926	44714	20272	11060	16821	19170	9856	12508	8568	6930	5088	10200	2257	7728	6853	6517	6565	6370	0	307	690	0	0	0	0	0	0	0	0	0	0	0	0
265.00000062704845	0	0	0	0	0	1862247	0	432081	179660	176512	200181	1178597	33978	60802	217554	6630	2900	16082	45507	11664	15774	54056	29260	29204	30248	26862	55468	22400	12810	18156	22545	18304	14868	9792	8400	6360	16200	2960	9660	8811	8911	9090	9230	537	2149	1725	0	0	0	0	0	0	0	0	0	0	0	0
270.0000115816604	0	0	0	0	0	1908163	0	434187	180752	177352	202142	1191880	34482	62436	225093	7038	3074	16942	47280	12384	16566	58232	31780	31588	32224	29040	68486	24976	14070	19847	25515	26752	17582	12036	10080	6943	20700	3589	11844	10591	11704	10201	11570	3222	4298	4140	0	0	0	0	0	0	0	0	0	0	0	0
275.0000014929864	0	0	0	0	0	1962026	0	437346	181532	178752	203149	1203368	35154	63640	230837	7395	3219	17716	50629	13008	17292	60784	33180	33525	34808	31581	78674	27552	15750	21627	28485	40832	20060	14076	11340	8056	25500	4255	13188	12015	15694	12120	14040	8055	9210	5520	784	0	0	0	0	0	0	0	0	0	0	0
280.00000040118107	0	0	0	0	0	2010591	0	439218	182728	179760	204315	1213420	35868	65532	239094	7599	3306	18662	51811	13392	18216	63800	35840	36356	36936	33154	86032	29120	17500	23852	31725	52800	21594	15198	13370	9010	31200	4810	15036	14062	19285	14443	18200	15036	13508	10005	784	0	276	392	0	0	0	0	0	0	0	0
285.0000052831851	0	0	0	0	0	2052975	0	442026	183768	180488	205481	1224190	36540	67596	249146	7956	3306	20038	53781	14016	19074	67744	39200	38591	38608	34606	103578	32144	19110	25543	34830	67584	24190	17238	14350	9593	35700	5439	16716	16287	22743	16968	20280	22554	20262	14490	1176	0	1380	980	0	0	0	0	0	0	0	0
290.00000658526267	0	0	0	0	0	2081231	0	444483	184600	181384	206382	1236037	37002	68456	254890	8262	3393	21156	55554	14112	20328	72384	40880	40677	40432	37389	114332	33824	20720	27323	36315	86592	27376	19788	15960	10812	40500	6142	19320	18423	25536	19594	22620	26313	25174	19320	1960	0	1794	1568	0	0	0	0	0	0	0	0
295.0000016097768	0	0	0	0	0	2115668	0	446238	185536	182000	207336	1245730	37464	69574	263506	8619	3567	22102	58312	14688	20922	76792	43260	42465	42560	40172	123388	36512	22050	28836	37935	97856	29500	23052	17500	11501	48900	7104	22176	20826	28994	21816	25740	35442	30393	23115	2940	0	1794	2744	0	0	0	0	0	0	0	0
300.00000336849644	0	0	0	0	0	2146573	0	448461	186836	183232	208131	1253628	38262	70692	271045	8874	3654	22704	62252	15408	21450	80504	45360	45147	44688	43560	135840	38864	23030	30883	41175	110528	31742	24378	18620	12455	54000	7918	24192	23318	32053	24240	28600	46182	37761	27255	3528	0	2346	4116	0	0	0	0	0	0	0	0
305.000010182122	0	0	0	0	0	2173946	0	449631	187772	184184	209350	1259731	38766	72326	276430	8976	3770	23822	63631	16224	22242	85376	47740	46935	46360	45133	146594	41216	24570	32307	44280	125312	33866	26622	20090	13462	60900	8473	25788	24742	36974	27472	31200	54237	43287	35190	3920	794	3726	5292	0	0	0	0	0	0	0	0
310.00000337729756	0	0	0	0	0	2194255	0	451503	188760	184856	210304	1267629	39060	73702	281456	9435	4002	24596	65798	16992	22836	88856	49700	48872	49400	47432	157348	43344	25410	34354	47115	138688	35400	28458	21560	14416	66600	9065	28560	26878	39767	30098	33540	64977	48813	43125	5292	794	4140	6664	0	0	0	0	0	0	0	0
315.0000062130449	0	0	0	0	0	2218096	0	453141	189384	185360	211523	1274450	39606	74992	286482	9639	4060	25284	69344	17520	23760	90712	51100	50511	51376	49005	165272	45360	27020	35511	50085	151360	38114	29886	22470	15794	73500	9694	30324	28124	44289	33027	36400	73569	56795	51060	6272	794	5244	8820	747	0	0	67	89	143	0	0
320.0000013115534	0	0	0	0	0	2234873	0	454662	190008	185920	212424	1281989	40446	76282	292585	9996	4234	25800	71314	18000	24156	93032	52920	53193	53656	51183	174894	46816	28350	36846	52920	166848	40120	32232	23800	16642	79200	10286	32508	30349	47481	35855	38610	84846	64470	60720	6272	2382	6348	10192	1494	0	0	201	89	286	0	0
325.0000045619508	0	0	0	0	0	2251650	0	456534	190684	186704	213219	1289528	41244	77314	298329	10200	4350	26316	72693	18480	24948	96512	54040	55130	54720	52393	181686	48384	29820	38003	55755	187264	42834	33966	25340	17755	86400	10804	34524	32485	50540	37976	41600	95049	73066	69690	7056	2382	8004	11172	2988	0	0	268	178	429	0	98
330.00000234620654	0	0	0	0	0	2276374	0	457821	191464	187544	214226	1298503	41748	78432	304432	10404	4437	27348	75057	18864	25740	99528	55860	56620	57304	54208	191308	50176	30800	39338	58050	203456	45076	35598	26810	18603	94800	11470	36708	34532	52269	40501	45110	105789	81048	80730	7840	3970	9108	13132	5229	0	0	469	445	858	0	196
335.00000346604526	0	0	0	0	0	2291385	0	459693	192244	188272	214915	1304965	42378	79722	311612	10659	4437	28122	76830	19344	26136	102080	57260	59153	58824	56265	201496	51184	31710	40673	60345	219648	46492	37332	28770	19504	100800	12099	38304	37291	55594	42622	48620	119751	87495	87285	8624	3970	10488	15092	8217	0	1106	804	623	1287	0	392
340.0000018483647	0	0	0	0	0	2310811	0	461331	193076	189000	215922	1311786	43092	80926	318792	10863	4524	28638	79391	19728	26862	105096	59640	60792	60496	57838	207722	52864	32760	42097	64665	230912	48970	39168	29750	20140	105300	12765	39732	39605	59850	44844	52520	136935	94556	94530	9212	6352	11178	17444	11205	0	1106	1139	801	1859	0	490
345.0000044232677	0	0	0	0	0	2328471	0	462618	193752	190176	216982	1316812	43596	82646	323459	10965	4611	29154	81361	20160	27456	107880	61040	64666	63384	58806	215080	55104	33740	43521	66015	249216	52038	40188	30800	21518	109800	13616	41328	41563	62643	46056	55250	149286	101617	105225	10192	9528	12282	18816	17181	0	3318	1474	1157	2717	0	931
350.00000310898514	0	0	0	0	0	2351429	0	464373	194480	190680	217512	1322197	44058	83678	328126	11169	4727	29928	83134	20304	27984	111128	63140	66305	65208	61105	223570	56560	35140	44856	68310	268224	53926	41820	31990	22525	114600	14134	42588	43610	65436	48278	57590	161100	108064	113505	11368	11910	13110	20580	26892	0	4424	1809	1335	3432	1172	1225
355.0000020469733	0	0	0	0	0	2370855	0	465660	195208	191632	218360	1330095	44604	84796	334588	11526	4814	30358	84316	20496	28578	114376	64680	67497	66424	63646	232626	58128	36050	46814	69795	280896	56640	43860	33740	23267	121500	14652	45444	45301	67697	50197	60840	170229	115739	120405	12740	11910	14076	21364	28386	0	5530	2144	2136	4004	1172	1372
360.0000058691675	0	0	0	0	0	2393813	0	466713	195780	192136	219844	1334762	45276	86430	339973	11577	5075	31046	86483	20976	28908	119480	66500	69285	68248	64856	239984	59920	37240	48060	71550	297792	59118	45084	34860	24062	124500	15244	46704	47526	70756	52217	63570	179358	124335	126960	13524	13498	14904	22540	32868	0	7189	2747	2937	5005	1758	1470
365.0000043612894	0	0	0	0	0	2407941	0	468936	196352	192976	220480	1341942	45654	87548	344281	11934	5191	31562	87271	21504	29502	121568	68320	70924	69616	65461	247908	61712	38220	49662	74925	311872	60062	47124	35980	25016	129900	16206	48888	49128	73150	54944	66300	192246	132317	137655	14700	15880	16560	23912	40338	1318	9954	3551	3204	5720	2930	1764
370.00000301035396	0	0	0	0	0	2424718	0	469989	196872	193592	221328	1348763	46116	88752	352538	12087	5365	32078	89241	21840	30690	124352	69160	73010	70984	67034	257530	62720	39130	51887	76950	324544	61478	48654	36750	25811	136200	17020	51492	50819	75810	56863	68770	206745	138150	148695	15092	19056	16974	25284	41085	3954	14378	4154	4094	7436	4688	2058
375.00000985018943	0	0	0	0	0	2438846	0	471978	197600	194040	222017	1356661	46662	89612	360436	12291	5510	32594	91408	22224	31350	127136	70280	75394	72656	68849	265454	64512	40320	53133	78975	344256	63602	51102	38010	26235	141000	17538	53592	53311	78337	59590	70980	216948	145518	156975	16268	23820	18354	27440	48555	10544	17696	4422	4361	8580	7032	2205
380.000001620422	0	0	0	0	0	2462687	0	473382	198224	195160	222812	1361328	47124	90644	365821	12597	5858	33282	93378	22752	32076	129456	71540	76586	73568	70301	274510	66416	41160	54201	81270	356928	66080	53040	39550	27083	143400	17871	55188	54468	80731	61711	72800	233595	153193	164565	16856	30172	18768	28028	53784	15816	18802	4824	5340	9867	9376	2597
385.00000770215854	0	0	0	0	0	2482996	0	474903	198588	195888	223395	1369226	47334	91934	371924	12954	6003	33798	96333	23184	32538	131080	73080	78225	75544	72116	286396	68992	42420	56159	83835	375936	68204	54060	40880	28249	147600	18722	57120	56782	82726	63731	76440	247557	160868	171810	17248	34142	20286	29792	59013	15816	22120	5092	6052	10868	14650	2989
390.00000341958815	0	0	0	0	0	2494475	0	476307	199524	196616	224296	1375329	47712	92880	376950	13209	6119	34314	97909	23424	33066	133400	74060	79268	78128	73689	291490	71344	43680	57583	86130	389312	70446	55998	42980	29733	153300	19277	59388	58473	84189	65448	78520	261519	167008	180435	18424	38112	21390	30772	63495	21088	25991	5762	6319	11869	15822	3577
395.00001001132836	0	0	0	0	0	2506837	0	478179	200148	197400	225250	1382509	48258	94256	380899	13617	6264	35088	100273	23760	33528	137576	75600	81503	79192	75141	298848	72576	44380	59719	87480	399872	72806	57834	43890	30581	158400	19684	61824	60876	88445	68579	81250	275481	174990	187680	19012	41288	22494	31948	70965	31632	28756	6231	6942	13156	19338	4067
400.00000433808304	0	0	0	0	0	2517433	0	479349	200928	198240	225992	1388612	48594	95116	386284	14025	6380	35690	101455	24384	34254	141752	77000	82844	81016	76230	303376	73920	45220	60965	89640	408320	75520	59976	44940	31217	162300	20572	64428	63457	92169	70902	85020	284610	186042	195960	19208	42876	23322	33320	76194	35586	36498	6968	7743	13728	24612	4263
405.00000007192784	0	0	0	0	0	2529795	0	480636	201708	198744	226893	1391484	49224	95890	390233	14229	6409	36292	102440	24864	34716	144304	78400	84930	82992	77682	312432	75488	46480	62656	91800	425216	77172	61506	46060	31906	168000	21201	66276	66661	94297	72922	87360	293202	194024	203895	20384	48434	24012	35476	82170	39540	38710	7571	8544	14157	29300	4459
410.00001946063315	0	0	0	0	0	2543040	0	481689	202332	199304	227529	1397228	49602	96922	394900	14433	6467	36722	105395	25104	35178	148016	80500	87016	84816	79860	321488	77616	47110	63991	94230	440000	78942	62730	47810	32648	171600	21978	68628	68886	96425	75548	91000	303942	199857	211140	21168	53992	25392	37240	86652	44812	44240	8107	9256	15158	32816	4949
415.00000214738634	0	0	0	0	0	2557168	0	482742	202696	199640	228059	1400818	49896	98212	398490	14943	6612	37238	107562	25536	35640	150568	82040	87761	86336	82038	331110	79520	47670	65504	96390	451968	81066	64566	48930	33920	176700	22570	70392	71556	100016	76659	93210	315756	207225	221835	21756	57168	26082	39396	90387	48766	48664	8844	10591	16588	36918	5439
420.00000070637316	0	0	0	0	0	2569530	0	484029	203372	200088	228642	1406562	50358	98642	404952	15198	6728	37926	109729	26256	36036	152424	83580	89251	87704	83732	331676	80976	48720	67017	97875	473792	83426	67422	49770	34715	182400	23273	72072	73247	102809	78174	96200	324348	216128	229425	22540	62726	27600	40964	95616	56674	51429	9447	10769	18161	41020	5978
425.0000007083465	0	0	0	0	0	2579243	0	485784	203944	200648	229119	1409434	50736	99674	411414	15351	6786	38184	111896	26640	36828	155440	85400	90890	88920	84458	335072	82432	49630	69064	100305	487168	85904	69666	51450	35987	186900	23680	73668	74493	104804	79790	99060	334551	224110	238740	23324	66696	28428	42140	101592	65900	54194	10251	12193	19162	48638	6468
430.00002881729625	0	0	0	0	0	2592488	0	487422	204152	200928	229702	1414460	51366	100534	416799	15657	7018	38442	113472	27024	37158	157064	87360	92529	91960	86152	339034	83776	50470	69865	102735	499840	88146	70992	52640	36729	193800	24272	75684	76095	107464	82214	102570	344217	229943	247365	24500	71460	29670	43904	104580	76444	59171	10921	13083	21450	54498	6762
435.0000007135122	0	0	0	0	0	2610148	0	488709	204516	201488	230497	1419845	51828	101480	422184	15963	7163	38958	115442	27792	37818	158920	89180	94019	92872	87725	345826	85120	51240	70488	105570	515328	90742	73542	54110	37418	196800	25123	77952	77697	111188	85143	105430	356568	239767	256680	25284	74636	30222	44884	110556	85670	63595	11591	13973	22451	58014	7056
440.0000009542289	0	0	0	0	0	2622510	0	489996	205036	202104	231080	1425230	52542	102512	424697	16116	7279	39044	116624	28224	38478	161008	91140	95062	94848	89540	354316	87024	51870	71912	107190	535744	92984	75276	55160	38425	202500	25604	79968	79477	113715	87567	107770	367308	247749	271170	26460	78606	30774	46452	113544	97532	69678	12060	14596	23595	65046	7742
445.0000060442532	0	0	0	0	0	2634872	0	491049	205400	202776	232087	1428820	52962	103802	429723	16626	7424	39560	118988	28560	38874	162400	93520	95956	95912	90992	359410	88928	52710	73247	108945	548416	94518	76806	56490	39273	207000	26418	81480	80990	116375	89789	111540	378048	256959	280140	27048	82576	32154	46648	117279	100168	77973	12529	15308	25025	70320	8134
450.00000055809625	0	0	0	0	0	2651649	0	492453	205972	203280	232829	1432051	53592	105178	434031	16830	7482	40248	120170	29040	39600	164720	95340	96999	98344	91718	368466	90384	53690	74315	111375	559680	96878	78132	57260	40227	213000	26899	82824	82859	119168	91910	115310	383955	266783	290145	28616	84958	32706	48216	124749	113348	84056	13333	16109	26169	78524	8624
455.00000123361804	0	0	0	0	0	2661362	0	493272	206232	203560	233359	1434923	53970	106038	439057	17289	7540	40936	123519	29520	40260	166112	96600	98638	100016	93170	374692	92400	54810	74938	113805	572352	98058	79968	58240	41234	216600	27565	84756	84817	122360	94233	117260	394695	273537	300150	29596	88928	33672	49980	129978	122574	86821	13668	16643	27599	80868	9065
460.0000081460879	0	0	0	0	0	2670192	0	494325	206908	204008	233995	1441744	54222	106812	442288	17544	7656	41194	126080	30048	40986	168432	98280	100277	101688	94501	381484	94416	56000	76807	115020	579392	100064	82314	59290	42241	223200	28305	86436	86152	125818	96556	119730	406509	280291	309810	31164	92898	35190	50764	137448	127846	92904	14539	17889	29315	86142	9555
465.00000661097624	0	0	0	0	0	2681671	0	495261	207584	204344	234472	1446770	54810	108188	451263	17799	7859	41538	128247	30576	41580	170752	99400	101171	103664	96195	390540	95760	56490	78231	118260	588544	102542	83436	60550	42983	227700	28860	88368	87665	128478	98879	122980	417249	287659	321195	32144	100044	36156	52528	144918	141026	102305	15075	18334	30316	92002	9898
470.00000342480564	0	0	0	0	0	2694916	0	496431	208156	204904	235002	1450719	55104	108876	454853	18105	8004	42398	130020	31104	41976	173768	101220	103406	104880	97647	395634	97664	57540	79744	120690	601920	105020	84966	61600	44255	233100	29526	90216	89623	130207	101000	125710	430137	295641	329820	33124	103220	37260	54880	149400	147616	106176	15477	18868	32032	96104	10486
475.0000066399787	0	0	0	0	0	2708161	0	497601	208468	205632	235638	1454309	55314	109650	459161	18360	8149	43258	132581	31440	42372	177016	102900	104449	106856	98736	402426	99344	58520	81346	121635	615296	106790	87108	62720	45262	237600	30192	91980	91937	133532	103121	128180	441414	305158	338790	33516	107190	38916	57036	156123	162114	111706	16080	19580	34177	101964	11172
480.0000049157225	0	0	0	0	0	2716991	0	498420	208728	206304	236327	1459335	55566	110424	465623	18564	8410	43688	135142	31872	43164	180496	104720	106535	108680	100793	411482	101472	59080	82592	123525	635008	108560	87924	63840	46057	241800	30858	93996	94607	137522	104636	130390	452691	312526	347070	34300	111160	39882	58800	162099	176612	119448	16549	20292	35607	106652	11809
485.00000215132104	0	0	0	0	0	2726704	0	499473	209248	206696	236910	1462925	56028	111542	469213	19023	8729	44032	136127	32592	43626	183280	106400	108174	110352	102003	421670	103040	60270	84194	125415	651200	110684	89862	65240	47170	246600	31820	95424	97188	141512	106757	132990	466116	319587	355695	35280	112748	40572	60564	172557	179248	122766	17554	21271	37609	109582	12201
490.00000009228177	0	0	0	0	0	2733768	0	500526	209716	207256	237493	1465438	56616	112488	474957	19125	8816	44720	137309	32928	44088	185600	107940	109664	112328	103455	429594	104048	61390	85796	127710	662464	113044	91392	66500	47965	250800	32338	96936	99235	144837	108979	136110	476856	326341	364665	36652	116718	41400	62132	179280	191110	124425	17956	21983	39468	115442	12593
495.0000023430873	0	0	0	0	0	2743481	0	501228	210080	207648	238341	1469746	56994	113262	478188	19380	8874	45064	139279	33264	44880	188384	109620	110707	113848	104665	438084	106848	62860	87398	130545	677952	115286	93330	67480	48919	255000	32967	99288	101104	147630	111504	139750	488133	336165	372600	39004	119894	42642	64288	186003	200336	129402	18559	22784	40612	120716	13083
500.00001083244865	0	0	0	0	0	2752311	0	502398	210548	207816	238606	1471182	57708	114466	483214	19890	8961	45666	141643	33648	45474	190704	112000	112644	115368	106238	446574	108752	63630	89000	133245	693440	117646	94758	68950	49555	260700	33485	100968	102973	150689	112514	142220	501021	343226	381915	39592	123070	43470	64484	190485	213516	134379	19363	23229	41899	125404	13769
505.00000116170605	0	0	0	0	0	2759375	0	502983	210912	208040	239348	1473695	58338	115756	486445	20247	9077	46612	143022	33936	46068	194184	113260	113687	116736	108416	453366	110208	64820	90157	135405	702592	120006	97002	70420	50456	265200	34299	102816	105020	154546	114231	145210	508539	350594	392265	40376	131010	44574	67228	195714	228014	142121	20234	23852	43329	131264	14210
510.00000225574456	0	0	0	0	0	2766439	0	503802	211172	208544	239719	1475490	58800	117390	490394	20451	9135	47128	144204	34176	46596	196504	114800	115624	118712	109747	463554	112112	66150	91225	137835	715968	121186	98940	71750	51516	270300	35113	104496	106711	157472	116352	149500	520890	357348	402615	40376	134186	46644	69972	200943	239876	148204	20904	25276	45474	137124	14651
515.0000032972123	0	0	0	0	0	2777035	0	505206	211536	209104	240249	1479798	59304	118680	494702	20655	9309	48246	146174	34752	47388	199288	116900	117412	120080	111683	472610	113680	67130	92471	140265	728640	122720	100572	72520	52152	276000	35779	106848	108847	160132	118473	152880	528945	365637	413310	41552	136568	48024	73108	208413	250420	154840	21708	26700	47047	142398	15435
520.0000068081459	0	0	0	0	0	2788514	0	506025	211848	209664	240726	1483747	59598	119626	499369	20808	9541	48676	148144	35424	47916	202072	119560	119796	121600	113135	482232	115584	68110	94340	143505	745536	124962	102306	73570	53265	280500	36593	109032	111250	162393	120594	156260	541833	372698	421935	42336	140538	48990	73696	210654	260964	163688	22311	27590	48906	145914	16072
525.0000006152043	0	0	0	0	0	2797344	0	506844	212316	209944	241256	1485901	60018	121174	504395	21063	9657	49192	149129	35904	48642	204856	121800	121584	123272	114708	489590	117376	69440	95853	146610	765248	126850	104346	74690	54113	283500	37444	111636	113297	166516	122917	159640	555258	377610	430560	43708	146096	50370	75264	219618	272826	169218	22780	28480	50336	150016	16660
530.0000091869662	0	0	0	0	0	2804408	0	507780	212888	210168	241680	1489491	60522	122464	507985	21267	9802	49794	150508	36240	49236	207872	122640	123074	125552	115918	497514	118608	70840	97010	149175	776512	129092	106080	76440	54961	287400	38221	114156	114276	168511	125543	163540	569757	384978	438495	44296	151654	51198	76636	225594	278098	174748	23517	29459	52624	154118	17395
535.0000098624546	0	0	0	0	0	2812355	0	508716	213252	210672	242316	1492363	60942	123238	511575	21573	9918	50740	152084	36864	49830	211352	124460	124862	127072	116765	508268	120736	71680	98523	151200	787072	131452	108324	77770	55915	291900	38813	116172	116768	171038	128270	166530	582108	395109	445740	45080	156418	52026	77812	234558	287324	181937	24321	30616	53768	156462	17738
540.0000044794994	0	0	0	0	0	2822951	0	509418	213564	211456	242899	1495953	61446	124184	515883	21828	10005	51170	153069	37296	50490	214600	125300	127544	128744	118459	515060	122192	72240	99769	154170	795520	133458	109956	79030	56551	297900	39590	117516	118637	174097	130694	168480	592311	401249	454365	45668	160388	53406	80360	239040	299186	184702	25527	31239	55770	162322	18277
545.0000013126706	0	0	0	0	0	2831781	0	510588	213980	211904	243535	1499543	61992	125388	521268	22134	10092	51170	155630	37488	50952	217616	126560	129183	129352	120032	526380	123424	73290	100926	157545	808192	136644	112200	79730	57717	303300	40367	119280	120417	177688	132916	172120	606273	408003	463680	47628	164358	55200	82124	248751	312366	191891	26264	32485	57200	167010	18767
550.0000066553155	0	0	0	0	0	2841494	0	511524	214396	212464	244065	1502774	62580	126506	525576	22644	10237	51686	156418	37824	51348	220400	127680	129928	131328	121121	531474	124768	74410	102617	159840	820864	139004	114138	81060	58512	309300	41144	120708	122019	181013	135542	175110	617550	416292	474030	48804	166740	56028	83496	253233	325546	195209	27135	33286	59631	170526	19159
555.0000031202017	0	0	0	0	0	2850324	0	512811	214812	212744	244701	1507082	63042	127452	529525	22899	10440	52546	158585	38112	52140	222256	128800	132312	133456	122210	534870	126560	75180	104753	162810	827904	141718	116076	82320	59413	312300	41847	122220	123532	184604	137562	178620	631512	425502	483345	50372	168328	57684	85064	259209	334772	201845	27939	34354	60918	176972	19992
560.0000041185774	0	0	0	0	0	2858271	0	514215	215072	213304	245019	1509595	63588	128484	533833	23154	10614	52976	159373	38736	52668	225040	129780	134100	134064	123662	547888	128688	76440	105821	165240	842688	144078	117606	83300	60473	316500	42402	123984	125579	186466	139077	181090	643326	433484	490935	51156	170710	58788	86240	264438	343998	207928	29011	35867	62777	178730	20531
565.0000019358478	0	0	0	0	0	2867984	0	515268	215644	213808	245284	1513185	64050	129344	538500	23358	10788	53406	160949	39072	53526	226896	131320	135739	135280	124872	551850	131264	77630	106800	166725	853248	146674	118830	84840	61268	321600	43253	125748	127626	189126	141501	183430	654603	441466	499215	51744	175474	59478	88788	271161	354542	215670	29748	36401	64636	186348	21168
570.0000036068275	0	0	0	0	0	2879463	0	516321	215800	214592	245549	1516057	64386	130118	544962	23460	11020	53836	163904	39552	54186	228288	132160	137527	136040	126566	559774	132608	79030	108580	168750	863808	148798	120462	85960	62169	327600	43808	127848	129940	192052	143521	185770	665343	450676	510600	52724	176268	60444	90552	280125	366404	225624	30485	37380	65637	193966	21805
575.0000163073881	0	0	0	0	0	2890059	0	516789	216268	215096	246132	1520724	64932	130978	554296	23664	11078	54696	165480	39936	54648	229680	133280	138123	137256	127776	568264	134736	79940	109648	171720	877888	150450	121686	86800	63123	334200	44474	129276	132076	194579	145945	188630	678768	459579	520605	53508	182620	61548	92120	284607	375630	231707	31021	38003	67067	201584	22540
580.0000084663822	0	0	0	0	0	2901538	0	517959	216580	215432	246609	1523237	65268	131580	558963	23868	11136	55126	167253	40128	55110	231768	135520	139613	139384	129349	576754	136864	80780	111339	173880	891968	152692	123522	88270	64024	340200	45214	130704	134479	197638	147662	192140	687897	470017	530265	55076	185002	62514	93100	289089	383538	238343	31490	38626	68211	206858	22981
585.0000081256244	0	0	0	0	0	2907719	0	518778	217204	215656	246768	1525750	65604	132440	562912	23919	11397	55814	169026	40512	55374	233624	137060	141550	140904	131043	583546	138656	81550	112496	176310	903232	154226	126582	89810	64978	345600	45621	133644	136170	200298	150086	194480	697563	478920	540270	55664	188972	64446	94864	293571	387492	246085	32160	39071	69641	213304	23814
590.000002877491	0	0	0	0	0	2919198	0	520533	217568	216104	247404	1528981	66402	133214	566861	24378	11484	56674	170602	40752	55770	235248	138460	143785	142576	132737	591470	139440	82950	113831	178470	915904	157412	128214	90370	66409	353400	46176	134820	137950	202958	152106	197600	708303	484446	549240	56448	199294	65412	97608	298800	391446	253827	32696	39872	71500	216820	24402
595.000002938706	0	0	0	0	0	2928028	0	521469	217932	216496	247987	1531494	66738	134074	571528	24480	11629	56846	171784	41136	56364	237336	140000	145126	143640	134310	598828	140784	83650	115611	181035	922240	158946	130152	91490	67204	357300	46879	136416	140086	205751	154126	200200	724413	492121	559935	57624	201676	65964	99764	304776	396718	261016	33433	40673	73645	221508	25088
600.0000030252157	0	0	0	0	0	2939507	0	522405	218400	217056	248305	1535084	67200	135450	577631	24837	11832	57190	173557	41616	57222	239656	142240	146467	144400	135641	603922	142464	84700	117302	183195	937024	161660	131988	92680	68423	365100	47471	138348	142578	207879	156146	203840	733005	497954	568215	58212	201676	67758	102312	313740	404626	265993	34036	41652	75075	227368	25872
