>time	Ribosome	coli Pol	coli Pol-P	coli Pol-2.0	coli Pol-P-2.0	gp1	gp1-3.5	gp0.3	gp0.4	gp0.5	gp0.6A	gp0.7	gp1.1	gp1.2	gp1.3	gp1.4	gp1.5	gp1.6	gp1.7	gp1.8	gp2.0	gp2.5	gp2.8	gp3.0	gp3.5	gp3.8	gp4A	gp4.2	gp4.3	gp4.5	gp4.7	gp5.0	gp5.3	gp5.5	gp5.7	gp5.9	gp6.0	gp6.3	gp6.5	gp6.7	gp7	gp7.3	gp7.7	gp8	gp9	gp10A	gp11	gp12	gp13	gp14	gp15	gp16	gp17	gp17.5	gp18	gp18.5	gp19	gp19.5
7.923695865409917E-4	0	0	0	0	0	0	0	0	0	0	0	0	0	0	0	0	0	0	0	0	0	0	0	0	0	0	0	0	0	0	0	0	0	0	0	0	0	0	0	0	0	0	0	0	0	0	0	0	0	0	0	0	0	0	0	0	0	0
5.0009986618636075	0	0	0	0	0	0	0	0	0	0	0	0	0	0	0	0	0	0	0	0	0	0	0	0	0	0	0	0	0	0	0	0	0	0	0	0	0	0	0	0	0	0	0	0	0	0	0	0	0	0	0	0	0	0	0	0	0	0
10.007326746369978	0	0	0	0	0	0	0	0	0	0	0	0	0	0	0	0	0	0	0	0	0	0	0	0	0	0	0	0	0	0	0	0	0	0	0	0	0	0	0	0	0	0	0	0	0	0	0	0	0	0	0	0	0	0	0	0	0	0
15.000493525916488	0	0	0	0	0	0	0	0	0	0	0	0	0	0	0	0	0	0	0	0	0	0	0	0	0	0	0	0	0	0	0	0	0	0	0	0	0	0	0	0	0	0	0	0	0	0	0	0	0	0	0	0	0	0	0	0	0	0
20.000486263776754	0	0	0	0	0	0	0	0	0	0	0	0	0	0	0	0	0	0	0	0	0	0	0	0	0	0	0	0	0	0	0	0	0	0	0	0	0	0	0	0	0	0	0	0	0	0	0	0	0	0	0	0	0	0	0	0	0	0
25.003586911833125	0	0	0	0	0	0	0	0	0	0	0	0	0	0	0	0	0	0	0	0	0	0	0	0	0	0	0	0	0	0	0	0	0	0	0	0	0	0	0	0	0	0	0	0	0	0	0	0	0	0	0	0	0	0	0	0	0	0
30.003295040890826	0	0	0	0	0	0	0	117	0	0	0	0	0	0	0	0	0	0	0	0	0	0	0	0	0	0	0	0	0	0	0	0	0	0	0	0	0	0	0	0	0	0	0	0	0	0	0	0	0	0	0	0	0	0	0	0	0	0
35.0003878304302	0	0	0	0	0	0	0	702	156	0	0	0	0	0	0	0	0	0	0	0	0	0	0	0	0	0	0	0	0	0	0	0	0	0	0	0	0	0	0	0	0	0	0	0	0	0	0	0	0	0	0	0	0	0	0	0	0	0
40.00091782226537	0	0	0	0	0	0	0	2106	572	280	0	0	0	0	0	0	0	0	0	0	0	0	0	0	0	0	0	0	0	0	0	0	0	0	0	0	0	0	0	0	0	0	0	0	0	0	0	0	0	0	0	0	0	0	0	0	0	0
45.000099769561295	0	0	0	0	0	0	0	3978	1144	560	371	0	0	0	0	0	0	0	0	0	0	0	0	0	0	0	0	0	0	0	0	0	0	0	0	0	0	0	0	0	0	0	0	0	0	0	0	0	0	0	0	0	0	0	0	0	0	0
50.00050850053325	0	0	0	0	0	0	0	7371	2548	1176	1060	0	0	0	0	0	0	0	0	0	0	0	0	0	0	0	0	0	0	0	0	0	0	0	0	0	0	0	0	0	0	0	0	0	0	0	0	0	0	0	0	0	0	0	0	0	0	0
55.00084360743552	0	0	0	0	0	0	0	11466	4108	2184	2067	0	0	0	0	0	0	0	0	0	0	0	0	0	0	0	0	0	0	0	0	0	0	0	0	0	0	0	0	0	0	0	0	0	0	0	0	0	0	0	0	0	0	0	0	0	0	0
60.00011316908488	0	0	0	0	0	0	0	17901	5876	4312	3498	0	0	0	0	0	0	0	0	0	0	0	0	0	0	0	0	0	0	0	0	0	0	0	0	0	0	0	0	0	0	0	0	0	0	0	0	0	0	0	0	0	0	0	0	0	0	0
65.00047953984365	0	0	0	0	0	0	0	23985	8892	6496	5512	0	0	0	0	0	0	0	0	0	0	0	0	0	0	0	0	0	0	0	0	0	0	0	0	0	0	0	0	0	0	0	0	0	0	0	0	0	0	0	0	0	0	0	0	0	0	0
70.00005945276418	0	0	0	0	0	0	0	31707	12324	9520	8374	359	0	0	0	0	0	0	0	0	0	0	0	0	0	0	0	0	0	0	0	0	0	0	0	0	0	0	0	0	0	0	0	0	0	0	0	0	0	0	0	0	0	0	0	0	0	0
75.00013327827888	0	0	0	0	0	0	0	38844	16172	12936	11077	1436	0	0	0	0	0	0	0	0	0	0	0	0	0	0	0	0	0	0	0	0	0	0	0	0	0	0	0	0	0	0	0	0	0	0	0	0	0	0	0	0	0	0	0	0	0	0
80.00020755577091	0	0	0	0	0	0	0	48087	19968	16856	14734	4667	0	0	0	0	0	0	0	0	0	0	0	0	0	0	0	0	0	0	0	0	0	0	0	0	0	0	0	0	0	0	0	0	0	0	0	0	0	0	0	0	0	0	0	0	0	0
85.00023506397676	0	0	0	0	0	0	0	59670	24336	20384	19451	11488	0	0	0	0	0	0	0	0	0	0	0	0	0	0	0	0	0	0	0	0	0	0	0	0	0	0	0	0	0	0	0	0	0	0	0	0	0	0	0	0	0	0	0	0	0	0
90.00009459551202	0	0	0	0	0	0	0	70200	29432	25648	24062	21899	0	0	0	0	0	0	0	0	0	0	0	0	0	0	0	0	0	0	0	0	0	0	0	0	0	0	0	0	0	0	0	0	0	0	0	0	0	0	0	0	0	0	0	0	0	0
95.00013060708551	0	0	0	0	0	0	0	80262	35100	30800	29521	35182	0	0	0	0	0	0	0	0	0	0	0	0	0	0	0	0	0	0	0	0	0	0	0	0	0	0	0	0	0	0	0	0	0	0	0	0	0	0	0	0	0	0	0	0	0	0
100.00021030413123	0	0	0	0	0	0	0	95940	40768	35728	35510	50978	0	0	0	0	0	0	0	0	0	0	0	0	0	0	0	0	0	0	0	0	0	0	0	0	0	0	0	0	0	0	0	0	0	0	0	0	0	0	0	0	0	0	0	0	0	0
105.00000184169313	0	0	0	0	0	0	0	110799	47164	42168	42082	73595	0	0	0	0	0	0	0	0	0	0	0	0	0	0	0	0	0	0	0	0	0	0	0	0	0	0	0	0	0	0	0	0	0	0	0	0	0	0	0	0	0	0	0	0	0	0
110.00045423259465	0	0	0	0	0	0	0	124488	52832	48776	48495	99802	0	0	0	0	0	0	0	0	0	0	0	0	0	0	0	0	0	0	0	0	0	0	0	0	0	0	0	0	0	0	0	0	0	0	0	0	0	0	0	0	0	0	0	0	0	0
115.0000409348358	0	0	0	0	0	0	0	141102	59696	55384	56445	128163	0	0	0	0	0	0	0	0	0	0	0	0	0	0	0	0	0	0	0	0	0	0	0	0	0	0	0	0	0	0	0	0	0	0	0	0	0	0	0	0	0	0	0	0	0	0
120.00010736519822	0	0	0	0	0	0	0	158301	66456	61376	64872	161550	0	0	0	0	0	0	0	0	0	0	0	0	0	0	0	0	0	0	0	0	0	0	0	0	0	0	0	0	0	0	0	0	0	0	0	0	0	0	0	0	0	0	0	0	0	0
125.00019377576974	0	0	0	0	0	0	0	176085	73996	69048	73140	200681	0	0	0	0	0	0	0	0	0	0	0	0	0	0	0	0	0	0	0	0	0	0	0	0	0	0	0	0	0	0	0	0	0	0	0	0	0	0	0	0	0	0	0	0	0	0
130.00024066340958	0	0	0	0	0	0	0	192465	82108	77728	80984	240171	0	0	0	0	0	0	0	0	0	0	0	0	0	0	0	0	0	0	0	0	0	0	0	0	0	0	0	0	0	0	0	0	0	0	0	0	0	0	0	0	0	0	0	0	0	0
135.0000139392221	0	0	0	0	0	1766	0	212589	89492	85008	90206	281456	42	0	0	0	0	0	0	0	0	0	0	0	0	0	0	0	0	0	0	0	0	0	0	0	0	0	0	0	0	0	0	0	0	0	0	0	0	0	0	0	0	0	0	0	0	0
140.0001500560997	0	0	0	0	0	15011	0	227682	96044	91952	97255	327767	168	86	0	0	0	0	0	0	0	0	0	0	0	0	0	0	0	0	0	0	0	0	0	0	0	0	0	0	0	0	0	0	0	0	0	0	0	0	0	0	0	0	0	0	0	0
145.00006880369202	0	0	0	0	0	34437	0	243360	101556	98392	103615	380899	252	258	0	0	0	0	0	0	0	0	0	0	0	0	0	0	0	0	0	0	0	0	0	0	0	0	0	0	0	0	0	0	0	0	0	0	0	0	0	0	0	0	0	0	0	0
150.00007792905825	0	0	0	0	0	67108	0	257283	107484	104944	110028	436544	546	602	0	0	0	0	0	0	0	0	0	0	0	0	0	0	0	0	0	0	0	0	0	0	0	0	0	0	0	0	0	0	0	0	0	0	0	0	0	0	0	0	0	0	0	0
155.00006280078995	0	0	0	0	0	104194	0	269334	112892	110936	116759	485727	924	774	0	0	0	0	0	0	0	0	0	0	0	0	0	0	0	0	0	0	0	0	0	0	0	0	0	0	0	0	0	0	0	0	0	0	0	0	0	0	0	0	0	0	0	0
160.00010052515879	0	0	0	0	0	154525	0	282321	118144	116368	122218	529884	1764	1806	0	0	0	0	0	0	0	0	0	0	0	0	0	0	0	0	0	0	0	0	0	0	0	0	0	0	0	0	0	0	0	0	0	0	0	0	0	0	0	0	0	0	0	0
165.0000093961369	0	0	0	0	0	209271	0	295074	122876	121240	127571	573682	2940	2924	0	0	0	0	0	0	0	0	0	0	0	0	0	0	0	0	0	0	0	0	0	0	0	0	0	0	0	0	0	0	0	0	0	0	0	0	0	0	0	0	0	0	0	0
170.00007540346866	0	0	0	0	0	279911	0	306306	128492	125888	132818	613531	4746	4558	359	0	0	0	0	0	0	0	0	0	0	0	0	0	0	0	0	0	0	0	0	0	0	0	0	0	0	0	0	0	0	0	0	0	0	0	0	0	0	0	0	0	0	0
175.00000453515113	0	0	0	0	0	355849	0	316836	133328	130816	138118	657688	6342	6966	1795	51	29	0	0	0	0	0	0	0	0	0	0	0	0	0	0	0	0	0	0	0	0	0	0	0	0	0	0	0	0	0	0	0	0	0	0	0	0	0	0	0	0	0
180.00005143312416	0	0	0	0	0	438851	0	330759	137384	135352	142358	695383	8064	9460	3949	204	29	0	0	96	66	0	0	0	0	0	0	0	0	0	0	0	0	0	0	0	0	0	0	0	0	0	0	0	0	0	0	0	0	0	0	0	0	0	0	0	0	0
185.00000021610177	0	0	0	0	0	535098	0	341523	141804	140112	146916	731283	9618	13072	7898	459	87	258	0	96	198	0	0	0	0	0	0	0	0	0	0	0	0	0	0	0	0	0	0	0	0	0	0	0	0	0	0	0	0	0	0	0	0	0	0	0	0	0
190.00000915394676	0	0	0	0	0	629579	0	352404	145652	144984	151474	764311	11760	15738	14719	561	232	774	197	336	726	0	280	0	0	0	0	0	0	0	0	0	0	0	0	0	0	0	0	0	0	0	0	0	0	0	0	0	0	0	0	0	0	0	0	0	0	0
195.00001268868579	0	0	0	0	0	729358	0	360360	150280	148960	156297	795544	13524	18920	22617	1020	377	1376	1773	720	1188	464	700	596	0	0	0	0	0	0	0	0	0	0	0	0	0	0	0	0	0	0	0	0	0	0	0	0	0	0	0	0	0	0	0	0	0	0
200.00000360042085	0	0	0	0	0	810594	0	370422	153556	153384	161385	830008	15750	21844	31233	1224	493	2236	3152	1296	2112	1624	1680	894	608	363	0	0	0	0	0	0	0	0	0	0	0	0	0	0	0	0	0	0	0	0	0	0	0	0	0	0	0	0	0	0	0	0
205.0000001468025	0	0	0	0	0	903309	0	377910	157196	156856	165148	860882	17052	25800	43798	1632	667	3182	5516	2016	2904	4640	2660	2384	912	1452	0	336	0	178	270	0	0	0	0	0	0	0	0	0	0	0	0	0	0	0	0	0	0	0	0	0	0	0	0	0	0	0
210.0000087221199	0	0	0	0	0	993375	0	385398	160264	160664	168805	889961	18522	29498	58517	1989	986	4386	8077	2880	3828	7656	4620	4321	3192	3025	0	560	70	356	405	0	0	0	0	0	0	0	0	0	0	0	0	0	0	0	0	0	0	0	0	0	0	0	0	0	0	0
215.00002139088514	0	0	0	0	0	1083441	0	393120	163540	163632	171932	918681	19992	32508	70005	2244	1160	5590	11229	3648	4884	11136	7560	6407	4712	5324	0	2128	560	890	540	0	0	0	0	53	0	0	0	0	0	0	0	0	0	0	0	0	0	0	0	0	0	0	0	0	0	0
220.00002302714327	0	0	0	0	0	1150549	0	401193	166712	166040	175271	943093	21840	36378	79698	2805	1363	6364	15366	4848	5874	16472	10500	8940	7600	7865	566	4368	1400	1869	1350	0	0	0	140	53	0	74	0	0	0	0	0	0	0	0	0	0	0	0	0	0	0	0	0	0	0	0
225.00000915700994	0	0	0	0	0	1221189	0	408564	169468	169008	177921	963915	23478	39216	90468	3213	1653	7310	19306	5568	6864	20648	13720	10877	10336	9801	566	6048	2520	3026	2970	0	236	102	140	159	0	111	168	0	0	0	0	0	0	0	0	0	0	0	0	0	0	0	0	0	0	0
230.0000010772468	0	0	0	0	0	1293595	0	413244	172068	171248	180836	987968	24864	41882	105905	3723	1885	8342	22852	6288	7920	24592	16660	14155	12464	12342	1132	9520	3640	4272	4725	0	590	510	490	318	0	148	252	89	133	0	0	0	0	0	0	0	0	0	0	0	0	0	0	0	0	0
235.000002395758	0	0	0	0	0	1361586	0	418275	174356	173712	182903	1010944	26166	43946	119188	4386	1972	9460	28368	7248	8976	28536	20160	16241	15352	14883	3962	11872	4620	5251	6480	0	2124	1122	980	795	300	333	420	267	133	303	130	0	0	0	0	0	0	0	0	0	0	0	0	0	0	0
240.00002182277558	0	0	0	0	0	1431343	0	423891	176176	175840	184758	1033920	27342	46956	131753	4692	2233	10492	30732	8352	9570	33176	22960	19519	17480	17182	8490	13552	5600	7565	9045	0	3422	2856	1470	1113	900	518	1092	445	266	404	390	0	0	0	0	0	0	0	0	0	0	0	0	0	0	0
245.0000025335719	0	0	0	0	0	1504632	0	429390	177996	177912	186454	1051511	28350	49278	145395	4998	2465	11868	34081	9024	10560	38744	25340	22648	20976	19844	18678	16240	7350	9434	11610	1408	5074	4692	2100	1590	1800	814	2016	1068	931	1212	650	0	0	0	0	0	0	0	0	0	0	0	0	0	0	0
250.00001537546174	0	0	0	0	0	1564676	0	433134	179764	179480	188256	1068025	28980	51772	157601	5304	2581	12384	37233	9840	11550	43848	28280	26969	24320	22627	28866	19264	8400	11570	14310	2816	6962	6324	3080	2120	3300	1369	3360	2581	1862	2323	1430	0	0	0	0	0	0	0	0	0	0	0	0	0	0	0
255.0000094586209	0	0	0	0	0	1612358	0	437229	181584	181272	189528	1081667	29820	53922	170166	5712	2813	13330	39794	10752	12606	48720	31220	29055	26904	26620	40752	21728	9730	13884	17145	3520	8614	7854	4060	2756	6900	1850	4956	4183	3724	3737	2210	0	0	0	0	0	0	0	0	0	0	0	0	0	0	0
260.00000821908276	0	0	0	0	0	1669753	0	440388	183196	182840	191754	1098181	30702	56674	184526	5916	2987	14190	43734	11856	13596	52200	34440	33227	28424	29161	49808	23968	11340	16287	19845	7040	10502	9588	5180	3604	10200	2072	6888	5073	6118	4949	4550	537	614	0	0	0	0	0	0	0	0	0	0	0	0	0
265.0000021500406	0	0	0	0	0	1719201	0	443898	185016	183904	193132	1107874	31500	58566	195296	5916	3190	14964	48068	12720	14586	56608	36960	35760	31768	31218	63958	26880	12600	18156	22275	15488	12154	11322	6790	4399	12600	2701	8316	5874	7714	6262	6760	1074	921	0	0	0	0	0	0	0	0	0	0	0	0	0
270.0000002786897	0	0	0	0	0	1763351	0	447642	186368	185360	194934	1121516	32298	60544	202835	6375	3277	15738	50629	13344	15642	61944	39900	38442	34200	34243	74146	28784	13860	19936	25650	26752	14396	13668	8610	5353	15900	3034	9828	7565	10241	7878	8320	1074	3070	1035	0	0	138	0	0	0	0	0	0	0	0	0
275.00000340596534	0	0	0	0	0	1805735	0	450684	187720	186760	196206	1133722	33390	61662	213605	6783	3509	16426	53387	14064	16764	67048	42000	40379	37392	35937	85466	31360	14980	21627	30105	38720	16166	16524	9940	6890	18600	3404	10920	9523	11704	9292	9360	2685	4298	2415	196	0	276	196	0	0	0	0	0	0	0	0
280.0000251970296	0	0	0	0	0	1847236	0	453609	189124	188272	197478	1144133	34104	62866	220785	7191	3741	17716	55948	14880	17424	70528	45640	42614	39672	39204	97918	32592	16380	23229	32670	52096	18172	19074	11200	7791	23100	3848	12852	12371	14364	11009	11180	5370	7982	4140	980	0	414	196	0	0	0	0	0	0	0	0
285.0000083115244	0	0	0	0	0	1892269	0	455247	190372	189840	198697	1157416	35028	65016	229401	7497	3857	18748	58509	15792	18084	75400	47740	46339	41800	40898	112634	35056	17360	25543	35910	61248	21004	20604	12460	8957	31500	4292	15036	13617	17157	13433	13520	10740	11973	5175	1568	0	828	392	0	0	0	0	0	0	0	0
290.0000099258903	0	0	0	0	0	1937302	0	457821	191620	190512	199863	1165673	35826	66650	238735	7803	4089	19866	61661	16368	18942	78648	50260	48574	45296	41987	123388	37520	18760	27679	38475	75328	23836	22032	14560	9911	37500	5254	17136	15664	20083	15453	15860	19869	16578	6210	1960	0	1380	392	0	0	0	0	0	0	0	0
295.0000080207611	0	0	0	0	0	1974388	0	460746	192660	191352	201135	1174648	36498	68628	250582	8007	4234	20898	63828	16800	19602	80272	51100	50660	47576	45012	132444	39872	19880	29548	41985	89408	26550	23664	16100	10971	44400	5809	18648	17800	21546	18079	19240	28461	21490	8280	2352	0	1518	392	0	0	0	0	0	0	0	0
300.0000097207311	0	0	0	0	0	1999112	0	463203	193752	192248	202036	1182546	37254	70004	256685	8415	4408	21672	67177	17424	20922	82824	53060	52895	50920	48279	145462	41664	21490	31150	45360	106304	29028	25704	17920	11872	52200	6401	20580	19402	25137	19392	22230	37590	27630	12420	3136	0	2070	784	0	0	0	0	0	0	0	0
305.0000008292007	0	0	0	0	0	2028251	0	465309	194688	193648	202831	1188290	37884	71122	261352	8670	4524	22532	70132	18048	22044	87000	56140	54981	52896	50094	155084	44128	22820	32663	48330	124608	31860	28050	19390	12773	58500	7030	22512	21894	30191	21412	24570	47793	29779	16905	3724	0	2622	1568	0	0	0	67	0	0	0	0
310.00000652227766	0	0	0	0	0	2053858	0	467181	195416	194544	203520	1196906	38724	72584	268532	8925	4698	23220	71905	18672	22506	91408	58100	57216	55176	52756	163008	46816	23870	34265	50490	138688	34456	29886	20790	13674	65100	7622	24192	23763	33649	24240	27430	56385	36226	22770	4116	0	3174	2940	0	0	0	67	0	0	0	0
315.0000071729058	0	0	0	0	0	2087412	0	469872	196092	195048	204421	1205881	39144	73960	274276	9180	4872	24166	74663	19536	23100	95352	60060	59302	56696	54329	174894	49392	25410	36579	52245	151360	37524	31416	22400	14522	71700	8177	26124	25187	36708	26361	29510	65514	42673	27255	5096	794	3726	3332	1494	0	0	134	0	143	0	0
320.000005846474	0	0	0	0	0	2108604	0	471510	197080	195608	205534	1211984	39816	75766	282892	9384	4930	24940	76436	20496	23958	98832	62160	61090	59584	56265	186214	51520	26250	38537	55350	166144	39766	33048	23590	15847	78900	8658	28308	27590	39235	28381	31070	73569	51269	33120	6272	1588	4554	4116	2241	0	0	134	89	143	0	0
325.0000065650932	0	0	0	0	0	2128913	0	473265	198172	196336	206064	1220241	40446	77572	291867	9741	5075	25628	79785	20976	24882	102544	63420	64070	61408	58443	196968	53648	27580	40139	57240	190784	42126	35292	24640	16748	86400	9287	29904	30349	41629	30300	33540	83772	59865	40020	7252	3176	5382	5096	2241	0	0	268	267	143	0	49
330.0000007661562	0	0	0	0	0	2144807	0	476073	198848	197176	207018	1225626	41160	78948	299047	10098	5220	26746	81361	21792	25938	105328	64540	66752	63232	60016	209986	55776	28560	42186	58995	212608	44722	36822	25900	17702	93300	9916	32088	32485	44289	33128	36530	93438	67847	48300	7644	3970	6210	6076	2988	0	0	268	445	572	0	49
335.0000012915401	0	0	0	0	0	2160701	0	477945	199420	197848	207707	1233524	41580	80496	304791	10404	5423	27262	85104	22416	26466	108576	67060	68391	65056	61952	218476	57792	29820	44233	62100	228800	46138	38760	26950	18815	98100	10804	33936	35333	47215	35855	40040	99882	74908	54510	8036	4764	6900	6664	4482	0	0	670	445	715	0	147
340.00000201026484	0	0	0	0	0	2186308	0	479583	200148	198856	208237	1240704	42378	81872	311971	10710	5771	27950	86877	22944	27324	114144	68880	70477	67944	63525	229230	59808	30940	45746	64530	243584	48970	41106	27860	19769	104700	11470	35952	37291	51205	38582	42380	114381	81662	61755	9016	5558	7728	7448	5976	0	0	804	623	715	0	196
345.0000001536365	0	0	0	0	0	2205734	0	481221	200720	199584	208979	1247525	42924	83248	317356	11118	5858	28380	88256	23568	28248	117624	71260	72712	69920	65824	239418	62384	32340	46903	66420	255552	51212	42636	28910	20352	110100	12025	37464	39338	53067	40804	44980	129417	89030	71070	9604	6352	8556	8820	8964	0	1659	938	890	1716	0	196
350.0000023091148	0	0	0	0	0	2220745	0	482859	201396	200592	209509	1251115	43386	84366	321664	11373	6003	29240	89832	24096	28776	121568	72800	74947	72808	68123	250738	64624	33460	49306	68040	272448	55224	44166	30100	21200	115500	12654	39648	40940	55328	43127	47580	138009	97626	78660	10584	11116	9522	9996	12699	0	1659	1273	1246	2288	586	343
355.00000933811623	0	0	0	0	0	2241937	0	484263	201916	201208	210145	1256500	43764	85742	331716	11628	6177	30272	92984	24720	29370	124816	75460	76586	75088	70059	261492	66416	34230	50819	70335	283712	57938	46206	31290	22101	122700	13357	40824	42364	57589	44440	50050	148749	104687	83490	11564	13498	10626	10388	15687	0	3318	1541	1513	2574	1172	686
360.0000054425732	0	0	0	0	0	2255182	0	485550	202800	202048	210993	1261526	44394	86946	338537	11934	6264	30874	96136	24816	30228	128760	77560	78672	76912	72600	270548	68992	35630	52866	73845	298496	60062	47634	32900	23108	128700	14171	43008	42987	60249	46864	51740	159489	112669	92460	12936	15880	11454	11368	21663	0	6083	2077	1958	3289	2344	833
365.0000017996568	0	0	0	0	0	2273725	0	486954	203216	202832	211894	1267988	45108	88322	345717	12189	6293	31132	97712	25104	30756	132240	79380	80162	79040	74294	280736	70336	36540	54112	76275	311872	62776	49266	34510	24062	135600	14911	44436	44678	63042	49288	54340	171840	120037	100395	13720	19850	11868	12152	25398	2636	7189	2345	2492	3718	3516	1176
370.0000029713407	0	0	0	0	0	2293151	0	488709	203892	203336	212636	1271219	45738	89440	348948	12495	6496	31648	101258	25488	31680	135952	81900	81503	80408	76835	290358	71792	37450	55536	78705	332992	64782	51204	36260	25334	138600	15429	45948	45835	64638	51005	56810	182580	127098	109710	14700	22232	13110	13328	28386	2636	10507	2881	2848	4004	4102	1421
375.0000066989451	0	0	0	0	0	2311694	0	490464	204672	203728	213272	1275527	46284	90988	353256	12699	6670	32078	103031	26208	32340	140128	83860	83440	83448	79013	299980	74144	38430	56871	81135	345664	66434	52632	37940	26182	145200	16095	47628	47170	68096	52621	60450	196005	133852	119370	15876	24614	14490	15288	32868	5272	11613	2948	3471	4576	5274	1715
380.00000246419506	0	0	0	0	0	2331120	0	491400	205192	203952	214067	1279476	46746	92622	360795	12903	6786	33110	105198	26544	33000	143144	85820	86271	85576	80828	309602	76496	39410	58651	83295	361856	68794	55284	39760	26765	149700	16983	49308	49039	70224	54641	62140	207819	139992	129030	16072	28584	16560	16072	38844	7908	17696	3283	4361	5577	9376	1862
385.0000119035229	0	0	0	0	0	2346131	0	492687	205764	204400	214756	1281630	47544	93826	368693	12954	6989	33712	106183	26976	33858	146856	87640	88506	87552	83127	320922	77280	40460	60342	85185	375232	70800	57528	40740	28302	156000	17723	50736	50641	74214	57267	64740	217485	147360	138345	17248	31760	18078	16464	43326	10544	22120	3618	4984	6578	12892	2254
390.000007540682	0	0	0	0	0	2353195	0	493974	206284	204848	215392	1287015	48468	95460	374437	13107	7105	34572	108547	27216	34452	150800	89040	91337	89680	85426	333374	79184	41580	61588	87345	394944	73042	59058	41790	29680	161100	18537	52416	52332	77273	59792	67730	227151	152886	146280	18228	34936	18768	17640	47808	11862	24332	4087	5518	7007	15236	2499
395.00000010631584	0	0	0	0	0	2364674	0	495027	206700	205464	215922	1292400	48930	96320	376950	13362	7250	34658	109926	27744	34848	154744	90300	93572	91808	87604	341298	81424	42560	62745	89370	412544	74930	60792	42840	30528	166800	19203	54768	54468	79800	62317	70460	237354	159947	156285	19012	38112	19872	19600	50796	17134	30968	4757	6141	8008	16994	2646
400.0000000277554	0	0	0	0	0	2379685	0	496197	207116	206080	216240	1295990	49518	97180	380899	13464	7395	35088	112487	28272	35442	157064	91840	96254	93936	89661	349222	83664	43610	64436	91530	425216	76936	62424	44450	31429	169800	19795	56784	56515	82593	64741	73710	247020	166087	164565	19404	39700	21114	20776	56025	27678	33733	5293	6675	9009	23440	2793
405.00000255504756	0	0	0	0	0	2392047	0	497835	207584	206416	216717	1302811	49938	98814	386284	14127	7714	35518	114654	28752	36102	161704	92680	98936	95912	91113	354882	85680	45500	66038	93285	432960	79060	64566	45640	32542	177900	20572	58884	58295	84056	67165	77090	257223	173455	174915	20188	45258	22080	21952	61254	32950	35945	5896	7298	9295	29300	3136
410.00000594783995	0	0	0	0	0	2404409	0	499005	208104	207144	217035	1308196	50568	99846	389874	14688	7917	36292	117018	29136	37026	164952	95060	100724	98496	93896	366202	87584	46270	68174	94770	446336	81892	66912	46760	33231	184200	21090	61320	59541	86716	69084	79560	264204	178060	180780	20580	50022	23046	23128	65736	34268	40922	6365	8010	9581	32816	3430
415.00000910271126	0	0	0	0	0	2417654	0	500175	208780	207424	218042	1310350	51324	100620	394900	15096	8294	37582	119382	29376	37554	167272	96460	102065	99560	96195	375824	89376	47390	69331	97605	457600	84370	68238	48020	34556	189600	21904	63168	60876	88977	71003	82550	274407	183893	186645	22148	55580	24012	24892	71712	40858	44793	6834	8722	10868	39848	4067
420.00000164844334	0	0	0	0	0	2431782	0	502047	209144	207872	218837	1315376	51954	101996	399567	15453	8526	38270	121943	29760	38148	171216	97580	103406	101688	98252	383182	90832	48370	70488	100305	470976	86966	69870	49420	35139	197400	22570	64260	62745	90041	73225	85930	286221	189419	196995	24500	58756	24840	27440	76194	48766	49217	7571	9078	12155	43364	4410
425.0000005015957	0	0	0	0	0	2443261	0	502515	209612	208712	219685	1321479	52500	103200	403157	16065	8671	38958	124307	30096	38676	174000	99400	104896	102904	100430	389408	92624	49420	71645	101925	487168	88146	71706	50400	36358	200700	23199	66024	64525	92967	75245	89310	297498	195866	202515	26264	64314	25806	28812	80676	56674	52535	7973	9434	13013	47466	4802
430.00000781091353	0	0	0	0	0	2456506	0	503802	210184	209104	220321	1325787	53046	104146	409619	16371	8700	39302	126474	30768	39072	177248	101080	107131	104576	102003	401294	93632	50540	73959	104490	499840	90506	73644	51800	37259	206100	23495	68460	67195	95760	77063	91910	307164	202620	212175	27440	66696	27600	30576	87399	63264	56406	8576	10591	14300	51568	4998
435.00000075436327	0	0	0	0	0	2470634	0	504972	210600	209664	220904	1329736	53592	105264	413568	16677	8845	39904	128247	31008	39600	179336	102340	108472	105488	102971	412048	96096	51030	74849	106650	517440	92984	75480	53410	38107	212100	24198	70308	68530	98819	80194	93860	318978	210909	221145	28224	75430	28566	32340	93375	73808	61383	9246	11125	15587	53326	5341
440.000016292859	0	0	0	0	0	2480347	0	506142	211120	210112	221593	1334762	53970	106554	418953	17034	8961	40764	130611	31680	40062	182816	104300	110111	107160	104181	415444	97888	51730	76807	108945	528000	94636	77010	54740	39114	218100	24975	72576	70844	102410	82618	97760	329181	219198	230805	30184	82576	30084	33908	98604	80398	63042	9983	11392	17732	55670	5880
445.00000393849496	0	0	0	0	0	2493592	0	508014	211484	210616	222335	1340865	54516	107758	424338	17289	9135	41280	132187	32256	40920	183744	106400	111601	108376	105875	426198	99232	52500	78142	110295	541376	98058	79050	56070	40439	222600	25456	74760	73336	104405	84739	100490	337773	224417	237360	32536	84958	30912	35280	103086	92260	68572	10988	12104	18590	60358	6468
450.0000000871374	0	0	0	0	0	2498890	0	508599	211848	211344	222759	1343378	55020	108360	428646	17442	9280	41796	135339	32784	41448	186064	107940	113091	111416	107569	439216	100576	53970	79833	113265	556160	100182	81294	57610	41287	229200	25974	76944	75472	107331	87668	104520	350661	229943	247020	33516	86546	31740	36652	108315	106758	74655	11457	12994	19734	61530	6811
455.00000493319175	0	0	0	0	0	2509486	0	509418	212628	211960	223448	1348045	55482	109650	433672	17646	9396	42226	137112	33120	41976	188384	109620	114730	112328	109263	446008	102256	54740	81079	115425	567424	101716	83028	58240	42188	232800	26566	78876	77608	110523	89486	107510	356568	238539	255990	34300	88928	33258	38612	115785	114666	79632	11859	13884	21307	63874	7448
460.0000030826831	0	0	0	0	0	2524497	0	511641	213356	212240	224137	1353071	56070	110510	436903	18054	9483	42742	139870	33408	42174	190704	111160	117263	114456	110957	455064	104384	55510	82414	118800	585024	104194	84864	59640	43301	237000	27010	80892	79299	113449	91102	111800	366234	244065	263580	35084	94486	34500	40768	119520	122574	84056	12663	14685	22594	67976	7938
465.00000202165916	0	0	0	0	0	2532444	0	512226	213564	212856	224667	1356661	56574	111456	438698	18258	9541	43516	142037	33936	42702	193720	112980	119349	116888	112651	459026	106288	56560	83571	120420	599104	106318	86292	60690	44202	241800	27602	82740	81257	116109	92516	113880	379659	251126	272550	35868	96868	35604	42336	125496	135754	88480	13601	16020	23738	74422	8967
470.00000796008186	0	0	0	0	0	2539508	0	513747	213928	213528	225303	1358456	56952	112488	440852	18615	9657	43946	143810	34704	43560	198128	114800	120541	119016	114587	465818	107744	57820	84906	123255	612480	108088	87924	61460	45050	246600	28009	85176	82770	119301	94031	116480	389325	260950	283935	36260	100044	36708	43708	131472	147616	92904	14405	17266	24596	79696	9506
475.000008553209	0	0	0	0	0	2550104	0	515034	214344	213752	225886	1360610	57414	113348	445519	18819	9831	44376	146174	35040	43956	201376	116480	122627	121296	116039	472044	109760	58240	85974	125820	625152	110330	89454	63000	45792	251100	28490	86520	84372	121828	95849	119470	401676	268625	288075	37632	105602	38226	45864	135207	159478	97328	15008	18156	26169	85556	9800
480.0000062316339	0	0	0	0	0	2565998	0	516321	214760	214144	226363	1364200	58002	114208	451263	19125	9918	44892	147947	35520	44682	204160	119000	123670	122664	117975	479402	112112	59570	87932	127575	636416	112100	91392	64120	46640	256800	29193	88872	86508	125153	97465	121680	417249	276300	300150	38416	108778	39882	48020	141183	166068	105070	15678	18779	27313	87314	10241
485.00001134620885	0	0	0	0	0	2578360	0	517257	215124	214480	226575	1368508	58464	114638	458443	19329	10034	45236	150508	36096	45078	208800	121100	124564	123880	119911	482798	114352	61040	89801	130680	651904	114342	93330	65520	47541	262500	29933	90048	88199	127813	99283	123500	427452	282440	309810	39592	113542	40848	48412	147906	176612	109494	16348	19847	28743	94346	11123
490.00000375049467	0	0	0	0	0	2587190	0	519129	215540	215320	226840	1371739	59136	115240	462392	19482	10179	46010	151887	36672	45738	212512	122920	126352	125552	121121	493552	116144	62230	91047	132840	665984	116584	95370	66710	48389	265800	30562	90972	90068	130473	101707	125190	436581	289808	320160	39984	117512	41676	50176	153135	193746	115577	16951	20381	30030	97862	12152
495.000000226034	0	0	0	0	0	2597786	0	520182	215800	216048	227476	1375329	59430	116788	467418	19686	10324	46526	153266	37104	46068	214368	124600	129034	128136	122815	502608	118048	63700	93094	134730	682880	118944	97104	68180	49290	269700	31265	92400	91403	133532	103222	128180	445710	299939	327405	40572	120688	42780	51744	162846	208244	120554	17420	21004	31889	101964	12691
500.0000005464217	0	0	0	0	0	2607499	0	520767	216320	216720	227953	1378560	59976	117390	473162	19992	10469	47472	154842	37488	47124	216920	125720	130822	130568	125356	509966	120176	64120	94340	136215	696256	120832	99144	69370	50297	274200	31820	94164	93272	136325	105242	130910	458061	307307	337410	41160	126246	44022	53900	170316	214834	123872	17956	21894	33319	109582	13377
505.00000568432915	0	0	0	0	0	2616329	0	521820	216840	217280	228695	1381073	60312	118594	478188	20196	10701	47902	157403	38064	47982	220400	127120	133504	132240	127776	517324	121968	65100	96120	138375	704000	123428	100980	70210	51145	280200	32338	96012	95052	139384	106858	133510	470412	312833	345345	42140	131010	45402	55076	174798	226696	128849	18693	22339	34320	113684	13622
510.00000020521924	0	0	0	0	0	2626042	0	522756	217256	217560	229225	1383945	60900	119626	481060	20502	10846	48676	159964	38640	48774	222720	129220	135739	134520	129349	523550	123648	65940	97900	139995	720896	125434	102612	71260	52099	286200	32634	97860	97366	143241	109585	135590	477393	319280	354315	43316	133392	46092	56448	183015	235922	134379	19162	24030	35607	119544	14357
515.0000067087782	0	0	0	0	0	2641936	0	523926	217672	217896	229808	1386817	61446	120486	484291	20859	10933	49536	160949	39360	49500	225272	131180	137080	137408	130922	535436	124992	67130	99502	141750	734272	127204	104346	72310	53106	293100	33337	99120	99413	145901	112110	138060	489207	325420	364665	44100	134980	46782	58212	188991	246466	141568	19966	24564	37180	125990	14896
520.0000034049957	0	0	0	0	0	2651649	0	524511	218296	218176	230232	1390048	61866	121518	489676	21318	11194	49880	164298	40032	50226	228288	132860	138421	139688	132858	546756	126000	67830	100748	143910	750464	130862	106080	73640	53530	296700	34114	100716	100748	148827	114534	141050	499947	334016	373290	45472	139744	47886	59976	194220	254374	144333	20435	25543	38610	134194	15484
525.0000060046548	0	0	0	0	0	2657830	0	525798	218920	218512	230603	1392202	62412	122378	497215	21777	11281	50568	165677	40272	50556	231304	135100	140954	141816	134068	552982	127792	69090	102795	145800	762432	132514	108324	75390	54749	302700	34780	102564	102350	151886	116554	144170	509613	340156	382260	46256	146890	49542	61152	201690	258328	147651	21172	26344	39039	142984	16170
530.0000010228308	0	0	0	0	0	2662245	0	526500	219388	218960	231239	1397587	62916	124012	501523	22338	11484	51170	168829	40656	51018	233856	136780	144083	142880	136609	559208	129472	70210	104575	147690	775808	134284	110364	76790	55544	307500	35520	104496	104664	154679	118877	146640	517668	346910	391575	47432	154036	51060	63896	207666	263600	152628	21574	27234	40469	148844	16709
535.0000013526618	0	0	0	0	0	2671075	0	527319	220064	219520	231822	1399741	63378	124786	508703	22644	11687	51944	171390	41136	51480	236408	138320	144828	145312	138061	569396	131376	71120	106622	149985	792000	135936	111486	77910	56286	311100	36223	106596	107067	157472	120998	148720	525723	353971	398820	48608	157212	51474	65464	211401	279416	159264	22646	28035	41899	159392	17248
540.0000028041245	0	0	0	0	0	2683437	0	528255	220844	219968	232352	1405485	63798	125732	513011	22848	11832	52288	173163	41616	52074	239888	139860	146467	146832	139755	574490	133616	72170	108135	152415	805376	139240	113526	78820	57293	316800	36852	108948	108758	160132	123624	150930	533241	362260	404685	49392	164358	52440	66836	219618	295232	162582	23450	29014	43615	162908	17689
545.000001603553	0	0	0	0	0	2696682	0	529191	221468	220304	232617	1410511	64386	126936	516960	23001	12093	53406	176512	42384	52800	241512	141260	149000	149416	141207	580716	135856	73570	109648	155925	820864	141364	115770	80150	58247	321600	37481	110040	109915	164122	125644	153790	541296	368093	411240	50764	166740	53682	68012	226341	303140	167559	24187	29726	45045	165838	18375
550.0000071527546	0	0	0	0	0	2702863	0	530361	221780	220752	232988	1414460	64680	127968	521268	23307	12180	54094	178482	42816	53394	244528	142520	150639	151696	143143	589206	137536	74760	111250	157545	834240	143724	118218	81060	59413	327600	38295	111132	112496	166516	127967	156520	553647	375768	419175	51940	169916	54786	68600	235305	313684	171983	25125	30794	46332	173456	19208
555.0000024408386	0	0	0	0	0	2713459	0	531414	222092	221088	233306	1419127	65268	129344	525935	23664	12325	54438	180452	43344	53856	246848	143640	151980	152760	144353	593168	138992	75320	112585	159840	846912	145376	119544	82810	60367	335700	39035	113316	114365	169309	130088	160030	563313	381294	426075	53704	172298	56028	70168	241281	320274	178619	25594	31684	48048	177558	19796
560.0000019669759	0	0	0	0	0	2723172	0	532350	222456	221816	233571	1421640	65982	130376	531679	24123	12499	55040	181831	43824	54516	249400	145180	154066	154888	146531	601658	140784	76650	114276	162675	860288	147500	121890	83790	61215	341700	40182	115248	116501	171836	132411	162500	574590	385899	434355	54292	177062	57132	72520	244269	328182	186914	26532	32218	49192	186934	20482
565.0000044055878	0	0	0	0	0	2729353	0	533052	223132	222208	234101	1425230	66402	131064	535987	24327	12586	55556	183210	44256	55242	251952	146580	155258	156712	148225	612412	142912	78260	115878	164430	874368	150096	123726	85190	61957	346200	40811	116928	117925	174363	134128	164970	584793	394802	442980	55664	177856	57684	74676	250245	341362	192997	27202	33019	50622	194552	20972
570.0000008449749	0	0	0	0	0	2742598	0	533637	223860	222712	234843	1426666	66738	131838	539577	24429	12731	56158	184589	44688	55770	254736	148400	157195	157928	149677	618072	144480	79170	117391	166725	887040	152574	125460	86800	63335	351300	41366	118440	119260	176491	136148	168220	597144	400021	450225	56056	182620	59064	75656	253980	357178	195762	27872	34265	53053	203342	21658
575.0000016303437	0	0	0	0	0	2748779	0	534339	224276	223328	235373	1431333	67200	132956	543526	24837	12789	57104	186362	45216	56364	258216	150640	158983	159296	151250	623732	146272	80010	119438	168615	903232	155170	127296	87780	64342	357900	41958	120456	121307	179550	138067	170820	607347	406775	458850	57624	184208	59340	77028	259956	366404	200186	28408	34621	54340	206858	22540
580.000001621268	0	0	0	0	0	2758492	0	535158	224692	223776	235797	1435282	67704	134074	547475	25092	12905	57620	187741	45792	56892	260072	152040	161069	160360	153791	632788	147504	80640	121040	171180	918720	156940	129030	89320	65084	366300	42402	122808	122998	182742	140390	174590	618087	414143	469890	58996	185796	60306	78008	268173	372994	203504	29011	35511	55198	210960	23030
585.0000013114771	0	0	0	0	0	2762907	0	537030	225108	224280	236168	1437436	67998	135450	553578	25398	13050	58222	189711	46416	57288	263320	153440	162708	162032	154517	641278	149520	81690	122553	173475	934208	158592	130764	90930	66038	371100	42994	124740	125045	185003	142410	177450	629364	422739	476790	59584	189766	61548	78792	273402	390128	210140	29748	36223	56485	216234	23422
590.0000000773279	0	0	0	0	0	2771737	0	537615	225576	224560	237016	1440667	68460	136396	561117	25602	13253	58652	191878	46704	57552	265408	154560	164049	163248	155727	650900	150752	82530	124422	176310	948992	160598	132396	92260	66992	374700	43697	126840	127092	186599	144127	180310	641178	430414	487830	60760	195324	62790	79772	277884	403308	215670	30552	37202	57486	220922	23961
595.0000019969073	0	0	0	0	0	2784099	0	538434	226096	225120	237440	1445334	68880	137514	564348	25806	13485	59512	194242	46848	58278	267496	156800	165837	164768	157542	657126	151872	83650	125490	177525	966592	163430	134130	94080	67681	380400	44141	129444	129228	188993	146248	183040	654603	436554	501975	62328	198500	64032	81536	283860	419124	221753	31088	37825	59202	225610	24549
600.0000020931933	0	0	0	0	0	2789397	0	539136	226564	225624	237652	1447488	69342	138546	566502	25857	13659	60200	195424	47424	58608	270280	158760	167178	166744	158752	665616	153440	84420	126914	179415	979968	165908	135558	95270	68423	386400	45214	131124	131275	192185	148066	185640	667491	445150	510945	63112	202470	65964	82124	288342	436258	230048	31758	38626	60918	232056	25088
