>time	Ribosome	coli Pol	coli Pol-P	coli Pol-2.0	coli Pol-P-2.0	gp1	gp1-3.5	gp0.3	gp0.4	gp0.5	gp0.6A	gp0.7	gp1.1	gp1.2	gp1.3	gp1.4	gp1.5	gp1.6	gp1.7	gp1.8	gp2.0	gp2.5	gp2.8	gp3.0	gp3.5	gp3.8	gp4A	gp4.2	gp4.3	gp4.5	gp4.7	gp5.0	gp5.3	gp5.5	gp5.7	gp5.9	gp6.0	gp6.3	gp6.5	gp6.7	gp7	gp7.3	gp7.7	gp8	gp9	gp10A	gp11	gp12	gp13	gp14	gp15	gp16	gp17	gp17.5	gp18	gp18.5	gp19	gp19.5	RNA: gp0.3	RNA: gp0.4	RNA: gp0.5	RNA: gp0.6A	RNA: gp0.7	RNA: gp1	RNA: gp1.1	RNA: gp1.2	RNA: gp1.3	RNA: gp1.4	RNA: gp1.5	RNA: gp1.6	RNA: gp1.7	RNA: gp1.8	RNA: gp2.0	RNA: gp2.5	RNA: gp2.8	RNA: gp3.0	RNA: gp3.5	RNA: gp3.8	RNA: gp4A	RNA: gp4.2	RNA: gp4.3	RNA: gp4.5	RNA: gp4.7	RNA: gp5.0	RNA: gp5.3	RNA: gp5.5	RNA: gp5.7	RNA: gp5.9	RNA: gp6.0	RNA: gp6.3	RNA: gp6.5	RNA: gp6.7	RNA: gp7	RNA: gp7.3	RNA: gp7.7	RNA: gp8	RNA: gp9	RNA: gp10A	RNA: gp11	RNA: gp12	RNA: gp13	RNA: gp14	RNA: gp15	RNA: gp16	RNA: gp17	RNA: gp17.5	RNA: gp18	RNA: gp18.5	RNA: gp19	RNA: gp19.5	NumColiPoly:	4	NumT7Poly	2	NumOfTimePoints:	121	NumOfProteins:	58	NumOfCoding	52
0.0030526361272806887	2500	1800	0	0	0	0	0	0	0	0	0	0	0	0	0	0	0	0	0	0	0	0	0	0	0	0	0	0	0	0	0	0	0	0	0	0	0	0	0	0	0	0	0	0	0	0	0	0	0	0	0	0	0	0	0	0	0	0	0	0	0	0	0	0	0	0	0	0	0	0	0	0	0	0	0	0	0	0	0	0	0	0	0	0	0	0	0	0	0	0	0	0	0	0	0	0	0	0	0	0	0	0	0	0	0	0	0	0	0	0
5.000330310576215	2500	1800	0	0	0	0	0	0	0	0	0	0	0	0	0	0	0	0	0	0	0	0	0	0	0	0	0	0	0	0	0	0	0	0	0	0	0	0	0	0	0	0	0	0	0	0	0	0	0	0	0	0	0	0	0	0	0	0	0	0	0	0	0	0	0	0	0	0	0	0	0	0	0	0	0	0	0	0	0	0	0	0	0	0	0	0	0	0	0	0	0	0	0	0	0	0	0	0	0	0	0	0	0	0	0	0	0	0	0	0
10.00110587341486	2500	1794	0	0	0	0	0	0	0	0	0	0	0	0	0	0	0	0	0	0	0	0	0	0	0	0	0	0	0	0	0	0	0	0	0	0	0	0	0	0	0	0	0	0	0	0	0	0	0	0	0	0	0	0	0	0	0	0	0	0	0	0	0	0	0	0	0	0	0	0	0	0	0	0	0	0	0	0	0	0	0	0	0	0	0	0	0	0	0	0	0	0	0	0	0	0	0	0	0	0	0	0	0	0	0	0	0	0	0	0
15.002334903249709	2500	1787	0	0	0	0	0	0	0	0	0	0	0	0	0	0	0	0	0	0	0	0	0	0	0	0	0	0	0	0	0	0	0	0	0	0	0	0	0	0	0	0	0	0	0	0	0	0	0	0	0	0	0	0	0	0	0	0	0	0	0	0	0	0	0	0	0	0	0	0	0	0	0	0	0	0	0	0	0	0	0	0	0	0	0	0	0	0	0	0	0	0	0	0	0	0	0	0	0	0	0	0	0	0	0	0	0	0	0	0
20.00125870075239	2498	1785	0	0	0	0	0	0	0	0	0	0	0	0	0	0	0	0	0	0	0	0	0	0	0	0	0	0	0	0	0	0	0	0	0	0	0	0	0	0	0	0	0	0	0	0	0	0	0	0	0	0	0	0	0	0	0	0	0	0	0	0	0	0	0	0	0	0	0	0	0	0	0	0	0	0	0	0	0	0	0	0	0	0	0	0	0	0	0	0	0	0	0	0	0	0	0	0	0	0	0	0	0	0	0	0	0	0	0	0
25.006869204006342	2484	1778	0	0	0	0	0	0	0	0	0	0	0	0	0	0	0	0	0	0	0	0	0	0	0	0	0	0	0	0	0	0	0	0	0	0	0	0	0	0	0	0	0	0	0	0	0	0	0	0	0	0	0	0	0	0	0	0	2	0	0	0	0	0	0	0	0	0	0	0	0	0	0	0	0	0	0	0	0	0	0	0	0	0	0	0	0	0	0	0	0	0	0	0	0	0	0	0	0	0	0	0	0	0	0	0	0	0	0	0
30.001087918492	2467	1777	0	0	0	0	0	2	1	0	0	0	0	0	0	0	0	0	0	0	0	0	0	0	0	0	0	0	0	0	0	0	0	0	0	0	0	0	0	0	0	0	0	0	0	0	0	0	0	0	0	0	0	0	0	0	0	0	5	1	0	0	0	0	0	0	0	0	0	0	0	0	0	0	0	0	0	0	0	0	0	0	0	0	0	0	0	0	0	0	0	0	0	0	0	0	0	0	0	0	0	0	0	0	0	0	0	0	0	0
35.003189734502094	2448	1768	0	0	0	0	0	14	4	1	0	0	0	0	0	0	0	0	0	0	0	0	0	0	0	0	0	0	0	0	0	0	0	0	0	0	0	0	0	0	0	0	0	0	0	0	0	0	0	0	0	0	0	0	0	0	0	0	9	5	0	0	0	0	0	0	0	0	0	0	0	0	0	0	0	0	0	0	0	0	0	0	0	0	0	0	0	0	0	0	0	0	0	0	0	0	0	0	0	0	0	0	0	0	0	0	0	0	0	0
40.00311020179403	2405	1765	0	0	0	0	0	24	18	5	1	0	0	0	0	0	0	0	0	0	0	0	0	0	0	0	0	0	0	0	0	0	0	0	0	0	0	0	0	0	0	0	0	0	0	0	0	0	0	0	0	0	0	0	0	0	0	0	14	12	6	3	0	0	0	0	0	0	0	0	0	0	0	0	0	0	0	0	0	0	0	0	0	0	0	0	0	0	0	0	0	0	0	0	0	0	0	0	0	0	0	0	0	0	0	0	0	0	0	0
45.00087315831692	2371	1756	0	0	0	0	0	45	34	14	10	0	0	0	0	0	0	0	0	0	0	0	0	0	0	0	0	0	0	0	0	0	0	0	0	0	0	0	0	0	0	0	0	0	0	0	0	0	0	0	0	0	0	0	0	0	0	0	19	14	11	11	0	0	0	0	0	0	0	0	0	0	0	0	0	0	0	0	0	0	0	0	0	0	0	0	0	0	0	0	0	0	0	0	0	0	0	0	0	0	0	0	0	0	0	0	0	0	0	0
50.00013076182351	2342	1745	0	0	0	0	0	68	57	26	22	0	0	0	0	0	0	0	0	0	0	0	0	0	0	0	0	0	0	0	0	0	0	0	0	0	0	0	0	0	0	0	0	0	0	0	0	0	0	0	0	0	0	0	0	0	0	0	19	18	12	13	0	0	0	0	0	0	0	0	0	0	0	0	0	0	0	0	0	0	0	0	0	0	0	0	0	0	0	0	0	0	0	0	0	0	0	0	0	0	0	0	0	0	0	0	0	0	0	0
55.000915841230615	2287	1740	0	0	0	0	0	90	80	43	44	0	0	0	0	0	0	0	0	0	0	0	0	0	0	0	0	0	0	0	0	0	0	0	0	0	0	0	0	0	0	0	0	0	0	0	0	0	0	0	0	0	0	0	0	0	0	0	25	18	16	19	0	0	0	0	0	0	0	0	0	0	0	0	0	0	0	0	0	0	0	0	0	0	0	0	0	0	0	0	0	0	0	0	0	0	0	0	0	0	0	0	0	0	0	0	0	0	0	0
60.00081467656107	2216	1735	0	0	0	0	0	124	101	63	82	0	0	0	0	0	0	0	0	0	0	0	0	0	0	0	0	0	0	0	0	0	0	0	0	0	0	0	0	0	0	0	0	0	0	0	0	0	0	0	0	0	0	0	0	0	0	0	37	23	20	22	0	0	0	0	0	0	0	0	0	0	0	0	0	0	0	0	0	0	0	0	0	0	0	0	0	0	0	0	0	0	0	0	0	0	0	0	0	0	0	0	0	0	0	0	0	0	0	0
65.00016780651276	2144	1724	0	0	0	0	0	167	137	94	104	0	0	0	0	0	0	0	0	0	0	0	0	0	0	0	0	0	0	0	0	0	0	0	0	0	0	0	0	0	0	0	0	0	0	0	0	0	0	0	0	0	0	0	0	0	0	0	44	32	26	25	0	0	0	0	0	0	0	0	0	0	0	0	0	0	0	0	0	0	0	0	0	0	0	0	0	0	0	0	0	0	0	0	0	0	0	0	0	0	0	0	0	0	0	0	0	0	0	0
70.00023775386136	2036	1714	1	0	0	0	0	221	175	124	135	0	0	0	0	0	0	0	0	0	0	0	0	0	0	0	0	0	0	0	0	0	0	0	0	0	0	0	0	0	0	0	0	0	0	0	0	0	0	0	0	0	0	0	0	0	0	0	49	40	35	33	13	0	0	0	0	0	0	0	0	0	0	0	0	0	0	0	0	0	0	0	0	0	0	0	0	0	0	0	0	0	0	0	0	0	0	0	0	0	0	0	0	0	0	0	0	0	0	0
75.00003271335781	1935	1687	9	0	0	0	0	282	233	172	196	0	0	0	0	0	0	0	0	0	0	0	0	0	0	0	0	0	0	0	0	0	0	0	0	0	0	0	0	0	0	0	0	0	0	0	0	0	0	0	0	0	0	0	0	0	0	0	60	47	43	42	24	0	0	0	0	0	0	0	0	0	0	0	0	0	0	0	0	0	0	0	0	0	0	0	0	0	0	0	0	0	0	0	0	0	0	0	0	0	0	0	0	0	0	0	0	0	0	0
80.00050644180902	1840	1661	24	0	0	0	0	344	303	226	274	0	0	0	0	0	0	0	0	0	0	0	0	0	0	0	0	0	0	0	0	0	0	0	0	0	0	0	0	0	0	0	0	0	0	0	0	0	0	0	0	0	0	0	0	0	0	0	70	54	46	51	29	0	0	0	0	0	0	0	0	0	0	0	0	0	0	0	0	0	0	0	0	0	0	0	0	0	0	0	0	0	0	0	0	0	0	0	0	0	0	0	0	0	0	0	0	0	0	0
85.0000568056103	1675	1630	49	0	0	0	0	418	368	276	362	0	0	0	0	0	0	0	0	0	0	0	0	0	0	0	0	0	0	0	0	0	0	0	0	0	0	0	0	0	0	0	0	0	0	0	0	0	0	0	0	0	0	0	0	0	0	0	77	67	57	61	39	0	0	0	0	0	0	0	0	0	0	0	0	0	0	0	0	0	0	0	0	0	0	0	0	0	0	0	0	0	0	0	0	0	0	0	0	0	0	0	0	0	0	0	0	0	0	0
90.0000868643512	1551	1598	72	0	0	0	0	502	461	339	465	0	0	0	0	0	0	0	0	0	0	0	0	0	0	0	0	0	0	0	0	0	0	0	0	0	0	0	0	0	0	0	0	0	0	0	0	0	0	0	0	0	0	0	0	0	0	0	81	74	66	74	44	0	0	0	0	0	0	0	0	0	0	0	0	0	0	0	0	0	0	0	0	0	0	0	0	0	0	0	0	0	0	0	0	0	0	0	0	0	0	0	0	0	0	0	0	0	0	0
95.0000776665666	1413	1549	107	0	0	0	0	601	557	421	582	0	0	0	0	0	0	0	0	0	0	0	0	0	0	0	0	0	0	0	0	0	0	0	0	0	0	0	0	0	0	0	0	0	0	0	0	0	0	0	0	0	0	0	0	0	0	0	88	80	76	82	62	0	0	0	0	0	0	0	0	0	0	0	0	0	0	0	0	0	0	0	0	0	0	0	0	0	0	0	0	0	0	0	0	0	0	0	0	0	0	0	0	0	0	0	0	0	0	0
100.00032464093701	1284	1501	152	0	0	0	0	706	659	503	723	0	0	0	0	0	0	0	0	0	0	0	0	0	0	0	0	0	0	0	0	0	0	0	0	0	0	0	0	0	0	0	0	0	0	0	0	0	0	0	0	0	0	0	0	0	0	0	95	86	78	89	73	0	0	0	0	0	0	0	0	0	0	0	0	0	0	0	0	0	0	0	0	0	0	0	0	0	0	0	0	0	0	0	0	0	0	0	0	0	0	0	0	0	0	0	0	0	0	0
105.00000936066428	1108	1457	189	0	0	0	0	817	766	588	880	0	0	0	0	0	0	0	0	0	0	0	0	0	0	0	0	0	0	0	0	0	0	0	0	0	0	0	0	0	0	0	0	0	0	0	0	0	0	0	0	0	0	0	0	0	0	0	103	96	87	96	88	0	0	0	0	0	0	0	0	0	0	0	0	0	0	0	0	0	0	0	0	0	0	0	0	0	0	0	0	0	0	0	0	0	0	0	0	0	0	0	0	0	0	0	0	0	0	0
110.00014653769438	911	1392	245	0	0	0	0	921	878	693	1056	2	0	0	0	0	0	0	0	0	0	0	0	0	0	0	0	0	0	0	0	0	0	0	0	0	0	0	0	0	0	0	0	0	0	0	0	0	0	0	0	0	0	0	0	0	0	0	108	99	96	106	90	0	0	0	0	0	0	0	0	0	0	0	0	0	0	0	0	0	0	0	0	0	0	0	0	0	0	0	0	0	0	0	0	0	0	0	0	0	0	0	0	0	0	0	0	0	0	0
115.00050566928572	724	1327	303	0	0	0	0	1058	973	803	1241	0	0	0	0	0	0	0	0	0	0	0	0	0	0	0	0	0	0	0	0	0	0	0	0	0	0	0	0	0	0	0	0	0	0	0	0	0	0	0	0	0	0	0	0	0	0	0	113	107	101	118	101	0	0	0	0	0	0	0	0	0	0	0	0	0	0	0	0	0	0	0	0	0	0	0	0	0	0	0	0	0	0	0	0	0	0	0	0	0	0	0	0	0	0	0	0	0	0	0
120.00001895534035	591	1236	387	0	0	0	0	1185	1089	915	1456	0	0	0	0	0	0	0	0	0	0	0	0	0	0	0	0	0	0	0	0	0	0	0	0	0	0	0	0	0	0	0	0	0	0	0	0	0	0	0	0	0	0	0	0	0	0	0	115	113	109	123	107	0	0	0	0	0	0	0	0	0	0	0	0	0	0	0	0	0	0	0	0	0	0	0	0	0	0	0	0	0	0	0	0	0	0	0	0	0	0	0	0	0	0	0	0	0	0	0
125.00004467004419	402	1138	476	0	0	0	0	1308	1213	1032	1681	0	0	0	0	0	0	0	0	0	0	0	0	0	0	0	0	0	0	0	0	0	0	0	0	0	0	0	0	0	0	0	0	0	0	0	0	0	0	0	0	0	0	0	0	0	0	0	118	116	113	130	120	0	0	0	0	0	0	0	0	0	0	0	0	0	0	0	0	0	0	0	0	0	0	0	0	0	0	0	0	0	0	0	0	0	0	0	0	0	0	0	0	0	0	0	0	0	0	0
130.00007312357545	211	1031	572	0	0	0	0	1444	1340	1156	1920	0	0	0	0	0	0	0	0	0	0	0	0	0	0	0	0	0	0	0	0	0	0	0	0	0	0	0	0	0	0	0	0	0	0	0	0	0	0	0	0	0	0	0	0	0	0	0	128	120	117	136	123	34	0	0	0	0	0	0	0	0	0	0	0	0	0	0	0	0	0	0	0	0	0	0	0	0	0	0	0	0	0	0	0	0	0	0	0	0	0	0	0	0	0	0	0	0	0	0
135.00004199363676	91	916	684	0	0	2	0	1592	1473	1290	2182	0	2	0	0	0	0	0	0	0	0	0	0	0	0	0	0	0	0	0	0	0	0	0	0	0	0	0	0	0	0	0	0	0	0	0	0	0	0	0	0	0	0	0	0	0	0	0	135	125	123	142	131	70	0	0	0	0	0	0	0	0	0	0	0	0	0	0	0	0	0	0	0	0	0	0	0	0	0	0	0	0	0	0	0	0	0	0	0	0	0	0	0	0	0	0	0	0	0	0
140.00004457631576	24	815	784	0	0	8	0	1737	1606	1413	2419	0	6	1	0	0	0	0	0	0	0	0	0	0	0	0	0	0	0	0	0	0	0	0	0	0	0	0	0	0	0	0	0	0	0	0	0	0	0	0	0	0	0	0	0	0	0	0	143	133	126	146	135	85	5	1	0	0	0	0	0	0	0	0	0	0	0	0	0	0	0	0	0	0	0	0	0	0	0	0	0	0	0	0	0	0	0	0	0	0	0	0	0	0	0	0	0	0	0	0
145.00003501137223	17	695	896	0	0	25	0	1876	1745	1523	2688	0	13	5	0	0	0	0	0	0	0	0	0	0	0	0	0	0	0	0	0	0	0	0	0	0	0	0	0	0	0	0	0	0	0	0	0	0	0	0	0	0	0	0	0	0	0	0	146	137	133	153	140	95	10	6	0	0	0	0	0	0	0	0	0	0	0	0	0	0	0	0	0	0	0	0	0	0	0	0	0	0	0	0	0	0	0	0	0	0	0	0	0	0	0	0	0	0	0	0
150.00002252072042	27	546	1036	0	0	49	0	2001	1856	1629	2950	0	23	11	0	0	0	0	0	0	0	0	0	0	0	0	0	0	0	0	0	0	0	0	0	0	0	0	0	0	0	0	0	0	0	0	0	0	0	0	0	0	0	0	0	0	0	0	148	146	137	158	147	101	16	11	0	0	0	0	0	0	0	0	0	0	0	0	0	0	0	0	0	0	0	0	0	0	0	0	0	0	0	0	0	0	0	0	0	0	0	0	0	0	0	0	0	0	0	0
155.00000893733073	14	406	1169	0	0	75	0	2113	1952	1732	3206	1	34	21	0	0	0	0	0	0	0	0	0	0	0	0	0	0	0	0	0	0	0	0	0	0	0	0	0	0	0	0	0	0	0	0	0	0	0	0	0	0	0	0	0	0	0	0	153	149	146	168	152	117	23	16	0	0	0	0	0	0	0	0	0	0	0	0	0	0	0	0	0	0	0	0	0	0	0	0	0	0	0	0	0	0	0	0	0	0	0	0	0	0	0	0	0	0	0	0
160.0000147548136	19	258	1307	0	0	119	0	2212	2060	1840	3461	3	50	34	0	0	0	0	0	0	0	0	0	0	0	0	0	0	0	0	0	0	0	0	0	0	0	0	0	0	0	0	0	0	0	0	0	0	0	0	0	0	0	0	0	0	0	0	160	156	149	176	158	137	36	25	0	0	0	0	0	0	0	0	0	0	0	0	0	0	0	0	0	0	0	0	0	0	0	0	0	0	0	0	0	0	0	0	0	0	0	0	0	0	0	0	0	0	0	0
165.0000560646407	7	142	1411	0	0	165	0	2312	2148	1924	3686	1	70	57	0	0	0	0	0	0	0	0	0	0	0	0	0	0	0	0	0	0	0	0	0	0	0	0	0	0	0	0	0	0	0	0	0	0	0	0	0	0	0	0	0	0	0	0	178	160	155	180	164	147	43	37	1	0	0	0	0	0	0	0	0	0	0	0	0	0	0	0	0	0	0	0	0	0	0	0	0	0	0	0	0	0	0	0	0	0	0	0	0	0	0	0	0	0	0	0
170.00004794748014	6	30	1520	0	0	225	0	2423	2229	2013	3902	10	92	81	1	0	0	0	0	0	0	0	0	0	0	0	0	0	0	0	0	0	0	0	0	0	0	0	0	0	0	0	0	0	0	0	0	0	0	0	0	0	0	0	0	0	0	0	189	174	160	188	170	160	52	44	12	1	1	0	0	0	0	0	0	0	0	0	0	0	0	0	0	0	0	0	0	0	0	0	0	0	0	0	0	0	0	0	0	0	0	0	0	0	0	0	0	0	0	0
175.000099916111	13	0	1548	0	0	282	0	2530	2346	2093	4026	94	122	108	6	0	0	0	0	0	0	0	0	0	0	0	0	0	0	0	0	0	0	0	0	0	0	0	0	0	0	0	0	0	0	0	0	0	0	0	0	0	0	0	0	0	0	0	198	188	174	192	175	166	69	46	31	7	5	1	2	2	1	0	0	0	0	0	0	0	0	0	0	0	0	0	0	0	0	0	0	0	0	0	0	0	0	0	0	0	0	0	0	0	0	0	0	0	0	0
180.00001004829892	5	0	1540	0	1	355	0	2641	2424	2182	4119	199	158	128	14	2	1	0	0	1	0	0	0	0	0	0	0	0	0	0	0	0	0	0	0	0	0	0	0	0	0	0	0	0	0	0	0	0	0	0	0	0	0	0	0	0	0	0	203	199	190	208	178	170	81	66	38	8	8	7	4	4	3	2	1	0	0	0	0	0	0	0	0	0	0	0	0	0	0	0	0	0	0	0	0	0	0	0	0	0	0	0	0	0	0	0	0	0	0	0
185.00006814372765	7	0	1542	0	4	441	0	2725	2504	2257	4244	279	189	154	26	6	4	3	0	3	0	0	0	0	0	0	0	0	0	0	0	0	0	0	0	0	0	0	0	0	0	0	0	0	0	0	0	0	0	0	0	0	0	0	0	0	0	0	205	204	197	222	188	175	91	77	47	8	8	7	10	10	6	7	8	3	2	0	0	0	0	0	0	0	0	0	0	0	0	0	0	0	0	0	0	0	0	0	0	0	0	0	0	0	0	0	0	0	0	0
190.0000012649282	7	0	1537	0	5	519	0	2817	2585	2350	4343	351	233	179	46	7	6	5	1	5	0	0	0	0	0	0	0	0	0	0	0	0	0	0	0	0	0	0	0	0	0	0	0	0	0	0	0	0	0	0	0	0	0	0	0	0	0	0	209	205	205	235	191	185	107	87	65	10	8	11	15	13	11	17	11	9	8	6	0	0	0	0	0	0	0	0	0	0	0	0	0	0	0	0	0	0	0	0	0	0	0	0	0	0	0	0	0	0	0	0
195.00001587865202	4	0	1539	0	6	611	0	2897	2662	2427	4442	435	269	206	72	10	11	8	4	8	0	1	2	1	0	1	0	0	0	0	0	0	0	0	0	0	0	0	0	0	0	0	0	0	0	0	0	0	0	0	0	0	0	0	0	0	0	0	221	210	205	239	197	190	129	107	77	20	12	16	22	21	14	20	20	21	14	11	2	3	1	1	0	0	0	0	0	0	0	0	0	0	0	0	0	0	0	0	0	0	0	0	0	0	0	0	0	0	0	0
200.0000532507148	3	0	1528	0	14	699	4	2971	2740	2496	4516	527	305	247	100	17	13	13	11	12	0	3	12	3	0	2	0	0	0	0	0	0	0	0	0	0	0	0	0	0	0	0	0	0	0	0	0	0	0	0	0	0	0	0	0	0	0	0	229	223	210	240	214	198	139	117	84	26	23	24	32	30	27	28	21	21	21	23	9	11	7	8	1	0	0	0	0	0	0	0	0	0	0	0	0	0	0	0	0	0	0	0	0	0	0	0	0	0	0	0
205.00000807891655	1	0	1524	0	22	754	6	3059	2816	2560	4598	604	350	287	125	24	22	16	17	22	0	12	16	7	1	8	0	0	1	1	0	0	0	0	0	0	0	0	0	0	0	0	0	0	0	0	0	0	0	0	0	0	0	0	0	0	0	0	234	228	220	250	221	205	147	128	104	31	26	41	59	56	35	36	35	36	27	26	13	14	10	11	8	1	0	0	0	0	0	0	0	0	0	0	0	0	0	0	0	0	0	0	0	0	0	0	0	0	0	0
210.00000456920063	1	0	1520	0	33	812	11	3130	2871	2629	4689	689	398	328	162	34	28	28	22	37	1	20	24	13	1	12	0	5	1	3	0	0	0	0	0	0	0	0	0	0	0	0	0	0	0	0	0	0	0	0	0	0	0	0	0	0	0	0	234	233	230	264	228	207	159	147	123	36	30	45	74	68	53	60	43	37	36	41	26	31	29	29	14	7	3	3	2	1	0	0	0	0	0	0	0	0	0	0	0	0	0	0	0	0	0	0	0	0	0	0
215.0000017499094	1	0	1503	0	49	874	15	3195	2933	2688	4757	768	439	370	204	44	35	37	36	55	1	28	37	17	1	21	0	8	8	4	2	0	0	0	0	0	0	0	0	0	0	0	0	0	0	0	0	0	0	0	0	0	0	0	0	0	0	0	235	235	233	269	236	213	176	156	132	43	42	58	85	80	63	70	66	61	49	50	34	37	31	37	32	10	10	9	9	6	3	2	1	0	0	0	0	0	0	0	0	0	0	0	0	0	0	0	0	0	0	0
220.00004286076427	3	0	1488	0	68	940	24	3264	3002	2735	4820	840	480	400	238	50	44	51	52	78	0	42	47	27	1	27	0	19	20	10	3	0	1	1	0	0	0	0	0	0	0	0	0	0	0	0	0	0	0	0	0	0	0	0	0	0	0	0	245	235	234	272	240	221	189	171	150	44	42	63	101	102	84	101	82	79	70	75	45	53	48	55	39	23	17	14	12	11	8	5	2	2	2	2	0	0	0	0	0	0	0	0	0	0	0	0	0	0	0	0
225.0000001985301	0	0	1481	0	82	990	36	3323	3060	2783	4895	911	519	447	277	63	50	61	70	99	1	57	64	43	0	42	0	24	25	19	13	0	3	2	2	1	0	2	0	0	0	0	0	0	0	0	0	0	0	0	0	0	0	0	0	0	0	0	255	248	234	274	246	227	200	184	158	50	48	66	102	102	90	108	108	109	82	93	56	69	59	69	55	41	41	35	29	22	12	13	17	15	7	2	2	0	0	0	0	0	0	0	0	0	0	0	0	0	0	0
230.00000717724066	2	0	1476	0	96	1010	39	3374	3115	2822	4968	970	555	485	317	73	56	74	97	126	1	75	88	58	1	56	1	35	40	30	19	0	5	5	4	3	0	3	1	2	0	0	0	0	0	0	0	0	0	0	0	0	0	0	0	0	0	0	260	253	245	277	252	233	206	194	170	61	49	73	119	116	91	113	112	109	106	113	72	85	74	89	80	52	46	45	42	42	24	23	32	30	23	20	16	2	0	0	0	0	0	0	0	0	0	0	0	0	0	0
235.00000212395537	2	0	1461	0	113	1026	54	3431	3151	2871	5040	1010	588	515	355	86	64	83	113	143	4	95	106	83	3	77	3	50	55	39	26	0	11	10	12	8	1	5	2	6	0	0	0	0	0	0	0	0	0	0	0	0	0	0	0	0	0	0	270	259	246	286	261	236	215	207	183	63	53	80	124	122	121	131	117	117	114	130	89	102	87	103	103	75	67	59	53	50	41	42	65	63	42	32	32	3	5	0	0	0	0	0	0	0	0	0	0	0	0	0
240.00000248979254	3	0	1447	0	128	1023	70	3488	3180	2912	5076	1070	629	550	390	94	74	93	129	158	3	112	123	101	2	91	10	63	70	56	41	0	17	18	16	20	5	13	11	11	1	3	1	0	0	0	0	0	0	0	0	0	0	0	0	0	0	0	276	272	258	288	270	239	233	216	197	70	68	102	142	139	125	156	157	146	123	141	105	118	108	131	122	105	87	82	83	75	53	51	92	85	72	68	61	16	9	8	0	0	0	0	0	0	0	0	0	0	0	0
245.00002116977797	0	0	1435	0	145	1062	81	3534	3222	2949	5130	1119	657	579	437	100	81	103	159	172	1	132	142	117	6	112	19	83	83	69	62	0	26	24	23	27	6	15	23	17	7	14	4	0	0	0	0	0	0	0	0	0	0	0	0	0	0	0	281	277	273	303	271	248	251	231	203	73	69	106	169	164	141	158	159	158	157	165	133	159	157	169	131	125	115	110	108	101	82	81	117	110	98	92	82	23	12	17	1	0	0	0	0	0	0	0	0	0	0	0
250.0000027208138	0	0	1417	0	164	1066	103	3584	3259	2979	5170	1165	692	613	475	104	86	120	175	187	1	152	165	131	4	132	27	106	99	87	83	1	36	39	36	39	10	22	36	25	15	21	9	0	0	0	0	0	0	0	0	0	0	0	0	0	0	0	295	283	276	316	273	250	261	249	224	76	69	110	175	175	170	193	172	159	158	187	143	163	157	186	184	146	136	129	127	126	111	104	148	144	133	121	112	65	30	20	1	0	0	0	0	0	0	0	0	0	0	0
255.0000043473238	0	0	1417	0	175	1097	119	3614	3289	3009	5213	1210	717	639	508	111	94	134	194	205	0	167	183	142	2	154	35	121	117	106	98	5	46	54	48	54	23	30	47	42	27	34	23	0	0	0	0	0	0	0	0	0	0	0	0	0	0	0	300	297	283	325	276	258	264	258	244	86	82	119	179	179	177	224	215	207	172	191	166	193	169	188	187	169	162	162	156	150	120	111	163	163	162	155	144	94	58	41	1	1	2	0	0	0	0	0	0	0	0	0
260.00000989932283	1	0	1408	0	185	1128	127	3651	3313	3035	5251	1251	745	669	531	120	103	143	218	215	7	188	197	160	5	177	49	137	134	125	119	13	58	63	63	68	31	40	65	57	45	43	33	0	1	0	0	0	0	0	0	0	0	0	0	0	0	0	300	300	297	337	282	265	269	266	263	93	85	129	203	201	182	229	226	224	188	200	185	223	220	250	211	219	215	191	178	171	136	125	173	173	170	163	163	119	118	72	12	1	2	2	0	0	0	0	0	0	0	0
265.0000049528413	1	0	1384	0	207	1165	143	3675	3338	3068	5285	1282	767	699	564	126	114	152	242	236	2	218	217	184	4	193	64	156	150	142	136	19	76	80	77	83	38	51	87	73	67	54	42	0	4	2	0	0	0	0	0	0	0	0	0	0	0	0	300	301	300	347	289	267	296	267	274	109	99	133	204	204	195	238	233	230	228	255	191	229	226	262	256	228	228	227	224	223	161	150	203	195	189	177	173	156	143	138	19	1	2	2	0	0	0	0	0	0	0	0
270.0000114922588	0	0	1371	0	225	1176	153	3698	3364	3095	5321	1312	790	716	600	133	119	163	255	254	1	245	229	206	5	210	77	176	175	169	156	26	87	90	96	102	48	64	111	85	82	67	58	0	10	4	0	0	0	0	0	0	0	0	0	0	0	0	304	301	301	350	293	270	305	286	283	111	111	159	217	207	195	251	249	249	234	268	209	245	241	277	270	258	233	229	228	228	209	202	258	235	218	209	193	165	177	175	32	10	2	2	2	0	0	0	0	0	0	0
275.00000187248344	1	0	1372	0	233	1187	176	3721	3392	3124	5354	1337	801	733	630	138	127	175	269	276	6	264	242	224	3	235	99	197	188	187	175	37	97	98	108	123	58	78	137	102	95	74	76	3	14	9	0	0	0	0	0	0	0	0	0	0	0	0	315	306	301	351	307	274	312	304	306	115	111	162	233	224	205	252	252	251	250	283	228	263	258	306	293	302	296	285	272	262	213	205	285	282	278	261	234	181	210	222	38	17	13	11	2	0	0	0	0	0	0	0
280.0000008619752	0	0	1365	0	245	1242	184	3746	3416	3142	5388	1365	823	744	655	150	136	188	289	291	5	289	261	244	10	258	115	221	210	204	190	49	121	116	122	141	74	89	149	122	113	89	92	9	23	15	0	0	0	0	0	0	0	0	0	0	0	0	333	322	302	352	323	281	317	313	316	128	118	165	236	227	214	259	258	252	252	291	246	285	279	311	306	322	315	308	305	302	255	248	307	296	291	285	283	185	234	276	44	29	29	19	2	0	0	0	0	0	0	0
285.00001715709914	0	0	1349	0	256	1246	200	3766	3436	3168	5409	1389	843	767	690	158	146	195	305	309	0	315	286	262	5	272	136	236	225	225	210	73	138	133	139	162	86	102	164	141	132	105	111	15	33	22	0	0	0	0	0	0	0	0	0	0	0	0	335	332	324	357	333	289	337	315	328	129	123	177	249	237	217	270	272	262	254	295	259	304	294	343	335	349	338	329	325	325	306	305	389	368	346	314	298	241	241	310	53	31	39	34	12	2	0	0	0	0	0	0
290.00000605526617	1	0	1334	0	267	1235	214	3790	3454	3188	5432	1421	870	792	723	167	153	207	328	315	2	330	306	279	8	297	163	257	243	245	222	85	155	153	152	180	101	120	192	159	157	119	130	24	50	30	5	0	1	1	0	0	0	0	0	0	0	0	340	337	333	381	340	293	347	331	332	136	132	183	249	240	228	277	276	276	272	308	270	314	310	359	355	367	366	365	354	350	324	325	423	412	407	396	368	255	265	327	58	37	46	38	21	2	0	0	0	0	0	0
295.00000119504665	1	0	1320	0	280	1260	221	3814	3473	3204	5457	1437	885	810	748	178	161	225	349	323	3	355	327	292	9	311	181	283	259	270	243	106	169	169	176	195	113	145	211	173	171	138	152	38	61	45	8	0	5	3	0	0	0	0	0	0	0	0	347	342	338	389	348	300	353	337	342	143	138	187	249	240	228	290	290	285	275	323	296	347	335	381	367	393	377	369	367	367	357	355	466	448	444	433	415	269	319	360	61	41	48	46	36	2	5	5	5	0	0	0
300.000012116082	0	0	1312	0	299	1268	234	3835	3493	3215	5488	1453	899	832	764	185	170	233	369	335	4	371	344	312	10	331	197	310	278	292	260	124	183	187	192	217	131	167	229	193	194	161	174	53	78	65	10	0	7	6	0	0	0	0	0	0	0	0	355	350	343	397	351	311	365	349	367	150	143	202	293	287	269	299	290	290	289	344	307	367	360	418	401	419	411	403	400	398	368	367	502	495	484	475	451	326	335	422	72	52	60	51	39	2	5	5	5	4	0	0
305.0000002087799	3	0	1289	0	318	1275	248	3856	3517	3232	5513	1475	917	849	783	191	176	240	382	344	3	385	359	328	11	345	215	320	296	317	268	148	209	203	205	237	144	184	249	222	223	184	202	66	89	87	13	0	8	10	0	0	0	0	1	0	0	0	356	357	349	404	352	315	375	360	383	154	143	202	302	296	283	343	324	306	291	348	319	376	368	431	427	432	428	421	421	420	387	377	516	514	508	505	497	373	363	451	88	61	88	75	46	6	5	5	5	5	5	0
310.0000002452779	0	0	1277	0	327	1255	254	3875	3531	3247	5529	1510	937	867	817	196	181	248	401	358	5	397	371	342	13	365	231	343	312	339	293	171	228	219	224	258	158	205	277	243	250	213	226	75	106	108	16	0	11	12	0	0	0	0	1	1	0	0	367	361	357	412	352	318	387	369	387	161	145	202	304	297	283	345	344	340	315	357	329	384	374	439	432	468	453	440	438	434	421	421	568	547	525	517	515	380	389	472	89	68	97	94	51	24	5	5	5	5	5	6
315.00000216952884	0	0	1267	0	341	1260	277	3900	3544	3263	5546	1526	958	888	843	203	184	258	410	374	3	413	387	353	11	378	248	358	329	361	314	197	250	232	242	277	185	228	294	266	277	227	257	89	120	127	20	0	14	15	1	0	0	0	2	1	0	0	369	368	362	417	359	319	397	381	403	176	172	230	305	297	283	345	344	344	345	405	350	419	414	467	441	498	486	479	473	471	438	427	589	586	583	571	549	426	415	512	96	72	98	97	72	37	10	9	7	5	5	9
320.00000133359066	0	0	1254	0	356	1219	297	3920	3558	3275	5569	1545	976	903	871	212	192	264	419	387	0	422	407	372	8	394	262	369	352	377	342	220	266	249	271	299	206	243	319	291	305	251	281	101	138	141	24	0	20	16	1	0	0	0	3	1	0	0	370	369	368	426	381	322	404	399	418	185	175	232	343	336	311	357	345	345	345	415	359	426	418	489	485	507	506	504	499	498	455	445	603	594	589	589	586	505	494	540	105	79	107	104	93	39	38	30	28	12	5	12
325.0000021094883	0	0	1242	0	368	1244	304	3936	3569	3294	5590	1566	990	925	893	222	204	271	436	400	2	434	426	380	10	413	281	393	372	401	359	239	277	272	289	328	222	259	338	327	326	277	307	114	155	159	27	4	22	21	2	0	1	1	3	1	0	0	381	374	369	430	391	327	414	408	431	194	189	248	347	336	320	377	373	365	350	419	364	433	429	502	497	520	515	514	509	508	494	485	646	632	617	605	594	556	591	614	115	79	121	120	98	39	50	48	48	40	7	12
330.0000060005341	0	0	1238	0	377	1287	311	3946	3582	3309	5605	1581	1004	939	917	224	216	280	448	412	6	450	436	396	15	429	308	407	386	417	378	261	297	289	311	355	240	278	357	354	350	294	332	137	172	184	30	6	26	24	2	0	1	2	3	2	0	1	389	383	375	431	399	330	416	416	444	194	190	254	362	353	335	385	385	384	374	448	396	466	451	517	507	563	552	536	524	521	511	507	700	692	670	656	632	562	640	712	132	106	147	125	104	41	55	55	53	49	24	29
335.0000004715969	0	0	1230	0	386	1343	325	3962	3595	3324	5620	1595	1016	955	931	231	223	291	462	429	7	472	443	409	11	450	320	430	398	432	402	283	327	307	333	373	264	298	379	378	370	311	348	159	191	209	37	9	31	30	3	0	2	2	4	2	0	1	390	390	384	444	405	334	426	416	461	195	191	254	371	361	337	404	394	385	385	462	415	490	487	561	539	580	567	563	563	563	528	521	705	703	702	701	689	594	644	786	149	113	157	156	118	51	60	57	57	55	47	60
340.0000132816345	0	0	1212	0	405	1347	344	3977	3609	3335	5633	1608	1030	967	949	238	228	300	472	441	2	485	454	420	11	463	337	446	413	452	421	314	349	325	350	393	282	312	402	400	401	335	378	182	207	244	43	10	34	34	5	0	2	5	7	3	0	2	400	392	390	450	411	346	434	424	472	198	191	254	371	361	337	405	404	404	392	464	418	494	492	568	566	593	584	583	581	580	559	547	736	728	719	712	703	650	676	795	157	120	159	157	126	64	76	68	63	61	53	83
345.0000021521196	1	0	1205	0	414	1345	358	3988	3620	3350	5647	1626	1049	978	969	242	234	308	485	450	3	497	468	432	13	477	348	464	433	466	440	334	369	342	364	410	299	336	423	422	416	352	401	196	226	265	48	16	39	39	9	0	2	6	7	6	0	4	401	400	392	454	418	362	444	432	485	199	191	254	373	371	359	410	405	405	392	471	428	508	507	578	566	625	614	603	600	594	579	569	770	762	751	741	728	698	744	831	162	125	168	165	156	95	80	80	80	76	57	97
350.0000040125632	2	0	1193	0	425	1359	368	4003	3629	3360	5662	1642	1059	993	985	249	237	314	505	459	2	506	485	445	12	491	366	478	450	484	462	358	387	357	382	425	324	355	443	448	444	372	431	219	258	292	50	18	44	44	9	0	2	7	9	7	0	5	419	407	400	462	428	373	464	441	488	201	191	254	375	375	375	441	432	420	393	471	439	515	510	597	579	658	657	643	635	630	589	572	776	776	775	773	763	709	780	901	175	129	178	168	157	95	122	106	92	80	64	100
355.00000017364135	1	0	1176	0	433	1397	375	4014	3639	3374	5679	1655	1073	1009	1010	260	248	327	518	470	5	527	496	461	15	506	382	494	466	505	479	378	407	387	402	442	343	373	471	469	468	392	454	241	280	315	56	21	51	50	13	0	3	8	12	9	2	5	431	424	409	466	431	378	477	452	503	217	204	254	375	375	375	452	453	450	419	488	441	521	516	600	592	663	661	660	660	660	622	606	796	786	776	776	776	732	814	950	186	132	180	180	164	110	134	132	131	122	64	104
360.00000058051756	0	0	1161	0	443	1397	391	4029	3651	3384	5692	1672	1085	1024	1030	266	254	337	528	482	5	543	513	471	12	516	404	511	486	526	496	400	421	407	418	464	361	386	497	489	482	404	476	261	309	344	61	24	56	57	17	0	6	10	13	11	2	6	438	432	424	482	433	378	478	463	513	219	209	272	395	390	378	455	454	453	451	525	472	556	544	623	609	679	669	663	663	663	657	659	863	840	812	800	785	773	845	989	196	172	216	183	168	125	137	135	135	134	71	109
365.0000010232831	0	0	1155	0	444	1363	402	4043	3662	3398	5714	1685	1097	1037	1045	273	261	347	538	498	10	556	528	482	13	536	426	529	496	544	522	422	445	427	451	486	381	398	517	510	505	421	503	278	335	368	67	26	60	62	23	0	8	13	14	19	2	8	443	442	432	494	444	380	488	474	521	225	210	272	399	392	380	457	456	455	454	546	498	586	576	656	642	690	690	690	685	682	663	662	887	888	881	869	836	776	885	1023	205	176	242	237	180	132	167	158	151	137	103	131
370.000000756542	0	0	1133	0	460	1402	404	4052	3678	3408	5727	1694	1110	1056	1060	280	265	354	555	510	5	572	539	493	16	548	439	544	507	564	532	441	463	448	470	500	397	415	539	537	524	437	522	300	355	396	70	30	67	69	27	0	8	15	17	22	3	11	443	443	442	504	450	380	493	484	534	239	223	274	399	392	380	462	460	458	457	549	517	602	585	658	653	709	700	690	690	690	688	684	906	894	892	891	889	789	898	1069	214	195	266	250	183	161	170	169	169	168	130	164
375.0000004462421	0	0	1127	0	469	1414	410	4065	3695	3424	5737	1711	1116	1069	1075	288	267	359	567	515	4	594	550	502	15	562	458	561	515	585	546	463	483	466	488	524	419	433	566	561	545	466	543	334	379	420	77	35	77	75	33	1	11	18	18	27	7	14	444	443	443	512	456	382	496	494	546	248	237	302	421	406	382	464	464	462	462	554	526	615	608	702	692	746	734	721	715	711	690	690	930	928	922	911	894	833	918	1086	227	203	290	280	238	163	203	190	181	173	141	190
380.00000231462946	0	0	1116	0	479	1386	427	4074	3709	3432	5745	1732	1134	1077	1094	295	278	371	576	526	3	605	561	517	13	571	468	580	534	604	561	481	502	490	509	546	436	453	588	587	569	486	551	360	403	450	80	41	84	81	38	3	14	21	27	31	9	18	446	444	443	512	463	398	502	495	558	261	247	302	422	413	395	465	465	464	464	558	548	641	635	727	702	762	758	757	754	749	719	714	965	945	938	931	930	892	970	1106	228	213	290	290	250	176	230	227	221	203	160	203
385.0000005483142	1	0	1105	0	492	1399	443	4087	3717	3446	5759	1745	1149	1092	1112	300	288	379	588	534	5	616	570	527	14	594	479	592	548	625	579	511	526	506	526	567	457	475	610	610	583	505	564	377	426	481	85	47	88	90	41	4	19	27	33	34	12	25	446	445	445	515	469	413	519	501	566	270	262	328	440	425	404	486	475	465	465	563	554	646	640	746	746	798	775	763	761	761	735	725	981	981	979	970	947	899	1020	1164	230	218	308	302	279	180	244	234	231	230	174	219
390.00000272530707	0	0	1098	0	500	1435	454	4102	3730	3456	5774	1762	1163	1105	1127	306	291	388	607	544	8	623	580	538	8	611	489	611	567	646	600	537	549	525	538	590	467	490	632	633	614	526	586	397	450	509	91	54	96	99	46	7	22	30	40	41	14	28	460	451	446	517	480	424	539	514	586	273	262	328	451	441	428	504	490	487	472	569	555	654	651	758	746	819	814	814	809	798	756	745	988	981	981	981	980	900	1024	1220	241	224	321	311	290	186	265	261	258	247	215	260
395.0000001704505	0	0	1093	0	508	1452	458	4110	3739	3471	5783	1780	1171	1120	1146	317	299	397	617	560	14	638	591	546	18	622	505	627	583	661	615	559	566	547	555	611	481	496	665	652	634	551	607	428	471	536	96	56	99	105	49	11	26	35	43	48	19	33	464	463	451	520	494	444	549	521	596	288	286	348	452	443	431	519	518	512	496	593	562	663	660	767	762	860	850	839	829	820	787	776	1028	1020	1002	991	980	955	1058	1232	251	229	341	332	302	204	269	267	266	265	231	284
400.0000018625286	0	0	1076	0	521	1447	476	4122	3748	3482	5804	1795	1177	1131	1167	323	304	403	632	561	9	646	603	554	15	633	520	639	598	685	630	579	580	556	582	629	500	517	678	673	668	573	624	453	490	568	100	63	113	113	53	15	33	40	45	56	21	37	473	466	463	534	508	453	569	530	605	290	286	355	482	467	437	520	520	520	515	615	565	667	664	774	774	866	863	862	861	860	803	789	1046	1045	1038	1033	1017	968	1102	1278	254	238	351	347	312	245	270	270	270	269	235	284
405.0000100869891	1	0	1056	0	534	1424	491	4137	3759	3492	5812	1812	1184	1140	1178	330	309	410	641	570	8	658	614	566	14	655	538	658	606	696	648	594	596	569	601	646	515	541	702	701	684	600	655	476	519	603	110	64	117	119	61	18	36	48	49	60	27	41	482	473	467	543	512	466	591	553	614	290	286	355	483	468	437	524	524	520	520	632	571	670	664	778	774	885	884	877	873	868	841	832	1089	1069	1052	1049	1045	995	1137	1315	258	238	363	355	332	280	308	300	284	271	238	288
410.0000051290085	0	0	1045	0	539	1437	505	4144	3766	3502	5821	1829	1196	1150	1190	339	317	417	651	583	7	669	629	574	10	669	555	664	616	710	665	612	621	586	622	663	536	562	718	725	707	618	674	495	553	636	116	66	125	128	74	22	42	51	58	63	32	45	492	484	470	548	512	470	606	580	622	296	289	359	486	474	443	524	524	524	524	632	573	671	664	778	778	898	890	884	885	885	874	870	1147	1131	1104	1094	1069	1028	1166	1369	271	253	379	364	347	286	365	348	332	310	238	296
415.0000014376187	0	0	1040	0	540	1441	500	4154	3773	3513	5834	1838	1211	1165	1204	345	325	425	661	592	11	681	642	592	25	676	569	686	629	726	682	635	634	598	635	679	562	580	739	745	735	644	694	524	573	662	120	74	129	141	77	28	48	61	70	69	34	54	496	493	479	553	516	485	614	608	632	300	289	363	487	478	458	543	529	524	524	643	573	671	664	778	778	904	900	900	900	899	883	871	1151	1151	1150	1148	1126	1048	1211	1397	280	257	389	388	357	298	375	376	375	367	242	296
420.0000015490517	0	0	1018	0	558	1447	515	4162	3784	3520	5849	1850	1225	1176	1214	350	330	437	673	604	5	690	655	606	15	689	580	702	645	731	699	656	655	611	659	693	580	600	761	769	756	665	721	541	595	686	126	77	140	149	88	31	53	63	77	77	39	56	498	497	487	562	518	493	630	614	639	316	309	381	491	481	468	556	548	547	536	646	576	677	664	778	778	906	906	906	905	905	894	882	1163	1155	1151	1151	1151	1052	1219	1454	287	264	390	390	364	314	388	387	379	377	303	330
425.00001069780495	0	0	1012	0	560	1487	532	4169	3795	3533	5864	1870	1233	1189	1230	357	336	445	680	609	10	701	665	617	10	693	595	709	660	746	716	673	679	630	680	711	598	626	792	790	786	688	751	569	625	703	132	81	148	161	96	36	62	71	83	86	46	58	502	501	497	569	522	499	651	619	647	318	314	391	515	497	470	561	561	561	549	672	588	700	691	799	782	911	908	907	907	906	904	898	1168	1163	1163	1163	1156	1095	1238	1464	297	266	390	390	389	327	409	406	404	392	340	394
430.0000026583769	1	0	1012	0	565	1529	530	4179	3803	3538	5875	1883	1241	1202	1250	361	345	451	689	622	8	717	675	626	16	703	610	729	669	759	732	693	691	642	698	724	617	641	819	822	807	712	771	590	649	748	137	84	154	165	105	41	70	81	93	89	49	74	507	504	501	579	533	504	652	631	660	318	314	393	516	498	470	561	561	561	561	688	592	701	696	813	813	914	911	910	910	910	906	900	1188	1188	1186	1171	1163	1135	1257	1487	300	274	408	396	390	352	440	437	427	409	378	448
435.000003152674	0	0	1010	0	577	1547	541	4191	3814	3551	5887	1889	1254	1215	1259	364	351	458	699	633	5	732	686	639	13	717	627	744	681	774	750	706	716	660	710	743	645	661	841	844	833	734	795	621	678	775	142	88	159	172	112	44	75	87	102	98	60	80	509	507	505	585	544	510	656	645	684	324	317	393	517	499	470	561	561	561	561	690	624	733	719	830	815	923	917	915	914	914	909	903	1190	1190	1190	1188	1188	1135	1297	1508	303	285	422	415	390	358	459	453	450	441	386	465
440.0000009859197	1	0	1008	0	582	1543	553	4203	3826	3558	5901	1905	1265	1225	1280	369	355	465	717	644	12	746	699	648	18	728	642	760	696	790	763	728	731	679	721	761	657	677	872	865	848	757	815	646	702	799	149	91	170	179	119	46	81	96	110	107	65	91	511	509	507	591	549	517	663	657	716	340	333	404	520	503	475	561	561	561	561	691	667	776	766	870	850	958	945	939	931	924	913	905	1190	1190	1190	1190	1190	1167	1332	1553	308	300	436	424	394	369	488	487	482	462	422	505
445.00000215730375	0	0	999	0	593	1566	549	4218	3834	3568	5909	1915	1277	1242	1293	377	364	470	733	657	9	756	713	662	24	746	656	772	710	802	777	746	754	697	744	787	674	691	902	894	885	782	833	660	731	825	156	97	176	185	134	55	89	103	118	115	71	100	523	514	509	597	554	519	673	661	743	353	342	423	574	556	522	579	563	561	561	692	668	781	779	899	891	963	959	959	959	958	927	914	1206	1201	1190	1190	1190	1171	1361	1598	316	303	465	457	415	372	507	501	495	488	445	534
450.00000816160286	1	0	985	0	601	1589	561	4228	3845	3576	5915	1928	1289	1254	1308	385	373	480	743	663	10	763	720	669	19	760	673	785	721	817	787	759	775	715	771	811	685	703	926	917	907	799	852	686	759	852	162	102	185	191	138	68	96	116	128	124	81	105	532	524	513	601	563	531	677	662	745	367	363	449	578	569	552	624	606	588	564	699	668	785	780	900	900	999	986	976	969	964	943	936	1217	1210	1206	1206	1201	1171	1369	1632	323	306	474	471	426	372	516	516	514	507	467	555
455.0000087167681	0	0	977	0	609	1591	566	4239	3859	3581	5929	1934	1306	1265	1315	392	379	488	758	670	8	769	728	674	14	781	679	803	733	831	808	779	793	729	797	824	698	720	957	937	936	826	882	708	783	886	170	106	193	200	145	72	102	125	137	131	86	113	537	525	517	608	570	554	690	662	753	369	363	450	588	579	567	654	643	630	610	729	670	787	784	907	905	1039	1024	1013	1005	1000	964	952	1237	1236	1232	1221	1210	1172	1371	1644	327	316	483	475	457	372	524	524	523	516	483	584
460.0000008269852	0	0	970	0	623	1602	569	4245	3875	3592	5939	1946	1324	1274	1333	400	384	495	766	679	9	782	735	686	15	795	691	812	749	844	822	798	810	756	815	837	715	743	971	958	961	840	903	734	812	922	174	113	201	210	153	74	111	132	147	136	94	121	541	535	523	610	576	566	710	680	766	370	363	451	588	579	567	665	664	654	649	772	677	797	791	912	907	1050	1050	1046	1044	1036	987	980	1273	1270	1253	1240	1236	1197	1379	1652	329	322	501	497	470	377	527	526	525	524	513	633
465.0000000933763	0	0	958	0	634	1577	581	4256	3885	3600	5948	1952	1338	1289	1352	403	391	501	780	691	7	794	747	698	18	808	698	822	763	860	846	817	822	776	830	854	726	764	991	986	979	861	931	752	839	947	181	117	204	227	167	78	116	140	158	147	103	129	550	543	535	620	580	574	728	699	784	377	364	452	602	595	584	667	666	665	662	796	677	798	793	916	911	1059	1054	1052	1052	1051	1036	1030	1320	1305	1288	1276	1268	1210	1402	1664	331	327	517	509	477	420	531	529	529	527	523	645
470.0000069251272	0	0	957	0	634	1570	591	4264	3890	3613	5956	1967	1353	1302	1367	406	397	508	788	698	13	803	759	708	12	825	712	833	778	872	863	831	838	788	850	865	739	784	1011	1008	1000	884	947	775	864	985	187	123	210	238	177	90	126	149	168	157	110	140	561	555	543	631	588	578	736	720	795	379	364	452	617	617	615	701	681	668	667	809	700	821	807	921	919	1062	1062	1061	1060	1059	1052	1052	1368	1366	1340	1321	1302	1243	1402	1689	337	328	523	522	497	434	555	540	532	532	525	668
475.0000011874275	0	0	929	0	651	1546	584	4282	3900	3623	5965	1971	1357	1308	1390	414	399	519	797	705	9	812	771	725	26	836	725	852	787	893	877	848	857	803	871	882	759	803	1033	1022	1023	911	973	801	888	1022	192	132	220	249	187	100	134	158	178	165	116	149	564	561	556	640	597	580	745	732	797	386	380	466	617	617	617	723	723	708	689	814	741	866	854	965	944	1072	1063	1062	1062	1062	1060	1059	1379	1372	1371	1368	1360	1278	1415	1693	341	331	529	526	510	462	589	589	576	554	529	678
480.00000052405994	0	0	918	0	657	1514	600	4297	3911	3636	5973	1983	1370	1322	1403	423	404	528	809	716	10	818	777	745	17	849	734	867	806	915	893	865	878	819	886	901	774	822	1058	1052	1042	934	992	815	913	1054	201	136	226	254	190	109	141	166	187	174	123	159	572	565	561	654	604	587	755	745	798	386	380	473	640	638	621	724	724	723	723	858	742	868	863	989	988	1083	1080	1075	1075	1074	1061	1062	1393	1393	1386	1382	1372	1315	1451	1708	343	334	547	538	523	465	610	606	601	591	532	685
485.00000405713115	0	0	906	0	675	1505	607	4306	3923	3638	5983	1989	1382	1334	1413	432	411	532	816	732	6	825	792	760	21	861	746	879	823	932	910	884	898	830	904	915	797	837	1076	1071	1058	953	1007	840	937	1082	206	142	234	261	195	115	150	183	194	178	130	172	574	574	565	660	609	591	765	755	812	386	380	473	640	638	626	725	725	725	724	873	749	870	864	991	991	1107	1093	1085	1083	1082	1075	1068	1396	1395	1394	1393	1393	1358	1484	1739	345	341	572	560	525	474	634	630	630	612	563	693
490.00000553516287	0	0	901	0	682	1522	620	4315	3939	3646	5996	1996	1392	1340	1429	437	414	536	826	739	10	832	803	778	15	870	760	895	836	945	926	902	920	840	915	938	813	851	1099	1089	1084	984	1024	863	962	1108	214	147	242	271	201	122	158	194	202	193	139	183	582	577	570	663	611	602	777	762	825	390	381	474	644	640	628	733	733	726	725	880	749	870	864	991	991	1150	1135	1122	1115	1108	1082	1070	1396	1396	1396	1396	1396	1385	1531	1773	350	343	584	577	538	499	646	645	639	635	585	717
495.00000030727966	0	0	897	0	691	1547	631	4327	3946	3655	6011	2004	1399	1350	1446	441	423	549	840	751	6	844	813	787	19	885	775	916	849	957	933	915	934	854	932	954	834	875	1123	1109	1104	999	1042	875	994	1134	219	152	249	276	209	130	170	205	211	200	154	190	583	582	576	671	618	612	788	770	843	412	411	510	653	647	644	744	733	733	733	887	777	902	885	1001	991	1158	1156	1156	1155	1150	1109	1099	1426	1422	1402	1396	1396	1393	1573	1819	357	345	585	585	560	511	659	651	650	646	603	749
500.0000022786599	0	0	883	0	704	1554	642	4335	3958	3664	6021	2018	1416	1356	1463	449	430	553	849	761	8	854	828	800	22	900	788	925	858	973	951	934	956	873	948	967	856	888	1142	1130	1124	1019	1069	895	1024	1160	225	156	260	288	216	134	181	218	220	206	162	201	590	586	582	679	629	626	797	782	872	420	414	510	679	669	657	754	754	752	738	893	823	949	932	1047	1024	1159	1158	1158	1158	1158	1155	1145	1469	1456	1438	1429	1423	1395	1649	1864	364	350	592	587	575	514	693	687	682	662	603	753
505.00000186177544	2	0	881	0	710	1570	655	4340	3965	3669	6031	2027	1431	1363	1471	456	437	561	859	769	11	866	838	810	25	923	800	934	872	982	962	949	968	888	963	983	870	908	1166	1147	1144	1044	1091	913	1046	1181	236	159	265	295	225	146	190	226	227	221	172	210	598	591	587	684	643	635	810	797	882	438	431	521	685	677	663	767	767	758	754	915	824	955	949	1076	1070	1159	1159	1159	1159	1159	1158	1152	1493	1493	1484	1469	1452	1398	1661	1948	377	357	607	603	585	530	706	704	699	694	603	756
510.0000000077816	0	0	865	0	726	1539	681	4350	3972	3678	6036	2039	1448	1370	1481	460	444	565	871	777	7	882	856	822	8	934	810	940	886	996	980	968	977	911	989	1004	888	927	1184	1176	1166	1059	1107	936	1076	1196	238	165	272	308	231	152	204	232	235	229	185	214	598	598	591	688	651	640	828	808	893	439	431	531	710	708	696	779	770	767	767	928	834	967	959	1080	1076	1191	1177	1167	1162	1160	1159	1156	1498	1497	1495	1493	1493	1413	1668	1973	403	358	611	610	588	538	716	712	711	708	610	756
515.000000378723	0	0	856	0	731	1520	675	4356	3977	3684	6044	2053	1457	1383	1492	468	454	569	876	787	14	898	869	830	13	943	819	950	894	1012	993	989	999	923	1003	1028	895	940	1206	1197	1195	1084	1122	959	1100	1215	249	172	284	314	240	159	210	240	246	238	196	223	603	599	598	697	654	646	840	823	897	439	432	531	711	711	711	814	807	789	769	931	852	987	981	1095	1085	1231	1218	1203	1196	1191	1165	1162	1515	1515	1511	1502	1497	1468	1674	1991	404	364	615	611	602	561	743	741	732	716	649	783
520.0000013555439	1	0	843	0	746	1565	687	4362	3986	3690	6059	2064	1473	1394	1509	472	462	573	883	796	6	907	876	839	15	953	841	965	905	1030	1012	1006	1015	944	1018	1046	909	948	1218	1218	1219	1111	1137	983	1123	1244	253	178	287	319	250	165	225	241	252	250	202	231	605	603	599	702	665	653	841	841	908	441	432	531	712	712	712	832	830	818	776	931	892	1030	1014	1125	1111	1250	1249	1246	1238	1227	1169	1162	1517	1517	1517	1515	1515	1468	1684	2002	411	381	616	615	611	576	761	749	746	745	687	849
525.0000196801356	0	0	838	0	752	1551	698	4366	3994	3697	6065	2073	1479	1401	1523	479	466	576	892	803	12	915	890	857	16	963	857	974	914	1044	1028	1032	1035	963	1032	1061	925	968	1232	1235	1242	1135	1165	1013	1148	1263	257	180	297	326	256	171	237	258	264	257	209	247	616	607	603	706	674	659	859	841	914	442	432	531	712	712	712	833	832	825	795	956	899	1042	1026	1130	1122	1266	1256	1253	1239	1229	1174	1166	1519	1519	1517	1517	1517	1482	1722	2015	414	403	664	634	611	577	786	784	775	764	722	873
530.0000176763542	0	0	834	0	765	1580	721	4376	4003	3704	6077	2083	1491	1414	1544	487	470	585	899	813	11	923	898	862	8	977	870	988	926	1057	1037	1051	1056	980	1047	1077	940	980	1255	1263	1259	1152	1183	1047	1176	1283	266	186	305	332	265	178	245	266	277	263	216	260	620	619	608	709	679	670	871	850	934	448	433	531	712	712	712	835	834	826	798	962	899	1042	1026	1143	1138	1293	1283	1268	1256	1244	1179	1171	1530	1530	1526	1520	1519	1514	1744	2060	419	410	674	671	615	579	798	797	792	788	746	911
535.0000034379395	0	0	827	0	776	1590	716	4383	4013	3714	6083	2094	1498	1428	1555	489	473	596	908	821	10	939	909	871	30	990	880	998	936	1078	1060	1067	1076	997	1059	1100	957	998	1272	1280	1279	1173	1198	1064	1196	1307	273	189	315	339	274	186	251	271	286	269	229	271	623	620	619	717	685	683	888	866	951	467	455	553	714	714	712	838	836	828	800	965	936	1075	1061	1181	1160	1307	1306	1301	1297	1289	1239	1225	1569	1553	1537	1530	1530	1517	1786	2084	430	411	676	676	630	581	804	804	803	799	759	920
540.000007349698	0	0	827	0	779	1593	732	4390	4017	3723	6094	2104	1512	1437	1570	495	483	601	916	833	15	948	923	883	26	1003	898	1010	946	1096	1075	1080	1095	1008	1072	1118	968	1016	1292	1307	1308	1201	1214	1086	1213	1340	281	194	321	343	284	200	260	282	288	277	241	280	633	630	620	727	689	685	894	885	964	476	468	570	736	728	716	841	840	839	836	1001	948	1093	1090	1219	1205	1324	1314	1310	1309	1308	1285	1274	1623	1609	1590	1571	1551	1521	1796	2122	437	415	679	676	671	598	812	810	809	804	769	951
545.0000028150879	0	0	823	0	792	1585	744	4397	4027	3733	6106	2114	1525	1452	1592	505	489	609	922	840	17	955	940	894	27	1011	911	1022	958	1107	1093	1101	1112	1024	1094	1134	993	1029	1312	1327	1325	1219	1231	1108	1242	1374	287	199	330	352	286	207	274	293	300	285	247	293	636	634	629	730	701	686	901	895	999	484	469	571	753	742	718	841	841	841	841	1019	967	1114	1102	1234	1228	1345	1333	1325	1324	1324	1309	1309	1682	1673	1641	1624	1605	1523	1800	2141	445	429	696	683	676	615	827	817	813	812	798	977
550.0000009191998	0	0	803	0	804	1575	765	4412	4036	3744	6113	2120	1537	1459	1611	513	497	619	935	847	16	959	949	906	16	1025	924	1040	973	1119	1109	1114	1132	1049	1110	1162	1009	1039	1325	1345	1344	1248	1248	1129	1264	1400	291	207	337	360	299	219	282	304	313	292	258	303	636	636	634	744	703	695	910	899	999	490	481	578	754	745	733	847	841	841	841	1024	1000	1141	1126	1254	1248	1387	1372	1357	1351	1346	1320	1314	1692	1688	1686	1683	1660	1525	1800	2148	445	437	713	710	676	618	849	842	838	827	809	1006
555.0000126912723	1	0	784	0	817	1560	765	4419	4049	3751	6122	2134	1548	1472	1629	520	506	628	946	854	14	970	953	919	22	1044	938	1058	987	1136	1129	1137	1155	1070	1132	1181	1029	1062	1336	1366	1358	1272	1268	1144	1298	1428	295	212	348	368	311	226	302	315	322	306	269	315	645	636	636	749	706	709	921	903	1002	499	498	611	763	750	735	865	864	855	842	1028	1016	1164	1161	1297	1272	1419	1412	1404	1394	1388	1334	1328	1701	1693	1693	1692	1688	1578	1803	2150	445	444	730	723	684	642	871	869	867	849	813	1025
560.0000034493296	1	0	783	0	821	1513	783	4423	4053	3766	6134	2143	1567	1487	1642	524	510	635	952	862	21	982	967	925	21	1056	951	1069	995	1152	1143	1163	1177	1084	1151	1196	1046	1079	1362	1386	1376	1292	1296	1162	1318	1453	298	220	361	379	318	236	314	325	329	320	279	326	648	646	636	751	709	716	936	917	1016	504	498	611	799	795	785	870	866	865	864	1051	1018	1167	1164	1305	1305	1438	1428	1425	1423	1415	1353	1346	1720	1715	1711	1706	1694	1616	1827	2150	446	445	739	731	709	664	879	873	873	871	824	1032
565.000003353001	0	0	774	0	834	1518	776	4435	4060	3774	6146	2154	1579	1498	1659	531	513	642	963	872	15	991	982	933	25	1066	963	1081	1007	1172	1159	1184	1194	1109	1168	1214	1058	1098	1380	1400	1395	1320	1313	1183	1327	1479	305	225	372	385	329	249	326	335	342	334	287	338	655	648	646	758	721	728	957	931	1037	511	498	611	799	799	799	936	916	884	866	1060	1023	1170	1164	1307	1307	1462	1451	1443	1442	1440	1414	1408	1781	1762	1738	1723	1715	1637	1852	2177	447	445	743	743	724	676	919	904	896	880	863	1048
570.0000002996281	0	0	763	0	853	1555	786	4443	4072	3785	6153	2159	1585	1513	1673	536	524	649	973	878	10	1007	991	943	33	1077	972	1096	1023	1189	1180	1199	1207	1126	1181	1229	1073	1118	1400	1419	1422	1341	1333	1204	1343	1503	313	235	387	397	338	258	335	344	349	347	293	347	656	655	648	769	725	735	968	958	1055	519	506	611	799	799	799	941	941	928	872	1061	1047	1196	1188	1312	1307	1498	1496	1480	1471	1463	1442	1439	1839	1826	1799	1785	1759	1650	1894	2203	450	446	753	749	732	677	934	927	926	920	873	1090
575.0000028185881	1	0	762	0	851	1537	807	4449	4078	3795	6162	2173	1597	1521	1688	539	533	656	986	887	18	1014	1002	951	25	1090	980	1112	1036	1212	1198	1218	1222	1140	1200	1243	1094	1141	1416	1445	1448	1360	1353	1227	1363	1529	317	236	398	412	344	267	340	352	360	359	301	355	666	658	656	770	733	743	979	965	1058	521	509	626	814	811	801	943	943	942	931	1107	1052	1204	1194	1341	1325	1500	1501	1499	1499	1499	1468	1461	1873	1856	1845	1842	1821	1702	1948	2248	454	447	758	754	742	688	951	951	949	936	880	1090
580.0000008145669	0	0	754	0	859	1551	813	4455	4088	3798	6166	2184	1615	1532	1701	548	534	664	994	891	21	1024	1006	963	30	1103	994	1126	1049	1229	1216	1233	1240	1160	1220	1264	1111	1157	1433	1472	1472	1387	1368	1245	1392	1556	323	243	406	423	353	278	346	363	373	368	305	367	667	666	660	777	743	750	982	975	1063	524	517	641	819	813	801	943	943	943	943	1139	1061	1222	1219	1366	1347	1502	1502	1501	1501	1501	1492	1486	1897	1882	1872	1873	1855	1756	1989	2306	462	450	764	760	749	692	962	958	953	951	921	1114
585.000000402112	0	0	748	0	872	1582	841	4462	4094	3810	6169	2194	1635	1544	1709	557	541	670	1002	901	14	1044	1013	971	25	1121	1010	1140	1060	1244	1237	1251	1260	1179	1234	1281	1131	1171	1455	1494	1494	1410	1391	1263	1418	1590	328	247	416	432	367	284	356	371	384	376	321	381	667	667	666	785	750	758	985	982	1084	525	517	641	830	824	806	943	943	943	943	1145	1109	1267	1243	1370	1366	1520	1508	1503	1502	1502	1492	1486	1911	1910	1906	1898	1881	1782	2034	2351	473	453	771	767	755	697	967	968	966	963	941	1168
590.0000071820666	0	0	745	0	876	1608	847	4470	4098	3818	6180	2204	1644	1553	1719	561	550	680	1011	908	18	1059	1016	977	26	1136	1029	1153	1071	1257	1251	1268	1279	1200	1247	1299	1148	1187	1479	1515	1514	1436	1413	1291	1441	1620	334	252	423	438	377	292	363	388	392	386	331	397	667	667	667	788	751	765	1004	984	1094	527	517	643	832	832	824	954	944	943	943	1148	1129	1289	1285	1430	1397	1546	1536	1536	1530	1521	1493	1486	1911	1911	1911	1911	1911	1808	2058	2398	478	457	777	774	761	697	969	969	969	968	943	1178
595.0000021469396	0	0	741	0	887	1602	867	4475	4106	3825	6194	2214	1650	1565	1735	568	556	687	1018	916	14	1066	1031	992	16	1153	1040	1169	1082	1274	1271	1283	1299	1208	1264	1326	1167	1203	1511	1542	1538	1449	1441	1310	1463	1655	338	257	431	446	382	302	370	402	406	394	349	412	667	667	667	790	758	772	1020	999	1114	533	518	643	832	832	832	976	963	954	949	1148	1130	1290	1285	1435	1435	1565	1562	1559	1553	1548	1503	1491	1913	1913	1911	1911	1911	1849	2067	2432	488	459	782	779	767	716	977	977	977	969	965	1202
600.0000022045757	0	0	739	0	891	1614	878	4481	4111	3832	6205	2216	1658	1578	1752	574	560	693	1032	922	17	1071	1042	1006	25	1165	1053	1189	1095	1291	1285	1301	1310	1227	1282	1341	1180	1224	1532	1561	1570	1473	1459	1331	1487	1678	342	264	447	447	393	316	381	411	416	406	360	423	679	673	672	795	768	782	1025	1016	1134	543	529	644	834	834	834	978	977	976	967	1161	1133	1293	1291	1437	1435	1593	1580	1572	1567	1565	1531	1520	1941	1936	1919	1913	1913	1869	2109	2445	494	476	793	783	774	749	990	983	977	978	969	1220
