>time	Ribosome	coli Pol	coli Pol-P	coli Pol-2.0	coli Pol-P-2.0	gp1	gp1-3.5	gp0.3	gp0.4	gp0.5	gp0.6A	gp0.7	gp1.1	gp1.2	gp1.3	gp1.4	gp1.5	gp1.6	gp1.7	gp1.8	gp2.0	gp2.5	gp2.8	gp3.0	gp3.5	gp3.8	gp4A	gp4.2	gp4.3	gp4.5	gp4.7	gp5.0	gp5.3	gp5.5	gp5.7	gp5.9	gp6.0	gp6.3	gp6.5	gp6.7	gp7	gp7.3	gp7.7	gp8	gp9	gp10A	gp11	gp12	gp13	gp14	gp15	gp16	gp17	gp17.5	gp18	gp18.5	gp19	gp19.5	RNA: gp0.3	RNA: gp0.4	RNA: gp0.5	RNA: gp0.6A	RNA: gp0.7	RNA: gp1	RNA: gp1.1	RNA: gp1.2	RNA: gp1.3	RNA: gp1.4	RNA: gp1.5	RNA: gp1.6	RNA: gp1.7	RNA: gp1.8	RNA: gp2.0	RNA: gp2.5	RNA: gp2.8	RNA: gp3.0	RNA: gp3.5	RNA: gp3.8	RNA: gp4A	RNA: gp4.2	RNA: gp4.3	RNA: gp4.5	RNA: gp4.7	RNA: gp5.0	RNA: gp5.3	RNA: gp5.5	RNA: gp5.7	RNA: gp5.9	RNA: gp6.0	RNA: gp6.3	RNA: gp6.5	RNA: gp6.7	RNA: gp7	RNA: gp7.3	RNA: gp7.7	RNA: gp8	RNA: gp9	RNA: gp10A	RNA: gp11	RNA: gp12	RNA: gp13	RNA: gp14	RNA: gp15	RNA: gp16	RNA: gp17	RNA: gp17.5	RNA: gp18	RNA: gp18.5	RNA: gp19	RNA: gp19.5	NumColiPoly:	4	NumT7Poly	2	NumOfTimePoints:	121	NumOfProteins:	58	NumOfCoding	52
0.001546337821009839	2500	1800	0	0	0	0	0	0	0	0	0	0	0	0	0	0	0	0	0	0	0	0	0	0	0	0	0	0	0	0	0	0	0	0	0	0	0	0	0	0	0	0	0	0	0	0	0	0	0	0	0	0	0	0	0	0	0	0	0	0	0	0	0	0	0	0	0	0	0	0	0	0	0	0	0	0	0	0	0	0	0	0	0	0	0	0	0	0	0	0	0	0	0	0	0	0	0	0	0	0	0	0	0	0	0	0	0	0	0	0
5.014235652670853	2500	1800	0	0	0	0	0	0	0	0	0	0	0	0	0	0	0	0	0	0	0	0	0	0	0	0	0	0	0	0	0	0	0	0	0	0	0	0	0	0	0	0	0	0	0	0	0	0	0	0	0	0	0	0	0	0	0	0	0	0	0	0	0	0	0	0	0	0	0	0	0	0	0	0	0	0	0	0	0	0	0	0	0	0	0	0	0	0	0	0	0	0	0	0	0	0	0	0	0	0	0	0	0	0	0	0	0	0	0	0
10.005043755542717	2500	1794	0	0	0	0	0	0	0	0	0	0	0	0	0	0	0	0	0	0	0	0	0	0	0	0	0	0	0	0	0	0	0	0	0	0	0	0	0	0	0	0	0	0	0	0	0	0	0	0	0	0	0	0	0	0	0	0	0	0	0	0	0	0	0	0	0	0	0	0	0	0	0	0	0	0	0	0	0	0	0	0	0	0	0	0	0	0	0	0	0	0	0	0	0	0	0	0	0	0	0	0	0	0	0	0	0	0	0	0
15.012401928147165	2500	1788	0	0	0	0	0	0	0	0	0	0	0	0	0	0	0	0	0	0	0	0	0	0	0	0	0	0	0	0	0	0	0	0	0	0	0	0	0	0	0	0	0	0	0	0	0	0	0	0	0	0	0	0	0	0	0	0	0	0	0	0	0	0	0	0	0	0	0	0	0	0	0	0	0	0	0	0	0	0	0	0	0	0	0	0	0	0	0	0	0	0	0	0	0	0	0	0	0	0	0	0	0	0	0	0	0	0	0	0
20.002846739422637	2497	1780	0	0	0	0	0	0	0	0	0	0	0	0	0	0	0	0	0	0	0	0	0	0	0	0	0	0	0	0	0	0	0	0	0	0	0	0	0	0	0	0	0	0	0	0	0	0	0	0	0	0	0	0	0	0	0	0	0	0	0	0	0	0	0	0	0	0	0	0	0	0	0	0	0	0	0	0	0	0	0	0	0	0	0	0	0	0	0	0	0	0	0	0	0	0	0	0	0	0	0	0	0	0	0	0	0	0	0	0
25.00089208879409	2484	1769	0	0	0	0	0	0	0	0	0	0	0	0	0	0	0	0	0	0	0	0	0	0	0	0	0	0	0	0	0	0	0	0	0	0	0	0	0	0	0	0	0	0	0	0	0	0	0	0	0	0	0	0	0	0	0	0	2	0	0	0	0	0	0	0	0	0	0	0	0	0	0	0	0	0	0	0	0	0	0	0	0	0	0	0	0	0	0	0	0	0	0	0	0	0	0	0	0	0	0	0	0	0	0	0	0	0	0	0
30.000768070109068	2460	1762	0	0	0	0	0	1	0	0	0	0	0	0	0	0	0	0	0	0	0	0	0	0	0	0	0	0	0	0	0	0	0	0	0	0	0	0	0	0	0	0	0	0	0	0	0	0	0	0	0	0	0	0	0	0	0	0	9	1	0	0	0	0	0	0	0	0	0	0	0	0	0	0	0	0	0	0	0	0	0	0	0	0	0	0	0	0	0	0	0	0	0	0	0	0	0	0	0	0	0	0	0	0	0	0	0	0	0	0
35.0006948064572	2420	1751	0	0	0	0	0	14	4	3	0	0	0	0	0	0	0	0	0	0	0	0	0	0	0	0	0	0	0	0	0	0	0	0	0	0	0	0	0	0	0	0	0	0	0	0	0	0	0	0	0	0	0	0	0	0	0	0	15	4	3	0	0	0	0	0	0	0	0	0	0	0	0	0	0	0	0	0	0	0	0	0	0	0	0	0	0	0	0	0	0	0	0	0	0	0	0	0	0	0	0	0	0	0	0	0	0	0	0	0
40.00031618740468	2366	1745	0	0	0	0	0	29	12	11	4	0	0	0	0	0	0	0	0	0	0	0	0	0	0	0	0	0	0	0	0	0	0	0	0	0	0	0	0	0	0	0	0	0	0	0	0	0	0	0	0	0	0	0	0	0	0	0	24	11	6	3	0	0	0	0	0	0	0	0	0	0	0	0	0	0	0	0	0	0	0	0	0	0	0	0	0	0	0	0	0	0	0	0	0	0	0	0	0	0	0	0	0	0	0	0	0	0	0	0
45.00009480496952	2286	1732	0	0	0	0	0	59	29	24	12	0	0	0	0	0	0	0	0	0	0	0	0	0	0	0	0	0	0	0	0	0	0	0	0	0	0	0	0	0	0	0	0	0	0	0	0	0	0	0	0	0	0	0	0	0	0	0	36	23	12	10	0	0	0	0	0	0	0	0	0	0	0	0	0	0	0	0	0	0	0	0	0	0	0	0	0	0	0	0	0	0	0	0	0	0	0	0	0	0	0	0	0	0	0	0	0	0	0	0
50.00021617793333	2216	1722	0	0	0	0	0	96	69	42	32	0	0	0	0	0	0	0	0	0	0	0	0	0	0	0	0	0	0	0	0	0	0	0	0	0	0	0	0	0	0	0	0	0	0	0	0	0	0	0	0	0	0	0	0	0	0	0	41	32	21	19	0	0	0	0	0	0	0	0	0	0	0	0	0	0	0	0	0	0	0	0	0	0	0	0	0	0	0	0	0	0	0	0	0	0	0	0	0	0	0	0	0	0	0	0	0	0	0	0
55.00029097382891	2119	1717	0	0	0	0	0	150	108	80	57	0	0	0	0	0	0	0	0	0	0	0	0	0	0	0	0	0	0	0	0	0	0	0	0	0	0	0	0	0	0	0	0	0	0	0	0	0	0	0	0	0	0	0	0	0	0	0	52	39	32	27	0	0	0	0	0	0	0	0	0	0	0	0	0	0	0	0	0	0	0	0	0	0	0	0	0	0	0	0	0	0	0	0	0	0	0	0	0	0	0	0	0	0	0	0	0	0	0	0
60.00022505021339	2041	1705	0	0	0	0	0	207	161	120	99	0	0	0	0	0	0	0	0	0	0	0	0	0	0	0	0	0	0	0	0	0	0	0	0	0	0	0	0	0	0	0	0	0	0	0	0	0	0	0	0	0	0	0	0	0	0	0	59	48	39	36	0	0	0	0	0	0	0	0	0	0	0	0	0	0	0	0	0	0	0	0	0	0	0	0	0	0	0	0	0	0	0	0	0	0	0	0	0	0	0	0	0	0	0	0	0	0	0	0
65.0010349934951	1920	1697	0	0	0	0	0	284	222	164	144	0	0	0	0	0	0	0	0	0	0	0	0	0	0	0	0	0	0	0	0	0	0	0	0	0	0	0	0	0	0	0	0	0	0	0	0	0	0	0	0	0	0	0	0	0	0	0	68	61	45	45	6	0	0	0	0	0	0	0	0	0	0	0	0	0	0	0	0	0	0	0	0	0	0	0	0	0	0	0	0	0	0	0	0	0	0	0	0	0	0	0	0	0	0	0	0	0	0	0
70.00008573213205	1833	1680	3	0	0	0	0	368	298	233	212	0	0	0	0	0	0	0	0	0	0	0	0	0	0	0	0	0	0	0	0	0	0	0	0	0	0	0	0	0	0	0	0	0	0	0	0	0	0	0	0	0	0	0	0	0	0	0	80	63	57	56	24	0	0	0	0	0	0	0	0	0	0	0	0	0	0	0	0	0	0	0	0	0	0	0	0	0	0	0	0	0	0	0	0	0	0	0	0	0	0	0	0	0	0	0	0	0	0	0
75.00000176980265	1675	1667	9	0	0	0	0	441	373	303	297	0	0	0	0	0	0	0	0	0	0	0	0	0	0	0	0	0	0	0	0	0	0	0	0	0	0	0	0	0	0	0	0	0	0	0	0	0	0	0	0	0	0	0	0	0	0	0	89	72	66	67	31	0	0	0	0	0	0	0	0	0	0	0	0	0	0	0	0	0	0	0	0	0	0	0	0	0	0	0	0	0	0	0	0	0	0	0	0	0	0	0	0	0	0	0	0	0	0	0
80.0003217863312	1531	1641	23	0	0	0	0	536	464	384	379	0	0	0	0	0	0	0	0	0	0	0	0	0	0	0	0	0	0	0	0	0	0	0	0	0	0	0	0	0	0	0	0	0	0	0	0	0	0	0	0	0	0	0	0	0	0	0	96	85	75	75	54	0	0	0	0	0	0	0	0	0	0	0	0	0	0	0	0	0	0	0	0	0	0	0	0	0	0	0	0	0	0	0	0	0	0	0	0	0	0	0	0	0	0	0	0	0	0	0
85.0001035733198	1344	1603	55	0	0	0	0	643	561	471	511	0	0	0	0	0	0	0	0	0	0	0	0	0	0	0	0	0	0	0	0	0	0	0	0	0	0	0	0	0	0	0	0	0	0	0	0	0	0	0	0	0	0	0	0	0	0	0	104	94	83	87	67	0	0	0	0	0	0	0	0	0	0	0	0	0	0	0	0	0	0	0	0	0	0	0	0	0	0	0	0	0	0	0	0	0	0	0	0	0	0	0	0	0	0	0	0	0	0	0
90.00035962040207	1180	1550	94	0	0	0	0	756	675	565	670	0	0	0	0	0	0	0	0	0	0	0	0	0	0	0	0	0	0	0	0	0	0	0	0	0	0	0	0	0	0	0	0	0	0	0	0	0	0	0	0	0	0	0	0	0	0	0	116	99	92	100	78	0	0	0	0	0	0	0	0	0	0	0	0	0	0	0	0	0	0	0	0	0	0	0	0	0	0	0	0	0	0	0	0	0	0	0	0	0	0	0	0	0	0	0	0	0	0	0
95.00002936805055	1029	1487	144	0	0	0	0	885	788	684	839	0	0	0	0	0	0	0	0	0	0	0	0	0	0	0	0	0	0	0	0	0	0	0	0	0	0	0	0	0	0	0	0	0	0	0	0	0	0	0	0	0	0	0	0	0	0	0	123	107	96	107	86	0	0	0	0	0	0	0	0	0	0	0	0	0	0	0	0	0	0	0	0	0	0	0	0	0	0	0	0	0	0	0	0	0	0	0	0	0	0	0	0	0	0	0	0	0	0	0
100.00050483213741	855	1423	202	0	0	0	0	1018	922	798	1009	1	0	0	0	0	0	0	0	0	0	0	0	0	0	0	0	0	0	0	0	0	0	0	0	0	0	0	0	0	0	0	0	0	0	0	0	0	0	0	0	0	0	0	0	0	0	0	128	114	114	115	99	0	0	0	0	0	0	0	0	0	0	0	0	0	0	0	0	0	0	0	0	0	0	0	0	0	0	0	0	0	0	0	0	0	0	0	0	0	0	0	0	0	0	0	0	0	0	0
105.00002256144315	678	1335	284	0	0	0	0	1159	1070	927	1227	0	0	0	0	0	0	0	0	0	0	0	0	0	0	0	0	0	0	0	0	0	0	0	0	0	0	0	0	0	0	0	0	0	0	0	0	0	0	0	0	0	0	0	0	0	0	0	130	127	117	126	109	0	0	0	0	0	0	0	0	0	0	0	0	0	0	0	0	0	0	0	0	0	0	0	0	0	0	0	0	0	0	0	0	0	0	0	0	0	0	0	0	0	0	0	0	0	0	0
110.00008786185462	505	1229	380	0	0	0	0	1290	1220	1063	1461	0	0	0	0	0	0	0	0	0	0	0	0	0	0	0	0	0	0	0	0	0	0	0	0	0	0	0	0	0	0	0	0	0	0	0	0	0	0	0	0	0	0	0	0	0	0	0	136	128	127	132	116	0	0	0	0	0	0	0	0	0	0	0	0	0	0	0	0	0	0	0	0	0	0	0	0	0	0	0	0	0	0	0	0	0	0	0	0	0	0	0	0	0	0	0	0	0	0	0
115.00003466399251	298	1129	471	0	0	0	0	1431	1355	1208	1710	1	0	0	0	0	0	0	0	0	0	0	0	0	0	0	0	0	0	0	0	0	0	0	0	0	0	0	0	0	0	0	0	0	0	0	0	0	0	0	0	0	0	0	0	0	0	0	144	132	132	141	123	0	0	0	0	0	0	0	0	0	0	0	0	0	0	0	0	0	0	0	0	0	0	0	0	0	0	0	0	0	0	0	0	0	0	0	0	0	0	0	0	0	0	0	0	0	0	0
120.00006516420828	152	1023	571	0	0	0	0	1592	1511	1369	1975	1	0	0	0	0	0	0	0	0	0	0	0	0	0	0	0	0	0	0	0	0	0	0	0	0	0	0	0	0	0	0	0	0	0	0	0	0	0	0	0	0	0	0	0	0	0	0	153	140	134	148	136	0	0	0	0	0	0	0	0	0	0	0	0	0	0	0	0	0	0	0	0	0	0	0	0	0	0	0	0	0	0	0	0	0	0	0	0	0	0	0	0	0	0	0	0	0	0	0
125.00000055314311	53	898	686	0	0	0	0	1747	1660	1518	2260	1	0	0	0	0	0	0	0	0	0	0	0	0	0	0	0	0	0	0	0	0	0	0	0	0	0	0	0	0	0	0	0	0	0	0	0	0	0	0	0	0	0	0	0	0	0	0	154	149	142	154	144	14	0	0	0	0	0	0	0	0	0	0	0	0	0	0	0	0	0	0	0	0	0	0	0	0	0	0	0	0	0	0	0	0	0	0	0	0	0	0	0	0	0	0	0	0	0	0
130.00012327129008	34	760	814	0	0	1	0	1903	1808	1656	2554	0	0	0	0	0	0	0	0	0	0	0	0	0	0	0	0	0	0	0	0	0	0	0	0	0	0	0	0	0	0	0	0	0	0	0	0	0	0	0	0	0	0	0	0	0	0	0	155	154	149	166	148	48	0	0	0	0	0	0	0	0	0	0	0	0	0	0	0	0	0	0	0	0	0	0	0	0	0	0	0	0	0	0	0	0	0	0	0	0	0	0	0	0	0	0	0	0	0	0
135.0000296556204	13	632	939	0	0	2	0	2055	1922	1782	2833	1	1	0	0	0	0	0	0	0	0	0	0	0	0	0	0	0	0	0	0	0	0	0	0	0	0	0	0	0	0	0	0	0	0	0	0	0	0	0	0	0	0	0	0	0	0	0	161	156	154	174	156	76	1	0	0	0	0	0	0	0	0	0	0	0	0	0	0	0	0	0	0	0	0	0	0	0	0	0	0	0	0	0	0	0	0	0	0	0	0	0	0	0	0	0	0	0	0	0
140.00001713053246	17	484	1083	0	0	12	0	2184	2038	1899	3101	1	3	1	0	0	0	0	0	0	0	0	0	0	0	0	0	0	0	0	0	0	0	0	0	0	0	0	0	0	0	0	0	0	0	0	0	0	0	0	0	0	0	0	0	0	0	0	163	159	159	179	165	112	6	1	0	0	0	0	0	0	0	0	0	0	0	0	0	0	0	0	0	0	0	0	0	0	0	0	0	0	0	0	0	0	0	0	0	0	0	0	0	0	0	0	0	0	0	0
145.00003196580573	13	336	1226	0	0	19	0	2311	2140	2001	3389	2	8	3	0	0	0	0	0	0	0	0	0	0	0	0	0	0	0	0	0	0	0	0	0	0	0	0	0	0	0	0	0	0	0	0	0	0	0	0	0	0	0	0	0	0	0	0	168	163	161	185	173	130	12	7	0	0	0	0	0	0	0	0	0	0	0	0	0	0	0	0	0	0	0	0	0	0	0	0	0	0	0	0	0	0	0	0	0	0	0	0	0	0	0	0	0	0	0	0
150.00002276319447	12	202	1352	0	0	44	0	2431	2245	2097	3639	4	18	8	0	0	0	0	0	0	0	0	0	0	0	0	0	0	0	0	0	0	0	0	0	0	0	0	0	0	0	0	0	0	0	0	0	0	0	0	0	0	0	0	0	0	0	0	174	170	163	186	177	146	26	12	0	0	0	0	0	0	0	0	0	0	0	0	0	0	0	0	0	0	0	0	0	0	0	0	0	0	0	0	0	0	0	0	0	0	0	0	0	0	0	0	0	0	0	0
155.00000255600656	12	81	1469	0	0	85	0	2529	2333	2206	3863	4	37	18	0	0	0	0	0	0	0	0	0	0	0	0	0	0	0	0	0	0	0	0	0	0	0	0	0	0	0	0	0	0	0	0	0	0	0	0	0	0	0	0	0	0	0	0	190	177	169	192	179	156	30	21	0	0	0	0	0	0	0	0	0	0	0	0	0	0	0	0	0	0	0	0	0	0	0	0	0	0	0	0	0	0	0	0	0	0	0	0	0	0	0	0	0	0	0	0
160.00012782015986	10	0	1546	0	0	130	0	2635	2417	2302	4055	51	53	33	0	0	0	0	0	0	0	0	0	0	0	0	0	0	0	0	0	0	0	0	0	0	0	0	0	0	0	0	0	0	0	0	0	0	0	0	0	0	0	0	0	0	0	0	197	190	178	196	184	159	39	26	0	0	0	0	0	0	0	0	0	0	0	0	0	0	0	0	0	0	0	0	0	0	0	0	0	0	0	0	0	0	0	0	0	0	0	0	0	0	0	0	0	0	0	0
165.00009976489682	3	0	1532	0	0	200	0	2728	2516	2392	4149	180	80	49	0	0	0	0	0	0	0	0	0	0	0	0	0	0	0	0	0	0	0	0	0	0	0	0	0	0	0	0	0	0	0	0	0	0	0	0	0	0	0	0	0	0	0	0	208	201	190	204	187	168	53	40	4	0	0	0	0	0	0	0	0	0	0	0	0	0	0	0	0	0	0	0	0	0	0	0	0	0	0	0	0	0	0	0	0	0	0	0	0	0	0	0	0	0	0	0
170.00000177933316	5	0	1534	0	0	272	0	2837	2608	2468	4244	289	109	63	1	0	0	0	0	0	0	0	0	0	0	0	0	0	0	0	0	0	0	0	0	0	0	0	0	0	0	0	0	0	0	0	0	0	0	0	0	0	0	0	0	0	0	0	218	211	200	220	189	176	71	48	17	0	0	0	0	0	0	0	0	0	0	0	0	0	0	0	0	0	0	0	0	0	0	0	0	0	0	0	0	0	0	0	0	0	0	0	0	0	0	0	0	0	0	0
175.00001714905	5	0	1530	0	0	351	0	2942	2689	2559	4339	402	140	85	6	0	0	0	0	0	0	0	0	0	0	0	0	0	0	0	0	0	0	0	0	0	0	0	0	0	0	0	0	0	0	0	0	0	0	0	0	0	0	0	0	0	0	0	235	227	211	230	193	183	93	70	31	5	6	2	0	0	0	0	0	0	0	0	0	0	0	0	0	0	0	0	0	0	0	0	0	0	0	0	0	0	0	0	0	0	0	0	0	0	0	0	0	0	0	0
180.00006794589737	4	0	1522	0	0	440	0	3035	2786	2643	4429	489	180	123	12	3	3	0	0	0	0	0	0	0	0	0	0	0	0	0	0	0	0	0	0	0	0	0	0	0	0	0	0	0	0	0	0	0	0	0	0	0	0	0	0	0	0	0	239	239	225	244	200	189	99	93	38	8	8	12	10	9	6	0	0	0	0	0	0	0	0	0	0	0	0	0	0	0	0	0	0	0	0	0	0	0	0	0	0	0	0	0	0	0	0	0	0	0	0	0
185.0000057482533	4	0	1525	0	2	539	0	3137	2875	2717	4527	567	217	159	23	6	7	1	0	1	0	0	0	0	0	0	0	0	0	0	0	0	0	0	0	0	0	0	0	0	0	0	0	0	0	0	0	0	0	0	0	0	0	0	0	0	0	0	247	243	236	258	205	198	106	100	52	9	9	20	20	23	18	6	6	1	0	0	0	0	0	0	0	0	0	0	0	0	0	0	0	0	0	0	0	0	0	0	0	0	0	0	0	0	0	0	0	0	0	0
190.00005425906383	5	0	1522	0	3	621	0	3235	2964	2802	4616	666	264	198	44	11	11	6	0	5	0	0	0	0	0	0	0	0	0	0	0	0	0	0	0	0	0	0	0	0	0	0	0	0	0	0	0	0	0	0	0	0	0	0	0	0	0	0	252	247	245	269	215	200	126	107	72	17	11	25	36	35	29	19	19	15	4	1	0	0	0	0	0	0	0	0	0	0	0	0	0	0	0	0	0	0	0	0	0	0	0	0	0	0	0	0	0	0	0	0
195.0000048306902	4	0	1519	0	11	699	0	3327	3038	2881	4716	732	294	238	65	17	15	12	4	11	0	1	2	0	0	0	0	0	0	0	0	0	0	0	0	0	0	0	0	0	0	0	0	0	0	0	0	0	0	0	0	0	0	0	0	0	0	0	263	254	247	278	226	205	141	122	79	21	14	30	42	42	35	36	35	25	14	10	0	0	0	0	0	0	0	0	0	0	0	0	0	0	0	0	0	0	0	0	0	0	0	0	0	0	0	0	0	0	0	0
200.00006133379566	6	0	1518	0	21	781	1	3414	3111	2955	4813	804	342	274	83	23	22	20	13	19	0	3	7	1	0	1	0	0	0	0	0	0	0	0	0	0	0	0	0	0	0	0	0	0	0	0	0	0	0	0	0	0	0	0	0	0	0	0	270	265	254	282	239	213	155	138	102	22	19	43	54	52	45	48	43	40	34	28	6	5	2	2	1	0	0	0	0	0	0	0	0	0	0	0	0	0	0	0	0	0	0	0	0	0	0	0	0	0	0	0
205.00000159171066	3	0	1523	0	27	826	5	3485	3187	3019	4905	875	380	318	126	28	26	30	20	34	2	11	16	8	0	4	0	0	0	0	0	0	0	0	0	0	0	0	0	0	0	0	0	0	0	0	0	0	0	0	0	0	0	0	0	0	0	0	279	274	266	293	254	218	173	148	122	27	22	44	66	67	61	68	59	51	48	46	15	13	12	4	3	0	0	0	0	0	0	0	0	0	0	0	0	0	0	0	0	0	0	0	0	0	0	0	0	0	0	0
210.00000635316763	7	0	1512	0	42	890	12	3547	3256	3089	5000	957	417	356	165	34	34	41	31	51	0	21	31	18	0	10	0	1	0	0	0	0	0	0	0	0	0	0	0	0	0	0	0	0	0	0	0	0	0	0	0	0	0	0	0	0	0	0	289	285	278	305	263	227	181	165	133	34	25	48	73	73	71	87	75	74	63	58	20	16	12	13	13	0	0	0	0	0	0	0	0	0	0	0	0	0	0	0	0	0	0	0	0	0	0	0	0	0	0	0
215.00003172766273	2	0	1502	0	56	949	14	3621	3319	3152	5063	1036	456	395	194	42	40	53	52	68	0	32	45	30	1	21	0	7	4	2	0	0	0	0	0	0	0	0	0	0	0	0	0	0	0	0	0	0	0	0	0	0	0	0	0	0	0	0	296	291	281	315	274	235	185	181	148	36	29	60	80	79	72	102	100	93	85	87	41	32	26	22	13	9	7	2	2	1	0	0	0	0	0	0	0	0	0	0	0	0	0	0	0	0	0	0	0	0	0	0
220.00000853354533	3	0	1495	0	69	963	28	3699	3386	3208	5143	1092	486	432	235	49	42	64	72	79	1	47	60	46	0	43	0	11	7	7	2	0	0	0	0	0	0	0	0	0	0	0	0	0	0	0	0	0	0	0	0	0	0	0	0	0	0	0	301	296	293	320	284	239	199	183	162	39	32	66	95	93	88	106	107	103	100	109	70	66	49	57	34	22	13	12	10	10	3	3	3	0	0	0	0	0	0	0	0	0	0	0	0	0	0	0	0	0	0	0
225.00002341777235	0	0	1489	0	81	1000	38	3757	3459	3255	5217	1143	525	475	273	55	54	74	92	98	1	63	81	63	3	58	0	22	12	11	4	0	1	2	1	1	0	0	0	0	0	0	0	0	0	0	0	0	0	0	0	0	0	0	0	0	0	0	312	305	296	331	290	251	221	193	168	44	37	76	103	103	96	124	123	111	107	125	97	109	98	98	66	26	23	21	22	22	12	11	19	16	9	4	0	0	0	0	0	0	0	0	0	0	0	0	0	0	0	0
230.00002050517247	1	0	1479	0	95	1017	53	3833	3510	3302	5279	1217	566	513	312	64	57	88	105	111	1	83	96	79	2	74	0	38	24	19	10	0	5	4	2	4	0	3	0	0	0	0	0	0	0	0	0	0	0	0	0	0	0	0	0	0	0	0	317	313	305	338	293	259	236	215	175	44	42	84	119	116	105	136	131	128	124	134	106	119	114	134	122	64	40	32	26	24	22	21	32	30	27	25	17	0	0	0	0	0	0	0	0	0	0	0	0	0	0	0
235.00000935411023	1	0	1469	0	109	1045	67	3905	3557	3355	5349	1269	605	537	342	68	63	93	128	130	2	97	111	102	5	94	1	53	41	38	17	0	9	6	8	8	0	4	5	2	0	1	0	0	0	0	0	0	0	0	0	0	0	0	0	0	0	0	327	322	316	350	302	265	250	233	186	44	42	84	125	125	124	154	144	142	135	160	129	149	136	143	138	99	80	76	69	61	29	25	53	50	46	35	31	7	0	0	0	0	0	0	0	0	0	0	0	0	0	0
240.0000220868102	0	0	1452	0	132	1045	82	3948	3601	3406	5417	1321	647	566	385	73	68	103	140	149	1	110	127	122	4	112	6	71	60	56	33	0	12	10	13	11	0	8	9	9	2	4	2	0	0	0	0	0	0	0	0	0	0	0	0	0	0	0	334	328	319	360	315	267	271	245	202	47	43	90	134	129	127	167	164	160	146	171	139	153	147	168	157	148	138	118	103	98	49	39	68	62	59	55	50	26	11	0	0	0	0	0	0	0	0	0	0	0	0	0
245.00003013732422	0	0	1438	0	149	1067	90	3987	3640	3448	5469	1372	679	603	426	78	71	113	160	169	1	135	147	143	4	133	13	99	79	72	51	0	30	19	21	24	4	11	17	15	8	7	2	0	0	0	0	0	0	0	0	0	0	0	0	0	0	0	340	331	323	366	323	271	278	264	223	59	52	101	146	144	138	171	169	169	163	187	148	163	149	170	171	167	167	163	159	152	90	76	94	83	75	72	64	31	29	16	0	0	0	0	0	0	0	0	0	0	0	0
250.00000686062162	1	0	1434	0	159	1093	104	4032	3681	3492	5509	1430	704	633	456	90	79	120	173	183	1	155	168	157	5	155	29	120	95	101	71	0	45	33	34	33	5	17	25	26	14	11	7	0	0	0	0	0	0	0	0	0	0	0	0	0	0	0	349	338	324	368	326	276	281	275	230	69	60	105	164	161	157	186	183	179	170	207	151	168	161	182	172	189	179	171	166	167	152	141	160	146	126	102	84	59	54	43	6	0	0	0	0	0	0	0	0	0	0	0
255.00002561836249	0	0	1426	0	171	1124	114	4067	3725	3533	5557	1474	734	658	493	95	89	131	187	204	2	179	185	173	8	173	48	139	107	123	85	1	63	55	51	45	10	34	34	37	26	19	18	0	0	0	0	0	0	0	0	0	0	0	0	0	0	0	364	359	336	368	339	281	283	282	241	73	71	127	190	183	166	209	206	198	178	216	160	176	161	186	186	204	204	203	198	193	158	151	199	201	185	168	143	77	92	86	11	0	0	0	0	0	0	0	0	0	0	0
260.00002370648554	0	0	1424	0	183	1159	130	4108	3767	3564	5595	1500	759	695	527	104	97	136	200	216	4	198	199	190	2	191	65	161	121	140	97	5	79	72	71	59	17	53	40	56	34	26	29	0	1	0	1	0	0	0	0	0	0	0	0	0	0	0	369	367	360	384	344	283	287	283	267	78	71	128	193	193	182	219	216	216	205	243	182	199	185	207	195	207	207	206	205	205	168	156	209	205	201	201	201	106	124	129	23	6	3	0	0	0	0	0	0	0	0	0
265.00001131974346	1	0	1416	0	195	1179	143	4161	3796	3597	5642	1541	782	717	555	116	103	146	218	232	3	220	212	210	6	223	88	176	128	152	116	5	89	86	89	75	28	60	60	70	48	45	34	0	6	0	1	0	0	0	0	0	0	0	0	0	0	0	376	371	368	412	355	297	292	287	287	83	72	133	197	196	194	250	238	231	216	258	190	216	214	243	225	224	222	214	209	207	179	173	232	228	213	209	205	156	153	175	34	11	20	10	0	0	0	0	0	0	0	0
270.0000013324887	0	0	1392	0	219	1196	154	4188	3831	3626	5677	1568	800	740	590	125	113	160	228	251	0	235	230	224	3	239	105	200	147	165	131	14	108	96	102	90	38	77	76	79	67	65	54	3	14	1	2	0	0	0	0	0	0	0	0	0	0	0	379	379	371	414	361	307	316	290	297	86	72	133	201	202	199	255	254	253	240	278	208	230	217	247	245	241	229	225	225	225	192	191	241	236	236	233	228	202	222	207	40	22	29	24	0	0	0	0	0	0	0	0
275.0000097202183	2	0	1384	0	232	1253	160	4220	3861	3654	5716	1589	829	768	612	127	120	168	241	267	1	257	251	242	2	256	124	216	164	185	145	28	120	111	118	112	55	92	95	101	84	81	71	9	26	5	4	0	0	0	0	0	0	0	0	0	0	0	396	385	381	421	367	319	342	308	314	97	87	145	203	203	203	260	260	255	255	303	228	256	249	262	248	269	259	251	246	242	224	225	300	282	260	246	237	211	268	281	54	30	43	39	10	0	0	0	0	0	0	0
280.0000015393059	1	0	1367	0	248	1331	159	4252	3887	3685	5741	1624	856	781	647	134	127	171	257	278	0	268	266	258	10	270	137	236	178	204	158	45	133	124	133	118	66	114	120	122	95	95	84	12	37	20	6	0	1	0	0	0	0	0	0	0	0	0	400	399	383	429	369	328	361	327	331	99	88	155	226	227	219	269	267	260	260	306	239	275	273	291	282	290	289	288	282	274	248	244	311	310	303	300	277	228	275	342	66	39	50	47	25	0	0	0	0	0	0	0
285.0000045925096	1	0	1355	0	254	1328	174	4280	3913	3710	5760	1653	878	804	676	139	129	176	271	292	7	290	275	267	5	293	154	265	194	223	179	60	152	143	148	135	87	127	136	141	113	104	102	13	46	30	11	0	7	1	0	0	0	0	0	0	0	0	406	401	391	437	370	339	374	355	331	105	89	155	226	227	227	297	284	270	268	316	277	325	308	317	302	296	296	292	291	291	282	277	356	352	336	315	309	242	284	355	75	49	77	72	39	0	0	0	0	0	0	0
290.00001143124	0	0	1336	0	271	1300	198	4313	3935	3740	5796	1684	901	831	704	146	132	186	288	312	1	307	293	285	6	308	171	283	207	243	199	87	167	157	167	151	103	142	161	160	130	117	121	21	62	43	14	0	13	5	0	0	0	0	0	0	0	0	416	411	401	444	387	343	398	371	333	119	116	176	228	228	228	298	297	297	281	328	313	366	359	393	341	330	318	306	300	299	291	291	401	396	377	361	348	269	284	364	76	66	106	79	48	4	0	0	0	0	0	0
295.0000055312554	0	0	1319	0	283	1289	212	4329	3958	3757	5821	1705	925	846	715	153	136	195	301	321	2	321	308	295	10	328	193	303	218	263	224	109	182	168	183	171	121	159	178	176	158	137	138	35	79	68	19	0	16	8	0	0	0	0	0	0	0	0	422	416	410	453	399	352	406	391	338	124	117	189	265	264	247	301	298	297	297	356	315	373	371	409	402	354	341	332	333	331	302	297	410	408	403	402	396	306	307	367	77	74	126	111	71	15	0	0	0	0	0	0
300.0000113327117	1	0	1314	0	290	1260	224	4367	3977	3776	5842	1721	951	864	740	161	143	202	313	330	5	335	322	308	6	345	211	323	230	283	248	127	202	180	196	190	137	177	199	190	178	159	156	49	102	82	25	0	20	12	0	0	0	0	0	0	0	0	426	422	417	468	408	356	413	405	353	128	127	199	268	266	254	326	313	300	300	362	322	379	376	422	416	396	378	365	360	356	334	332	439	416	412	410	408	342	375	390	77	75	144	137	80	27	19	12	5	0	0	0
305.0000110088998	0	0	1308	0	302	1283	231	4388	4001	3796	5877	1736	969	883	761	169	149	216	330	342	3	349	346	324	8	359	222	350	249	298	271	142	216	192	212	204	143	196	222	214	200	181	181	60	124	100	30	1	23	18	0	0	0	0	0	0	0	0	439	431	423	473	416	364	417	413	371	131	129	204	288	285	268	328	328	326	306	368	345	405	399	435	425	457	449	427	409	399	357	349	477	468	461	447	417	369	426	462	86	77	155	152	113	43	23	23	21	19	0	0
310.0000198607175	0	0	1306	0	308	1285	248	4405	4016	3814	5906	1745	979	904	778	174	154	230	343	357	5	367	360	341	6	379	240	367	267	316	293	161	233	211	227	218	164	203	237	234	226	199	200	79	137	124	34	2	28	21	0	0	0	0	0	0	0	0	441	440	433	482	431	370	422	418	395	138	130	208	293	293	291	354	346	333	308	377	346	407	399	448	449	474	469	462	459	458	397	378	500	495	483	478	469	402	444	530	98	77	162	158	134	51	51	42	39	24	4	1
315.00000161080663	1	0	1290	0	327	1290	262	4421	4039	3837	5921	1778	1002	917	803	180	157	238	357	373	1	377	372	352	5	394	253	381	280	331	314	180	249	227	238	233	176	216	259	254	240	227	219	94	154	142	36	2	40	26	1	0	0	0	2	0	0	0	444	441	440	494	442	376	441	420	422	140	130	212	304	304	298	371	370	360	348	393	355	421	415	462	453	481	478	477	477	475	459	455	565	538	513	501	492	410	489	550	108	82	170	169	152	72	76	67	63	52	19	21
320.00000541945474	0	0	1278	0	343	1316	265	4443	4051	3867	5946	1805	1022	933	821	183	162	242	371	385	3	403	386	368	14	412	263	397	301	343	332	209	262	250	256	252	197	234	283	277	261	248	231	114	179	169	37	4	49	32	2	0	0	1	3	1	0	1	451	446	441	499	447	386	444	438	435	157	149	233	307	304	303	383	383	373	371	443	361	434	426	479	463	506	497	489	483	481	476	474	619	607	597	574	532	464	497	600	109	99	196	178	158	84	105	92	85	77	38	43
325.00001489592603	1	0	1265	0	355	1298	283	4456	4064	3893	5965	1826	1036	953	846	188	168	251	383	394	2	419	400	381	9	426	278	416	324	363	358	228	277	266	273	271	215	254	311	299	287	262	249	132	198	189	41	6	54	41	2	0	0	2	5	2	0	2	458	452	446	502	456	394	460	443	455	160	149	233	327	319	307	396	392	390	378	454	387	456	439	484	479	516	511	510	509	506	484	483	631	629	624	621	609	481	549	625	114	108	205	202	169	118	119	116	111	107	63	75
330.0000126737466	0	0	1253	0	366	1344	297	4474	4081	3907	5979	1848	1044	972	868	191	172	256	395	407	4	436	412	400	9	440	293	438	336	381	376	247	297	288	294	288	227	270	336	329	312	283	279	150	221	218	44	7	61	47	5	0	0	5	7	7	0	3	460	458	452	512	465	405	477	458	468	172	164	238	327	326	315	397	396	396	390	464	441	519	510	539	502	529	528	526	522	518	510	509	663	655	643	639	629	500	580	683	116	109	228	223	179	146	145	137	129	121	77	86
335.00000690466936	0	0	1240	0	374	1342	307	4493	4092	3926	5995	1869	1053	990	890	197	177	268	407	422	7	450	430	414	8	455	311	457	349	398	393	260	315	307	315	302	248	296	356	357	335	306	294	167	233	235	47	11	67	55	6	0	0	6	10	11	0	8	470	462	458	517	475	411	487	472	484	174	168	256	352	347	323	406	406	405	392	472	457	539	524	581	572	544	538	537	533	529	519	514	691	688	686	668	655	579	589	724	130	114	237	230	204	155	200	184	165	147	97	106
340.00000739436814	0	0	1230	0	385	1352	316	4509	4107	3944	6009	1891	1068	999	906	201	181	272	414	428	6	466	447	433	11	466	324	482	365	415	415	278	325	329	330	321	268	317	382	375	362	326	318	192	255	254	51	15	76	58	8	0	1	9	18	15	0	13	476	471	460	524	486	416	505	483	488	181	170	256	355	351	339	425	409	406	406	481	464	552	549	614	598	568	553	545	544	544	520	515	697	697	695	693	688	591	626	740	139	116	249	244	223	164	224	221	221	202	128	155
345.00000251255136	0	0	1204	0	404	1383	331	4522	4115	3962	6028	1907	1082	1015	924	205	185	277	427	440	4	478	459	443	13	485	339	493	386	429	424	297	350	347	344	334	291	335	403	387	377	349	337	210	272	280	54	22	79	65	11	0	4	15	24	21	0	19	483	476	471	529	496	417	517	498	501	190	179	265	360	352	340	435	434	429	414	491	472	563	561	619	618	641	616	596	584	573	544	544	715	705	701	698	697	623	639	772	141	125	258	252	231	171	244	242	238	225	152	173
350.0000003983895	0	0	1191	0	412	1371	340	4533	4130	3971	6042	1922	1092	1036	942	211	188	291	439	448	8	488	479	455	14	504	358	508	403	457	446	318	360	365	357	353	305	347	422	412	396	362	352	234	294	307	58	29	95	68	22	0	5	22	34	25	1	27	487	486	476	539	500	419	520	515	514	210	206	274	367	362	341	439	439	438	435	519	488	573	562	632	632	675	658	647	647	640	577	565	747	746	733	719	704	695	708	797	152	129	271	265	244	184	255	255	250	247	174	192
355.00000505712154	0	0	1177	0	424	1379	361	4549	4146	3985	6054	1946	1107	1045	964	216	194	293	449	459	6	498	495	470	8	511	373	527	421	478	475	339	375	386	377	374	316	362	440	440	412	376	371	252	317	334	66	31	109	73	30	0	10	27	40	30	2	28	489	487	483	545	504	426	528	523	532	224	210	298	402	394	374	450	439	439	439	528	498	596	587	652	638	693	692	689	682	676	615	608	804	784	763	749	747	699	803	859	155	130	276	273	252	185	270	266	266	255	178	201
360.00000274179774	0	0	1166	0	427	1404	362	4564	4162	4001	6069	1968	1127	1062	981	221	204	299	452	465	8	510	507	479	10	524	390	537	439	500	501	363	386	407	396	390	339	378	463	467	441	394	394	272	343	351	72	36	120	80	34	0	16	29	52	37	11	31	499	490	487	555	512	428	535	530	537	226	212	301	404	404	404	499	473	462	442	530	521	625	617	682	672	710	705	697	693	693	641	630	825	816	814	804	784	721	817	959	168	146	281	281	263	205	282	282	282	271	179	209
365.000001744381	0	0	1140	0	448	1412	377	4581	4183	4015	6080	1992	1142	1074	1004	228	214	305	460	475	3	522	514	488	11	541	408	550	456	517	514	387	400	417	416	402	353	393	481	489	468	403	414	298	368	382	78	38	124	86	38	0	18	33	57	44	17	40	505	501	493	557	519	439	545	540	546	228	212	301	408	408	408	512	512	495	461	544	528	630	625	708	696	722	713	711	711	710	646	638	849	848	838	829	817	729	823	988	191	155	312	301	273	206	290	283	282	282	189	213
370.0000041024676	0	0	1132	0	458	1411	376	4602	4200	4028	6096	2007	1154	1086	1018	234	222	314	471	488	4	535	525	501	15	559	422	570	474	538	529	401	417	437	436	418	367	409	504	514	497	429	429	324	385	397	89	40	132	93	41	0	24	39	61	48	20	41	508	507	501	565	524	461	556	541	555	232	213	304	410	408	408	522	518	512	508	580	532	641	636	716	710	753	746	733	728	724	693	680	881	868	851	849	848	744	834	992	191	165	334	322	281	229	309	308	306	291	234	261
375.00000144561324	0	0	1121	0	467	1440	387	4614	4215	4041	6113	2020	1165	1101	1038	235	227	322	477	501	5	550	542	509	14	574	431	591	487	552	547	424	445	456	454	434	381	429	537	529	518	451	447	354	396	418	93	45	140	99	45	2	35	50	76	56	22	45	516	510	507	573	528	475	573	545	566	234	220	312	413	413	410	527	526	526	520	612	542	652	649	733	725	783	774	765	758	755	731	721	940	928	896	882	867	773	861	1007	193	191	360	336	297	245	320	317	312	308	275	316
380.0000022455871	0	0	1108	0	474	1440	399	4628	4233	4050	6129	2040	1180	1117	1054	244	231	331	490	512	4	562	555	521	13	590	446	611	502	565	570	442	467	474	474	455	393	449	559	550	544	474	463	380	415	448	100	49	146	104	54	3	43	60	84	61	28	55	518	516	510	581	539	485	588	554	590	252	241	337	434	429	423	528	528	528	527	626	549	655	649	740	729	800	793	791	786	783	757	753	959	951	942	940	926	774	892	1035	194	191	385	377	324	260	352	348	340	321	289	347
385.00001842144417	0	0	1089	0	485	1439	395	4636	4242	4061	6143	2056	1190	1123	1061	249	235	334	499	519	4	572	565	537	14	614	454	619	519	584	591	467	480	501	493	472	405	462	579	576	562	489	487	400	441	481	105	55	156	109	61	4	55	67	91	68	38	66	523	519	516	589	553	500	607	574	598	264	243	338	451	448	437	545	542	530	528	633	552	660	652	745	742	817	805	800	800	800	787	787	1012	998	980	966	951	785	903	1075	199	191	394	389	337	275	377	370	359	353	289	347
390.0000001899733	0	0	1081	0	495	1423	411	4651	4254	4068	6159	2070	1204	1139	1084	257	238	341	505	533	3	587	578	547	6	625	466	640	534	602	604	484	504	527	511	486	425	480	607	589	591	514	511	419	467	505	107	59	163	114	68	7	65	77	96	78	46	74	533	528	519	592	556	517	624	601	612	273	257	354	454	451	451	576	556	545	545	645	556	662	656	750	746	825	821	820	820	818	799	797	1042	1037	1028	1016	990	808	914	1090	204	194	403	398	378	276	411	400	390	379	299	347
395.0000057933702	0	0	1074	0	498	1430	418	4660	4263	4077	6169	2089	1223	1152	1097	265	242	349	517	544	10	600	595	559	8	643	481	658	548	615	618	507	525	542	530	505	447	502	631	614	617	540	533	441	487	528	113	66	174	121	75	8	70	82	105	88	50	78	546	539	529	599	559	526	648	621	626	277	258	354	469	469	469	584	583	579	549	657	577	681	667	751	750	839	837	834	832	826	812	800	1045	1045	1044	1042	1039	909	948	1106	206	198	404	403	388	298	416	416	415	413	312	359
400.0000078100602	0	0	1054	0	512	1438	419	4680	4274	4092	6187	2105	1232	1170	1110	270	254	358	521	550	10	613	612	566	17	661	494	668	567	624	643	522	544	561	545	523	470	520	653	644	635	557	549	461	516	554	118	73	179	128	79	11	82	89	111	97	59	89	549	546	541	611	565	529	661	644	632	279	258	354	469	469	469	605	603	591	571	666	604	715	712	794	771	847	842	842	842	839	828	816	1048	1045	1045	1044	1045	986	1031	1142	209	204	422	414	399	308	421	420	416	416	321	359
405.00000016951606	0	0	1049	0	516	1461	430	4693	4287	4109	6203	2118	1250	1182	1130	274	261	364	531	555	11	623	620	581	18	673	502	693	579	636	653	546	560	581	561	549	488	529	674	666	663	576	574	476	538	582	122	76	184	141	84	17	91	94	124	101	63	96	551	550	549	625	573	540	670	658	650	304	290	378	471	469	469	609	606	605	603	710	634	750	735	813	808	851	851	851	850	848	842	842	1097	1086	1063	1050	1045	1044	1114	1216	214	206	429	427	403	329	444	438	435	421	345	400
410.00000394195723	1	0	1029	0	529	1507	447	4706	4296	4126	6213	2133	1260	1186	1151	281	272	369	542	572	6	636	631	603	14	677	518	710	595	660	669	566	577	599	582	571	500	547	700	691	684	601	598	500	561	605	127	80	190	149	90	20	101	99	137	108	68	107	552	551	550	630	577	550	673	671	661	304	290	389	497	488	476	613	611	609	609	721	664	783	772	854	830	875	861	854	852	851	850	848	1109	1109	1108	1102	1085	1045	1192	1307	233	209	447	441	413	384	471	462	454	443	346	413
415.00000218084404	0	0	1027	0	537	1531	466	4720	4301	4138	6225	2141	1280	1198	1169	286	279	378	547	586	7	654	638	620	10	691	531	727	613	674	688	585	598	618	600	588	523	565	720	704	709	616	624	525	577	629	129	87	198	156	92	25	112	111	143	121	71	116	571	555	550	632	588	561	687	672	672	306	290	389	507	507	497	619	617	617	611	727	664	785	779	875	875	914	900	887	879	872	852	852	1126	1120	1115	1109	1109	1048	1206	1388	250	214	457	452	427	394	509	488	477	470	386	443
420.0000009981074	0	0	1020	0	543	1557	479	4735	4312	4153	6237	2154	1293	1216	1184	294	283	386	559	595	9	671	650	629	9	713	546	746	625	694	701	605	622	635	620	608	544	582	744	738	721	636	645	544	602	653	131	88	212	164	99	27	121	117	150	128	79	122	587	569	552	634	592	574	706	682	685	318	303	389	508	507	497	640	640	623	614	729	666	785	779	875	875	935	924	917	915	914	878	872	1149	1138	1132	1127	1121	1067	1209	1423	261	228	466	458	441	395	557	551	542	506	447	508
425.00000028496265	0	0	1024	0	554	1592	480	4745	4331	4161	6249	2166	1308	1229	1200	307	290	394	566	602	6	678	667	635	18	723	559	756	639	711	717	619	634	651	639	630	556	593	771	762	740	658	662	561	621	679	138	96	223	170	104	32	132	122	156	136	85	131	587	576	557	637	599	588	721	691	709	339	334	437	532	526	512	652	640	640	640	748	666	789	785	882	875	976	960	948	942	937	916	915	1201	1185	1164	1153	1138	1083	1231	1442	266	243	492	479	452	404	568	568	563	557	472	552
430.0000071078326	0	0	1011	0	569	1582	494	4758	4337	4172	6261	2176	1327	1247	1211	313	294	402	576	611	5	690	676	644	17	737	576	769	654	734	739	642	647	670	652	647	568	609	788	790	760	686	690	582	635	700	142	97	230	181	112	40	136	134	163	145	92	141	595	577	569	643	611	595	744	713	746	347	336	439	559	549	536	666	654	654	645	765	666	789	785	884	884	985	982	983	982	976	943	940	1233	1225	1216	1204	1182	1104	1247	1466	268	250	508	502	459	408	583	575	569	568	498	582
435.00000639513644	0	0	1012	0	576	1573	505	4767	4350	4179	6275	2184	1338	1254	1226	325	295	412	582	618	7	699	687	653	17	752	588	789	668	750	764	662	671	686	670	663	590	627	813	805	784	705	706	605	657	728	149	103	238	190	119	44	152	138	172	151	97	151	597	587	570	653	626	599	752	731	759	355	350	456	561	551	538	683	681	675	658	779	704	844	831	908	886	986	985	985	985	985	982	977	1272	1260	1252	1240	1226	1126	1252	1494	275	265	535	517	479	411	586	586	586	584	505	588
440.00001592309553	0	0	991	0	586	1548	512	4774	4364	4189	6290	2198	1353	1261	1240	330	299	421	597	629	8	708	692	666	11	765	593	807	687	756	784	686	693	698	693	674	604	648	841	820	806	724	727	625	680	747	150	106	244	202	126	51	168	146	183	169	105	157	603	597	587	654	629	608	763	752	760	360	350	458	581	565	540	683	683	683	663	786	740	881	867	954	929	996	994	992	988	987	985	985	1302	1301	1290	1271	1259	1148	1252	1498	278	267	554	542	502	416	599	590	586	586	509	602
445.0000067291371	0	0	981	0	596	1503	505	4792	4372	4197	6300	2211	1367	1277	1256	338	306	428	608	636	9	719	708	676	16	775	608	818	706	773	804	697	713	718	708	693	617	661	853	840	829	744	746	655	712	773	153	111	256	210	137	58	176	164	198	178	113	168	607	605	597	672	632	613	773	757	779	373	365	473	582	570	548	683	683	683	683	808	781	932	920	1002	978	1006	1001	997	996	996	990	988	1316	1309	1308	1302	1301	1197	1292	1500	278	273	560	558	517	432	602	601	599	599	545	632
450.00002403996564	1	0	973	0	601	1523	525	4803	4379	4209	6308	2226	1375	1284	1268	344	309	431	617	647	7	726	722	682	14	791	625	840	720	790	821	715	741	725	721	710	635	683	875	861	849	770	773	679	734	800	161	114	265	220	148	64	188	179	211	184	119	179	610	608	606	686	635	623	781	771	790	383	375	486	597	588	574	709	692	687	683	813	791	940	936	1039	1035	1047	1031	1014	1010	1007	996	996	1333	1326	1320	1319	1310	1278	1342	1538	279	278	570	566	541	441	614	610	604	602	571	682
455.00000388006987	0	0	964	0	606	1529	530	4813	4387	4228	6325	2235	1383	1303	1284	348	316	438	623	659	10	738	737	697	19	802	635	858	738	806	838	743	762	739	734	721	648	694	894	874	862	792	793	708	749	825	168	119	273	229	153	69	197	190	220	191	132	190	624	614	608	692	636	628	797	781	802	384	376	487	614	605	589	730	720	712	695	819	811	967	963	1072	1046	1094	1078	1062	1055	1048	1011	1010	1349	1343	1335	1335	1326	1282	1348	1597	293	278	584	575	558	496	626	624	620	614	584	698
460.0000000404162	0	0	960	0	617	1504	529	4823	4398	4237	6336	2247	1394	1310	1293	352	323	445	626	670	9	754	751	716	18	817	648	872	750	823	851	762	781	756	750	742	666	707	913	894	883	819	817	727	778	856	175	122	278	240	161	73	208	197	225	204	141	201	633	628	615	700	645	630	809	792	831	411	398	510	618	609	596	750	741	732	729	829	814	971	966	1080	1076	1156	1129	1110	1100	1094	1041	1035	1383	1369	1361	1351	1343	1291	1365	1603	304	279	597	588	565	509	655	643	635	628	587	707
465.00000402559476	1	0	960	0	624	1488	540	4835	4404	4249	6345	2264	1411	1319	1313	360	327	450	646	680	13	768	756	729	16	824	662	879	765	840	872	782	798	769	767	763	685	721	930	911	904	837	834	754	798	878	181	127	291	250	171	76	213	208	237	212	148	217	644	637	629	711	651	632	820	807	852	419	406	522	636	628	618	754	754	751	746	865	822	981	968	1084	1080	1176	1166	1142	1128	1117	1046	1039	1400	1397	1393	1385	1369	1327	1412	1617	305	286	601	600	574	516	713	704	687	655	597	715
470.0000040573944	0	0	960	0	635	1498	541	4842	4418	4259	6354	2274	1423	1324	1331	364	334	459	659	689	10	776	767	735	19	835	680	894	776	853	885	801	811	794	779	777	696	736	960	934	925	856	852	774	819	909	185	134	305	261	179	82	220	222	245	221	157	229	647	644	637	722	658	637	823	822	877	423	408	522	655	655	655	791	770	756	754	890	844	1000	988	1096	1089	1205	1195	1166	1147	1131	1070	1058	1402	1402	1402	1402	1397	1332	1457	1666	312	288	601	601	588	537	724	725	722	713	615	738
475.00000219796567	0	0	952	0	638	1502	572	4851	4424	4269	6369	2284	1434	1333	1347	373	339	467	668	702	12	789	774	753	11	845	694	912	795	863	903	823	829	805	802	801	710	750	983	953	949	874	876	787	839	931	187	136	310	270	187	89	228	234	255	232	171	239	653	649	644	731	672	642	829	826	892	436	421	524	655	655	655	825	818	791	759	898	865	1024	1009	1108	1091	1213	1213	1209	1205	1198	1134	1125	1477	1449	1426	1406	1402	1344	1463	1711	321	288	601	601	600	556	739	736	730	726	628	739
480.0000026296299	0	0	942	0	653	1530	589	4859	4433	4279	6383	2290	1443	1349	1357	377	342	472	675	710	10	799	789	772	18	856	709	928	807	882	913	839	855	822	817	815	725	767	1018	968	978	892	897	814	867	961	191	139	319	278	195	92	240	240	270	245	180	247	653	653	650	741	684	655	835	833	913	439	427	544	675	670	658	827	826	825	812	936	866	1025	1019	1140	1134	1224	1213	1213	1213	1213	1185	1174	1531	1514	1490	1479	1445	1373	1497	1726	329	292	601	601	601	561	777	767	755	741	705	807
485.0000001027554	0	0	936	0	659	1570	595	4870	4442	4293	6397	2301	1454	1357	1366	379	350	478	686	720	11	805	799	784	24	869	719	942	825	903	930	855	870	845	843	835	743	784	1042	991	1002	914	908	839	876	990	196	143	325	288	202	100	247	248	286	256	192	263	659	658	653	747	694	658	844	834	928	470	460	572	684	680	678	832	831	827	827	973	890	1054	1047	1155	1140	1225	1224	1224	1224	1224	1212	1213	1595	1577	1546	1532	1507	1410	1542	1752	329	292	601	601	601	573	784	784	784	778	731	853
490.00000119446577	1	0	928	0	667	1596	612	4881	4448	4304	6404	2309	1465	1368	1375	387	357	484	692	725	10	815	807	793	14	882	730	949	836	918	943	873	890	866	861	857	761	800	1059	1006	1023	937	927	855	896	1016	201	147	328	295	210	111	254	264	294	270	197	273	664	660	658	750	704	660	853	841	949	478	467	584	720	717	709	861	854	839	832	978	927	1089	1075	1186	1172	1266	1246	1233	1228	1225	1224	1224	1611	1606	1603	1598	1560	1430	1592	1797	334	311	618	601	601	581	802	795	790	784	753	884
495.0000035046201	0	0	911	0	682	1624	619	4894	4459	4316	6411	2318	1476	1379	1390	389	365	495	701	732	7	822	817	803	21	891	742	961	850	938	955	890	913	876	873	874	776	814	1077	1026	1044	955	945	874	922	1036	206	150	339	304	221	115	261	272	312	280	206	285	670	666	658	755	715	672	855	851	969	480	471	593	728	728	726	890	889	867	857	1000	967	1137	1129	1233	1207	1278	1274	1274	1273	1268	1230	1228	1626	1625	1624	1616	1595	1470	1634	1854	338	312	623	623	601	601	821	816	813	803	778	905
500.0000024848108	1	0	901	0	688	1663	631	4904	4468	4330	6420	2329	1490	1388	1406	392	374	501	711	743	11	837	825	815	16	900	759	978	863	965	970	913	930	894	887	891	795	832	1101	1044	1068	971	967	897	949	1066	209	154	348	314	232	124	269	285	319	295	218	295	675	671	662	758	722	686	866	856	986	510	503	613	738	738	737	911	903	890	866	1014	982	1157	1149	1260	1257	1315	1301	1291	1284	1279	1245	1233	1627	1627	1626	1626	1625	1528	1640	1903	354	321	625	623	601	601	831	831	829	821	790	943
505.0000120994665	1	0	890	0	690	1632	633	4917	4478	4340	6431	2338	1498	1401	1417	397	375	506	719	754	18	845	839	827	17	918	771	989	881	983	987	940	949	912	900	908	813	843	1115	1067	1090	985	986	928	968	1084	217	160	351	324	242	130	275	296	328	305	226	308	677	676	666	766	732	691	882	858	986	510	503	628	762	753	740	922	920	916	908	1052	997	1172	1158	1277	1257	1350	1338	1325	1318	1317	1262	1255	1658	1651	1635	1628	1627	1571	1683	1908	361	337	649	637	623	601	857	855	848	833	798	947
510.0000022704792	0	0	875	0	697	1629	642	4926	4484	4351	6438	2342	1509	1417	1428	407	384	515	731	772	16	856	844	837	22	934	784	1007	898	1007	1008	955	965	929	911	923	833	857	1137	1094	1106	1010	1003	951	984	1120	223	166	354	335	254	145	286	301	338	314	230	316	679	676	669	769	739	701	902	876	989	513	504	630	765	756	740	922	922	922	921	1081	1016	1192	1186	1297	1283	1405	1389	1370	1360	1352	1299	1286	1678	1663	1659	1659	1648	1619	1748	1950	362	352	677	669	623	601	865	865	861	857	799	948
515.0000028364428	0	0	871	0	705	1632	664	4933	4501	4356	6447	2355	1517	1423	1440	418	390	522	743	780	15	863	859	845	20	947	795	1023	914	1023	1027	966	980	947	928	938	846	872	1154	1113	1129	1032	1030	980	997	1142	228	171	364	347	264	154	294	312	347	330	240	328	686	680	669	772	748	712	911	895	994	513	506	636	779	779	774	923	922	922	922	1085	1054	1238	1218	1323	1304	1409	1407	1407	1402	1391	1326	1318	1731	1720	1696	1683	1663	1631	1801	2008	371	361	706	696	636	601	871	871	869	865	828	979
520.000000030615	0	0	858	0	718	1662	676	4942	4509	4362	6456	2372	1524	1435	1449	428	398	527	751	791	9	871	870	861	17	960	810	1044	930	1035	1042	983	1004	964	951	961	868	894	1178	1134	1158	1056	1052	1003	1013	1169	230	176	381	354	275	161	310	323	350	341	248	336	694	688	680	776	751	720	924	908	1001	513	506	636	786	786	781	967	953	933	922	1091	1082	1274	1265	1393	1345	1437	1432	1422	1410	1396	1337	1330	1747	1739	1735	1732	1714	1632	1813	2070	380	362	714	711	665	604	871	871	871	871	851	1005
525.0000037583657	1	0	854	0	725	1658	693	4953	4516	4368	6469	2380	1536	1453	1461	437	404	534	762	804	9	878	881	871	13	970	830	1064	949	1058	1055	1001	1021	987	969	976	889	903	1202	1151	1178	1076	1067	1021	1036	1192	233	181	385	358	290	167	326	331	363	351	257	346	699	698	689	787	756	729	936	922	1012	515	506	640	786	786	786	975	970	960	932	1103	1086	1277	1273	1404	1399	1462	1452	1441	1428	1418	1346	1333	1752	1749	1749	1747	1740	1669	1831	2083	389	368	723	721	696	604	873	873	873	871	869	1015
530.0000030242014	0	0	834	0	735	1653	689	4954	4522	4378	6476	2389	1546	1459	1473	447	413	543	769	810	10	889	893	878	18	982	849	1074	964	1070	1067	1026	1047	1003	987	993	911	918	1228	1169	1194	1102	1092	1040	1062	1222	237	188	393	364	298	173	339	340	370	360	266	359	700	700	698	796	759	735	954	933	1013	519	507	643	791	791	789	977	977	977	975	1131	1094	1294	1292	1423	1406	1505	1482	1470	1464	1451	1370	1356	1767	1756	1756	1753	1750	1714	1875	2108	391	378	744	730	712	623	876	876	876	873	871	1041
535.0000017168361	0	0	817	0	747	1645	710	4961	4534	4380	6486	2402	1558	1472	1486	458	421	552	776	811	7	897	901	894	15	998	857	1092	977	1084	1085	1043	1060	1027	1004	1013	931	933	1251	1190	1219	1123	1112	1065	1077	1243	242	191	402	371	310	182	352	344	377	368	272	369	711	700	700	804	767	745	965	946	1019	520	513	652	796	796	793	978	977	977	977	1155	1098	1298	1296	1434	1431	1559	1554	1540	1521	1505	1454	1447	1845	1821	1788	1772	1757	1742	1911	2154	397	389	744	744	721	646	884	880	879	876	873	1050
540.0000053823286	0	0	820	0	746	1627	707	4968	4542	4388	6495	2412	1568	1488	1494	466	428	564	787	825	15	910	911	912	23	1010	876	1114	993	1102	1097	1062	1082	1041	1030	1023	952	944	1271	1210	1237	1143	1133	1083	1103	1261	248	197	408	378	314	199	367	353	381	383	281	382	718	715	702	807	770	751	967	965	1036	531	521	655	810	810	801	996	986	980	978	1157	1121	1323	1311	1436	1437	1568	1562	1559	1559	1558	1515	1497	1923	1908	1875	1847	1812	1751	1985	2194	400	390	760	760	729	672	904	904	902	885	876	1054
545.0000000464502	0	0	806	0	762	1660	727	4975	4549	4396	6507	2424	1578	1496	1509	472	435	571	799	835	11	920	922	924	11	1016	892	1129	1009	1125	1110	1082	1093	1061	1049	1038	968	957	1291	1232	1265	1172	1150	1110	1128	1288	252	200	422	387	322	205	376	365	391	392	290	394	728	720	716	815	772	762	973	967	1055	552	552	700	834	826	805	998	998	997	993	1167	1152	1358	1357	1489	1468	1598	1593	1586	1575	1570	1536	1524	1960	1949	1933	1926	1901	1779	2013	2274	406	393	762	761	745	689	927	927	920	905	879	1070
550.0000002591963	0	0	801	0	775	1678	730	4986	4558	4404	6517	2434	1588	1504	1529	477	442	580	811	844	8	940	930	931	17	1034	901	1136	1027	1143	1126	1095	1111	1082	1061	1054	984	988	1312	1258	1290	1191	1178	1133	1149	1316	256	201	436	390	329	211	383	378	402	403	298	408	733	730	721	824	777	773	985	973	1072	552	552	702	863	853	831	1010	1002	998	998	1179	1152	1359	1357	1503	1503	1607	1607	1604	1602	1599	1550	1535	1970	1963	1963	1963	1947	1842	2041	2317	416	397	763	763	760	700	970	963	946	927	886	1085
555.0000007455612	0	0	804	0	777	1669	742	4992	4565	4409	6523	2442	1597	1517	1537	482	446	587	821	856	15	952	942	940	13	1044	914	1159	1041	1162	1141	1113	1131	1096	1072	1073	1000	1007	1333	1279	1309	1211	1200	1163	1185	1337	262	206	442	396	334	226	396	384	417	409	317	418	739	733	730	835	786	790	1004	979	1098	555	552	704	878	877	872	1042	1029	1013	1000	1182	1159	1361	1357	1503	1503	1641	1624	1611	1610	1608	1565	1547	1972	1972	1972	1972	1962	1912	2082	2344	419	400	765	764	761	708	971	970	970	969	895	1087
560.0000015867276	0	0	796	0	788	1666	753	5003	4577	4416	6533	2453	1605	1531	1551	484	449	595	829	866	13	965	957	948	20	1056	925	1177	1052	1185	1157	1139	1151	1114	1095	1091	1017	1018	1357	1292	1332	1234	1226	1181	1209	1355	266	213	450	403	343	234	405	396	426	419	323	434	742	739	734	842	796	806	1023	994	1109	562	558	712	878	878	878	1075	1074	1050	1026	1189	1164	1363	1357	1504	1503	1679	1671	1657	1648	1642	1596	1590	2033	2016	1986	1974	1972	1917	2112	2388	424	403	776	770	763	718	986	986	986	972	926	1091
565.0000014123585	0	0	785	0	796	1686	771	5006	4586	4422	6545	2463	1616	1538	1565	488	458	606	836	871	20	980	968	955	19	1069	936	1189	1058	1204	1173	1156	1169	1130	1109	1110	1031	1039	1379	1320	1357	1246	1258	1197	1231	1381	269	217	461	409	352	239	423	404	436	428	330	445	754	744	739	847	804	820	1046	1019	1131	567	561	716	890	889	889	1086	1086	1078	1074	1233	1177	1390	1380	1512	1504	1681	1680	1679	1679	1679	1616	1604	2047	2043	2033	2031	2007	1953	2174	2425	436	418	804	784	764	745	1001	998	996	988	952	1157
570.0000075391141	0	0	768	0	811	1698	773	5014	4592	4430	6553	2468	1631	1553	1579	494	460	611	844	877	15	993	983	964	18	1078	949	1208	1070	1213	1189	1178	1181	1146	1126	1126	1046	1058	1400	1343	1382	1275	1279	1220	1251	1408	273	219	467	419	364	251	442	415	446	437	335	455	760	758	746	853	807	825	1063	1040	1142	575	564	720	900	896	891	1100	1099	1088	1080	1263	1183	1392	1388	1539	1537	1686	1684	1682	1682	1681	1617	1605	2058	2056	2052	2047	2042	1953	2221	2493	446	423	809	807	769	760	1019	1018	1010	1002	959	1163
575.000010739479	0	0	742	0	832	1714	768	5024	4600	4439	6561	2481	1636	1562	1599	497	470	620	858	890	6	1001	991	978	27	1097	966	1219	1080	1230	1208	1194	1193	1164	1148	1140	1063	1084	1412	1363	1411	1305	1304	1237	1270	1436	275	226	472	432	377	256	450	424	459	444	341	469	763	761	757	864	817	834	1079	1059	1142	580	578	737	902	902	899	1103	1103	1101	1100	1279	1226	1436	1421	1556	1542	1693	1690	1687	1686	1686	1618	1606	2058	2058	2058	2058	2057	1955	2235	2543	463	428	819	812	784	762	1063	1051	1037	1019	987	1179
580.0000009107956	0	0	734	0	831	1733	785	5031	4604	4448	6570	2489	1651	1577	1617	506	477	632	862	897	16	1013	1011	992	20	1111	979	1229	1101	1243	1222	1211	1208	1188	1169	1164	1082	1098	1437	1387	1423	1329	1322	1263	1286	1460	277	229	479	447	384	270	460	431	473	450	350	482	767	763	761	875	824	846	1090	1076	1143	580	578	737	920	920	901	1110	1110	1108	1103	1295	1263	1482	1464	1599	1578	1727	1717	1702	1696	1694	1643	1637	2090	2077	2062	2058	2058	1981	2239	2572	468	444	831	824	807	763	1070	1066	1065	1063	996	1200
585.0000003526462	0	0	718	0	845	1721	776	5035	4615	4452	6578	2500	1660	1586	1628	512	486	641	870	901	13	1025	1024	1002	24	1121	988	1248	1122	1266	1239	1240	1232	1205	1186	1187	1097	1113	1456	1409	1445	1350	1343	1282	1311	1483	288	230	491	451	397	278	465	436	486	461	361	489	776	768	763	879	836	850	1107	1084	1146	580	578	737	924	924	909	1110	1110	1110	1110	1309	1276	1491	1482	1642	1638	1736	1734	1732	1732	1719	1645	1639	2097	2096	2095	2092	2074	2029	2261	2579	472	453	853	852	812	764	1079	1075	1075	1071	1018	1215
590.0000050382758	0	0	712	0	855	1730	798	5043	4622	4459	6590	2509	1673	1590	1639	520	490	646	877	911	15	1038	1033	1011	11	1135	995	1261	1140	1276	1252	1257	1246	1223	1200	1206	1118	1138	1483	1436	1468	1377	1371	1302	1337	1515	296	235	496	459	406	281	477	443	502	472	375	507	779	777	768	882	844	853	1119	1099	1156	583	578	737	924	924	909	1122	1121	1117	1110	1312	1289	1504	1500	1653	1648	1776	1758	1748	1736	1724	1671	1661	2105	2103	2097	2097	2097	2037	2263	2602	475	454	859	855	825	766	1090	1085	1084	1079	1051	1260
595.0000014844858	0	0	708	0	861	1727	802	5051	4634	4467	6603	2516	1684	1602	1651	530	491	655	885	920	19	1047	1041	1021	16	1142	1010	1279	1154	1293	1276	1273	1261	1247	1221	1221	1134	1164	1504	1453	1489	1398	1395	1314	1369	1538	300	240	505	466	421	286	489	449	506	482	381	520	782	779	776	888	849	859	1127	1106	1173	588	578	737	924	924	913	1124	1122	1122	1112	1313	1295	1512	1505	1667	1661	1830	1808	1790	1785	1777	1723	1714	2164	2152	2127	2109	2103	2060	2307	2606	481	457	867	859	846	789	1094	1094	1093	1091	1059	1270
600.0000068513821	0	0	699	0	874	1741	812	5058	4648	4478	6621	2529	1694	1614	1663	540	494	661	897	926	16	1057	1050	1030	22	1157	1026	1290	1172	1304	1292	1291	1278	1266	1231	1246	1159	1185	1517	1477	1503	1417	1409	1340	1392	1563	309	243	515	479	434	291	503	458	518	491	389	529	785	785	779	898	857	863	1142	1122	1191	594	579	737	924	924	913	1130	1129	1129	1112	1314	1296	1513	1509	1673	1671	1852	1846	1843	1840	1832	1784	1776	2232	2208	2186	2167	2148	2060	2341	2653	481	475	872	867	855	810	1108	1099	1094	1094	1084	1308
