>time	Ribosome	coli Pol	coli Pol-P	coli Pol-2.0	coli Pol-P-2.0	gp1	gp1-3.5	gp0.3	gp0.4	gp0.5	gp0.6A	gp0.7	gp1.1	gp1.2	gp1.3	gp1.4	gp1.5	gp1.6	gp1.7	gp1.8	gp2.0	gp2.5	gp2.8	gp3.0	gp3.5	gp3.8	gp4A	gp4.2	gp4.3	gp4.5	gp4.7	gp5.0	gp5.3	gp5.5	gp5.7	gp5.9	gp6.0	gp6.3	gp6.5	gp6.7	gp7	gp7.3	gp7.7	gp8	gp9	gp10A	gp11	gp12	gp13	gp14	gp15	gp16	gp17	gp17.5	gp18	gp18.5	gp19	gp19.5	RNA: gp0.3	RNA: gp0.4	RNA: gp0.5	RNA: gp0.6A	RNA: gp0.7	RNA: gp1	RNA: gp1.1	RNA: gp1.2	RNA: gp1.3	RNA: gp1.4	RNA: gp1.5	RNA: gp1.6	RNA: gp1.7	RNA: gp1.8	RNA: gp2.0	RNA: gp2.5	RNA: gp2.8	RNA: gp3.0	RNA: gp3.5	RNA: gp3.8	RNA: gp4A	RNA: gp4.2	RNA: gp4.3	RNA: gp4.5	RNA: gp4.7	RNA: gp5.0	RNA: gp5.3	RNA: gp5.5	RNA: gp5.7	RNA: gp5.9	RNA: gp6.0	RNA: gp6.3	RNA: gp6.5	RNA: gp6.7	RNA: gp7	RNA: gp7.3	RNA: gp7.7	RNA: gp8	RNA: gp9	RNA: gp10A	RNA: gp11	RNA: gp12	RNA: gp13	RNA: gp14	RNA: gp15	RNA: gp16	RNA: gp17	RNA: gp17.5	RNA: gp18	RNA: gp18.5	RNA: gp19	RNA: gp19.5	NumColiPoly:	4	NumT7Poly	2	NumOfTimePoints:	121	NumOfProteins:	58	NumOfCoding	52
0.0011838829641254856	2500	1800	0	0	0	0	0	0	0	0	0	0	0	0	0	0	0	0	0	0	0	0	0	0	0	0	0	0	0	0	0	0	0	0	0	0	0	0	0	0	0	0	0	0	0	0	0	0	0	0	0	0	0	0	0	0	0	0	0	0	0	0	0	0	0	0	0	0	0	0	0	0	0	0	0	0	0	0	0	0	0	0	0	0	0	0	0	0	0	0	0	0	0	0	0	0	0	0	0	0	0	0	0	0	0	0	0	0	0	0
5.013399792086258	2500	1800	0	0	0	0	0	0	0	0	0	0	0	0	0	0	0	0	0	0	0	0	0	0	0	0	0	0	0	0	0	0	0	0	0	0	0	0	0	0	0	0	0	0	0	0	0	0	0	0	0	0	0	0	0	0	0	0	0	0	0	0	0	0	0	0	0	0	0	0	0	0	0	0	0	0	0	0	0	0	0	0	0	0	0	0	0	0	0	0	0	0	0	0	0	0	0	0	0	0	0	0	0	0	0	0	0	0	0	0
10.01087431274762	2500	1794	0	0	0	0	0	0	0	0	0	0	0	0	0	0	0	0	0	0	0	0	0	0	0	0	0	0	0	0	0	0	0	0	0	0	0	0	0	0	0	0	0	0	0	0	0	0	0	0	0	0	0	0	0	0	0	0	0	0	0	0	0	0	0	0	0	0	0	0	0	0	0	0	0	0	0	0	0	0	0	0	0	0	0	0	0	0	0	0	0	0	0	0	0	0	0	0	0	0	0	0	0	0	0	0	0	0	0	0
15.026892630101138	2500	1789	0	0	0	0	0	0	0	0	0	0	0	0	0	0	0	0	0	0	0	0	0	0	0	0	0	0	0	0	0	0	0	0	0	0	0	0	0	0	0	0	0	0	0	0	0	0	0	0	0	0	0	0	0	0	0	0	0	0	0	0	0	0	0	0	0	0	0	0	0	0	0	0	0	0	0	0	0	0	0	0	0	0	0	0	0	0	0	0	0	0	0	0	0	0	0	0	0	0	0	0	0	0	0	0	0	0	0	0
20.00310821869911	2494	1782	0	0	0	0	0	0	0	0	0	0	0	0	0	0	0	0	0	0	0	0	0	0	0	0	0	0	0	0	0	0	0	0	0	0	0	0	0	0	0	0	0	0	0	0	0	0	0	0	0	0	0	0	0	0	0	0	0	0	0	0	0	0	0	0	0	0	0	0	0	0	0	0	0	0	0	0	0	0	0	0	0	0	0	0	0	0	0	0	0	0	0	0	0	0	0	0	0	0	0	0	0	0	0	0	0	0	0	0
25.001078682392755	2481	1769	0	0	0	0	0	0	0	0	0	0	0	0	0	0	0	0	0	0	0	0	0	0	0	0	0	0	0	0	0	0	0	0	0	0	0	0	0	0	0	0	0	0	0	0	0	0	0	0	0	0	0	0	0	0	0	0	1	0	0	0	0	0	0	0	0	0	0	0	0	0	0	0	0	0	0	0	0	0	0	0	0	0	0	0	0	0	0	0	0	0	0	0	0	0	0	0	0	0	0	0	0	0	0	0	0	0	0	0
30.00068910904891	2459	1766	0	0	0	0	0	5	0	0	0	0	0	0	0	0	0	0	0	0	0	0	0	0	0	0	0	0	0	0	0	0	0	0	0	0	0	0	0	0	0	0	0	0	0	0	0	0	0	0	0	0	0	0	0	0	0	0	8	1	0	0	0	0	0	0	0	0	0	0	0	0	0	0	0	0	0	0	0	0	0	0	0	0	0	0	0	0	0	0	0	0	0	0	0	0	0	0	0	0	0	0	0	0	0	0	0	0	0	0
35.00092787338063	2408	1755	0	0	0	0	0	16	5	1	0	0	0	0	0	0	0	0	0	0	0	0	0	0	0	0	0	0	0	0	0	0	0	0	0	0	0	0	0	0	0	0	0	0	0	0	0	0	0	0	0	0	0	0	0	0	0	0	20	8	2	0	0	0	0	0	0	0	0	0	0	0	0	0	0	0	0	0	0	0	0	0	0	0	0	0	0	0	0	0	0	0	0	0	0	0	0	0	0	0	0	0	0	0	0	0	0	0	0	0
40.00063376930851	2364	1744	0	0	0	0	0	42	23	7	4	0	0	0	0	0	0	0	0	0	0	0	0	0	0	0	0	0	0	0	0	0	0	0	0	0	0	0	0	0	0	0	0	0	0	0	0	0	0	0	0	0	0	0	0	0	0	0	23	14	9	3	0	0	0	0	0	0	0	0	0	0	0	0	0	0	0	0	0	0	0	0	0	0	0	0	0	0	0	0	0	0	0	0	0	0	0	0	0	0	0	0	0	0	0	0	0	0	0	0
45.00055221032953	2294	1736	0	0	0	0	0	67	48	17	12	0	0	0	0	0	0	0	0	0	0	0	0	0	0	0	0	0	0	0	0	0	0	0	0	0	0	0	0	0	0	0	0	0	0	0	0	0	0	0	0	0	0	0	0	0	0	0	34	20	13	9	0	0	0	0	0	0	0	0	0	0	0	0	0	0	0	0	0	0	0	0	0	0	0	0	0	0	0	0	0	0	0	0	0	0	0	0	0	0	0	0	0	0	0	0	0	0	0	0
50.00018723760992	2214	1723	0	0	0	0	0	106	78	42	24	0	0	0	0	0	0	0	0	0	0	0	0	0	0	0	0	0	0	0	0	0	0	0	0	0	0	0	0	0	0	0	0	0	0	0	0	0	0	0	0	0	0	0	0	0	0	0	41	27	21	20	0	0	0	0	0	0	0	0	0	0	0	0	0	0	0	0	0	0	0	0	0	0	0	0	0	0	0	0	0	0	0	0	0	0	0	0	0	0	0	0	0	0	0	0	0	0	0	0
55.00019580751486	2120	1720	0	0	0	0	0	148	122	70	50	0	0	0	0	0	0	0	0	0	0	0	0	0	0	0	0	0	0	0	0	0	0	0	0	0	0	0	0	0	0	0	0	0	0	0	0	0	0	0	0	0	0	0	0	0	0	0	50	38	27	28	0	0	0	0	0	0	0	0	0	0	0	0	0	0	0	0	0	0	0	0	0	0	0	0	0	0	0	0	0	0	0	0	0	0	0	0	0	0	0	0	0	0	0	0	0	0	0	0
60.0001273138495	2049	1710	0	0	0	0	0	213	167	120	82	0	0	0	0	0	0	0	0	0	0	0	0	0	0	0	0	0	0	0	0	0	0	0	0	0	0	0	0	0	0	0	0	0	0	0	0	0	0	0	0	0	0	0	0	0	0	0	58	48	38	36	0	0	0	0	0	0	0	0	0	0	0	0	0	0	0	0	0	0	0	0	0	0	0	0	0	0	0	0	0	0	0	0	0	0	0	0	0	0	0	0	0	0	0	0	0	0	0	0
65.0002849625125	1946	1701	0	0	0	0	0	281	221	169	127	0	0	0	0	0	0	0	0	0	0	0	0	0	0	0	0	0	0	0	0	0	0	0	0	0	0	0	0	0	0	0	0	0	0	0	0	0	0	0	0	0	0	0	0	0	0	0	62	55	51	45	3	0	0	0	0	0	0	0	0	0	0	0	0	0	0	0	0	0	0	0	0	0	0	0	0	0	0	0	0	0	0	0	0	0	0	0	0	0	0	0	0	0	0	0	0	0	0	0
70.00110639725888	1830	1684	4	0	0	0	0	338	301	227	196	0	0	0	0	0	0	0	0	0	0	0	0	0	0	0	0	0	0	0	0	0	0	0	0	0	0	0	0	0	0	0	0	0	0	0	0	0	0	0	0	0	0	0	0	0	0	0	65	59	56	58	22	0	0	0	0	0	0	0	0	0	0	0	0	0	0	0	0	0	0	0	0	0	0	0	0	0	0	0	0	0	0	0	0	0	0	0	0	0	0	0	0	0	0	0	0	0	0	0
75.00029396889468	1688	1665	16	0	0	0	0	412	369	295	288	1	0	0	0	0	0	0	0	0	0	0	0	0	0	0	0	0	0	0	0	0	0	0	0	0	0	0	0	0	0	0	0	0	0	0	0	0	0	0	0	0	0	0	0	0	0	0	73	65	60	67	47	0	0	0	0	0	0	0	0	0	0	0	0	0	0	0	0	0	0	0	0	0	0	0	0	0	0	0	0	0	0	0	0	0	0	0	0	0	0	0	0	0	0	0	0	0	0	0
80.00034568903968	1560	1634	38	0	0	0	0	502	451	358	398	1	0	0	0	0	0	0	0	0	0	0	0	0	0	0	0	0	0	0	0	0	0	0	0	0	0	0	0	0	0	0	0	0	0	0	0	0	0	0	0	0	0	0	0	0	0	0	80	69	65	72	62	0	0	0	0	0	0	0	0	0	0	0	0	0	0	0	0	0	0	0	0	0	0	0	0	0	0	0	0	0	0	0	0	0	0	0	0	0	0	0	0	0	0	0	0	0	0	0
85.00004778081085	1436	1592	70	0	0	0	0	608	538	435	506	0	0	0	0	0	0	0	0	0	0	0	0	0	0	0	0	0	0	0	0	0	0	0	0	0	0	0	0	0	0	0	0	0	0	0	0	0	0	0	0	0	0	0	0	0	0	0	85	75	72	78	68	0	0	0	0	0	0	0	0	0	0	0	0	0	0	0	0	0	0	0	0	0	0	0	0	0	0	0	0	0	0	0	0	0	0	0	0	0	0	0	0	0	0	0	0	0	0	0
90.00039706809868	1272	1533	116	0	0	0	0	709	628	516	644	1	0	0	0	0	0	0	0	0	0	0	0	0	0	0	0	0	0	0	0	0	0	0	0	0	0	0	0	0	0	0	0	0	0	0	0	0	0	0	0	0	0	0	0	0	0	0	94	84	79	89	76	0	0	0	0	0	0	0	0	0	0	0	0	0	0	0	0	0	0	0	0	0	0	0	0	0	0	0	0	0	0	0	0	0	0	0	0	0	0	0	0	0	0	0	0	0	0	0
95.00021948145093	1104	1464	177	0	0	0	0	817	719	608	832	0	0	0	0	0	0	0	0	0	0	0	0	0	0	0	0	0	0	0	0	0	0	0	0	0	0	0	0	0	0	0	0	0	0	0	0	0	0	0	0	0	0	0	0	0	0	0	101	91	89	98	83	0	0	0	0	0	0	0	0	0	0	0	0	0	0	0	0	0	0	0	0	0	0	0	0	0	0	0	0	0	0	0	0	0	0	0	0	0	0	0	0	0	0	0	0	0	0	0
100.00002537893336	922	1394	236	0	0	0	0	942	844	720	1008	0	0	0	0	0	0	0	0	0	0	0	0	0	0	0	0	0	0	0	0	0	0	0	0	0	0	0	0	0	0	0	0	0	0	0	0	0	0	0	0	0	0	0	0	0	0	0	110	101	94	107	96	0	0	0	0	0	0	0	0	0	0	0	0	0	0	0	0	0	0	0	0	0	0	0	0	0	0	0	0	0	0	0	0	0	0	0	0	0	0	0	0	0	0	0	0	0	0	0
105.00002064763125	684	1312	308	0	0	0	0	1068	977	814	1216	0	0	0	0	0	0	0	0	0	0	0	0	0	0	0	0	0	0	0	0	0	0	0	0	0	0	0	0	0	0	0	0	0	0	0	0	0	0	0	0	0	0	0	0	0	0	0	120	107	104	114	101	0	0	0	0	0	0	0	0	0	0	0	0	0	0	0	0	0	0	0	0	0	0	0	0	0	0	0	0	0	0	0	0	0	0	0	0	0	0	0	0	0	0	0	0	0	0	0
110.00001603940566	513	1229	385	0	0	0	0	1220	1108	939	1433	0	0	0	0	0	0	0	0	0	0	0	0	0	0	0	0	0	0	0	0	0	0	0	0	0	0	0	0	0	0	0	0	0	0	0	0	0	0	0	0	0	0	0	0	0	0	0	129	112	109	123	109	0	0	0	0	0	0	0	0	0	0	0	0	0	0	0	0	0	0	0	0	0	0	0	0	0	0	0	0	0	0	0	0	0	0	0	0	0	0	0	0	0	0	0	0	0	0	0
115.00003984366357	281	1132	475	0	0	0	0	1362	1235	1053	1675	0	0	0	0	0	0	0	0	0	0	0	0	0	0	0	0	0	0	0	0	0	0	0	0	0	0	0	0	0	0	0	0	0	0	0	0	0	0	0	0	0	0	0	0	0	0	0	134	121	117	132	117	0	0	0	0	0	0	0	0	0	0	0	0	0	0	0	0	0	0	0	0	0	0	0	0	0	0	0	0	0	0	0	0	0	0	0	0	0	0	0	0	0	0	0	0	0	0	0
120.00000152537456	103	1029	568	0	0	0	0	1515	1371	1179	1948	0	0	0	0	0	0	0	0	0	0	0	0	0	0	0	0	0	0	0	0	0	0	0	0	0	0	0	0	0	0	0	0	0	0	0	0	0	0	0	0	0	0	0	0	0	0	0	141	130	123	143	126	0	0	0	0	0	0	0	0	0	0	0	0	0	0	0	0	0	0	0	0	0	0	0	0	0	0	0	0	0	0	0	0	0	0	0	0	0	0	0	0	0	0	0	0	0	0	0
125.00005441791271	48	898	688	0	0	0	0	1676	1524	1306	2235	0	0	0	0	0	0	0	0	0	0	0	0	0	0	0	0	0	0	0	0	0	0	0	0	0	0	0	0	0	0	0	0	0	0	0	0	0	0	0	0	0	0	0	0	0	0	0	145	136	131	148	134	0	0	0	0	0	0	0	0	0	0	0	0	0	0	0	0	0	0	0	0	0	0	0	0	0	0	0	0	0	0	0	0	0	0	0	0	0	0	0	0	0	0	0	0	0	0	0
130.00001530707198	25	771	810	0	0	1	0	1827	1669	1434	2507	1	0	0	0	0	0	0	0	0	0	0	0	0	0	0	0	0	0	0	0	0	0	0	0	0	0	0	0	0	0	0	0	0	0	0	0	0	0	0	0	0	0	0	0	0	0	0	151	145	138	159	140	36	0	0	0	0	0	0	0	0	0	0	0	0	0	0	0	0	0	0	0	0	0	0	0	0	0	0	0	0	0	0	0	0	0	0	0	0	0	0	0	0	0	0	0	0	0	0
135.0000360254628	22	642	931	0	0	11	0	1987	1794	1547	2766	0	1	0	0	0	0	0	0	0	0	0	0	0	0	0	0	0	0	0	0	0	0	0	0	0	0	0	0	0	0	0	0	0	0	0	0	0	0	0	0	0	0	0	0	0	0	0	155	150	143	164	144	83	1	0	0	0	0	0	0	0	0	0	0	0	0	0	0	0	0	0	0	0	0	0	0	0	0	0	0	0	0	0	0	0	0	0	0	0	0	0	0	0	0	0	0	0	0	0
140.0001613162557	13	488	1074	0	0	19	0	2118	1903	1654	3049	0	1	0	0	0	0	0	0	0	0	0	0	0	0	0	0	0	0	0	0	0	0	0	0	0	0	0	0	0	0	0	0	0	0	0	0	0	0	0	0	0	0	0	0	0	0	0	163	158	150	174	151	112	5	0	0	0	0	0	0	0	0	0	0	0	0	0	0	0	0	0	0	0	0	0	0	0	0	0	0	0	0	0	0	0	0	0	0	0	0	0	0	0	0	0	0	0	0	0
145.00017834209422	13	343	1210	0	0	50	0	2233	2023	1755	3317	2	13	1	0	0	0	0	0	0	0	0	0	0	0	0	0	0	0	0	0	0	0	0	0	0	0	0	0	0	0	0	0	0	0	0	0	0	0	0	0	0	0	0	0	0	0	0	170	165	158	181	161	133	18	6	0	0	0	0	0	0	0	0	0	0	0	0	0	0	0	0	0	0	0	0	0	0	0	0	0	0	0	0	0	0	0	0	0	0	0	0	0	0	0	0	0	0	0	0
150.0002493949781	3	215	1327	0	0	92	0	2350	2128	1860	3555	0	22	8	0	0	0	0	0	0	0	0	0	0	0	0	0	0	0	0	0	0	0	0	0	0	0	0	0	0	0	0	0	0	0	0	0	0	0	0	0	0	0	0	0	0	0	0	176	171	165	187	167	143	26	15	0	0	0	0	0	0	0	0	0	0	0	0	0	0	0	0	0	0	0	0	0	0	0	0	0	0	0	0	0	0	0	0	0	0	0	0	0	0	0	0	0	0	0	0
155.00003112188074	10	88	1452	0	0	141	0	2458	2222	1954	3794	3	42	18	0	0	0	0	0	0	0	0	0	0	0	0	0	0	0	0	0	0	0	0	0	0	0	0	0	0	0	0	0	0	0	0	0	0	0	0	0	0	0	0	0	0	0	0	193	179	171	194	173	151	51	28	0	0	0	0	0	0	0	0	0	0	0	0	0	0	0	0	0	0	0	0	0	0	0	0	0	0	0	0	0	0	0	0	0	0	0	0	0	0	0	0	0	0	0	0
160.00012477156116	6	1	1539	0	0	197	0	2572	2322	2052	3978	34	76	35	0	0	0	0	0	0	0	0	0	0	0	0	0	0	0	0	0	0	0	0	0	0	0	0	0	0	0	0	0	0	0	0	0	0	0	0	0	0	0	0	0	0	0	0	204	193	172	197	183	157	62	43	0	0	0	0	0	0	0	0	0	0	0	0	0	0	0	0	0	0	0	0	0	0	0	0	0	0	0	0	0	0	0	0	0	0	0	0	0	0	0	0	0	0	0	0
165.00006923365984	6	0	1530	0	0	284	0	2688	2418	2130	4092	136	107	60	0	0	0	0	0	0	0	0	0	0	0	0	0	0	0	0	0	0	0	0	0	0	0	0	0	0	0	0	0	0	0	0	0	0	0	0	0	0	0	0	0	0	0	0	206	203	191	204	188	161	74	59	0	0	0	0	0	0	0	0	0	0	0	0	0	0	0	0	0	0	0	0	0	0	0	0	0	0	0	0	0	0	0	0	0	0	0	0	0	0	0	0	0	0	0	0
170.0001035530819	8	0	1522	0	0	353	0	2782	2510	2230	4209	236	144	89	1	0	0	0	0	0	0	0	0	0	0	0	0	0	0	0	0	0	0	0	0	0	0	0	0	0	0	0	0	0	0	0	0	0	0	0	0	0	0	0	0	0	0	0	209	208	202	226	192	172	84	72	14	1	2	0	0	0	0	0	0	0	0	0	0	0	0	0	0	0	0	0	0	0	0	0	0	0	0	0	0	0	0	0	0	0	0	0	0	0	0	0	0	0	0	0
175.00000036565834	5	0	1526	0	0	457	0	2872	2613	2332	4309	331	174	128	4	0	0	0	0	0	0	0	0	0	0	0	0	0	0	0	0	0	0	0	0	0	0	0	0	0	0	0	0	0	0	0	0	0	0	0	0	0	0	0	0	0	0	0	218	211	207	234	195	178	103	81	43	7	3	3	3	2	2	0	0	0	0	0	0	0	0	0	0	0	0	0	0	0	0	0	0	0	0	0	0	0	0	0	0	0	0	0	0	0	0	0	0	0	0	0
180.00010770208627	5	0	1524	0	0	545	0	2970	2709	2408	4404	421	230	157	21	2	2	1	0	0	0	0	0	0	0	0	0	0	0	0	0	0	0	0	0	0	0	0	0	0	0	0	0	0	0	0	0	0	0	0	0	0	0	0	0	0	0	0	228	217	212	236	204	189	123	99	59	9	5	9	7	5	5	1	1	0	0	0	0	0	0	0	0	0	0	0	0	0	0	0	0	0	0	0	0	0	0	0	0	0	0	0	0	0	0	0	0	0	0	0
185.00001285047938	3	0	1528	0	0	613	0	3070	2797	2491	4513	491	282	202	39	7	4	5	0	1	0	0	0	0	0	0	0	0	0	0	0	0	0	0	0	0	0	0	0	0	0	0	0	0	0	0	0	0	0	0	0	0	0	0	0	0	0	0	241	230	218	243	209	195	140	122	73	10	8	9	12	11	12	6	3	2	2	0	0	0	0	0	0	0	0	0	0	0	0	0	0	0	0	0	0	0	0	0	0	0	0	0	0	0	0	0	0	0	0	0
190.00004650546998	4	2	1532	0	2	690	0	3159	2878	2560	4621	544	330	243	68	16	6	6	2	4	0	0	0	0	0	0	0	0	0	0	0	0	0	0	0	0	0	0	0	0	0	0	0	0	0	0	0	0	0	0	0	0	0	0	0	0	0	0	244	241	232	252	216	206	150	137	93	15	10	14	21	23	18	17	17	10	7	7	0	0	0	0	0	0	0	0	0	0	0	0	0	0	0	0	0	0	0	0	0	0	0	0	0	0	0	0	0	0	0	0
195.00001721731542	2	0	1534	0	7	749	0	3227	2966	2649	4712	624	387	297	96	18	11	9	4	10	0	1	0	0	0	0	0	0	0	0	0	0	0	0	0	0	0	0	0	0	0	0	0	0	0	0	0	0	0	0	0	0	0	0	0	0	0	0	252	247	242	267	223	212	164	150	111	25	14	24	36	35	28	29	29	20	18	18	3	3	1	0	0	0	0	0	0	0	0	0	0	0	0	0	0	0	0	0	0	0	0	0	0	0	0	0	0	0	0	0
200.00000172562255	2	0	1529	0	11	813	1	3318	3047	2726	4788	704	440	353	133	27	15	12	8	17	1	4	6	2	0	1	0	0	0	0	0	0	0	0	0	0	0	0	0	0	0	0	0	0	0	0	0	0	0	0	0	0	0	0	0	0	0	0	256	253	246	281	238	216	169	163	120	33	28	44	41	43	39	50	44	37	24	31	13	12	6	8	6	0	0	0	0	0	0	0	0	0	0	0	0	0	0	0	0	0	0	0	0	0	0	0	0	0	0	0
205.0000091195641	1	0	1518	0	22	874	3	3391	3111	2801	4871	785	484	392	170	33	22	17	17	29	0	6	10	5	1	7	0	1	1	0	0	0	0	0	0	0	0	0	0	0	0	0	0	0	0	0	0	0	0	0	0	0	0	0	0	0	0	0	263	258	253	288	250	218	181	168	133	36	35	47	66	68	66	61	57	52	44	52	20	12	6	11	10	0	0	0	0	0	0	0	0	0	0	0	0	0	0	0	0	0	0	0	0	0	0	0	0	0	0	0
210.00004865666236	3	0	1518	0	31	933	5	3447	3175	2868	4969	850	546	435	212	40	29	27	32	44	1	13	19	12	0	18	0	10	2	1	0	0	0	0	0	0	0	0	0	0	0	0	0	0	0	0	0	0	0	0	0	0	0	0	0	0	0	0	270	264	260	291	253	234	199	178	155	40	37	61	85	84	75	94	86	66	60	64	36	45	46	37	13	8	5	2	0	0	0	0	0	0	0	0	0	0	0	0	0	0	0	0	0	0	0	0	0	0	0	0
215.00001440872256	1	0	1507	0	44	958	15	3509	3242	2928	5039	911	580	477	252	52	38	35	53	57	1	25	30	23	1	27	0	18	4	3	1	0	0	0	0	0	0	0	0	0	0	0	0	0	0	0	0	0	0	0	0	0	0	0	0	0	0	0	273	271	263	300	258	238	213	194	166	50	40	66	94	91	90	116	104	99	92	88	50	61	54	66	58	18	12	13	12	10	1	0	0	0	0	0	0	0	0	0	0	0	0	0	0	0	0	0	0	0	0	0
220.00000191138128	3	0	1496	0	61	1003	28	3558	3290	2974	5099	970	621	517	297	57	48	48	65	73	0	37	54	33	2	43	0	35	9	13	5	0	2	1	2	1	0	0	0	0	0	0	0	0	0	0	0	0	0	0	0	0	0	0	0	0	0	0	281	275	267	306	265	244	226	208	180	59	54	79	99	100	99	129	125	119	103	124	69	88	69	66	67	30	21	18	16	16	11	10	8	8	1	0	0	0	0	0	0	0	0	0	0	0	0	0	0	0	0	0
225.00002291342125	2	0	1484	0	80	1020	40	3613	3335	3012	5154	1034	667	571	342	70	57	60	87	90	0	61	72	53	2	66	0	48	19	24	12	0	5	3	7	3	0	0	0	0	0	0	0	0	0	0	0	0	0	0	0	0	0	0	0	0	0	0	291	284	275	315	273	250	242	220	191	67	65	100	127	125	116	142	138	133	128	153	109	131	123	120	92	73	59	47	38	29	17	12	18	14	7	8	8	0	0	0	0	0	0	0	0	0	0	0	0	0	0	0
230.00001589467735	3	0	1461	0	105	1046	50	3655	3373	3061	5207	1096	707	606	381	80	70	75	109	104	0	81	92	79	1	83	0	65	38	44	23	0	7	5	11	5	0	1	2	4	0	0	0	0	0	0	0	0	0	0	0	0	0	0	0	0	0	0	298	293	285	323	286	255	251	241	206	75	73	112	147	142	120	161	161	149	138	169	128	152	148	165	137	83	80	82	80	78	33	19	27	27	26	20	14	1	0	0	0	0	0	0	0	0	0	0	0	0	0	0
235.000008382494	1	0	1448	0	118	1059	69	3701	3404	3098	5243	1144	736	640	417	86	85	94	129	119	7	105	112	98	4	108	9	85	56	61	38	0	9	12	20	11	0	3	5	5	2	2	0	0	0	0	0	0	0	0	0	0	0	0	0	0	0	0	298	298	295	332	294	259	267	250	213	81	76	121	161	154	142	174	163	161	161	181	141	167	162	188	173	114	95	88	85	83	59	51	51	42	31	27	27	9	2	0	0	0	0	0	0	0	0	0	0	0	0	0
240.00000087409467	2	0	1427	0	139	1055	89	3732	3435	3149	5299	1190	765	672	455	93	91	111	148	144	0	129	131	121	2	136	20	109	71	84	56	0	21	19	28	24	1	7	7	8	5	6	0	0	0	0	0	0	0	0	0	0	0	0	0	0	0	0	301	299	297	342	298	265	283	264	226	88	84	129	175	173	163	193	191	187	164	202	152	187	180	210	191	165	150	134	123	116	62	53	78	74	69	58	43	20	11	2	0	0	0	0	0	0	0	0	0	0	0	0
245.00000219175723	1	0	1412	0	159	1083	102	3774	3467	3188	5338	1236	800	707	491	102	99	127	167	163	1	154	148	140	10	163	30	132	93	106	78	0	30	33	39	32	5	14	12	10	9	7	2	0	0	0	0	0	0	0	0	0	0	0	0	0	0	0	317	303	299	344	308	278	295	275	243	92	85	130	184	184	180	230	216	198	173	208	166	196	183	215	211	202	192	190	178	169	87	68	90	83	80	78	73	30	47	15	0	0	0	0	0	0	0	0	0	0	0	0
250.00000532885068	0	0	1393	0	177	1118	124	3807	3501	3220	5386	1272	824	732	521	114	111	137	189	180	1	179	162	152	2	190	42	155	110	126	100	4	47	40	57	41	11	18	17	15	14	13	4	0	0	0	0	0	0	0	0	0	0	0	0	0	0	0	329	319	304	346	315	283	306	293	251	92	88	136	194	191	186	246	238	229	202	245	170	198	190	222	214	226	220	216	210	203	134	123	127	109	91	93	83	63	70	62	1	0	0	0	0	0	0	0	0	0	0	0
255.00000751486942	1	0	1378	0	196	1124	145	3853	3533	3258	5433	1303	843	764	551	120	119	151	205	204	2	196	181	173	3	216	55	169	131	146	121	5	61	54	79	62	15	25	26	20	17	22	6	0	0	0	0	0	0	0	0	0	0	0	0	0	0	0	345	339	321	357	324	289	320	303	275	97	92	147	205	199	190	255	251	249	234	262	172	198	190	222	221	247	247	240	233	227	200	188	210	191	154	135	107	78	105	90	9	0	0	0	0	0	0	0	0	0	0	0
260.00001068637886	0	0	1361	0	214	1159	161	3878	3564	3281	5464	1335	864	793	581	125	125	160	238	223	2	213	206	194	3	244	74	192	144	161	137	8	76	74	95	81	22	39	36	29	27	28	13	0	0	0	0	0	0	0	0	0	0	0	0	0	0	0	350	344	337	374	330	294	330	315	292	103	92	151	215	214	203	258	258	256	239	280	196	222	204	226	222	255	254	250	249	247	233	231	271	255	226	214	183	93	132	125	13	1	0	0	0	0	0	0	0	0	0	0
265.0000058955431	1	0	1354	0	226	1197	169	3916	3588	3307	5495	1367	890	818	616	134	131	174	254	241	5	235	223	212	3	266	98	207	152	182	161	17	92	90	121	93	33	59	59	39	39	37	18	1	3	1	1	0	0	0	0	0	0	0	0	0	0	0	359	351	346	392	333	303	336	327	304	112	95	151	215	215	215	282	273	263	246	289	223	262	256	264	227	267	265	262	261	257	249	248	305	291	283	273	247	123	160	162	29	10	10	2	0	0	0	0	0	0	0	0
270.00000493946027	0	0	1340	0	245	1233	177	3954	3614	3329	5526	1399	907	854	647	138	139	180	268	253	3	259	238	228	4	286	118	237	168	192	171	26	109	115	133	111	59	75	75	57	55	48	29	3	8	3	2	0	0	0	0	0	0	0	0	0	0	0	362	358	350	397	344	310	351	334	315	116	104	162	215	215	215	294	292	289	278	315	250	302	286	308	291	267	267	267	267	267	261	256	312	310	310	309	290	173	195	197	35	14	26	15	0	0	0	0	0	0	0	0
275.00001283031816	0	0	1330	0	261	1230	195	3974	3635	3351	5563	1420	929	875	683	144	149	195	285	276	3	271	264	239	8	299	138	253	186	206	190	36	124	136	149	127	80	92	96	79	68	60	37	5	15	11	3	0	0	0	0	0	0	0	0	0	0	0	367	363	359	404	346	318	366	347	330	122	115	175	232	229	217	299	298	297	293	334	292	349	344	363	330	275	268	268	268	268	266	267	332	324	312	312	312	218	232	239	41	23	43	32	3	0	0	0	0	0	0	0
280.0000044732543	1	0	1329	0	269	1254	200	3993	3664	3371	5596	1441	953	896	713	151	155	208	295	289	4	291	283	261	8	323	158	271	205	225	208	53	144	157	167	145	98	109	115	99	91	79	55	7	23	20	3	0	0	0	0	0	0	0	0	0	0	0	371	367	363	412	349	323	378	362	352	126	118	179	252	243	219	301	301	300	297	348	309	366	354	390	384	338	322	301	288	281	267	268	342	336	335	335	324	239	271	291	49	35	75	55	14	0	0	0	0	0	0	0
285.00000189272845	0	0	1315	0	283	1263	221	4019	3688	3386	5621	1465	979	922	736	160	161	218	310	307	4	307	301	282	7	340	179	291	228	251	227	77	167	174	181	153	114	119	134	112	104	89	77	7	35	29	6	0	1	2	0	0	0	0	0	0	0	0	379	373	367	418	361	333	390	376	368	144	131	195	262	248	219	303	303	301	300	358	325	381	372	405	405	376	360	354	347	344	285	274	350	347	345	343	337	239	285	330	56	39	85	83	36	0	0	0	0	0	0	0
290.00001280801655	0	0	1302	0	298	1255	238	4032	3707	3409	5650	1480	1000	943	768	167	168	231	328	322	1	321	318	291	3	353	200	318	241	267	246	97	186	184	192	166	134	134	153	131	126	109	100	15	49	44	8	0	5	3	0	0	0	0	0	0	0	0	386	383	373	422	377	342	403	383	384	154	148	205	279	269	255	315	303	303	303	360	336	396	391	426	406	431	412	397	387	378	318	306	385	374	358	351	348	288	298	357	65	44	94	85	57	0	0	0	0	0	0	0
295.00000435336307	1	0	1289	0	308	1272	239	4044	3725	3431	5672	1501	1030	956	798	174	175	241	342	337	3	340	329	302	6	369	225	335	260	285	270	120	204	197	208	181	152	154	176	150	143	120	117	22	59	65	9	0	10	6	0	0	0	0	0	0	0	0	388	386	383	430	391	354	414	392	395	156	152	223	305	298	278	351	341	329	307	367	345	410	405	446	434	459	446	443	438	426	362	348	409	398	390	389	370	338	364	376	72	53	101	99	83	12	0	0	0	0	0	0
300.0000035058073	2	0	1282	0	316	1265	249	4059	3744	3448	5697	1518	1055	979	827	180	184	253	362	352	8	371	347	324	6	389	245	346	274	307	297	139	229	213	226	199	170	162	193	175	161	135	137	35	77	85	13	0	12	7	0	0	0	0	0	0	0	0	405	393	386	442	399	363	436	403	405	169	164	227	311	307	288	366	364	359	326	390	349	412	406	453	453	469	460	461	460	459	414	401	477	464	434	411	398	345	429	439	76	60	125	114	85	26	1	1	0	0	0	0
305.0000064364771	1	0	1281	0	327	1297	273	4079	3762	3469	5722	1548	1069	988	854	185	189	265	385	367	6	385	360	340	5	410	265	365	290	331	317	158	246	232	247	220	186	176	213	192	176	150	159	51	92	104	14	0	14	11	0	0	0	0	0	0	0	0	421	408	393	442	406	369	456	427	420	179	171	245	330	317	298	387	378	371	364	433	355	418	413	462	456	493	492	482	475	470	459	460	554	527	494	477	459	371	449	520	89	71	144	129	98	38	22	21	13	1	0	0
310.00000424752267	0	0	1266	0	343	1305	275	4099	3776	3484	5752	1566	1092	1011	877	190	194	281	401	384	3	400	381	364	13	429	278	381	306	348	340	174	276	250	263	239	205	195	244	214	186	165	175	73	107	124	16	1	19	16	0	0	0	0	0	0	0	0	425	422	406	454	412	373	463	444	435	181	172	251	336	335	323	400	389	387	380	450	364	428	416	463	463	514	510	502	497	494	474	474	573	569	567	555	521	400	474	552	109	74	164	158	113	54	33	29	28	23	0	0
315.0000079888893	0	0	1253	0	356	1288	284	4112	3788	3501	5776	1582	1114	1041	891	195	201	285	415	390	2	411	394	376	10	445	296	403	326	369	362	197	294	266	281	256	222	210	260	241	215	186	194	88	127	142	18	1	23	23	0	0	0	0	0	0	0	0	427	427	423	474	422	380	466	461	446	190	180	251	343	340	328	416	416	409	390	462	412	487	473	498	473	524	519	516	516	515	494	490	609	603	592	576	567	423	493	583	116	84	169	166	131	67	59	52	41	33	9	1
320.00000417147845	0	0	1238	0	366	1278	300	4124	3809	3513	5794	1602	1128	1063	912	203	206	294	426	405	6	426	404	391	10	468	324	428	338	380	381	217	313	287	298	276	237	237	280	261	236	215	218	107	139	164	23	2	26	28	0	0	0	2	1	2	0	0	430	429	427	484	425	385	476	466	455	191	180	258	351	351	345	423	423	416	416	491	431	508	508	555	539	529	529	528	528	528	496	491	623	619	613	612	599	462	495	613	122	95	184	177	158	76	90	84	71	60	25	25
325.0000004099382	0	0	1220	0	378	1270	305	4143	3820	3525	5815	1619	1139	1073	930	211	211	302	443	413	5	443	423	408	10	491	338	449	355	399	398	240	340	306	322	290	265	260	293	284	256	239	241	123	167	185	28	5	32	32	2	0	0	4	2	3	0	0	434	431	427	490	432	390	482	469	467	196	180	258	354	354	353	449	439	425	423	499	437	511	508	568	566	544	532	530	530	529	521	513	632	627	626	624	619	500	510	618	129	97	193	190	166	103	103	102	95	89	36	33
330.000009880872	0	0	1211	0	395	1252	319	4163	3841	3544	5831	1639	1158	1091	942	220	214	314	462	426	2	451	433	423	11	509	354	459	374	419	415	269	355	323	343	313	285	272	321	300	280	253	269	139	187	214	29	6	39	40	3	0	0	6	2	5	0	0	438	436	431	490	443	394	494	473	489	198	191	258	354	354	354	455	455	452	443	518	473	547	533	576	571	600	575	556	551	546	529	530	677	672	656	637	627	551	547	633	129	99	199	196	176	124	133	124	112	103	54	61
335.0000036101091	0	0	1206	0	402	1262	328	4177	3858	3563	5842	1660	1171	1106	956	224	220	322	473	442	5	467	450	436	10	534	371	476	394	431	437	295	369	336	367	335	307	288	344	320	300	278	290	160	207	231	35	7	46	47	7	0	0	8	2	7	0	3	450	443	433	496	444	397	509	482	505	206	196	280	372	372	357	459	459	455	455	546	491	571	563	611	588	636	631	624	613	601	550	543	688	680	681	678	675	598	609	671	133	108	211	201	191	141	155	152	149	134	66	84
340.0000046864548	0	0	1201	0	415	1289	340	4186	3865	3585	5855	1681	1189	1123	974	233	226	330	481	453	2	479	463	456	15	546	386	495	410	444	458	322	385	351	391	352	323	302	360	351	329	306	317	177	228	247	39	9	53	56	12	0	1	12	9	16	0	5	452	451	445	501	452	398	518	498	522	206	196	281	382	381	358	459	459	459	457	551	503	576	571	637	633	647	645	642	642	641	614	605	738	713	695	689	682	645	709	734	141	129	246	223	196	165	186	186	177	158	109	110
345.00000073426736	0	0	1196	0	417	1370	360	4199	3881	3597	5874	1700	1205	1138	993	240	234	336	494	464	6	495	479	472	12	562	402	514	430	460	472	346	399	368	410	363	337	320	381	374	353	323	338	200	246	266	43	11	57	62	19	0	2	20	13	20	0	6	456	454	451	516	464	399	527	508	537	215	198	281	383	381	358	459	459	459	459	556	529	605	586	643	638	668	655	650	649	649	638	632	787	786	764	747	712	668	776	832	158	133	259	257	200	171	223	215	198	186	123	150
350.00000704374696	0	0	1179	0	430	1401	379	4211	3899	3605	5888	1718	1214	1150	1007	246	240	343	510	473	4	513	489	488	12	582	419	529	450	479	486	362	414	380	428	378	359	339	400	398	377	348	355	213	267	281	48	13	66	70	23	0	5	22	20	25	0	9	456	456	456	520	470	401	529	524	539	231	226	308	390	381	368	467	459	459	459	558	551	642	631	685	659	713	695	682	673	667	648	647	797	797	792	789	784	678	811	902	176	141	268	259	222	175	241	240	238	226	133	161
355.0000036500193	1	0	1167	0	441	1423	389	4226	3910	3621	5897	1736	1233	1169	1022	252	245	348	518	487	5	539	504	506	11	594	437	546	467	505	497	385	433	398	439	388	379	358	421	421	403	366	367	241	294	296	50	14	73	80	27	0	10	25	27	31	3	12	467	460	456	525	474	403	531	527	545	231	226	316	409	400	387	476	477	475	463	564	557	653	648	703	684	727	726	720	717	712	672	671	827	821	813	801	797	722	817	960	185	149	274	274	257	182	250	250	249	243	168	186
360.0000007179142	0	0	1153	0	453	1454	398	4235	3919	3635	5907	1749	1247	1182	1038	258	250	356	537	497	2	547	519	512	12	607	458	563	481	529	520	403	453	418	463	407	400	378	441	441	424	383	388	261	321	318	51	19	77	85	30	0	11	33	37	36	4	15	473	471	461	528	481	404	532	532	550	235	228	317	413	404	392	501	492	478	477	577	559	657	653	731	725	754	733	731	728	726	717	712	869	856	846	832	819	789	846	974	196	167	295	274	259	198	255	255	254	252	221	238
365.00000124552923	0	0	1150	0	455	1455	415	4249	3929	3644	5923	1765	1260	1198	1050	267	259	361	547	503	8	555	530	529	14	619	469	576	495	538	541	420	468	446	484	429	412	400	457	456	451	409	414	286	347	338	53	24	83	92	42	0	18	41	46	44	5	21	477	476	471	538	499	411	533	532	556	240	229	319	413	404	392	509	509	500	497	588	565	666	662	742	731	774	773	770	762	752	729	727	910	909	891	871	856	803	918	1004	200	175	308	297	274	201	280	271	261	255	245	259
370.00000653807166	0	0	1139	0	469	1503	421	4261	3938	3654	5937	1782	1277	1208	1060	272	264	372	561	516	7	568	540	539	18	630	482	593	512	555	557	442	487	465	503	446	425	420	475	478	473	430	433	313	371	358	60	32	91	95	49	0	25	49	51	56	7	28	483	479	476	546	504	427	540	535	580	257	247	341	438	432	427	523	511	509	504	613	581	687	684	763	742	817	798	784	780	776	765	756	929	921	918	912	905	825	924	1084	210	190	328	316	274	208	288	286	284	280	255	308
375.00000735514664	0	0	1133	0	483	1482	435	4271	3950	3665	5953	1795	1293	1216	1069	275	268	383	576	521	3	578	552	551	14	640	515	605	528	576	581	465	500	482	521	462	449	437	502	498	491	450	449	340	389	391	68	35	102	100	55	1	32	56	57	63	10	34	485	485	479	552	515	457	559	537	605	264	248	341	449	440	428	548	544	529	516	625	595	702	694	782	774	828	825	823	821	819	781	774	961	951	947	935	921	830	932	1089	224	193	341	337	297	253	291	291	291	289	260	313
380.000001863745	0	0	1114	0	494	1459	442	4278	3961	3675	5968	1805	1306	1231	1079	278	273	390	588	526	5	595	565	559	18	655	531	617	545	592	605	484	518	505	539	486	467	457	528	522	509	473	470	365	411	422	77	39	112	106	59	2	36	60	68	71	15	41	488	487	485	557	520	479	588	549	627	278	266	349	459	449	433	548	548	548	543	654	614	722	720	812	792	841	839	838	833	831	822	812	992	973	969	963	951	855	952	1104	225	201	349	347	315	262	313	300	297	291	267	327
385.0000019261776	0	0	1097	0	500	1445	442	4286	3968	3691	5974	1812	1312	1243	1092	284	280	400	591	533	5	610	579	565	15	672	544	637	559	609	622	509	537	525	561	499	489	475	552	538	532	488	497	388	438	443	82	44	119	115	64	4	43	65	74	81	20	48	499	491	489	563	524	491	611	569	635	293	281	369	473	464	452	568	553	548	548	671	622	736	733	821	818	875	868	858	851	844	836	827	1021	1020	1010	996	975	897	1010	1122	226	213	370	361	337	262	366	361	347	317	273	327
390.0000028909551	0	0	1088	0	507	1460	459	4300	3977	3698	5979	1823	1321	1257	1111	291	289	409	606	540	7	618	592	578	13	687	559	655	577	623	641	535	554	549	574	520	504	491	583	561	546	511	528	410	465	466	86	47	124	121	71	7	49	73	83	87	30	54	504	501	492	568	526	507	630	599	635	300	293	396	494	480	458	575	575	575	551	671	625	739	737	835	832	896	890	884	880	878	846	834	1041	1039	1032	1026	1020	916	1066	1179	238	213	377	377	348	267	373	372	370	367	273	337
395.00000079015007	0	0	1079	0	513	1480	471	4316	3982	3707	5991	1833	1334	1271	1123	297	293	419	610	550	7	629	607	587	14	700	576	675	592	640	661	556	573	571	593	542	522	511	602	591	570	543	552	426	488	492	92	51	138	129	79	10	54	85	87	98	38	59	519	511	501	577	536	508	650	625	636	301	293	398	506	497	477	594	578	576	575	682	627	741	739	843	839	925	918	910	905	900	869	862	1077	1064	1048	1044	1039	971	1091	1241	249	222	389	377	360	289	375	373	373	373	320	356
400.00001109066187	1	0	1066	0	523	1513	485	4321	3988	3722	6000	1848	1355	1284	1135	302	302	433	614	559	7	639	617	603	12	717	592	688	607	664	685	572	595	585	608	560	541	530	626	614	587	562	572	452	510	522	98	53	146	143	80	13	66	98	96	104	46	67	521	520	512	582	541	512	670	643	636	301	294	403	507	498	477	601	601	601	579	708	628	743	739	845	844	942	936	927	926	925	906	902	1118	1108	1085	1077	1064	1022	1141	1273	255	226	390	390	377	294	393	385	378	376	334	382
405.00000090971344	0	0	1059	0	527	1538	496	4331	3995	3734	6009	1863	1368	1293	1151	310	306	440	623	566	11	651	631	617	16	728	612	701	633	677	707	592	617	609	619	584	555	543	650	630	616	574	593	466	534	540	103	56	153	149	88	18	71	112	106	116	54	75	524	523	520	594	553	518	674	666	651	303	294	405	515	506	479	601	601	601	579	712	658	779	763	853	847	950	945	944	944	944	922	916	1141	1141	1128	1123	1104	1046	1167	1324	261	226	390	390	377	324	410	407	401	393	343	417
410.00000150561675	1	0	1049	0	535	1542	509	4340	4001	3742	6022	1874	1381	1304	1164	316	309	446	632	576	10	660	646	631	14	741	625	711	655	687	721	616	646	631	635	604	565	558	665	649	641	597	620	492	555	566	111	64	158	158	94	26	81	117	113	120	57	83	529	526	524	600	559	531	682	678	666	309	295	405	520	508	479	601	601	601	601	724	702	825	804	885	857	957	956	954	952	951	934	928	1156	1149	1142	1141	1141	1060	1169	1359	271	228	392	390	390	340	422	415	413	411	348	421
415.0000010386527	0	0	1043	0	548	1516	520	4353	4016	3755	6036	1882	1393	1314	1185	320	317	454	641	583	5	672	662	645	7	748	638	723	675	706	739	634	664	650	652	623	583	582	682	676	668	625	637	510	577	588	113	67	162	161	98	31	87	125	117	127	64	92	536	530	524	606	563	534	700	681	694	328	325	436	526	508	479	601	601	601	601	740	712	848	843	951	921	962	958	958	958	958	942	931	1158	1158	1156	1157	1149	1061	1175	1362	273	228	392	392	390	369	450	447	440	423	369	439
420.00000093865356	0	0	1046	0	551	1508	522	4364	4030	3769	6055	1890	1411	1326	1195	324	324	466	656	592	8	683	679	662	12	767	653	738	690	720	745	664	679	661	665	641	602	598	707	702	686	650	663	534	606	610	118	73	174	166	105	36	94	130	125	137	70	103	540	538	525	606	569	536	706	691	721	331	325	442	551	535	506	601	601	601	601	741	717	850	848	964	959	975	965	962	962	962	957	958	1195	1180	1162	1158	1157	1101	1221	1370	273	228	397	395	391	377	490	477	466	451	384	461
425.00000042262957	0	0	1044	0	565	1506	525	4373	4042	3778	6064	1907	1426	1336	1212	332	328	471	671	604	6	699	693	671	15	781	669	752	703	738	766	686	693	679	689	665	614	612	722	717	707	676	685	552	630	643	120	79	183	176	114	42	105	140	137	147	76	111	540	540	531	607	579	542	706	702	742	343	338	461	569	561	538	639	622	608	601	741	740	877	868	970	964	1031	1004	988	980	976	962	962	1216	1210	1206	1199	1178	1133	1299	1410	280	232	399	399	392	380	517	516	514	491	427	496
430.00000046715945	1	0	1035	0	575	1561	546	4381	4059	3788	6069	1923	1437	1345	1222	337	336	484	678	616	7	712	699	676	12	795	682	771	715	754	787	702	715	691	705	681	624	632	753	740	737	704	709	573	651	671	124	82	190	182	121	49	112	156	142	157	85	121	549	542	540	620	585	547	712	709	757	351	340	461	600	598	578	674	659	648	628	749	740	881	878	993	988	1087	1074	1064	1047	1033	980	974	1236	1227	1225	1216	1212	1135	1341	1488	289	273	437	407	395	390	536	534	530	517	460	550
435.0000115087111	2	0	1038	0	580	1592	560	4387	4071	3800	6081	1935	1447	1357	1246	342	341	487	685	624	8	725	711	683	13	808	696	786	728	773	811	726	740	706	723	707	643	645	775	761	749	731	725	606	665	691	133	86	195	191	128	55	122	166	150	167	90	132	559	552	542	627	596	553	719	712	790	358	342	461	602	600	586	709	695	682	665	792	741	883	883	1002	998	1090	1089	1089	1089	1088	1022	1008	1253	1242	1239	1237	1227	1146	1345	1543	302	277	469	458	399	390	554	549	542	537	501	578
440.00000193126505	0	0	1022	0	587	1596	576	4399	4081	3811	6090	1944	1462	1369	1265	343	343	505	698	637	6	736	722	697	9	822	716	803	742	789	824	747	763	720	744	729	658	655	794	779	769	747	744	629	690	716	139	90	208	197	136	62	127	176	158	172	102	141	563	560	553	632	604	577	728	716	803	390	388	490	605	604	600	710	710	710	692	814	746	887	883	1008	1002	1115	1101	1093	1091	1091	1056	1044	1304	1290	1271	1257	1242	1180	1349	1563	306	285	489	474	406	392	556	555	555	554	515	616
445.0000006790504	0	0	1008	0	599	1584	580	4411	4090	3819	6100	1958	1475	1380	1280	354	348	508	708	645	7	751	736	709	15	837	724	816	758	812	840	757	788	742	760	739	676	672	816	806	798	767	763	653	708	742	148	97	218	207	147	70	136	182	165	181	109	149	570	567	559	647	607	592	751	725	808	390	388	511	645	629	602	725	720	710	710	854	746	887	885	1008	1008	1130	1124	1122	1119	1115	1070	1063	1336	1332	1318	1301	1284	1182	1393	1584	312	301	504	493	453	392	565	563	558	557	523	622
450.00000793185166	1	0	1001	0	606	1592	582	4422	4097	3824	6110	1974	1494	1390	1297	355	353	513	715	657	10	767	745	722	15	858	731	832	773	826	855	777	798	757	776	756	695	693	841	824	822	790	789	671	727	765	154	104	224	213	160	74	147	203	174	194	115	161	571	570	567	654	607	597	776	747	824	392	390	515	649	640	626	741	726	726	725	856	749	888	885	1012	1011	1138	1136	1132	1132	1131	1112	1105	1367	1352	1339	1336	1331	1194	1396	1628	318	305	514	510	474	396	569	569	569	566	523	625
455.00000082240774	0	0	980	0	628	1568	591	4429	4109	3840	6122	1980	1506	1404	1311	359	358	522	726	663	7	777	768	736	13	873	742	847	785	839	870	791	816	776	803	773	717	710	858	847	845	817	806	687	750	804	159	108	230	223	166	80	153	212	184	208	124	168	581	574	570	659	608	602	790	772	830	402	392	518	665	665	663	766	755	754	728	876	770	908	893	1012	1012	1146	1145	1143	1143	1139	1132	1131	1416	1403	1389	1370	1351	1237	1396	1636	325	307	524	523	493	401	578	574	569	569	542	638
460.00000363749285	0	0	972	0	636	1566	602	4439	4116	3845	6131	1997	1516	1419	1318	363	367	532	735	671	7	793	780	748	17	883	758	860	791	859	884	800	834	789	827	790	736	724	883	878	862	838	825	714	777	831	162	114	239	229	169	89	156	224	195	218	133	181	590	587	574	663	619	607	793	792	833	402	392	518	665	665	664	796	796	773	757	896	862	1005	985	1082	1034	1152	1152	1149	1148	1146	1143	1139	1427	1421	1419	1418	1403	1262	1428	1637	326	312	537	531	510	415	586	585	584	579	569	683
465.00000888530803	0	0	959	0	646	1568	614	4450	4129	3856	6144	2010	1529	1440	1326	365	370	536	752	683	7	806	791	755	18	895	777	873	803	873	894	821	860	811	841	813	758	737	908	902	878	852	851	733	800	852	167	119	249	237	179	94	169	229	203	227	142	190	594	591	589	671	629	615	798	793	833	402	392	518	665	665	664	796	796	796	796	934	876	1024	1023	1155	1133	1156	1155	1154	1154	1154	1148	1148	1446	1446	1434	1428	1421	1279	1473	1670	326	321	553	540	523	457	595	593	591	588	569	693
470.00000171982794	0	0	939	0	658	1574	621	4465	4136	3866	6153	2023	1540	1451	1337	369	375	540	768	696	8	826	803	764	14	910	792	886	817	898	907	844	881	834	857	834	777	753	927	932	892	865	876	751	819	875	173	125	257	252	185	101	179	233	211	239	151	197	600	594	592	685	637	619	810	796	840	402	395	519	665	665	665	797	796	796	796	951	906	1051	1040	1166	1157	1183	1165	1158	1157	1156	1154	1153	1453	1449	1448	1448	1446	1346	1500	1716	330	322	554	554	531	481	626	615	603	595	574	700
475.0000116931029	0	0	938	0	666	1582	625	4474	4147	3876	6162	2039	1558	1467	1350	376	384	554	780	704	13	838	812	777	23	927	803	899	830	906	928	863	902	857	873	855	791	770	944	953	912	888	891	765	836	901	179	130	267	256	196	109	190	243	216	251	164	211	600	600	594	690	648	635	821	807	859	406	396	525	673	673	669	803	801	798	797	952	930	1078	1064	1194	1184	1275	1240	1209	1196	1183	1157	1155	1456	1456	1455	1453	1449	1352	1553	1756	340	322	554	554	540	497	673	662	650	629	576	704
480.0000063666969	0	0	917	0	686	1587	653	4477	4160	3888	6164	2050	1569	1480	1361	383	391	562	797	716	6	851	826	793	21	937	817	924	838	924	943	877	920	874	892	882	806	793	960	979	928	906	912	780	863	927	181	134	274	271	206	115	199	255	224	260	177	223	609	600	600	697	655	642	835	812	880	413	400	532	673	673	673	817	809	806	803	959	951	1105	1104	1245	1218	1305	1302	1291	1284	1274	1198	1191	1480	1469	1462	1459	1456	1361	1570	1817	349	322	557	556	554	499	700	691	685	674	599	735
485.0000009118976	0	0	918	0	686	1576	674	4492	4173	3899	6176	2058	1583	1499	1374	387	397	564	807	724	13	867	839	806	16	954	828	938	855	938	960	895	938	889	918	902	821	808	976	986	959	932	930	796	883	953	187	139	279	280	214	121	214	264	231	262	184	236	611	609	600	698	659	655	851	832	896	428	419	554	683	680	675	826	824	820	813	965	953	1109	1107	1248	1245	1337	1321	1311	1306	1305	1261	1246	1537	1526	1504	1486	1469	1389	1573	1842	361	322	564	560	554	515	707	707	707	700	642	758
490.0000026951219	0	0	905	0	698	1583	686	4501	4183	3904	6187	2069	1604	1505	1383	396	402	571	820	735	11	881	848	811	13	975	843	955	867	956	980	913	953	909	936	924	840	823	996	1016	980	960	953	820	908	981	193	141	287	290	223	126	221	273	241	271	187	241	612	612	610	703	666	664	857	850	905	431	420	554	703	694	682	826	826	826	823	982	956	1112	1108	1253	1247	1370	1353	1343	1341	1339	1308	1306	1614	1599	1560	1538	1524	1437	1576	1843	366	336	566	566	556	528	718	710	707	707	685	817
495.0000000373223	0	0	885	0	708	1608	672	4508	4189	3910	6197	2079	1615	1511	1395	401	407	579	833	742	9	893	861	823	30	990	853	974	879	979	996	927	973	923	950	947	859	840	1024	1043	996	975	969	843	937	998	199	147	300	304	233	139	231	282	250	277	194	251	615	612	612	710	678	675	868	858	905	436	421	556	707	707	705	837	835	831	826	991	961	1117	1113	1254	1254	1399	1397	1383	1376	1369	1342	1337	1654	1645	1632	1619	1595	1467	1587	1845	366	359	607	582	560	547	740	730	725	719	706	848
500.00000628576527	0	0	882	0	719	1596	688	4515	4199	3919	6203	2088	1630	1513	1407	410	411	585	841	750	12	902	874	835	18	1000	874	986	894	1002	1009	948	990	942	962	962	877	856	1041	1070	1021	998	989	868	964	1019	204	156	308	319	243	145	243	289	264	287	196	262	619	617	612	714	689	685	880	868	929	451	448	586	720	711	705	859	859	844	835	994	979	1138	1130	1266	1256	1408	1401	1399	1399	1399	1361	1350	1676	1675	1667	1657	1643	1513	1645	1856	366	365	612	610	566	554	756	749	744	743	707	868
505.0000034128369	0	0	873	0	730	1611	695	4523	4209	3925	6216	2100	1641	1524	1423	416	418	593	852	757	11	916	890	846	21	1009	899	1000	914	1016	1018	966	1008	958	982	980	887	870	1065	1095	1044	1021	1021	883	987	1045	208	163	319	325	257	157	250	303	275	303	208	274	620	620	616	715	694	691	892	876	941	461	455	593	737	728	707	860	860	860	859	1018	992	1152	1146	1278	1261	1416	1414	1410	1408	1408	1363	1351	1682	1680	1677	1676	1675	1563	1722	1915	370	366	632	627	580	554	777	777	771	757	714	871
510.0000027932122	0	0	857	0	743	1629	705	4532	4218	3934	6225	2104	1659	1533	1437	427	426	606	858	767	8	925	898	859	13	1019	909	1022	934	1029	1034	983	1026	980	999	990	902	882	1094	1120	1061	1044	1058	907	1013	1078	216	167	330	333	267	161	257	313	282	315	215	287	627	622	619	720	698	693	905	888	954	466	456	594	738	728	707	860	860	860	860	1030	1003	1171	1161	1305	1278	1421	1418	1417	1417	1417	1367	1354	1682	1682	1682	1682	1681	1596	1759	1999	383	366	640	636	610	558	788	788	784	778	725	883
515.0000006727383	0	0	859	0	740	1623	710	4538	4226	3942	6231	2114	1676	1542	1453	430	432	614	866	775	20	938	910	875	17	1029	922	1036	953	1051	1052	997	1039	997	1018	1016	916	897	1119	1142	1077	1070	1080	924	1035	1101	221	172	341	337	275	172	266	320	288	323	225	295	629	627	622	725	700	694	918	899	977	468	456	595	750	750	750	881	860	860	860	1033	1026	1200	1193	1334	1320	1429	1427	1427	1426	1423	1411	1401	1715	1703	1686	1682	1682	1650	1834	2044	394	370	649	644	627	560	797	795	793	789	736	893
520.0000081313501	0	0	844	0	759	1647	720	4549	4233	3952	6240	2123	1685	1560	1462	435	442	620	873	784	10	947	916	882	19	1038	935	1056	974	1067	1070	1013	1057	1016	1041	1043	934	912	1143	1156	1107	1100	1104	945	1051	1125	229	178	350	345	279	177	274	330	296	330	233	303	637	630	626	731	705	697	923	914	987	468	456	595	753	753	752	911	909	894	865	1038	1030	1206	1202	1364	1357	1449	1442	1441	1436	1431	1424	1418	1762	1759	1736	1718	1702	1675	1861	2120	406	378	658	657	637	566	797	797	797	797	744	899
525.0000000406469	0	0	838	0	762	1633	728	4556	4240	3969	6254	2133	1691	1568	1474	438	447	627	886	793	14	953	925	888	13	1050	946	1072	987	1089	1087	1038	1073	1034	1064	1061	962	934	1160	1180	1122	1129	1125	967	1073	1157	237	185	359	354	283	185	285	344	304	345	236	316	649	639	631	736	712	705	925	925	995	468	458	601	753	753	753	915	911	911	902	1071	1034	1214	1209	1372	1365	1489	1480	1464	1457	1451	1438	1435	1781	1775	1766	1764	1760	1684	1918	2154	425	389	667	658	645	595	797	797	797	797	745	899
530.0000156782967	0	0	824	0	775	1656	722	4564	4250	3976	6265	2142	1698	1576	1479	445	448	635	896	805	7	969	937	897	28	1063	959	1086	998	1104	1111	1053	1095	1056	1082	1082	971	950	1183	1200	1138	1146	1146	991	1095	1190	239	190	364	362	290	192	300	348	314	358	247	323	651	650	637	744	714	707	925	925	1005	468	458	601	765	765	757	918	916	916	914	1095	1040	1217	1213	1381	1372	1532	1518	1505	1496	1491	1453	1446	1795	1795	1793	1783	1774	1697	1931	2211	431	395	674	667	657	610	813	813	807	797	786	918
535.0000002304142	0	0	808	0	782	1695	751	4577	4253	3984	6268	2151	1712	1589	1488	452	454	646	905	815	10	977	953	912	19	1080	965	1106	1014	1120	1126	1072	1110	1072	1096	1098	990	965	1206	1225	1167	1165	1163	1012	1127	1221	243	195	373	371	301	198	316	358	327	367	258	334	654	651	650	753	715	714	925	925	1009	475	460	601	768	768	763	921	918	918	917	1102	1057	1235	1225	1383	1381	1539	1538	1536	1533	1532	1470	1460	1815	1812	1799	1795	1794	1761	1955	2231	440	400	674	674	658	631	852	841	830	813	797	975
540.0000053076569	0	0	802	0	787	1683	768	4583	4263	3991	6279	2158	1721	1599	1504	454	458	652	912	828	11	992	967	923	19	1093	980	1119	1028	1136	1143	1097	1127	1093	1117	1119	1009	992	1226	1249	1188	1180	1186	1048	1146	1236	246	199	383	375	311	207	327	368	338	381	265	344	668	654	653	764	720	727	931	925	1023	484	467	601	768	768	768	929	929	928	918	1108	1064	1243	1238	1400	1394	1550	1548	1547	1546	1542	1477	1464	1818	1816	1816	1815	1812	1771	2020	2260	442	424	710	687	667	638	880	872	865	851	806	977
545.0000011241942	0	0	793	0	798	1712	778	4595	4270	3997	6284	2165	1736	1607	1516	459	467	660	925	840	10	998	980	929	20	1109	990	1127	1041	1155	1160	1112	1145	1112	1134	1143	1025	1008	1253	1270	1208	1216	1208	1077	1162	1259	254	204	389	385	316	212	337	378	353	391	275	359	674	670	655	768	727	735	951	928	1032	489	474	614	782	776	770	940	939	931	929	1123	1080	1263	1252	1405	1400	1558	1558	1558	1557	1553	1496	1486	1837	1830	1824	1823	1816	1771	2038	2329	446	426	715	715	674	647	897	896	895	881	829	997
550.0000042901104	0	0	780	0	803	1744	780	4599	4278	4004	6292	2173	1747	1620	1530	465	473	671	936	848	13	1007	995	938	28	1121	1000	1146	1062	1170	1175	1130	1167	1136	1153	1167	1046	1023	1275	1292	1229	1243	1233	1104	1175	1286	261	207	398	389	322	223	345	387	364	405	287	369	680	675	670	774	732	745	958	936	1047	491	474	614	782	782	770	940	940	940	940	1133	1102	1285	1266	1430	1430	1572	1562	1558	1558	1558	1517	1508	1869	1868	1852	1841	1831	1790	2041	2350	460	426	719	719	684	653	907	907	900	897	859	1019
555.0000081294461	0	0	749	0	823	1751	787	4608	4285	4013	6299	2181	1763	1632	1543	474	478	678	941	859	6	1014	1009	946	23	1128	1012	1167	1071	1186	1194	1145	1180	1156	1166	1178	1062	1039	1303	1313	1249	1256	1254	1125	1203	1303	266	212	403	402	330	232	352	398	376	419	289	383	684	681	677	788	739	756	974	948	1049	493	474	614	782	782	770	942	942	941	940	1137	1123	1317	1316	1485	1444	1578	1578	1578	1578	1573	1517	1509	1875	1874	1870	1869	1865	1824	2048	2363	462	445	736	723	715	653	921	918	911	908	859	1037
560.0000019103675	0	0	731	0	836	1722	796	4623	4290	4020	6306	2194	1778	1648	1555	478	484	682	955	868	12	1025	1023	961	21	1135	1018	1177	1085	1202	1216	1161	1202	1170	1182	1194	1082	1050	1327	1336	1276	1277	1269	1150	1228	1321	270	217	410	407	338	244	365	405	385	433	308	392	689	686	682	797	745	768	989	966	1049	504	492	634	788	784	770	942	942	942	942	1139	1130	1321	1316	1497	1495	1609	1599	1581	1579	1578	1521	1509	1878	1876	1875	1875	1874	1844	2083	2371	465	459	763	753	719	653	921	921	921	921	862	1039
565.0000017292137	0	0	727	0	834	1720	810	4632	4298	4026	6317	2201	1791	1662	1565	479	487	686	960	881	20	1038	1038	969	23	1143	1030	1193	1107	1219	1229	1184	1218	1187	1203	1205	1099	1068	1346	1357	1297	1308	1292	1168	1243	1354	279	221	418	421	345	250	375	409	400	442	322	397	692	690	686	804	754	776	998	982	1049	504	492	634	802	796	784	944	942	942	942	1144	1137	1333	1331	1512	1501	1624	1612	1609	1609	1609	1521	1509	1879	1879	1879	1879	1876	1857	2104	2408	468	461	776	774	723	653	923	921	921	921	866	1039
570.0000040751895	0	0	706	0	849	1697	812	4642	4303	4033	6329	2203	1802	1673	1577	483	495	696	965	889	17	1049	1048	980	20	1154	1049	1203	1128	1238	1245	1205	1240	1201	1216	1228	1121	1087	1366	1371	1321	1335	1318	1188	1265	1385	283	230	430	429	358	260	383	419	410	454	338	405	693	692	690	811	763	786	1009	994	1049	504	492	634	802	796	784	957	957	952	942	1145	1139	1339	1337	1521	1510	1675	1663	1647	1635	1625	1521	1509	1879	1879	1879	1879	1879	1857	2131	2426	475	465	784	779	753	656	930	927	924	923	881	1043
575.0000059370686	0	0	693	0	861	1710	836	4650	4309	4040	6341	2216	1811	1693	1593	487	502	700	973	896	18	1058	1054	988	24	1165	1060	1221	1149	1250	1264	1228	1261	1227	1227	1250	1141	1103	1388	1397	1337	1358	1337	1207	1292	1413	288	235	437	439	367	268	399	425	418	464	345	424	703	693	692	814	770	793	1022	1005	1049	504	492	634	802	796	784	960	959	958	957	1161	1145	1344	1340	1527	1523	1690	1682	1680	1679	1670	1530	1512	1879	1879	1879	1879	1879	1879	2139	2465	481	467	790	788	773	687	940	938	935	930	909	1101
580.0000042847762	0	0	685	0	866	1715	845	4657	4318	4047	6348	2220	1817	1703	1611	494	509	708	983	912	19	1074	1063	999	22	1172	1068	1229	1161	1275	1281	1253	1276	1237	1242	1267	1162	1117	1406	1420	1346	1380	1354	1230	1312	1449	296	247	448	446	373	278	408	439	431	480	357	435	710	706	694	817	779	796	1034	1014	1054	519	507	638	803	803	803	966	964	960	960	1166	1147	1349	1344	1533	1528	1699	1696	1695	1694	1689	1574	1557	1904	1891	1879	1879	1879	1879	2160	2483	487	475	801	792	780	688	948	943	943	940	912	1104
585.0000002460368	0	0	679	0	876	1685	853	4663	4323	4055	6357	2231	1830	1715	1619	495	512	711	996	922	17	1084	1072	1010	25	1194	1079	1242	1183	1291	1297	1276	1301	1265	1259	1288	1181	1141	1419	1450	1367	1394	1378	1244	1343	1475	304	251	456	459	384	286	416	449	448	492	369	450	714	710	706	824	788	803	1042	1016	1067	529	522	660	826	817	805	989	981	967	965	1171	1154	1357	1355	1542	1533	1717	1709	1706	1703	1701	1643	1635	1988	1964	1927	1907	1890	1879	2168	2505	492	480	810	807	788	700	976	976	967	949	924	1113
590.0000073290526	0	0	673	0	883	1681	870	4674	4333	4059	6365	2239	1844	1730	1630	501	520	721	1014	928	20	1091	1082	1018	21	1206	1094	1259	1198	1314	1324	1304	1322	1286	1276	1311	1196	1150	1439	1468	1383	1409	1406	1269	1364	1502	309	255	465	465	392	293	427	461	464	504	380	459	721	714	710	834	797	812	1050	1026	1089	535	531	680	845	830	809	989	989	989	982	1180	1168	1375	1361	1547	1540	1726	1724	1723	1720	1715	1646	1639	2016	2016	2008	1990	1953	1879	2168	2523	499	480	810	810	792	707	981	980	978	976	942	1141
595.0000003444134	1	0	671	0	896	1666	873	4687	4345	4066	6374	2247	1856	1737	1641	508	525	733	1020	934	19	1098	1095	1032	21	1219	1108	1269	1221	1332	1348	1322	1338	1306	1290	1324	1217	1170	1462	1490	1402	1437	1426	1286	1381	1524	314	257	473	477	398	301	432	468	477	515	386	465	727	726	715	842	804	814	1065	1043	1117	547	534	681	850	841	828	993	991	989	989	1205	1178	1386	1381	1573	1561	1734	1734	1734	1731	1723	1660	1648	2027	2023	2018	2018	2016	1884	2169	2531	500	484	811	811	808	776	1002	1000	992	981	950	1146
600.0000040979711	0	0	666	0	910	1646	885	4701	4351	4073	6382	2253	1872	1749	1650	516	528	740	1024	943	14	1110	1103	1042	21	1232	1120	1284	1240	1355	1360	1345	1361	1315	1312	1343	1237	1191	1485	1513	1431	1462	1443	1304	1413	1557	317	263	482	484	402	304	441	481	484	524	393	478	731	728	726	846	812	817	1067	1061	1139	555	546	696	859	859	857	1014	1014	1000	993	1207	1185	1392	1386	1582	1578	1743	1743	1742	1736	1726	1670	1660	2042	2041	2033	2028	2023	1921	2172	2541	504	485	811	811	810	781	1031	1015	1003	1002	957	1147
