>time	Ribosome	coli Pol	coli Pol-P	coli Pol-2.0	coli Pol-P-2.0	gp1	gp1-3.5	gp0.3	gp0.4	gp0.5	gp0.6A	gp0.7	gp1.1	gp1.2	gp1.3	gp1.4	gp1.5	gp1.6	gp1.7	gp1.8	gp2.0	gp2.5	gp2.8	gp3.0	gp3.5	gp3.8	gp4A	gp4.2	gp4.3	gp4.5	gp4.7	gp5.0	gp5.3	gp5.5	gp5.7	gp5.9	gp6.0	gp6.3	gp6.5	gp6.7	gp7	gp7.3	gp7.7	gp8	gp9	gp10A	gp11	gp12	gp13	gp14	gp15	gp16	gp17	gp17.5	gp18	gp18.5	gp19	gp19.5
0.002956720124148189	0	0	0	0	0	0	0	0	0	0	0	0	0	0	0	0	0	0	0	0	0	0	0	0	0	0	0	0	0	0	0	0	0	0	0	0	0	0	0	0	0	0	0	0	0	0	0	0	0	0	0	0	0	0	0	0	0	0
5.006394157994776	0	0	0	0	0	0	0	0	0	0	0	0	0	0	0	0	0	0	0	0	0	0	0	0	0	0	0	0	0	0	0	0	0	0	0	0	0	0	0	0	0	0	0	0	0	0	0	0	0	0	0	0	0	0	0	0	0	0
10.004942451453173	0	0	0	0	0	0	0	0	0	0	0	0	0	0	0	0	0	0	0	0	0	0	0	0	0	0	0	0	0	0	0	0	0	0	0	0	0	0	0	0	0	0	0	0	0	0	0	0	0	0	0	0	0	0	0	0	0	0
15.003280739093347	0	0	0	0	0	0	0	0	0	0	0	0	0	0	0	0	0	0	0	0	0	0	0	0	0	0	0	0	0	0	0	0	0	0	0	0	0	0	0	0	0	0	0	0	0	0	0	0	0	0	0	0	0	0	0	0	0	0
20.001844369974	0	0	0	0	0	0	0	0	0	0	0	0	0	0	0	0	0	0	0	0	0	0	0	0	0	0	0	0	0	0	0	0	0	0	0	0	0	0	0	0	0	0	0	0	0	0	0	0	0	0	0	0	0	0	0	0	0	0
25.000821372978496	0	0	0	0	0	0	0	0	0	0	0	0	0	0	0	0	0	0	0	0	0	0	0	0	0	0	0	0	0	0	0	0	0	0	0	0	0	0	0	0	0	0	0	0	0	0	0	0	0	0	0	0	0	0	0	0	0	0
30.0002981050151	0	0	0	0	0	0	0	351	0	0	0	0	0	0	0	0	0	0	0	0	0	0	0	0	0	0	0	0	0	0	0	0	0	0	0	0	0	0	0	0	0	0	0	0	0	0	0	0	0	0	0	0	0	0	0	0	0	0
35.000370523643085	0	0	0	0	0	0	0	2925	104	56	0	0	0	0	0	0	0	0	0	0	0	0	0	0	0	0	0	0	0	0	0	0	0	0	0	0	0	0	0	0	0	0	0	0	0	0	0	0	0	0	0	0	0	0	0	0	0	0
40.00012372887839	0	0	0	0	0	0	0	6201	1300	448	106	0	0	0	0	0	0	0	0	0	0	0	0	0	0	0	0	0	0	0	0	0	0	0	0	0	0	0	0	0	0	0	0	0	0	0	0	0	0	0	0	0	0	0	0	0	0	0
45.00011270675182	0	0	0	0	0	0	0	10062	2808	1568	742	0	0	0	0	0	0	0	0	0	0	0	0	0	0	0	0	0	0	0	0	0	0	0	0	0	0	0	0	0	0	0	0	0	0	0	0	0	0	0	0	0	0	0	0	0	0	0
50.000313540236256	0	0	0	0	0	0	0	16380	4680	2968	2279	0	0	0	0	0	0	0	0	0	0	0	0	0	0	0	0	0	0	0	0	0	0	0	0	0	0	0	0	0	0	0	0	0	0	0	0	0	0	0	0	0	0	0	0	0	0	0
55.000483158053946	0	0	0	0	0	0	0	22113	7384	5376	4134	0	0	0	0	0	0	0	0	0	0	0	0	0	0	0	0	0	0	0	0	0	0	0	0	0	0	0	0	0	0	0	0	0	0	0	0	0	0	0	0	0	0	0	0	0	0	0
60.000054990813474	0	0	0	0	0	0	0	29484	10088	8120	7155	0	0	0	0	0	0	0	0	0	0	0	0	0	0	0	0	0	0	0	0	0	0	0	0	0	0	0	0	0	0	0	0	0	0	0	0	0	0	0	0	0	0	0	0	0	0	0
65.00008814900183	0	0	0	0	0	0	0	37674	13572	10584	9911	0	0	0	0	0	0	0	0	0	0	0	0	0	0	0	0	0	0	0	0	0	0	0	0	0	0	0	0	0	0	0	0	0	0	0	0	0	0	0	0	0	0	0	0	0	0	0
70.00010971942676	0	0	0	0	0	0	0	46566	17524	14392	13144	1436	0	0	0	0	0	0	0	0	0	0	0	0	0	0	0	0	0	0	0	0	0	0	0	0	0	0	0	0	0	0	0	0	0	0	0	0	0	0	0	0	0	0	0	0	0	0
75.00014560738013	0	0	0	0	0	0	0	56628	21424	18704	16960	6462	0	0	0	0	0	0	0	0	0	0	0	0	0	0	0	0	0	0	0	0	0	0	0	0	0	0	0	0	0	0	0	0	0	0	0	0	0	0	0	0	0	0	0	0	0	0
80.00008185461776	0	0	0	0	0	0	0	67158	26936	23632	21518	16514	0	0	0	0	0	0	0	0	0	0	0	0	0	0	0	0	0	0	0	0	0	0	0	0	0	0	0	0	0	0	0	0	0	0	0	0	0	0	0	0	0	0	0	0	0	0
85.00016074629008	0	0	0	0	0	0	0	79560	32032	29232	26553	30874	0	0	0	0	0	0	0	0	0	0	0	0	0	0	0	0	0	0	0	0	0	0	0	0	0	0	0	0	0	0	0	0	0	0	0	0	0	0	0	0	0	0	0	0	0	0
90.00003262912763	0	0	0	0	0	0	0	93249	37596	33768	31747	47029	0	0	0	0	0	0	0	0	0	0	0	0	0	0	0	0	0	0	0	0	0	0	0	0	0	0	0	0	0	0	0	0	0	0	0	0	0	0	0	0	0	0	0	0	0	0
95.00015552606811	0	0	0	0	0	0	0	106353	42848	39928	37153	69287	0	0	0	0	0	0	0	0	0	0	0	0	0	0	0	0	0	0	0	0	0	0	0	0	0	0	0	0	0	0	0	0	0	0	0	0	0	0	0	0	0	0	0	0	0	0
100.00015330396454	0	0	0	0	0	0	0	121797	48828	46368	43407	92622	0	0	0	0	0	0	0	0	0	0	0	0	0	0	0	0	0	0	0	0	0	0	0	0	0	0	0	0	0	0	0	0	0	0	0	0	0	0	0	0	0	0	0	0	0	0
105.00019495882871	0	0	0	0	0	0	0	137826	55224	52864	49237	118470	0	0	0	0	0	0	0	0	0	0	0	0	0	0	0	0	0	0	0	0	0	0	0	0	0	0	0	0	0	0	0	0	0	0	0	0	0	0	0	0	0	0	0	0	0	0
110.00030848841688	0	0	0	0	0	0	0	153387	61776	59976	56763	151498	0	0	0	0	0	0	0	0	0	0	0	0	0	0	0	0	0	0	0	0	0	0	0	0	0	0	0	0	0	0	0	0	0	0	0	0	0	0	0	0	0	0	0	0	0	0
115.00011342424116	0	0	0	0	0	0	0	168714	70356	66640	63812	188475	0	0	0	0	0	0	0	0	0	0	0	0	0	0	0	0	0	0	0	0	0	0	0	0	0	0	0	0	0	0	0	0	0	0	0	0	0	0	0	0	0	0	0	0	0	0
120.0000121453562	0	0	0	0	0	0	0	186966	77740	74312	72133	224016	0	0	0	0	0	0	0	0	0	0	0	0	0	0	0	0	0	0	0	0	0	0	0	0	0	0	0	0	0	0	0	0	0	0	0	0	0	0	0	0	0	0	0	0	0	0
125.00005196362552	0	0	0	0	0	0	0	206973	85696	82600	79659	268891	0	0	0	0	0	0	0	0	0	0	0	0	0	0	0	0	0	0	0	0	0	0	0	0	0	0	0	0	0	0	0	0	0	0	0	0	0	0	0	0	0	0	0	0	0	0
130.00017361610807	0	0	0	0	0	883	0	224523	93704	90104	88298	313048	0	0	0	0	0	0	0	0	0	0	0	0	0	0	0	0	0	0	0	0	0	0	0	0	0	0	0	0	0	0	0	0	0	0	0	0	0	0	0	0	0	0	0	0	0	0
135.00005337599862	0	0	0	0	0	15894	0	244530	99840	97160	95506	361872	0	0	0	0	0	0	0	0	0	0	0	0	0	0	0	0	0	0	0	0	0	0	0	0	0	0	0	0	0	0	0	0	0	0	0	0	0	0	0	0	0	0	0	0	0	0
140.00026090313497	0	0	0	0	0	35320	0	259389	105716	103992	102025	409260	168	0	0	0	0	0	0	0	0	0	0	0	0	0	0	0	0	0	0	0	0	0	0	0	0	0	0	0	0	0	0	0	0	0	0	0	0	0	0	0	0	0	0	0	0	0
145.00009406936772	0	0	0	0	0	83002	0	273546	111332	110544	108756	460238	420	86	0	0	0	0	0	0	0	0	0	0	0	0	0	0	0	0	0	0	0	0	0	0	0	0	0	0	0	0	0	0	0	0	0	0	0	0	0	0	0	0	0	0	0	0
150.00006995824438	0	0	0	0	0	120971	0	287118	116740	115976	115063	510139	1050	860	0	0	0	0	0	0	0	0	0	0	0	0	0	0	0	0	0	0	0	0	0	0	0	0	0	0	0	0	0	0	0	0	0	0	0	0	0	0	0	0	0	0	0	0
155.00002989416538	0	0	0	0	0	168653	0	299871	122200	121464	120681	556809	2058	2322	0	0	0	0	0	0	0	0	0	0	0	0	0	0	0	0	0	0	0	0	0	0	0	0	0	0	0	0	0	0	0	0	0	0	0	0	0	0	0	0	0	0	0	0
160.0000162808025	0	0	0	0	0	226048	0	312741	127712	126728	126511	598812	3318	3870	0	0	0	0	0	0	0	0	0	0	0	0	0	0	0	0	0	0	0	0	0	0	0	0	0	0	0	0	0	0	0	0	0	0	0	0	0	0	0	0	0	0	0	0
165.00015705990128	0	0	0	0	0	290507	0	323856	132496	131936	131864	641892	4914	6708	0	0	0	0	0	0	0	0	0	0	0	0	0	0	0	0	0	0	0	0	0	0	0	0	0	0	0	0	0	0	0	0	0	0	0	0	0	0	0	0	0	0	0	0
170.00000758835753	0	0	0	0	0	372626	0	334503	137488	136248	136793	685690	6426	9546	718	0	0	0	0	0	0	0	0	0	0	0	0	0	0	0	0	0	0	0	0	0	0	0	0	0	0	0	0	0	0	0	0	0	0	0	0	0	0	0	0	0	0	0
175.0001816466423	0	0	0	0	0	464458	0	346203	142272	140784	141404	723026	8064	12814	3231	102	0	0	0	0	0	0	0	0	0	0	0	0	0	0	0	0	0	0	0	0	0	0	0	0	0	0	0	0	0	0	0	0	0	0	0	0	0	0	0	0	0	0
180.00002754981725	0	0	0	0	0	552758	0	358488	146484	145096	146015	754618	10080	15738	8616	306	0	0	0	0	0	0	0	0	0	0	0	0	0	0	0	0	0	0	0	0	0	0	0	0	0	0	0	0	0	0	0	0	0	0	0	0	0	0	0	0	0	0
185.0000222158812	0	0	0	0	0	645473	0	369018	151008	149408	150732	786569	11802	19694	15437	459	87	0	0	48	66	0	0	0	0	0	0	0	0	0	0	0	0	0	0	0	0	0	0	0	0	0	0	0	0	0	0	0	0	0	0	0	0	0	0	0	0	0
190.00006592627267	0	0	0	0	0	732007	0	379197	155168	154224	155396	824264	13818	23564	26925	816	145	344	197	240	396	0	0	0	0	0	0	0	0	0	0	0	0	0	0	0	0	0	0	0	0	0	0	0	0	0	0	0	0	0	0	0	0	0	0	0	0	0
195.00002610775022	0	0	0	0	0	815009	0	387972	159172	158536	159689	859805	16002	27434	38413	1173	290	602	591	672	792	0	0	149	0	0	0	0	0	0	0	0	0	0	0	0	0	0	0	0	0	0	0	0	0	0	0	0	0	0	0	0	0	0	0	0	0	0
200.00003856438676	0	0	0	0	0	891830	0	398034	162968	161672	163770	892833	18648	32164	51696	1683	406	1204	1576	1104	1518	232	560	298	304	121	0	0	0	0	0	0	0	0	0	0	0	0	0	0	0	0	0	0	0	0	0	0	0	0	0	0	0	0	0	0	0	0
205.00004957390075	0	0	0	0	0	977481	0	406224	166712	165424	168487	924425	20538	35948	68928	1938	551	1548	2758	1632	1914	1856	1400	1490	760	484	0	112	70	0	0	0	0	0	0	0	0	0	0	0	0	0	0	0	0	0	0	0	0	0	0	0	0	0	0	0	0	0
210.00000096176623	0	0	0	0	0	1054302	0	412191	170508	168952	172197	953145	22554	38958	85801	2448	754	2408	4728	2160	2640	4640	3080	2533	1672	1210	0	224	70	89	135	0	0	0	0	0	0	0	0	0	0	0	0	0	0	0	0	0	0	0	0	0	0	0	0	0	0	0
215.00000212349303	0	0	0	0	0	1124942	0	422019	173784	172760	175218	982224	24738	43774	101238	2652	1131	3268	7486	2928	3300	8120	4200	3874	3800	2904	0	336	140	178	135	0	0	0	0	0	0	0	0	0	0	0	0	0	0	0	0	0	0	0	0	0	0	0	0	0	0	0
220.00000478388506	0	0	0	0	0	1199114	0	429507	177060	175728	178716	1011303	26880	47472	115598	3060	1363	4300	10638	3792	4158	10440	6440	5364	5624	4235	0	896	560	267	405	0	0	0	0	53	0	0	0	0	0	0	0	0	0	0	0	0	0	0	0	0	0	0	0	0	0	0
225.0000040849528	0	0	0	0	0	1279467	0	438165	180128	178472	181790	1042177	28896	51686	132471	3621	1653	5676	13593	4368	4818	12760	9240	6556	7904	6050	0	1792	1120	712	675	0	118	204	210	53	0	0	84	0	0	0	0	0	0	0	0	0	0	0	0	0	0	0	0	0	0	0
230.00000171519898	0	0	0	0	0	1354522	0	444717	183300	181608	184228	1067666	30534	55212	151139	4131	2059	6880	17139	5328	5940	17864	11620	7748	8664	7260	0	2912	1750	1335	1215	0	118	204	280	159	0	37	420	178	0	0	0	0	0	0	0	0	0	0	0	0	0	0	0	0	0	0
235.00001641468313	0	0	0	0	0	1418098	0	451269	185796	184296	186772	1084180	31752	58394	171602	4692	2204	8084	21867	6192	6864	21808	13720	10281	10792	8954	2830	4144	2660	2581	2565	0	1062	306	420	212	0	111	756	356	0	202	0	0	0	0	0	0	0	0	0	0	0	0	0	0	0	0
240.00000109884124	0	0	0	0	0	1490504	0	457119	187928	186816	189316	1103566	33138	61490	188475	5610	2407	8858	25413	6912	8118	27840	17360	14751	12312	11253	5094	6384	3920	4361	4590	0	1534	816	630	265	300	259	1008	712	266	404	650	0	0	0	0	0	0	0	0	0	0	0	0	0	0	0
245.0000070498232	0	0	0	0	0	1554963	0	463320	190476	189336	191383	1124029	34524	63726	205707	6171	2813	9718	28762	7440	9108	30624	20720	17582	14896	13310	7358	8400	5250	5785	6885	0	2360	1734	1260	795	900	481	1848	1246	798	1111	1300	0	0	0	0	0	0	0	0	0	0	0	0	0	0	0
250.00001539956327	0	0	0	0	0	1616773	0	468000	191880	191800	193980	1145569	36330	66306	221503	6834	3016	10406	31914	8016	10164	36888	23240	20413	17784	16093	12452	10864	6790	6853	9180	0	3422	2958	2030	1484	1500	925	2436	2225	2261	1414	1690	0	0	0	0	0	0	0	0	0	0	0	0	0	0	0
255.0000030058203	0	0	0	0	0	1686530	0	472329	193336	194376	196471	1161006	37464	69488	237299	7446	3335	11868	35263	8448	11616	40600	26600	22648	19912	18150	19244	12432	7700	8455	12555	704	5074	3570	2870	1802	2400	1184	3444	3382	3990	2323	2470	0	307	0	0	0	0	0	0	0	0	0	0	0	0	0
260.00000953297297	0	0	0	0	0	1745691	0	477477	194584	196616	198273	1176802	38850	72068	250941	7905	3596	12384	39203	9264	12738	44544	29120	25479	22344	19844	27734	14896	8610	10057	14715	2112	7552	4998	4060	2385	3900	1591	4788	4895	5320	3434	4160	537	614	0	0	0	0	0	0	0	0	0	0	0	0	0
265.0000047268995	0	0	0	0	0	1803969	0	481689	196768	197848	199651	1192957	40236	74562	262429	8466	3741	14018	43340	10032	13794	48720	30800	28012	24472	22627	37356	16464	10010	12282	17550	6336	8850	6018	5180	3074	6900	2072	5964	6764	6650	5252	5850	537	1535	690	0	0	0	0	0	0	0	0	0	0	0	0
270.0000030108973	0	0	0	0	0	1856949	0	484848	198224	199640	201506	1211984	41412	76626	275712	8721	4031	15738	46886	10896	14982	52896	33180	30545	26600	25773	43582	19824	11410	13973	19440	9856	10738	8058	6090	3551	10200	2294	7980	8188	8379	6767	7540	1611	3991	2070	196	0	138	0	0	0	0	0	0	0	0	0
275.00000338303755	0	0	0	0	0	1916993	0	488358	200460	200928	202884	1223831	42462	79034	284687	9027	4379	16770	49250	12096	15972	57768	35000	32184	29032	27709	53770	21504	12250	14952	22005	14784	12744	9282	7140	4293	13500	2886	9828	10146	10507	7878	9100	3759	7061	3450	196	0	276	196	0	0	0	0	0	0	0	0
280.00000331723777	0	0	0	0	0	1963792	0	491166	201708	202440	204633	1236396	43554	81184	297970	9333	4582	17974	52402	12672	16434	61480	37240	35015	32376	29887	63392	23632	13580	17266	24300	23936	14396	10608	8470	5565	18900	3330	11256	12371	12635	9595	11700	5907	10131	5865	588	0	552	196	0	0	0	0	0	0	0	0
285.000000262249	0	0	0	0	0	2014123	0	493974	203008	203560	205799	1247884	44394	82990	310535	9792	4698	18748	55357	13392	17886	65424	40460	37399	34808	33033	74146	25648	14560	19847	25920	38016	16874	12240	9520	6307	21000	3922	13104	14685	15029	12423	14040	9666	13815	9315	1176	0	690	784	0	0	0	0	0	0	0	0
290.00000170099673	0	0	0	0	0	2053858	0	495846	203944	204288	207389	1254705	45276	84968	319151	10353	4872	20124	59888	14208	18942	67976	42840	39336	37240	35211	80938	27776	16380	21538	28350	45760	18526	13770	10500	7049	27600	4440	14868	16821	18487	14645	16770	18795	20262	12765	1372	0	1104	1176	0	0	0	0	0	0	0	0
295.00000067429977	0	0	0	0	0	2081231	0	499356	204880	205856	208714	1269065	46284	86774	327049	10659	5017	21242	63631	14928	19800	73080	45640	41869	39976	37752	90560	29232	17780	23941	30510	59840	20886	15096	11480	8162	32700	4810	17304	19135	20482	17271	19370	28461	26095	15525	1960	0	1380	2156	0	0	0	0	0	0	0	0
300.00000908464466	0	0	0	0	0	2103306	0	502398	206180	207536	210092	1278040	47082	88236	333152	10863	5249	22274	66192	15216	20592	77256	49140	44849	43928	39325	100748	32256	19040	25899	34020	75328	22892	16320	13230	9540	39000	5439	18648	21360	23408	19392	21580	32220	30700	17595	2744	0	1794	3136	0	0	0	0	0	0	0	0
305.00000225217264	0	0	0	0	0	2130679	0	505206	207480	208824	211364	1288451	47670	90214	340332	11118	5510	23220	68950	15744	21582	82128	51100	47829	46208	42471	106408	34944	20860	27501	36180	84480	27022	18564	14840	9911	41700	5994	20160	22695	25536	21109	23400	41349	33463	21390	3136	0	2208	4116	0	0	0	67	0	0	0	0
310.00000811954453	0	0	0	0	0	2162467	0	507312	208468	209608	212371	1298144	48300	92020	348230	11577	5713	24080	72102	16416	22638	86536	52780	51107	48336	44770	117728	36176	22120	29459	39150	95040	29264	20298	15960	10600	46800	6623	22176	23763	28861	23230	25610	55311	38375	26565	3332	0	3312	4116	0	0	0	67	0	0	0	0
315.0000032788057	0	0	0	0	0	2185425	0	508599	209300	210504	213166	1307478	48930	93052	354333	11679	5858	24682	74072	17088	23694	90944	55300	54087	51376	46706	129614	38640	23800	31239	43470	105600	31742	22338	17570	11448	52800	7289	23940	25632	32319	26058	28730	61755	42673	32085	3724	794	3450	4508	747	0	0	134	178	0	0	0
320.000005776086	0	0	0	0	0	2211032	0	510822	210392	211344	213961	1317530	49644	94514	361872	11781	6003	25456	76436	17712	24486	93960	57820	56769	53200	48642	140368	40656	24990	32307	45900	117568	33984	25092	18830	12243	60000	7992	26208	28035	34447	28785	31590	71421	46050	36915	4508	794	4416	5096	1494	0	0	201	267	143	0	0
325.0000078684982	0	0	0	0	0	2242820	0	512577	211276	212240	215127	1325069	50694	96148	369770	11985	6090	26058	78209	18192	25212	100224	59640	58557	56392	50941	149424	43568	26180	34443	49005	130240	35990	27234	20230	13144	66300	8732	28140	29815	36442	30906	33410	80013	50655	42435	4900	794	4830	5488	5229	0	0	335	356	572	0	0
330.0000011686193	0	0	0	0	0	2266661	0	515268	212212	213248	216717	1329018	51492	97782	379463	12699	6322	26488	80967	18816	25674	103240	61320	60941	58672	52998	157348	45248	27300	36312	51300	150656	37288	29886	21840	13780	72600	9287	30828	31951	39368	33633	36660	90753	56488	53130	5488	3970	6072	7252	5229	0	0	335	534	858	0	98
335.00000425445853	0	0	0	0	0	2293151	0	516555	213148	213976	217512	1334762	52164	99846	384848	13056	6641	27434	85104	19872	26268	107880	63280	62580	60800	55055	168102	47152	28210	38448	53325	171072	39884	31722	23170	14893	78300	10175	32844	33553	42959	35552	38090	99345	62935	60030	6860	4764	6762	7840	6723	0	0	402	890	1001	0	147
340.00000069821164	0	0	0	0	0	2317875	0	518427	213824	215488	218148	1341224	53130	101480	391310	13617	6757	28552	88453	20304	26994	111592	64400	64070	63232	56507	179988	48944	29260	40495	56025	187264	41536	33864	24220	16218	82200	10841	34524	35956	44555	37875	41470	106326	67847	66585	7252	7146	7866	8820	8217	0	553	603	979	1430	0	245
345.0000030352611	0	0	0	0	0	2337301	0	520416	214292	215992	219208	1346968	53676	102598	398849	13770	7047	29154	90423	20688	27786	113912	66220	66454	65968	58564	191874	51632	29890	42186	59265	202752	43896	36210	25480	17384	85800	11840	36036	37647	47747	40501	44070	118140	73373	71070	7448	10322	9660	10192	10458	0	1106	603	1068	1430	586	343
350.00000819479504	0	0	0	0	0	2353195	0	522054	214968	217000	220162	1352353	54348	104232	406747	14229	7308	29928	96530	20928	28578	115768	69580	68093	68552	60016	202628	53872	30940	44055	61965	219648	46610	37740	27160	18497	90300	12136	37548	39516	50141	43127	46410	129954	79206	78660	8820	13498	10350	10780	13446	0	2765	938	1513	1430	1758	490
355.00000159428214	0	0	0	0	0	2366440	0	523341	215696	217896	221063	1359174	54936	105780	409619	14688	7366	30530	98500	21504	29370	119480	71120	69136	69920	61589	212816	55664	31920	45746	65475	242880	49206	39780	28700	19769	98100	12913	39732	41563	52934	44238	48100	135861	86881	85905	10192	15086	11730	12544	14940	0	2765	1407	1869	1859	1758	637
360.00001278921053	0	0	0	0	0	2387632	0	525447	216320	218400	221964	1364918	55524	106984	417158	15096	7540	30874	101652	21744	29832	123888	73640	71222	72504	63404	223004	58240	33390	48327	67635	256960	50740	42024	30100	20935	102000	13394	41160	43343	55195	46460	50440	148212	94556	93495	10976	19056	12972	13132	18675	0	4424	1809	2136	2288	2344	784
365.0000019255933	0	0	0	0	0	2406175	0	527085	217204	219072	222494	1368867	55986	108188	423979	15606	7830	31820	103031	22368	30624	128296	75880	72563	74784	64977	235456	59360	34650	49929	70875	280896	52746	44370	31290	21995	107400	14134	43008	45212	57057	48985	53300	158415	99775	103845	12936	19850	14076	14112	23157	1318	6083	2144	2225	3003	3516	882
370.0000069050929	0	0	0	0	0	2422952	0	529308	217828	219800	223024	1376406	56490	109478	427928	15759	8120	32852	105986	22560	31152	132472	77420	74202	77520	67034	245644	60480	35770	52065	73980	293568	55342	46308	32830	22737	112800	14837	45696	47526	60781	52015	56160	172377	106529	109710	13720	23820	14490	14504	25398	2636	9401	2211	2492	3575	4688	1176
375.0000177725944	0	0	0	0	0	2447676	0	530595	218296	220528	223819	1382150	57078	110596	434031	16014	8178	33454	107956	23136	32010	136416	79380	76139	79496	68486	253568	62496	36890	53578	76275	308352	57820	47430	33740	23850	119400	15799	48132	49395	65170	53833	58240	182043	114511	115575	14308	26996	16422	15876	26892	10544	10507	2546	3115	4004	6446	1470
380.0000125074586	0	0	0	0	0	2460038	0	532584	218816	221368	224402	1387176	57456	111886	441211	16269	8555	34142	108744	23616	32934	137808	81480	77778	80256	70059	260360	64736	37800	54557	78705	323840	60180	49776	35770	25016	126300	16539	50652	50819	67032	56257	60450	186876	121265	122820	15680	29378	17940	17640	30627	13180	13825	2680	3738	5434	8204	1666
385.0000077019689	0	0	0	0	0	2475049	0	533871	219804	221760	225197	1393638	57876	113262	444083	16524	8642	34572	111896	24528	33462	141056	84000	79417	82232	71269	267718	66752	39060	56337	81405	339328	63130	51306	36750	26129	130500	17427	53004	52777	71022	58277	63050	196005	127405	131445	16856	32554	19182	19208	33615	15816	16037	2881	4005	6149	8790	1911
390.00000216310065	0	0	0	0	0	2489177	0	534807	220532	222432	225833	1399741	58338	114552	449827	16626	8845	35088	114654	25248	34056	143608	86660	81801	83904	73205	274510	68768	39900	57761	83835	354816	65608	53346	38220	27083	135300	18093	54432	55002	73948	60499	65780	208356	133238	139725	17836	36524	19872	20580	41832	18452	17143	3417	4628	6578	9962	2254
395.00000127778253	0	0	0	0	0	2505954	0	535977	221260	222936	226522	1404049	59052	115756	455212	17034	9280	35518	115639	25968	34848	146856	88480	84483	86336	74536	284132	70672	41370	59185	86670	375232	67024	55284	39830	27825	141000	18833	56280	57583	76608	62822	67470	215874	142141	147315	18620	41288	20562	21952	47061	21088	20461	3886	5251	7007	12306	2695
400.0000006795985	0	0	0	0	0	2519199	0	538317	221884	223496	227370	1409793	59640	116874	460597	17595	9425	36722	117215	26400	35376	148944	89320	86569	88008	75746	292056	72464	42630	60431	88965	388608	69974	56508	40880	28779	147300	19277	58128	59719	78869	65145	70200	224466	148895	155940	19012	43670	20700	23128	55278	31632	23226	4154	5607	8008	14650	3381
405.000000217649	0	0	0	0	0	2539508	0	539136	222664	224168	228218	1414460	60018	117906	466700	17952	9744	37582	120761	26928	36234	150800	91700	88655	90288	77561	302810	74368	43610	61855	90990	399872	71744	58140	42000	29786	154500	20239	59976	61855	81662	67165	73190	236280	158105	163185	19992	49228	21804	24304	61254	34268	25438	4757	6319	8294	16408	3724
410.00000103689524	0	0	0	0	0	2553636	0	539955	223132	224504	229066	1420563	60774	119368	474957	18360	9947	38442	122140	27456	37026	154744	94080	90890	91808	79255	310168	77280	44730	63368	93825	412544	73160	59670	43750	31217	160500	21016	62580	64792	84987	69589	75010	252390	167008	171120	20776	55580	22218	26852	64989	38222	29862	4958	6675	9295	19338	4165
415.00000648836743	0	0	0	0	0	2562466	0	541359	223652	225120	229861	1426307	61446	120314	479983	18819	10266	38786	124898	27888	38082	158456	96740	92976	93784	81070	315828	78624	46060	65148	96795	424512	75756	61200	44940	31853	165900	21608	65352	67640	88578	71104	77610	262593	173455	181125	21560	59550	22908	28420	68724	44812	30968	5293	7476	9867	24026	4557
420.0000035859673	0	0	0	0	0	2572179	0	542646	224068	226016	230550	1429897	62202	121260	486086	19431	10411	39904	127262	28224	38874	161936	98420	94615	95456	82522	323752	80640	46690	66572	100035	435072	77998	63954	47040	32860	168900	22200	66780	70310	91903	73831	80210	272259	178674	188370	22540	61932	23736	29988	76941	52720	35392	5896	8010	11154	28128	4753
425.00000067681896	0	0	0	0	0	2587190	0	543582	224744	226520	231239	1434205	62622	122206	491471	19635	10585	40678	128641	28752	39468	164720	100380	96552	97584	84337	333940	81760	47810	68174	103275	451264	79886	65586	48020	33814	173400	22681	68544	72535	95627	76053	82680	284073	184814	196650	23716	65902	25944	31164	83664	60628	40922	6298	8544	12584	31644	5096
430.00001019817233	0	0	0	0	0	2599552	0	544401	225212	227080	232352	1437795	63210	123496	494343	19941	10672	41538	131399	29232	40260	168896	101640	98936	99712	85789	341298	84000	49140	69776	105435	472384	83308	67422	49490	34874	179100	23236	70224	74671	98021	77669	84240	292665	189726	204930	24892	67490	26772	31948	88893	68536	44240	6499	9256	13585	32816	5341
435.00000005943303	0	0	0	0	0	2608382	0	545688	225524	227528	232988	1443898	63756	123926	498651	20145	10759	41968	133369	29664	40986	171680	103040	99979	102448	86515	352618	85344	50120	71645	107460	489984	85314	68952	51310	36252	184500	23754	71652	76807	101612	80497	87100	302868	196480	215625	25676	68284	28152	34300	91881	72490	49217	7236	9790	15015	35160	5635
440.0000088499546	0	0	0	0	0	2622510	0	547326	226200	228480	233465	1447847	64344	124958	501164	20502	10962	42914	135142	30384	41382	175160	103460	101320	104272	88572	361674	86912	51590	72891	109485	501248	87438	70482	52920	37418	189900	24420	73584	78320	104671	82921	90610	312534	204155	227010	27048	69872	28980	35084	94869	81716	51429	7638	10235	15873	38676	6027
445.00000137481845	0	0	0	0	0	2633106	0	548262	226668	228872	234154	1453232	64680	125646	506549	20808	11136	43774	136521	30720	42174	177944	104860	102959	105944	90992	364504	88368	52570	74315	111645	513920	89680	72930	53690	38213	196200	24975	75096	79566	107331	85244	93340	325959	211830	236670	28028	75430	29532	35672	102339	88306	56406	7973	11125	16731	43950	6517
450.00000247560445	0	0	0	0	0	2643702	0	549666	227032	229320	234631	1458617	65058	126076	510139	21063	11252	44376	138885	31248	42570	178872	106400	104896	108224	92807	371862	91056	53760	76273	113400	528000	91450	74868	54740	39432	201900	26048	76944	81613	110523	87264	96720	337236	219505	243225	28420	80988	30498	37436	109062	94896	61383	8375	11926	17446	46294	6958
455.00000090297937	0	0	0	0	0	2650766	0	551421	227500	230048	235161	1461489	66150	126850	513729	21471	11339	44634	141643	31584	42966	181888	107520	107727	111264	94743	378654	92848	54880	77875	115830	538560	93102	76092	55790	40174	205800	26603	78540	82948	113183	89789	99450	349587	227794	248055	29596	83370	31464	37828	110556	102804	66360	8844	12727	18018	47466	7350
460.0000017006097	0	0	0	0	0	2663128	0	552357	227864	230328	235691	1466156	66780	127796	518396	21777	11571	45408	142431	32016	43230	186760	109620	109515	113848	96558	390540	94080	55860	79833	118395	555456	95462	77826	57260	40810	212100	27380	80220	85351	116109	91102	101140	361938	234548	256335	30772	87340	32568	38612	113544	112030	72443	9246	13083	19019	52154	7791
465.0000037198053	0	0	0	0	0	2674607	0	553176	228696	230608	236274	1470105	67368	128570	522704	22032	11745	46096	143810	32400	43956	189544	111440	111154	116280	99220	400728	95536	56910	81168	120420	566720	97350	79458	58590	41658	217200	28009	82152	87131	117705	93526	102310	374289	242530	264615	31556	92898	34362	39396	118773	122574	80185	10117	13884	20020	59186	8428
470.000000590313	0	0	0	0	0	2683437	0	554229	229112	231336	236592	1474772	68040	129258	527012	22440	12006	46354	145977	32640	44418	191168	113120	113240	117496	100309	406954	97552	57960	83482	122310	580096	99356	81600	59990	42241	222300	28490	84336	89089	120365	95445	105690	382344	248670	275655	31948	98456	35742	40964	126990	133118	83503	11122	14952	21593	62702	8722
475.00000088835844	0	0	0	0	0	2695799	0	555516	229684	231672	237387	1478721	68334	130462	532756	22695	12209	47128	148538	33072	44880	193488	115360	114879	119472	102245	418840	98560	58870	84728	124200	594176	101362	82824	60830	43089	227700	29230	85764	91136	122892	97970	108550	395769	257573	283590	32536	102426	37122	42728	132966	137072	89033	11457	15664	23023	69148	9310
480.0000022334751	0	0	0	0	0	2708161	0	556335	229996	232064	237652	1480875	68838	131322	536346	22950	12296	47816	150508	33504	45606	195576	116340	116816	120536	104060	427896	99904	59640	87042	126900	610368	103250	84252	61810	44414	233100	29748	87192	92382	125818	100091	111410	406509	265248	295320	33712	107190	38502	44492	135954	139708	95669	12127	16465	23738	74422	9898
485.0000079513702	0	0	0	0	0	2723172	0	557505	230412	232568	238129	1484465	69468	132440	541372	23307	12354	48246	152281	33888	46530	198360	117460	118306	121752	106117	435820	101808	60760	89000	129060	627968	105020	86292	62790	45262	237900	30081	88788	95052	128345	103424	114920	421545	271388	305325	35084	114336	39606	46844	141930	148934	99540	12730	16910	25025	76766	10437
490.00000218847316	0	0	0	0	0	2730236	0	558207	231088	232736	238447	1487337	69762	133816	543885	23562	12528	48934	152872	34464	47058	201608	120120	119945	123272	107811	445442	103488	61740	90602	131625	644160	107616	87822	63910	46004	241800	30821	90720	97099	132601	105343	118170	432822	279677	316365	36260	118306	40710	49000	148653	155524	106176	13400	17978	26169	78524	10780
495.0000109762744	0	0	0	0	0	2741715	0	559728	231452	233296	238765	1490927	70266	135278	550347	23766	12615	49192	155236	34752	47652	203928	121240	122180	124184	109747	453366	105280	62650	92204	134325	654016	109740	89454	65380	46693	246900	31598	91728	99324	135394	106858	121550	443025	289194	326025	37044	121482	42780	51156	160605	163432	112812	14204	19046	27456	84970	11123
500.0000050828852	0	0	0	0	0	2750545	0	561249	231660	233744	239083	1495594	70980	136396	557886	23919	12760	49708	158388	35184	48378	206016	123340	123521	126616	110594	461290	106176	63770	93895	137295	660352	111746	91086	67060	47700	250800	32153	93576	101015	138852	108676	123630	453765	293492	337410	37828	127040	44160	53116	168075	175294	115577	14740	19580	28886	89658	11760
505.00001091344944	0	0	0	0	0	2762907	0	562068	232284	234360	239878	1498466	71652	137514	559681	24276	12934	50396	160358	35760	48576	209496	124600	125458	128440	111441	466950	106848	65100	95319	138915	672320	114578	93126	68250	48495	258000	32782	94836	102528	141645	110999	126360	463968	300860	346380	38220	131010	45540	54488	173304	188474	120554	15142	20292	30030	93760	12103
510.0000017265599	0	0	0	0	0	2772620	0	563238	232648	235088	240567	1500620	72114	138718	565425	24531	13050	51084	163116	36144	49104	212280	126980	127395	131480	112288	476006	109088	66220	96743	140535	684992	116584	95064	69370	49714	264000	33374	96432	104753	144970	113221	129220	480078	307307	357420	39200	131804	46506	56252	177786	197700	125531	16013	21004	32318	96690	12495
515.0000121697187	0	0	0	0	0	2783216	0	564174	233168	235592	241150	1504569	72618	139492	570810	24939	13195	51772	164495	37248	49698	214600	128660	128587	133608	114224	489024	110880	66990	98078	142290	700480	118590	96798	70980	50721	267900	33892	97692	106088	148295	115342	132340	489744	312833	364665	39396	139744	47472	57624	185256	214834	127190	16616	21983	33176	101964	13328
520.0000022347442	0	0	0	0	0	2790280	0	565578	233376	236320	241627	1508518	73122	140782	575118	25143	13427	52632	166268	37728	50358	216456	130200	130226	135432	116039	496382	112560	67690	99502	144180	708928	120360	98634	72310	51940	273000	34669	99708	107601	151753	118170	135330	504243	319587	372945	40376	142920	48714	58996	187497	226696	131061	17152	23318	34463	107238	13769
525.0000120760648	0	0	0	0	0	2799110	0	565929	233688	236600	242157	1510672	73836	141642	578349	25500	13630	53062	169617	38208	50754	218544	132160	131716	137712	117491	506570	114352	68460	101015	147960	720192	122484	100470	73570	52841	278100	35261	101388	109381	154546	121402	138320	513909	325727	380535	41552	146096	50094	60564	192726	241194	137144	17889	23763	34749	111340	14259
530.0000048826408	0	0	0	0	0	2811472	0	566865	234364	236992	242740	1512108	74466	142330	583016	26010	13746	53922	171390	38592	51414	220864	134540	133355	138624	119427	515626	116368	69650	102172	151605	730048	125670	101694	74480	53742	282300	35668	103068	110894	157339	123321	140660	525186	334016	387435	42336	150860	50922	62328	198702	251738	142121	18894	24119	36465	114856	14798
535.0000006432634	0	0	0	0	0	2820302	0	567918	234936	237160	243164	1516416	74970	143018	586247	26316	13949	55040	173951	39024	51942	223880	135660	135143	141208	120879	526380	117488	70840	103062	154170	740608	128384	102816	75250	55014	287700	36297	104916	112229	159068	124836	143390	538074	341077	398130	44492	156418	52302	64092	205425	263600	147098	19631	24831	37609	118958	15239
540.0000054094127	0	0	0	0	0	2829132	0	568971	235144	238000	243429	1519647	75264	144222	589119	26673	14152	55642	175133	39264	52338	226664	137200	136931	142576	122452	536568	119168	71680	104308	156060	756096	130154	105060	76160	55650	293100	37037	107268	113297	161462	126654	146380	548814	346603	406755	45864	158800	53268	67228	210654	272826	153181	20033	25454	38896	124232	15827
545.0000133352412	0	0	0	0	0	2842377	0	569556	235456	238504	243800	1522878	75978	145340	594504	26826	14239	56330	177300	39696	52800	229448	140000	137676	143792	123541	547322	120400	73010	105732	158220	772288	131806	107406	77420	56551	297900	37703	108864	114899	164654	128775	148590	557406	353971	412620	47628	165946	54648	69580	221112	280734	159817	20904	26611	40040	126576	16121
550.000000440127	0	0	0	0	0	2852973	0	570141	236132	238896	244171	1527545	76482	146458	599171	27183	14355	57104	179861	40272	54054	232464	141540	139464	145616	125235	554114	121744	74270	106711	160650	784960	133576	109344	78610	57346	302100	38369	110376	116946	167048	130896	150800	572979	360725	422625	48216	173886	55752	70560	230076	288642	166453	21641	27857	40755	129506	16709
555.0000003258451	0	0	0	0	0	2860037	0	570726	236392	239176	244277	1532930	76692	147576	606351	27336	14442	57448	182816	40560	54450	235016	143080	140954	147592	126808	562604	122976	75390	108580	162405	796224	136172	111282	80150	58088	307500	38887	112140	118637	169974	133522	153530	586941	367479	431940	48804	176268	57132	72128	236799	296550	173089	22311	28658	42900	134194	17199
560.00000490918	0	0	0	0	0	2868867	0	571896	236860	239624	244701	1536520	77196	148264	610659	27642	14529	58394	184786	41040	55110	237800	145040	142742	149416	128502	572226	124544	76790	109559	165645	812416	137588	112098	81060	59042	313200	39442	113904	120773	173565	135441	156130	599292	373619	438150	49784	180238	57960	75068	245016	309730	179172	22780	29726	44473	138296	17542
565.0000039615983	0	0	0	0	0	2880346	0	572715	237224	239848	245178	1540828	77658	149038	613890	27795	14674	58824	187544	41376	55704	241280	145880	144381	151088	129712	578452	126224	77910	111250	167805	824384	139594	113832	82110	59943	318000	40071	115752	122286	177156	137461	159900	610032	382215	445740	50568	181826	59064	76244	249498	324228	184149	23249	30616	45474	144156	18375
570.0000053687702	0	0	0	0	0	2886527	0	573183	237796	240408	245602	1545495	78246	150414	617839	27897	14877	59426	189711	41856	56364	243368	148260	146318	153216	131285	584112	127680	78470	113119	170775	840576	142190	115770	83020	60950	325200	40811	118104	124155	180215	139885	162240	619161	387434	455745	50960	183414	59616	77420	253233	330818	189126	23852	31417	46046	150016	19306
575.000000031148	0	0	0	0	0	2898006	0	574470	238576	240744	245973	1550162	78666	151704	621788	28152	15022	60028	192272	42288	57156	247544	150640	148702	156104	132979	590904	129472	79380	115255	173340	851840	144078	116994	84350	62010	329100	41366	119784	126380	183274	142107	165230	630438	394802	466440	51548	187384	60582	78792	265932	343998	193550	24455	32218	47619	157634	20139
580.0000006543023	0	0	0	0	0	2907719	0	575640	238940	241136	246344	1551957	79170	152478	627173	28356	15254	60716	193257	42672	57816	249632	151620	150192	157624	135157	596564	130704	80710	117035	175770	865920	145730	119238	85890	63494	333600	42069	121212	128427	185801	144935	168870	639030	399714	476790	52136	190560	61272	80556	275643	357178	200739	25259	32752	49049	162908	20678
585.0000009245867	0	0	0	0	0	2913900	0	577278	239304	241360	246715	1554470	79674	153080	632199	28764	15457	61576	195818	43200	58344	251952	153160	152874	158840	136851	603356	132496	81970	118192	178605	877888	147146	121278	87150	64395	338400	42698	122304	130385	189126	146551	171730	648159	407389	485760	52920	193736	62928	82320	280872	375630	204610	26197	33820	50908	171698	21266
590.0000011075773	0	0	0	0	0	2921847	0	578448	239824	241696	247404	1557342	80178	154284	636507	28968	15718	62264	197000	43728	58872	254968	154980	153917	160208	137940	609582	133952	83090	119705	180630	894080	149506	123318	88690	65031	345300	43475	123900	132699	191121	148369	174070	656214	413529	495075	53508	199294	64032	84476	287595	386174	209587	26733	34977	52195	178730	21952
595.0000053304984	0	0	0	0	0	2931560	0	579150	240448	242032	247722	1560932	80598	155316	639379	29274	16037	63124	198773	44016	59730	257752	157220	154960	162336	139755	614676	134960	83790	121396	183060	908864	151158	125868	89810	66091	351600	44104	125244	135013	194579	150995	176930	668565	420283	503355	55664	205646	65274	85848	296559	400672	217329	27470	35511	53768	186348	22736
600.0000053884074	0	0	0	0	0	2937741	0	580086	240708	242536	247987	1564522	81102	156262	643687	29427	16269	63812	200349	44496	60258	259376	159040	156748	164768	141328	622600	136976	84490	122375	186435	921536	152456	128214	91420	67151	355500	44918	127680	136971	197771	152712	179530	681453	426116	514050	57036	210410	66516	87024	304029	407262	221753	27805	36490	55484	194552	23471
