>time	Ribosome	coli Pol	coli Pol-P	coli Pol-2.0	coli Pol-P-2.0	gp1	gp1-3.5	gp0.3	gp0.4	gp0.5	gp0.6A	gp0.7	gp1.1	gp1.2	gp1.3	gp1.4	gp1.5	gp1.6	gp1.7	gp1.8	gp2.0	gp2.5	gp2.8	gp3.0	gp3.5	gp3.8	gp4A	gp4.2	gp4.3	gp4.5	gp4.7	gp5.0	gp5.3	gp5.5	gp5.7	gp5.9	gp6.0	gp6.3	gp6.5	gp6.7	gp7	gp7.3	gp7.7	gp8	gp9	gp10A	gp11	gp12	gp13	gp14	gp15	gp16	gp17	gp17.5	gp18	gp18.5	gp19	gp19.5	RNA: gp0.3	RNA: gp0.4	RNA: gp0.5	RNA: gp0.6A	RNA: gp0.7	RNA: gp1	RNA: gp1.1	RNA: gp1.2	RNA: gp1.3	RNA: gp1.4	RNA: gp1.5	RNA: gp1.6	RNA: gp1.7	RNA: gp1.8	RNA: gp2.0	RNA: gp2.5	RNA: gp2.8	RNA: gp3.0	RNA: gp3.5	RNA: gp3.8	RNA: gp4A	RNA: gp4.2	RNA: gp4.3	RNA: gp4.5	RNA: gp4.7	RNA: gp5.0	RNA: gp5.3	RNA: gp5.5	RNA: gp5.7	RNA: gp5.9	RNA: gp6.0	RNA: gp6.3	RNA: gp6.5	RNA: gp6.7	RNA: gp7	RNA: gp7.3	RNA: gp7.7	RNA: gp8	RNA: gp9	RNA: gp10A	RNA: gp11	RNA: gp12	RNA: gp13	RNA: gp14	RNA: gp15	RNA: gp16	RNA: gp17	RNA: gp17.5	RNA: gp18	RNA: gp18.5	RNA: gp19	RNA: gp19.5	NumColiPoly:	4	NumT7Poly	2	NumOfTimePoints:	121	NumOfProteins:	58	NumOfCoding	52
0.02250880517259791	2500	1800	0	0	0	0	0	0	0	0	0	0	0	0	0	0	0	0	0	0	0	0	0	0	0	0	0	0	0	0	0	0	0	0	0	0	0	0	0	0	0	0	0	0	0	0	0	0	0	0	0	0	0	0	0	0	0	0	0	0	0	0	0	0	0	0	0	0	0	0	0	0	0	0	0	0	0	0	0	0	0	0	0	0	0	0	0	0	0	0	0	0	0	0	0	0	0	0	0	0	0	0	0	0	0	0	0	0	0	0
5.004038799661559	2500	1800	0	0	0	0	0	0	0	0	0	0	0	0	0	0	0	0	0	0	0	0	0	0	0	0	0	0	0	0	0	0	0	0	0	0	0	0	0	0	0	0	0	0	0	0	0	0	0	0	0	0	0	0	0	0	0	0	0	0	0	0	0	0	0	0	0	0	0	0	0	0	0	0	0	0	0	0	0	0	0	0	0	0	0	0	0	0	0	0	0	0	0	0	0	0	0	0	0	0	0	0	0	0	0	0	0	0	0	0
10.001951401943897	2500	1795	0	0	0	0	0	0	0	0	0	0	0	0	0	0	0	0	0	0	0	0	0	0	0	0	0	0	0	0	0	0	0	0	0	0	0	0	0	0	0	0	0	0	0	0	0	0	0	0	0	0	0	0	0	0	0	0	0	0	0	0	0	0	0	0	0	0	0	0	0	0	0	0	0	0	0	0	0	0	0	0	0	0	0	0	0	0	0	0	0	0	0	0	0	0	0	0	0	0	0	0	0	0	0	0	0	0	0	0
15.00657375589455	2500	1787	0	0	0	0	0	0	0	0	0	0	0	0	0	0	0	0	0	0	0	0	0	0	0	0	0	0	0	0	0	0	0	0	0	0	0	0	0	0	0	0	0	0	0	0	0	0	0	0	0	0	0	0	0	0	0	0	0	0	0	0	0	0	0	0	0	0	0	0	0	0	0	0	0	0	0	0	0	0	0	0	0	0	0	0	0	0	0	0	0	0	0	0	0	0	0	0	0	0	0	0	0	0	0	0	0	0	0	0
20.001392105811615	2497	1779	0	0	0	0	0	0	0	0	0	0	0	0	0	0	0	0	0	0	0	0	0	0	0	0	0	0	0	0	0	0	0	0	0	0	0	0	0	0	0	0	0	0	0	0	0	0	0	0	0	0	0	0	0	0	0	0	0	0	0	0	0	0	0	0	0	0	0	0	0	0	0	0	0	0	0	0	0	0	0	0	0	0	0	0	0	0	0	0	0	0	0	0	0	0	0	0	0	0	0	0	0	0	0	0	0	0	0	0
25.002109754992187	2483	1774	0	0	0	0	0	0	0	0	0	0	0	0	0	0	0	0	0	0	0	0	0	0	0	0	0	0	0	0	0	0	0	0	0	0	0	0	0	0	0	0	0	0	0	0	0	0	0	0	0	0	0	0	0	0	0	0	2	0	0	0	0	0	0	0	0	0	0	0	0	0	0	0	0	0	0	0	0	0	0	0	0	0	0	0	0	0	0	0	0	0	0	0	0	0	0	0	0	0	0	0	0	0	0	0	0	0	0	0
30.000670229108962	2458	1766	0	0	0	0	0	3	2	0	0	0	0	0	0	0	0	0	0	0	0	0	0	0	0	0	0	0	0	0	0	0	0	0	0	0	0	0	0	0	0	0	0	0	0	0	0	0	0	0	0	0	0	0	0	0	0	0	6	1	0	0	0	0	0	0	0	0	0	0	0	0	0	0	0	0	0	0	0	0	0	0	0	0	0	0	0	0	0	0	0	0	0	0	0	0	0	0	0	0	0	0	0	0	0	0	0	0	0	0
35.00056238257932	2417	1751	0	0	0	0	0	15	6	3	0	0	0	0	0	0	0	0	0	0	0	0	0	0	0	0	0	0	0	0	0	0	0	0	0	0	0	0	0	0	0	0	0	0	0	0	0	0	0	0	0	0	0	0	0	0	0	0	16	7	1	0	0	0	0	0	0	0	0	0	0	0	0	0	0	0	0	0	0	0	0	0	0	0	0	0	0	0	0	0	0	0	0	0	0	0	0	0	0	0	0	0	0	0	0	0	0	0	0	0
40.00163128103073	2367	1744	0	0	0	0	0	35	21	8	4	0	0	0	0	0	0	0	0	0	0	0	0	0	0	0	0	0	0	0	0	0	0	0	0	0	0	0	0	0	0	0	0	0	0	0	0	0	0	0	0	0	0	0	0	0	0	0	24	15	7	4	0	0	0	0	0	0	0	0	0	0	0	0	0	0	0	0	0	0	0	0	0	0	0	0	0	0	0	0	0	0	0	0	0	0	0	0	0	0	0	0	0	0	0	0	0	0	0	0
45.00005684383689	2310	1734	0	0	0	0	0	61	35	23	15	0	0	0	0	0	0	0	0	0	0	0	0	0	0	0	0	0	0	0	0	0	0	0	0	0	0	0	0	0	0	0	0	0	0	0	0	0	0	0	0	0	0	0	0	0	0	0	31	18	14	11	0	0	0	0	0	0	0	0	0	0	0	0	0	0	0	0	0	0	0	0	0	0	0	0	0	0	0	0	0	0	0	0	0	0	0	0	0	0	0	0	0	0	0	0	0	0	0	0
50.00002084429663	2228	1725	0	0	0	0	0	91	65	40	36	0	0	0	0	0	0	0	0	0	0	0	0	0	0	0	0	0	0	0	0	0	0	0	0	0	0	0	0	0	0	0	0	0	0	0	0	0	0	0	0	0	0	0	0	0	0	0	38	26	20	22	0	0	0	0	0	0	0	0	0	0	0	0	0	0	0	0	0	0	0	0	0	0	0	0	0	0	0	0	0	0	0	0	0	0	0	0	0	0	0	0	0	0	0	0	0	0	0	0
55.00075385551689	2125	1720	0	0	0	0	0	130	112	73	68	0	0	0	0	0	0	0	0	0	0	0	0	0	0	0	0	0	0	0	0	0	0	0	0	0	0	0	0	0	0	0	0	0	0	0	0	0	0	0	0	0	0	0	0	0	0	0	44	35	33	33	0	0	0	0	0	0	0	0	0	0	0	0	0	0	0	0	0	0	0	0	0	0	0	0	0	0	0	0	0	0	0	0	0	0	0	0	0	0	0	0	0	0	0	0	0	0	0	0
60.000002623003795	2060	1714	0	0	0	0	0	185	157	109	124	0	0	0	0	0	0	0	0	0	0	0	0	0	0	0	0	0	0	0	0	0	0	0	0	0	0	0	0	0	0	0	0	0	0	0	0	0	0	0	0	0	0	0	0	0	0	0	48	41	36	42	0	0	0	0	0	0	0	0	0	0	0	0	0	0	0	0	0	0	0	0	0	0	0	0	0	0	0	0	0	0	0	0	0	0	0	0	0	0	0	0	0	0	0	0	0	0	0	0
65.00018336461213	1958	1700	1	0	0	0	0	233	212	145	183	0	0	0	0	0	0	0	0	0	0	0	0	0	0	0	0	0	0	0	0	0	0	0	0	0	0	0	0	0	0	0	0	0	0	0	0	0	0	0	0	0	0	0	0	0	0	0	49	46	44	50	0	0	0	0	0	0	0	0	0	0	0	0	0	0	0	0	0	0	0	0	0	0	0	0	0	0	0	0	0	0	0	0	0	0	0	0	0	0	0	0	0	0	0	0	0	0	0	0
70.00060828986278	1849	1681	6	0	0	0	0	288	260	199	251	0	0	0	0	0	0	0	0	0	0	0	0	0	0	0	0	0	0	0	0	0	0	0	0	0	0	0	0	0	0	0	0	0	0	0	0	0	0	0	0	0	0	0	0	0	0	0	59	50	48	63	30	0	0	0	0	0	0	0	0	0	0	0	0	0	0	0	0	0	0	0	0	0	0	0	0	0	0	0	0	0	0	0	0	0	0	0	0	0	0	0	0	0	0	0	0	0	0	0
75.00014505230904	1723	1660	20	0	0	0	0	359	335	258	333	0	0	0	0	0	0	0	0	0	0	0	0	0	0	0	0	0	0	0	0	0	0	0	0	0	0	0	0	0	0	0	0	0	0	0	0	0	0	0	0	0	0	0	0	0	0	0	68	56	51	65	54	0	0	0	0	0	0	0	0	0	0	0	0	0	0	0	0	0	0	0	0	0	0	0	0	0	0	0	0	0	0	0	0	0	0	0	0	0	0	0	0	0	0	0	0	0	0	0
80.00000132511894	1597	1629	46	0	0	0	0	442	406	322	433	0	0	0	0	0	0	0	0	0	0	0	0	0	0	0	0	0	0	0	0	0	0	0	0	0	0	0	0	0	0	0	0	0	0	0	0	0	0	0	0	0	0	0	0	0	0	0	76	66	57	71	61	0	0	0	0	0	0	0	0	0	0	0	0	0	0	0	0	0	0	0	0	0	0	0	0	0	0	0	0	0	0	0	0	0	0	0	0	0	0	0	0	0	0	0	0	0	0	0
85.00008026623452	1478	1577	87	0	0	0	0	527	485	394	561	0	0	0	0	0	0	0	0	0	0	0	0	0	0	0	0	0	0	0	0	0	0	0	0	0	0	0	0	0	0	0	0	0	0	0	0	0	0	0	0	0	0	0	0	0	0	0	82	72	64	83	69	0	0	0	0	0	0	0	0	0	0	0	0	0	0	0	0	0	0	0	0	0	0	0	0	0	0	0	0	0	0	0	0	0	0	0	0	0	0	0	0	0	0	0	0	0	0	0
90.00014228470476	1304	1534	125	0	0	0	0	614	579	483	700	0	0	0	0	0	0	0	0	0	0	0	0	0	0	0	0	0	0	0	0	0	0	0	0	0	0	0	0	0	0	0	0	0	0	0	0	0	0	0	0	0	0	0	0	0	0	0	90	81	74	90	76	0	0	0	0	0	0	0	0	0	0	0	0	0	0	0	0	0	0	0	0	0	0	0	0	0	0	0	0	0	0	0	0	0	0	0	0	0	0	0	0	0	0	0	0	0	0	0
95.00060611055316	1115	1464	185	0	0	0	0	716	674	568	874	0	0	0	0	0	0	0	0	0	0	0	0	0	0	0	0	0	0	0	0	0	0	0	0	0	0	0	0	0	0	0	0	0	0	0	0	0	0	0	0	0	0	0	0	0	0	0	98	88	85	95	84	0	0	0	0	0	0	0	0	0	0	0	0	0	0	0	0	0	0	0	0	0	0	0	0	0	0	0	0	0	0	0	0	0	0	0	0	0	0	0	0	0	0	0	0	0	0	0
100.00010545078298	993	1384	259	0	0	0	0	832	783	684	1064	0	0	0	0	0	0	0	0	0	0	0	0	0	0	0	0	0	0	0	0	0	0	0	0	0	0	0	0	0	0	0	0	0	0	0	0	0	0	0	0	0	0	0	0	0	0	0	100	94	91	104	90	0	0	0	0	0	0	0	0	0	0	0	0	0	0	0	0	0	0	0	0	0	0	0	0	0	0	0	0	0	0	0	0	0	0	0	0	0	0	0	0	0	0	0	0	0	0	0
105.00009876521294	805	1310	325	0	0	0	0	964	884	794	1259	0	0	0	0	0	0	0	0	0	0	0	0	0	0	0	0	0	0	0	0	0	0	0	0	0	0	0	0	0	0	0	0	0	0	0	0	0	0	0	0	0	0	0	0	0	0	0	106	98	95	116	99	0	0	0	0	0	0	0	0	0	0	0	0	0	0	0	0	0	0	0	0	0	0	0	0	0	0	0	0	0	0	0	0	0	0	0	0	0	0	0	0	0	0	0	0	0	0	0
110.0002500959732	681	1208	414	0	0	0	0	1101	1004	912	1483	0	0	0	0	0	0	0	0	0	0	0	0	0	0	0	0	0	0	0	0	0	0	0	0	0	0	0	0	0	0	0	0	0	0	0	0	0	0	0	0	0	0	0	0	0	0	0	111	103	100	121	107	0	0	0	0	0	0	0	0	0	0	0	0	0	0	0	0	0	0	0	0	0	0	0	0	0	0	0	0	0	0	0	0	0	0	0	0	0	0	0	0	0	0	0	0	0	0	0
115.00016806674354	484	1110	498	0	0	0	0	1235	1117	1030	1716	0	0	0	0	0	0	0	0	0	0	0	0	0	0	0	0	0	0	0	0	0	0	0	0	0	0	0	0	0	0	0	0	0	0	0	0	0	0	0	0	0	0	0	0	0	0	0	117	110	104	127	116	0	0	0	0	0	0	0	0	0	0	0	0	0	0	0	0	0	0	0	0	0	0	0	0	0	0	0	0	0	0	0	0	0	0	0	0	0	0	0	0	0	0	0	0	0	0	0
120.00041986093555	301	1015	584	0	0	0	0	1362	1237	1141	1949	0	0	0	0	0	0	0	0	0	0	0	0	0	0	0	0	0	0	0	0	0	0	0	0	0	0	0	0	0	0	0	0	0	0	0	0	0	0	0	0	0	0	0	0	0	0	0	126	114	110	132	123	0	0	0	0	0	0	0	0	0	0	0	0	0	0	0	0	0	0	0	0	0	0	0	0	0	0	0	0	0	0	0	0	0	0	0	0	0	0	0	0	0	0	0	0	0	0	0
125.00000401138081	124	917	672	0	0	0	0	1504	1377	1273	2182	0	0	0	0	0	0	0	0	0	0	0	0	0	0	0	0	0	0	0	0	0	0	0	0	0	0	0	0	0	0	0	0	0	0	0	0	0	0	0	0	0	0	0	0	0	0	0	139	124	115	139	127	4	0	0	0	0	0	0	0	0	0	0	0	0	0	0	0	0	0	0	0	0	0	0	0	0	0	0	0	0	0	0	0	0	0	0	0	0	0	0	0	0	0	0	0	0	0	0
130.0000531706672	47	792	795	0	0	1	0	1635	1514	1394	2460	0	0	0	0	0	0	0	0	0	0	0	0	0	0	0	0	0	0	0	0	0	0	0	0	0	0	0	0	0	0	0	0	0	0	0	0	0	0	0	0	0	0	0	0	0	0	0	148	130	122	148	138	51	0	0	0	0	0	0	0	0	0	0	0	0	0	0	0	0	0	0	0	0	0	0	0	0	0	0	0	0	0	0	0	0	0	0	0	0	0	0	0	0	0	0	0	0	0	0
135.00010934971576	23	688	888	0	0	10	0	1781	1642	1521	2691	2	1	0	0	0	0	0	0	0	0	0	0	0	0	0	0	0	0	0	0	0	0	0	0	0	0	0	0	0	0	0	0	0	0	0	0	0	0	0	0	0	0	0	0	0	0	0	150	139	133	155	141	100	2	0	0	0	0	0	0	0	0	0	0	0	0	0	0	0	0	0	0	0	0	0	0	0	0	0	0	0	0	0	0	0	0	0	0	0	0	0	0	0	0	0	0	0	0	0
140.00000260030538	12	537	1033	0	0	22	0	1941	1768	1633	2962	0	6	0	0	0	0	0	0	0	0	0	0	0	0	0	0	0	0	0	0	0	0	0	0	0	0	0	0	0	0	0	0	0	0	0	0	0	0	0	0	0	0	0	0	0	0	0	151	149	142	167	147	120	10	1	0	0	0	0	0	0	0	0	0	0	0	0	0	0	0	0	0	0	0	0	0	0	0	0	0	0	0	0	0	0	0	0	0	0	0	0	0	0	0	0	0	0	0	0
145.00033718858396	18	413	1148	0	0	36	0	2070	1879	1746	3220	1	15	1	0	0	0	0	0	0	0	0	0	0	0	0	0	0	0	0	0	0	0	0	0	0	0	0	0	0	0	0	0	0	0	0	0	0	0	0	0	0	0	0	0	0	0	0	156	152	149	179	154	132	20	13	0	0	0	0	0	0	0	0	0	0	0	0	0	0	0	0	0	0	0	0	0	0	0	0	0	0	0	0	0	0	0	0	0	0	0	0	0	0	0	0	0	0	0	0
150.00001847412278	11	283	1272	0	0	79	0	2179	1968	1844	3470	2	33	14	0	0	0	0	0	0	0	0	0	0	0	0	0	0	0	0	0	0	0	0	0	0	0	0	0	0	0	0	0	0	0	0	0	0	0	0	0	0	0	0	0	0	0	0	162	155	151	184	160	140	39	20	0	0	0	0	0	0	0	0	0	0	0	0	0	0	0	0	0	0	0	0	0	0	0	0	0	0	0	0	0	0	0	0	0	0	0	0	0	0	0	0	0	0	0	0
155.00003994859472	15	154	1398	0	0	119	0	2288	2060	1940	3709	1	54	31	0	0	0	0	0	0	0	0	0	0	0	0	0	0	0	0	0	0	0	0	0	0	0	0	0	0	0	0	0	0	0	0	0	0	0	0	0	0	0	0	0	0	0	0	175	163	156	189	167	143	54	33	0	0	0	0	0	0	0	0	0	0	0	0	0	0	0	0	0	0	0	0	0	0	0	0	0	0	0	0	0	0	0	0	0	0	0	0	0	0	0	0	0	0	0	0
160.0000004434249	14	40	1505	0	0	176	0	2395	2144	2036	3927	6	80	51	0	0	0	0	0	0	0	0	0	0	0	0	0	0	0	0	0	0	0	0	0	0	0	0	0	0	0	0	0	0	0	0	0	0	0	0	0	0	0	0	0	0	0	0	176	173	165	193	175	152	65	44	0	0	0	0	0	0	0	0	0	0	0	0	0	0	0	0	0	0	0	0	0	0	0	0	0	0	0	0	0	0	0	0	0	0	0	0	0	0	0	0	0	0	0	0
165.00010799607463	8	0	1542	0	0	256	0	2495	2227	2115	4061	81	120	82	0	0	0	0	0	0	0	0	0	0	0	0	0	0	0	0	0	0	0	0	0	0	0	0	0	0	0	0	0	0	0	0	0	0	0	0	0	0	0	0	0	0	0	0	182	177	173	204	178	160	75	62	4	0	0	0	0	0	0	0	0	0	0	0	0	0	0	0	0	0	0	0	0	0	0	0	0	0	0	0	0	0	0	0	0	0	0	0	0	0	0	0	0	0	0	0
170.0000736984711	7	0	1542	0	0	324	0	2598	2317	2202	4164	170	158	113	5	0	0	0	0	0	0	0	0	0	0	0	0	0	0	0	0	0	0	0	0	0	0	0	0	0	0	0	0	0	0	0	0	0	0	0	0	0	0	0	0	0	0	0	197	184	176	212	186	162	86	73	26	3	1	0	1	0	0	0	0	0	0	0	0	0	0	0	0	0	0	0	0	0	0	0	0	0	0	0	0	0	0	0	0	0	0	0	0	0	0	0	0	0	0	0
175.00000903031196	7	0	1535	0	0	406	0	2702	2406	2285	4264	265	201	146	16	1	1	0	0	0	0	0	0	0	0	0	0	0	0	0	0	0	0	0	0	0	0	0	0	0	0	0	0	0	0	0	0	0	0	0	0	0	0	0	0	0	0	0	200	197	183	219	194	173	96	85	44	8	8	7	2	2	2	0	0	0	0	0	0	0	0	0	0	0	0	0	0	0	0	0	0	0	0	0	0	0	0	0	0	0	0	0	0	0	0	0	0	0	0	0
180.0000561899618	4	0	1536	0	1	477	0	2790	2486	2352	4370	373	240	180	26	2	4	0	0	1	0	0	0	0	0	0	0	0	0	0	0	0	0	0	0	0	0	0	0	0	0	0	0	0	0	0	0	0	0	0	0	0	0	0	0	0	0	0	213	203	196	229	197	182	106	93	70	12	8	10	12	14	12	3	1	1	0	0	0	0	0	0	0	0	0	0	0	0	0	0	0	0	0	0	0	0	0	0	0	0	0	0	0	0	0	0	0	0	0	0
185.00001835964179	7	0	1538	0	6	583	0	2890	2558	2429	4457	460	285	217	43	9	8	2	1	4	0	0	0	0	0	0	0	0	0	0	0	0	0	0	0	0	0	0	0	0	0	0	0	0	0	0	0	0	0	0	0	0	0	0	0	0	0	0	226	216	204	239	203	190	119	106	79	13	8	12	19	20	18	13	13	7	2	1	0	0	0	0	0	0	0	0	0	0	0	0	0	0	0	0	0	0	0	0	0	0	0	0	0	0	0	0	0	0	0	0
190.00000988974202	6	0	1538	0	12	677	0	2977	2636	2516	4559	527	332	266	72	14	10	6	3	11	0	0	1	0	0	0	0	0	0	0	0	0	0	0	0	0	0	0	0	0	0	0	0	0	0	0	0	0	0	0	0	0	0	0	0	0	0	0	228	226	216	250	210	197	130	114	91	17	12	16	28	29	24	20	19	14	14	6	1	1	0	0	0	0	0	0	0	0	0	0	0	0	0	0	0	0	0	0	0	0	0	0	0	0	0	0	0	0	0	0
195.00004053763055	3	0	1533	0	18	746	0	3064	2724	2584	4652	610	370	298	99	26	11	7	10	17	0	2	1	0	0	1	0	0	0	0	0	0	0	0	0	0	0	0	0	0	0	0	0	0	0	0	0	0	0	0	0	0	0	0	0	0	0	0	235	228	226	262	219	202	143	120	95	23	21	22	31	31	31	34	25	24	20	20	6	1	2	3	1	0	0	0	0	0	0	0	0	0	0	0	0	0	0	0	0	0	0	0	0	0	0	0	0	0	0	0
200.00002280179186	2	0	1529	0	23	810	4	3145	2791	2655	4737	697	419	345	141	33	19	22	22	30	1	6	7	5	0	6	0	1	0	0	0	0	0	0	0	0	0	0	0	0	0	0	0	0	0	0	0	0	0	0	0	0	0	0	0	0	0	0	241	234	228	272	232	208	158	139	106	28	22	34	48	47	42	44	41	44	26	30	14	14	12	16	6	0	0	0	0	0	0	0	0	0	0	0	0	0	0	0	0	0	0	0	0	0	0	0	0	0	0	0
205.00001988951132	1	0	1517	0	34	864	6	3215	2861	2721	4831	771	467	391	178	37	26	33	32	39	1	16	12	17	0	11	0	2	1	0	1	0	0	0	0	0	0	0	0	0	0	0	0	0	0	0	0	0	0	0	0	0	0	0	0	0	0	0	252	242	236	276	241	217	172	152	111	30	24	36	55	57	52	65	56	47	43	56	28	25	20	28	19	0	0	0	0	0	0	0	0	0	0	0	0	0	0	0	0	0	0	0	0	0	0	0	0	0	0	0
210.0000089244347	4	0	1505	0	49	915	13	3291	2929	2794	4913	848	508	433	208	42	31	41	39	53	0	24	23	28	0	24	0	7	3	2	3	0	0	0	0	0	0	0	0	0	0	0	0	0	0	0	0	0	0	0	0	0	0	0	0	0	0	0	260	258	245	285	249	219	179	170	123	39	33	53	60	60	58	78	73	68	58	67	39	48	45	40	30	8	4	1	1	1	0	0	0	0	0	0	0	0	0	0	0	0	0	0	0	0	0	0	0	0	0	0
215.00000683557303	3	0	1492	0	64	938	23	3361	2989	2854	4993	922	552	472	259	51	35	52	51	72	1	36	33	38	0	39	0	13	9	8	7	0	0	0	0	0	0	0	0	0	0	0	0	0	0	0	0	0	0	0	0	0	0	0	0	0	0	0	267	260	257	299	253	229	192	181	128	40	39	60	79	78	76	90	86	82	72	77	56	58	53	68	70	23	20	12	8	8	1	1	2	1	0	0	0	0	0	0	0	0	0	0	0	0	0	0	0	0	0	0
220.000000704818	1	0	1487	0	71	982	31	3421	3044	2906	5057	1003	598	505	298	55	41	64	68	86	1	54	48	51	2	54	0	22	19	21	17	0	0	0	1	0	0	1	0	0	0	0	0	0	0	0	0	0	0	0	0	0	0	0	0	0	0	0	272	267	260	307	262	232	210	188	136	45	40	63	98	97	85	116	108	99	86	104	65	71	57	75	75	36	33	25	24	22	7	8	13	8	5	3	1	0	0	0	0	0	0	0	0	0	0	0	0	0	0	0
225.00000160297978	2	0	1474	0	90	1001	50	3473	3088	2952	5129	1057	632	546	335	60	49	79	90	101	0	69	62	66	3	75	0	35	30	36	27	0	2	2	5	6	0	4	0	0	0	0	0	0	0	0	0	0	0	0	0	0	0	0	0	0	0	0	280	273	268	313	274	238	226	205	157	50	40	66	99	98	92	119	118	118	111	130	80	96	84	96	86	74	64	47	41	36	22	23	38	30	17	15	9	0	0	0	0	0	0	0	0	0	0	0	0	0	0	0
230.00000344145903	1	0	1458	0	107	997	62	3523	3143	2987	5191	1123	670	581	369	71	52	84	111	131	1	89	84	82	3	90	2	45	39	52	41	0	6	9	11	10	0	11	2	1	0	1	0	0	0	0	0	0	0	0	0	0	0	0	0	0	0	0	289	282	274	322	280	241	244	222	169	53	40	68	104	105	103	135	129	119	119	146	88	108	106	129	106	87	80	78	77	78	39	42	63	52	47	42	31	3	0	0	0	0	0	0	0	0	0	0	0	0	0	0
235.00001028196	1	0	1462	0	116	1008	79	3566	3187	3031	5246	1162	694	617	404	78	59	97	128	143	1	116	107	102	4	104	8	61	53	65	54	0	16	18	19	20	0	17	14	5	0	4	1	0	0	0	0	0	0	0	0	0	0	0	0	0	0	0	300	293	283	327	286	247	244	242	191	55	44	68	111	111	109	151	149	144	126	150	117	137	133	152	131	103	91	87	86	87	74	78	106	91	77	64	52	17	10	0	0	0	0	0	0	0	0	0	0	0	0	0
240.00000909230096	2	0	1455	0	129	1035	94	3605	3226	3081	5294	1219	727	656	437	82	66	105	148	154	0	126	125	123	5	123	17	79	66	83	74	0	32	26	26	32	1	22	23	9	7	7	3	0	0	0	0	0	0	0	0	0	0	0	0	0	0	0	306	303	295	336	294	253	248	244	205	60	55	80	124	121	113	161	160	153	142	171	141	166	152	175	167	128	114	110	108	105	86	85	125	121	121	110	94	39	28	10	0	0	0	0	0	0	0	0	0	0	0	0
245.00000526819016	3	0	1438	0	144	1066	108	3647	3260	3115	5340	1277	753	685	476	92	73	114	161	177	1	146	151	135	4	148	31	100	84	103	92	0	46	37	39	43	7	28	36	23	16	15	14	0	0	0	0	0	0	0	0	0	0	0	0	0	0	0	306	306	305	348	303	263	255	248	215	64	60	92	140	137	116	166	165	162	160	188	152	184	180	197	176	158	154	142	134	127	105	95	144	136	133	130	124	72	46	37	7	0	0	0	0	0	0	0	0	0	0	0
250.0000012213246	2	0	1431	0	154	1087	126	3687	3284	3136	5397	1304	783	717	502	100	76	124	175	190	4	160	170	146	4	175	39	128	105	126	108	1	56	51	53	60	12	35	48	34	26	24	20	0	0	0	0	0	0	0	0	0	0	0	0	0	0	0	311	306	306	360	310	273	271	255	224	66	60	98	145	147	141	182	168	166	165	197	173	206	202	233	221	189	182	172	167	159	115	107	151	146	144	143	138	98	87	63	10	0	0	0	0	0	0	0	0	0	0	0
255.00000157959363	0	0	1413	0	177	1127	133	3722	3308	3164	5441	1336	808	740	536	111	79	129	192	206	2	175	191	158	6	197	50	145	117	145	124	6	69	67	69	72	21	48	66	55	39	41	33	0	2	0	0	0	0	0	0	0	0	0	0	0	0	0	327	320	306	364	314	281	288	264	249	72	68	103	149	149	143	201	194	186	176	202	178	213	207	251	246	206	195	195	194	189	129	114	165	166	161	153	146	114	116	113	12	5	2	1	0	0	0	0	0	0	0	0
260.00001176155456	0	0	1404	0	189	1166	147	3761	3343	3191	5471	1375	836	771	568	119	87	134	201	225	2	191	202	175	4	212	64	158	142	171	138	14	93	83	85	94	36	57	82	67	47	53	45	0	5	2	1	0	0	0	0	0	0	0	0	0	0	0	339	329	318	367	325	290	310	283	259	85	82	133	165	163	145	202	201	201	200	224	183	220	208	256	253	248	233	218	212	204	162	149	192	182	172	166	166	142	143	163	22	11	17	8	0	0	0	0	0	0	0	0
265.00001059542524	1	0	1395	0	200	1222	155	3779	3368	3217	5508	1405	860	798	597	123	90	142	215	232	2	212	219	198	7	227	77	182	155	185	163	24	110	103	92	114	48	71	94	77	56	69	62	0	7	5	2	0	0	0	0	0	0	0	0	0	0	0	343	339	329	381	332	293	324	305	272	95	87	134	190	182	158	205	203	202	202	245	203	240	235	279	256	273	270	262	256	247	207	201	247	232	210	200	182	156	168	197	32	14	28	26	3	0	0	0	0	0	0	0
270.00000083817355	0	0	1379	0	213	1213	169	3812	3390	3238	5540	1438	884	829	629	135	97	156	232	248	1	232	238	213	4	244	102	202	169	202	199	38	131	126	102	126	59	88	106	94	72	82	78	3	13	10	3	0	1	0	0	0	0	0	0	0	0	0	345	344	341	393	342	299	331	320	274	96	87	138	196	188	172	233	214	205	205	250	219	256	250	297	285	288	289	286	284	280	250	242	307	288	264	251	227	168	199	225	35	24	50	30	8	0	0	0	0	0	0	0
275.00000143873865	0	0	1363	0	224	1248	176	3835	3413	3264	5570	1469	908	856	655	142	103	168	243	264	2	247	252	224	8	267	115	220	181	219	219	48	146	141	126	144	69	108	128	111	88	99	88	10	26	18	6	0	4	0	0	0	0	0	0	0	0	0	347	346	344	405	351	306	336	331	277	96	87	138	200	199	199	250	236	233	228	255	229	270	265	321	306	296	290	290	290	290	285	283	358	349	325	311	286	191	213	263	42	31	73	63	26	0	0	0	0	0	0	0
280.00000117665127	2	0	1351	0	231	1258	183	3866	3426	3286	5602	1500	928	879	688	149	106	179	251	279	5	274	267	241	8	290	141	236	199	240	239	61	166	163	148	162	88	127	151	119	111	115	101	21	36	23	8	0	6	1	0	0	0	0	0	0	0	0	360	347	344	409	363	311	353	333	283	99	88	138	203	202	201	269	266	264	241	289	233	275	269	328	325	328	320	310	303	297	290	290	382	376	370	359	346	217	239	288	46	32	81	77	33	0	0	0	0	0	0	0
285.00000894452785	0	0	1330	0	249	1302	190	3897	3446	3304	5635	1517	949	902	712	155	109	186	264	298	1	285	277	257	9	306	159	260	217	265	260	76	189	183	160	175	101	145	170	149	126	128	120	34	44	29	13	0	9	4	0	0	0	0	0	0	0	0	377	366	347	414	372	315	363	348	306	109	107	160	216	212	207	269	268	269	267	318	252	293	278	334	329	353	338	329	328	328	303	296	398	396	393	388	376	291	282	323	52	37	93	86	63	4	0	0	0	0	0	0
290.0000015423793	2	0	1321	0	266	1304	205	3918	3471	3328	5680	1528	970	921	740	163	114	188	276	313	1	298	297	269	8	325	169	272	237	279	279	94	208	203	173	191	115	154	195	170	159	143	146	41	64	46	13	0	14	8	0	0	0	0	0	0	0	0	391	378	362	419	373	319	365	363	322	112	108	164	236	236	224	275	275	272	269	324	262	306	303	366	351	368	363	362	356	353	329	328	443	430	406	400	394	361	338	371	56	43	99	95	76	10	1	0	0	0	0	0
295.0000026344508	0	0	1321	0	276	1330	212	3930	3490	3342	5706	1550	990	940	765	168	121	198	296	322	1	317	311	283	7	338	186	283	253	298	291	111	224	226	192	210	135	171	215	200	177	163	165	55	81	63	17	0	17	12	0	0	0	0	0	0	0	0	398	394	372	436	383	331	371	365	340	114	112	175	242	240	225	294	288	276	273	331	307	359	343	386	368	377	372	371	369	369	358	356	467	463	451	446	428	381	373	418	68	50	116	110	85	25	7	7	4	2	0	0
300.00000032045205	1	0	1316	0	287	1334	221	3949	3508	3370	5735	1571	1005	960	786	179	125	215	315	333	4	336	324	302	7	349	203	301	265	314	310	137	240	241	212	223	149	186	238	219	195	182	191	69	97	80	18	1	26	15	0	0	0	0	0	0	0	0	406	400	394	451	389	340	395	368	357	117	113	182	256	253	241	298	295	295	292	341	322	373	362	417	408	397	386	379	377	377	369	366	501	501	491	473	464	397	418	464	75	56	131	124	95	35	14	8	8	7	0	0
305.000013288197	0	0	1301	0	300	1344	237	3968	3519	3391	5756	1589	1020	975	807	185	133	225	325	347	2	347	334	322	4	366	219	320	277	328	333	157	267	252	228	251	167	204	263	239	215	202	209	83	111	97	19	1	30	20	0	0	0	0	0	0	0	0	413	409	400	467	399	355	418	384	371	128	115	182	270	266	245	317	312	305	296	364	334	388	385	459	432	419	416	412	404	399	379	370	504	504	502	502	501	409	475	509	85	65	146	134	112	38	34	31	28	17	4	4
310.00000013592927	0	0	1288	0	315	1355	243	3989	3536	3405	5780	1609	1036	994	830	189	140	233	335	360	1	363	346	336	9	387	243	337	295	341	361	175	285	273	248	271	178	218	285	269	236	227	227	101	136	120	24	2	36	22	0	0	0	2	1	0	0	0	419	415	408	472	410	360	432	407	380	136	124	182	276	270	256	330	317	317	315	380	339	394	392	464	461	456	444	432	424	419	396	384	525	519	507	504	504	460	485	567	96	67	157	153	124	38	47	47	45	33	8	15
315.0000025464953	0	0	1286	0	323	1340	256	4000	3558	3424	5803	1637	1059	1011	849	197	147	245	340	373	5	384	362	345	14	403	258	365	314	359	374	197	307	297	264	288	197	234	310	292	260	250	242	111	160	142	26	6	42	28	1	0	0	4	4	2	0	0	423	419	415	482	418	370	444	427	397	144	135	205	286	274	258	335	334	333	321	393	360	417	415	501	482	488	474	465	459	456	418	412	544	535	525	525	519	469	530	592	106	71	164	159	137	84	51	49	47	46	21	21
320.00000543329264	0	0	1263	0	339	1360	255	4016	3578	3443	5821	1660	1077	1035	875	203	149	254	349	383	1	395	380	357	13	424	274	391	326	389	395	224	325	307	276	306	215	251	327	312	283	271	255	131	178	160	26	6	49	31	1	0	0	6	7	3	0	0	427	423	419	493	426	378	461	440	406	155	153	230	296	285	272	340	339	337	335	406	380	439	429	516	501	518	514	511	498	489	428	419	564	563	555	547	532	474	576	640	108	85	169	167	153	95	69	56	52	51	28	29
325.00001429280803	0	0	1249	0	349	1384	278	4040	3594	3459	5847	1681	1093	1051	893	205	152	261	362	390	2	415	396	366	12	443	296	408	345	407	411	241	340	330	297	322	237	269	349	339	306	296	275	147	196	185	28	7	55	38	2	0	0	6	10	5	0	0	430	427	425	499	443	390	467	459	408	155	153	233	316	305	275	355	355	348	339	417	391	447	441	532	525	541	532	522	519	518	483	466	595	582	572	567	560	475	579	699	119	95	195	188	161	110	125	115	102	70	48	61
330.000001007507	0	0	1235	0	360	1380	292	4059	3601	3468	5873	1700	1110	1068	912	211	156	270	374	404	3	426	413	382	10	452	312	422	359	429	426	265	360	345	317	339	251	297	378	356	326	323	291	173	218	208	32	8	62	41	4	0	1	9	12	7	0	2	435	432	427	506	456	399	478	467	418	155	153	237	325	310	285	365	355	355	342	424	398	458	447	533	532	565	563	558	549	545	519	517	672	658	624	600	584	540	582	711	134	95	207	206	167	110	137	131	130	124	52	82
335.0000040359341	1	0	1228	0	373	1346	300	4079	3612	3486	5893	1714	1127	1087	926	216	162	277	382	411	4	436	425	397	14	472	324	436	377	450	442	288	381	365	329	347	271	326	398	378	341	342	316	196	242	228	33	12	69	47	9	0	1	15	15	9	0	4	441	435	435	508	471	409	499	474	443	165	154	242	349	339	323	377	368	365	357	432	411	476	464	556	548	591	583	575	570	566	539	527	688	681	677	673	650	571	648	717	136	117	226	212	183	114	147	147	144	139	81	103
340.0000096493967	0	0	1228	0	379	1373	316	4094	3627	3500	5909	1733	1145	1103	954	223	168	282	393	422	8	450	443	408	6	486	343	450	393	473	458	313	400	379	345	363	293	341	423	399	370	358	335	215	262	258	36	14	74	57	14	0	2	20	18	16	0	7	454	445	435	515	479	417	513	492	473	171	156	243	354	354	347	410	402	385	364	441	425	498	494	589	567	599	597	595	595	592	572	564	717	706	696	689	682	586	689	786	137	127	252	249	204	121	147	147	147	147	126	154
345.0000115105317	0	0	1216	0	393	1440	323	4112	3647	3515	5919	1744	1160	1114	974	231	174	292	401	433	3	458	455	423	8	494	359	467	411	485	476	326	411	401	359	378	316	362	446	421	390	375	353	234	280	287	38	17	81	63	23	0	2	23	19	22	0	9	458	457	445	517	488	427	527	507	486	179	171	260	357	356	350	438	434	420	408	479	431	503	500	597	590	616	609	603	601	601	594	593	753	744	733	720	707	637	705	842	154	128	258	258	212	145	159	152	147	147	144	198
350.00000354293974	1	0	1209	0	406	1421	345	4127	3661	3527	5933	1768	1174	1128	990	241	178	295	411	439	6	477	464	434	9	508	375	485	422	497	498	343	432	413	382	394	334	379	461	452	412	396	383	263	310	309	43	21	89	68	31	0	3	29	23	25	1	15	468	460	457	532	493	431	531	523	506	186	172	260	375	374	364	442	441	441	438	516	443	519	516	608	600	636	626	626	625	620	600	597	778	778	770	758	742	694	746	868	162	136	261	258	249	171	175	165	163	160	147	217
355.0000095211757	1	0	1193	0	418	1438	347	4141	3675	3546	5949	1789	1184	1146	1015	246	184	300	417	455	6	484	480	448	15	520	394	506	436	514	517	361	449	428	401	410	351	394	486	469	433	412	405	282	330	332	49	28	99	77	37	0	8	34	32	28	3	24	474	471	460	539	503	435	547	528	519	198	192	271	377	377	370	460	450	442	442	536	459	531	520	630	619	664	662	658	648	638	614	600	779	779	779	779	778	720	793	911	169	151	274	274	258	174	223	210	199	176	147	228
360.000001272734	0	0	1186	0	426	1426	355	4157	3690	3556	5960	1811	1199	1162	1031	253	190	313	428	464	8	501	490	458	10	544	409	522	445	533	534	378	467	444	420	433	369	408	509	490	456	433	431	298	352	357	57	31	106	84	45	0	12	42	38	33	3	33	478	474	471	549	508	442	558	542	529	215	212	307	410	404	393	461	461	459	444	538	510	584	576	661	633	678	668	666	665	664	637	628	790	779	779	779	779	760	847	961	176	159	301	295	258	186	244	242	238	222	161	238
365.0000008384924	0	0	1175	0	442	1413	364	4171	3704	3565	5979	1831	1214	1177	1053	261	193	319	436	469	2	509	501	468	5	559	431	541	462	548	548	399	484	467	440	451	381	419	528	512	472	456	447	318	369	382	61	35	114	90	50	1	15	47	42	40	4	39	484	479	474	555	510	453	568	556	540	227	225	313	425	416	400	494	481	466	460	542	524	600	594	703	678	696	687	680	680	680	644	636	825	823	819	797	780	779	882	1011	187	166	316	301	274	194	253	251	247	244	185	241
370.0000028586682	0	0	1172	0	447	1421	372	4186	3714	3578	5995	1837	1240	1189	1068	267	198	330	443	482	4	516	514	485	9	578	446	554	473	567	564	421	499	490	460	464	407	436	553	534	495	472	478	340	391	414	65	41	121	98	53	3	21	54	49	44	6	44	484	485	479	557	515	460	572	565	564	229	225	325	435	426	402	499	496	494	486	573	538	629	628	736	712	715	708	708	703	699	680	675	857	847	837	831	823	779	945	1067	194	174	334	325	289	254	262	260	260	254	221	286
375.00000504448576	0	0	1164	0	455	1467	378	4202	3728	3598	6008	1846	1252	1204	1081	271	204	336	459	491	3	529	525	492	13	588	457	570	493	576	586	444	516	508	481	482	434	459	566	554	516	486	501	365	412	446	69	49	134	107	63	4	27	59	58	46	9	51	486	485	485	566	520	464	580	571	577	237	226	325	436	426	402	505	503	502	496	598	550	640	628	749	744	757	737	727	721	717	708	701	898	895	875	860	846	783	958	1131	206	182	353	341	301	259	301	287	274	265	247	339
380.0000087815036	0	0	1154	0	460	1463	389	4220	3737	3613	6020	1864	1260	1220	1099	278	212	346	478	500	3	540	537	497	11	601	470	586	502	597	598	471	536	518	498	498	449	476	592	576	535	506	526	394	434	472	73	57	145	116	67	7	31	69	62	53	13	54	493	487	485	572	530	481	584	580	588	251	235	337	440	427	403	505	505	505	504	608	557	643	637	761	760	796	788	779	770	761	724	720	932	928	917	903	895	783	961	1158	215	193	367	355	325	261	352	348	343	301	251	353
385.0000003899577	0	0	1152	0	463	1422	401	4232	3752	3624	6037	1881	1278	1229	1117	282	218	352	496	509	6	549	550	506	8	619	485	607	513	615	609	488	550	531	515	513	465	488	621	602	556	527	542	417	461	498	77	64	155	122	74	15	33	77	67	58	18	56	498	495	487	573	541	494	597	582	601	258	249	352	446	427	403	505	505	505	505	615	584	672	665	777	761	826	820	806	800	797	774	765	970	956	945	935	930	785	961	1171	223	203	392	382	341	274	364	361	356	351	258	354
390.0000164137399	0	0	1137	0	475	1409	404	4245	3765	3637	6057	1889	1294	1242	1130	288	228	361	508	515	9	557	563	522	6	639	495	622	534	634	625	499	567	551	531	525	484	503	640	622	578	542	562	437	483	518	81	67	158	137	89	18	39	87	76	64	22	71	509	501	495	576	548	508	615	594	612	268	257	354	486	482	456	510	505	505	505	617	596	688	674	792	792	843	835	830	827	827	801	797	1016	1000	987	975	956	807	961	1178	226	209	406	399	355	300	390	382	376	365	290	375
395.00000280637033	0	0	1126	0	488	1425	401	4252	3774	3648	6067	1896	1305	1259	1141	293	235	367	519	532	7	573	574	529	19	655	509	636	544	650	639	511	586	567	550	540	503	523	661	637	597	564	580	463	510	547	82	71	165	148	94	22	49	94	80	73	26	80	517	514	502	585	554	523	637	603	626	287	283	387	504	492	472	577	549	519	507	618	602	698	692	807	792	845	844	844	844	844	828	826	1064	1053	1036	1023	998	878	979	1188	226	218	422	410	382	308	409	405	401	391	332	418
400.00000024423946	0	0	1107	0	504	1430	420	4261	3782	3654	6074	1908	1317	1273	1155	298	245	374	535	543	5	586	584	543	9	664	524	651	559	670	659	528	604	584	571	558	518	542	681	661	623	583	600	477	533	578	86	73	172	154	105	29	55	105	91	81	32	88	520	517	509	594	556	537	655	622	635	292	283	387	514	496	472	577	577	577	540	641	602	698	692	819	803	877	868	855	850	848	844	844	1089	1082	1068	1067	1050	980	1020	1207	228	220	425	423	399	318	442	438	432	411	348	451
405.00000395489997	0	0	1096	0	514	1478	416	4267	3798	3659	6083	1916	1328	1289	1178	305	251	387	546	554	4	594	597	553	23	675	538	664	571	688	671	547	620	608	585	575	537	560	704	679	640	606	620	495	558	607	92	75	177	161	108	34	58	115	97	87	40	97	529	522	517	605	560	547	674	651	645	292	283	387	520	511	491	583	578	577	566	669	604	704	701	833	819	880	878	878	878	877	853	847	1095	1095	1095	1094	1081	1014	1101	1250	236	221	438	438	410	333	450	444	444	442	401	507
410.0000031316369	2	0	1085	0	526	1523	435	4276	3809	3673	6089	1932	1343	1300	1195	308	255	396	558	564	4	609	609	563	16	688	554	682	580	709	688	568	638	624	610	588	556	581	722	697	668	628	645	516	581	634	94	80	188	172	116	43	67	123	104	92	47	103	532	529	524	609	572	556	684	671	663	309	297	395	526	523	514	598	598	590	579	700	606	707	701	836	834	895	890	888	886	882	854	848	1095	1095	1095	1095	1095	1064	1154	1322	242	222	443	442	423	361	473	471	468	453	425	540
415.00000768837714	0	0	1069	0	537	1556	441	4280	3820	3681	6098	1944	1357	1316	1205	310	260	402	564	576	8	613	621	574	13	698	569	699	595	725	702	586	658	640	635	606	573	591	747	711	689	653	674	535	603	659	98	86	193	178	124	47	75	134	110	101	48	110	535	533	529	619	574	560	701	677	673	309	303	415	553	542	530	634	618	603	598	720	611	710	706	843	836	910	908	907	901	896	854	848	1099	1098	1095	1095	1095	1064	1199	1384	260	230	448	446	438	388	512	501	492	474	444	576
420.0000044899792	0	0	1054	0	550	1565	458	4288	3830	3689	6110	1957	1373	1328	1218	315	264	412	573	582	8	624	630	586	10	716	581	722	604	740	720	606	673	656	648	629	595	600	771	732	707	682	702	556	633	682	104	92	201	190	130	57	82	142	115	107	53	118	541	536	533	621	576	565	708	695	679	313	303	416	557	557	554	649	641	640	626	734	632	734	721	848	843	928	928	925	917	912	891	880	1126	1108	1103	1099	1098	1085	1202	1445	273	232	467	460	442	405	532	526	526	512	465	592
425.00000400830544	0	0	1043	0	560	1560	466	4296	3840	3707	6126	1969	1382	1343	1224	319	271	417	585	591	6	639	641	594	12	736	589	737	618	755	730	626	693	670	660	648	610	611	790	753	732	698	718	569	656	708	113	96	211	200	139	58	90	147	124	115	62	128	550	542	536	629	585	567	712	707	695	317	303	416	560	560	559	672	671	657	643	772	680	788	782	913	874	932	932	931	929	928	921	917	1184	1178	1145	1128	1108	1085	1227	1457	284	239	477	467	446	420	573	569	554	533	482	624
430.0000009840844	1	0	1041	0	571	1551	476	4304	3843	3723	6135	1991	1390	1352	1234	324	275	423	594	609	7	656	652	606	11	756	601	747	634	768	746	653	708	683	680	670	627	629	813	776	751	721	736	594	679	732	119	99	222	208	149	67	98	154	136	125	70	140	554	553	542	635	595	569	720	709	723	334	326	436	562	562	559	676	676	676	653	778	719	827	810	935	923	943	941	938	935	934	930	925	1208	1197	1195	1192	1174	1087	1233	1483	285	240	479	477	462	427	594	587	585	575	501	643
435.0000011028961	0	0	1043	0	569	1523	494	4319	3856	3731	6145	2008	1401	1364	1244	327	284	427	602	617	13	664	664	616	7	775	605	752	654	782	761	675	728	699	698	689	638	648	832	795	770	738	759	621	702	764	127	108	229	218	156	73	112	163	150	137	78	150	561	554	551	644	607	572	721	720	746	342	339	459	588	578	566	676	676	676	675	811	740	849	843	987	956	981	961	949	946	943	936	935	1226	1224	1215	1208	1200	1108	1238	1495	290	240	480	479	467	441	622	617	614	597	521	670
440.0000019282547	0	0	1026	0	585	1519	494	4331	3863	3741	6159	2019	1410	1379	1259	334	288	432	612	626	8	678	683	629	13	790	623	762	672	796	781	689	742	717	717	705	666	659	850	817	784	761	780	633	721	791	136	115	239	228	165	80	129	175	165	144	86	161	565	562	554	651	609	584	724	721	764	347	339	462	609	593	569	685	683	676	676	813	766	878	863	1006	988	1033	1027	1003	991	980	947	945	1246	1241	1236	1230	1224	1170	1258	1511	292	263	495	484	477	443	633	629	628	622	566	697
445.0000066518305	1	0	1020	0	593	1552	506	4348	3873	3749	6170	2032	1428	1388	1274	341	294	436	619	634	13	683	690	639	15	811	645	775	686	815	804	703	755	736	727	724	691	672	862	841	809	788	804	654	749	820	138	117	246	239	179	87	133	184	175	153	92	172	565	565	561	659	619	597	742	722	774	349	343	467	618	609	596	700	687	685	685	822	789	911	901	1040	1021	1067	1051	1042	1036	1033	992	982	1273	1262	1248	1247	1242	1180	1336	1530	297	289	532	515	479	445	651	646	644	635	609	766
450.0000014763578	0	0	1010	0	600	1604	522	4356	3884	3764	6179	2042	1434	1400	1283	345	298	446	628	643	10	692	701	645	15	829	661	789	697	838	817	719	772	758	748	735	708	688	883	859	833	804	825	677	784	842	142	119	252	244	189	94	144	192	189	162	101	181	566	565	564	666	621	601	753	731	782	352	344	467	628	627	621	718	715	707	693	825	815	941	935	1070	1056	1100	1096	1085	1076	1068	1027	1021	1327	1317	1294	1275	1262	1233	1387	1614	304	292	557	548	484	459	656	654	652	651	630	801
455.0000218563381	0	0	988	0	615	1612	525	4364	3890	3775	6192	2052	1450	1413	1296	352	305	452	636	651	9	706	710	657	17	843	677	816	713	855	830	738	784	782	764	757	719	704	907	881	862	833	848	693	803	861	147	125	262	253	196	101	153	202	200	172	106	193	573	567	564	670	629	603	758	749	786	352	346	467	628	628	628	751	736	723	716	860	821	945	939	1088	1088	1137	1127	1117	1107	1103	1078	1069	1379	1363	1337	1330	1319	1236	1448	1664	322	297	562	559	510	461	664	659	656	656	639	815
460.00000736580745	0	0	975	0	621	1620	537	4371	3903	3787	6202	2062	1463	1423	1310	357	312	459	646	655	12	714	721	669	15	859	688	838	726	879	840	754	797	797	782	769	729	719	928	904	884	849	873	711	834	888	151	130	268	261	202	106	162	214	208	178	118	205	578	575	564	670	638	617	764	759	788	358	353	479	636	636	631	757	757	755	742	873	828	958	949	1093	1088	1173	1164	1148	1144	1138	1081	1073	1402	1400	1396	1381	1360	1238	1462	1721	340	300	570	564	543	461	679	679	676	667	652	847
465.0000003111702	0	0	964	0	628	1632	547	4383	3913	3794	6211	2074	1479	1434	1326	359	314	465	656	664	8	731	735	675	17	867	699	850	746	898	859	770	812	807	796	784	750	734	948	923	902	873	887	728	873	917	156	132	274	271	207	119	174	228	218	184	126	220	581	579	575	677	645	628	780	763	790	359	353	480	645	643	631	761	761	760	757	896	831	963	957	1103	1098	1204	1194	1184	1178	1173	1110	1094	1415	1412	1407	1404	1399	1238	1469	1752	355	311	574	572	558	461	679	679	679	679	656	860
470.00000002274953	0	0	948	0	638	1619	546	4393	3922	3804	6216	2087	1496	1446	1340	366	318	477	665	677	9	740	746	682	22	879	710	862	753	918	874	788	828	823	811	798	763	755	963	941	920	889	900	753	894	944	162	139	288	278	215	130	183	237	231	191	134	231	592	585	579	683	651	640	797	779	793	369	358	483	649	647	645	761	761	761	761	911	840	974	971	1128	1113	1208	1208	1205	1204	1203	1131	1117	1440	1439	1430	1419	1410	1329	1472	1779	362	328	605	588	565	468	680	679	679	679	665	872
475.0000056305477	0	0	950	0	637	1584	559	4397	3928	3810	6231	2096	1505	1459	1352	371	323	480	674	685	15	753	756	696	19	895	727	877	763	934	890	808	847	843	829	819	779	777	982	969	936	910	928	772	918	977	169	145	299	292	219	141	193	242	244	201	143	242	596	594	585	689	662	646	821	793	807	380	372	498	661	655	650	781	771	762	761	912	871	1006	995	1139	1129	1218	1215	1209	1209	1208	1175	1163	1491	1479	1458	1445	1439	1378	1514	1786	364	340	624	617	572	497	681	680	680	680	665	881
480.00000341728673	0	0	927	0	658	1575	570	4402	3933	3820	6240	2108	1517	1477	1361	374	330	484	685	698	4	761	763	705	17	905	743	888	783	954	909	818	872	855	849	835	802	790	993	992	957	936	945	795	957	997	174	151	312	298	228	147	203	255	258	209	155	252	602	598	595	700	669	651	827	811	819	381	377	509	674	666	653	785	781	781	764	914	885	1023	1008	1158	1138	1238	1224	1221	1221	1219	1186	1180	1528	1527	1508	1494	1476	1406	1589	1825	365	343	631	630	586	523	699	696	690	681	665	887
485.00000237117575	0	0	921	0	658	1602	585	4410	3943	3830	6256	2113	1530	1489	1373	379	339	495	692	708	6	776	771	713	18	917	756	900	798	965	923	837	899	872	860	855	817	807	1018	1008	982	960	967	810	976	1028	182	154	318	305	236	156	209	269	267	220	170	266	602	602	595	710	671	656	828	824	827	381	377	509	682	674	655	789	789	785	765	920	889	1027	1023	1189	1182	1254	1251	1251	1245	1240	1209	1203	1544	1533	1529	1528	1522	1419	1646	1905	376	362	662	635	616	524	738	728	715	701	666	888
490.0000015831311	0	0	914	0	663	1631	582	4418	3955	3837	6263	2123	1540	1501	1383	384	345	505	706	720	11	786	783	723	21	929	772	924	809	978	937	862	911	887	880	874	828	824	1037	1030	1005	974	986	833	997	1061	183	159	329	317	242	160	219	283	282	230	177	282	603	602	599	711	672	667	835	828	831	387	378	509	686	686	686	804	791	789	767	921	913	1055	1037	1189	1189	1266	1257	1256	1254	1254	1237	1228	1579	1579	1560	1546	1534	1447	1671	1968	388	365	674	665	630	540	748	748	748	738	667	893
495.0000012891913	0	0	918	0	664	1635	601	4427	3968	3847	6272	2136	1557	1516	1397	391	348	513	718	734	18	801	797	735	14	936	792	936	824	995	959	879	923	902	897	885	842	842	1058	1054	1032	999	998	851	1018	1086	187	166	338	323	251	169	230	297	291	236	190	296	617	605	602	715	678	679	851	831	846	400	396	529	693	689	687	825	824	819	797	949	921	1068	1056	1204	1192	1304	1288	1276	1273	1267	1237	1231	1595	1593	1588	1580	1575	1526	1674	2010	395	371	674	674	634	540	763	753	748	748	668	902
500.0000092331255	0	0	904	0	684	1609	598	4438	3974	3853	6284	2152	1569	1528	1411	397	353	528	729	739	9	819	811	748	19	946	799	947	842	1010	974	895	939	912	914	897	854	864	1089	1078	1059	1021	1018	874	1041	1114	194	169	347	330	258	178	241	303	306	244	196	306	621	618	605	719	685	686	861	843	865	408	398	531	708	700	688	831	830	828	825	979	921	1074	1072	1237	1227	1320	1318	1317	1311	1304	1251	1237	1597	1596	1597	1597	1594	1532	1718	2012	400	379	690	675	665	570	765	764	765	761	689	911
505.000007814298	1	0	900	0	695	1650	618	4445	3982	3865	6294	2161	1582	1537	1426	403	357	538	734	751	10	827	822	758	15	956	809	955	856	1025	990	910	959	930	931	909	872	884	1110	1109	1087	1047	1032	894	1064	1137	201	177	358	336	271	184	253	315	319	252	205	320	623	622	619	727	690	689	864	864	882	414	400	531	711	711	711	836	834	833	831	991	928	1078	1074	1247	1244	1324	1321	1320	1320	1320	1254	1241	1597	1596	1597	1597	1597	1536	1788	2052	405	391	698	695	673	571	778	770	765	765	736	973
510.0000007477574	0	0	893	0	705	1716	624	4449	3990	3874	6303	2163	1596	1548	1438	408	364	542	740	764	12	844	833	765	18	968	819	974	870	1037	1005	938	970	945	957	927	882	899	1133	1136	1104	1064	1049	910	1085	1162	209	184	369	346	277	190	258	328	326	262	212	332	624	623	622	738	702	693	864	864	905	415	400	531	713	713	713	862	858	843	834	997	965	1114	1098	1257	1245	1368	1343	1331	1326	1324	1279	1273	1637	1628	1610	1600	1597	1588	1798	2125	418	393	716	713	675	596	805	805	804	780	755	1008
515.0000329837184	1	0	889	0	710	1719	620	4459	3998	3881	6313	2171	1606	1557	1454	412	364	546	752	770	12	863	842	775	21	982	832	996	884	1051	1027	948	987	963	973	946	904	914	1155	1157	1126	1085	1076	929	1103	1185	214	186	379	357	284	198	272	338	340	268	226	344	629	624	623	741	711	699	873	865	913	415	400	531	714	714	714	865	862	862	858	1014	984	1136	1121	1293	1269	1386	1381	1380	1378	1370	1327	1320	1682	1667	1649	1641	1625	1597	1855	2146	434	394	723	719	694	613	820	811	806	806	755	1013
520.0000202270173	0	0	881	0	715	1697	634	4469	4006	3888	6324	2179	1617	1567	1466	414	370	557	764	777	11	875	847	790	16	996	843	1013	903	1064	1040	964	1006	978	996	967	933	928	1187	1180	1144	1101	1099	954	1129	1207	222	190	388	375	293	207	284	349	345	277	235	356	639	632	624	744	712	719	889	868	922	429	421	554	725	720	715	869	867	865	864	1032	997	1155	1151	1331	1310	1392	1387	1387	1387	1387	1362	1350	1724	1720	1704	1685	1664	1602	1872	2202	438	416	746	725	711	668	834	834	834	819	763	1016
525.000002450473	0	0	866	0	729	1661	645	4477	4014	3890	6337	2184	1634	1578	1482	420	375	567	772	787	11	886	856	801	11	1010	861	1034	918	1085	1053	984	1021	1004	1011	982	947	947	1209	1200	1165	1122	1116	971	1151	1230	227	197	397	380	307	219	299	364	357	288	247	372	644	639	632	745	715	729	912	880	925	429	421	555	741	741	733	873	872	869	868	1036	1011	1169	1154	1331	1331	1413	1400	1392	1392	1392	1386	1381	1769	1752	1735	1726	1720	1613	1881	2233	451	432	772	757	719	674	869	853	846	834	763	1019
530.0000013198761	0	0	859	0	738	1651	649	4481	4023	3896	6346	2187	1644	1585	1491	423	377	575	783	796	15	900	862	814	9	1023	873	1049	932	1110	1071	1002	1047	1021	1022	999	966	959	1225	1224	1182	1142	1133	991	1165	1257	230	203	406	386	313	229	313	377	365	298	256	388	647	646	641	756	720	740	930	903	930	430	421	555	745	745	744	903	886	875	873	1042	1029	1191	1185	1350	1331	1457	1445	1428	1420	1413	1386	1381	1783	1780	1779	1777	1750	1624	1894	2250	459	435	790	777	725	679	916	910	907	869	793	1039
535.0000135951526	0	0	851	0	746	1667	656	4488	4033	3898	6348	2194	1655	1603	1501	429	382	585	793	803	13	912	873	823	17	1031	887	1065	944	1127	1093	1018	1068	1044	1036	1013	993	974	1238	1241	1214	1168	1167	1013	1190	1276	241	206	415	393	323	242	329	385	371	313	272	398	647	647	646	763	733	748	950	921	941	438	423	555	745	745	745	908	907	907	885	1051	1034	1193	1187	1367	1367	1480	1479	1468	1463	1457	1407	1397	1791	1791	1786	1783	1781	1667	1897	2259	459	450	794	793	757	681	927	926	926	920	834	1074
540.0000043788795	0	0	833	0	759	1673	670	4497	4040	3906	6356	2205	1664	1612	1514	433	386	594	799	812	11	924	883	837	19	1047	901	1082	956	1141	1109	1039	1079	1063	1051	1028	1011	992	1265	1253	1233	1200	1189	1041	1213	1313	246	212	422	407	327	249	344	394	392	324	284	416	651	647	647	769	739	749	953	940	954	460	447	567	745	745	745	910	910	910	907	1089	1034	1197	1195	1376	1369	1482	1481	1481	1481	1480	1440	1429	1836	1820	1805	1795	1791	1766	1905	2275	462	457	821	811	777	704	931	931	928	928	857	1114
545.0000005812252	0	0	822	0	763	1669	670	4500	4047	3915	6362	2221	1670	1627	1525	440	389	603	810	817	13	932	888	850	23	1056	919	1095	968	1168	1123	1059	1097	1086	1073	1043	1022	1010	1288	1272	1256	1215	1200	1056	1233	1341	254	215	433	415	337	261	355	406	413	337	297	425	661	654	647	770	743	760	959	946	954	460	450	584	768	758	747	910	910	910	910	1096	1055	1220	1201	1378	1377	1517	1504	1494	1486	1483	1442	1430	1836	1836	1836	1835	1818	1773	1931	2282	468	459	832	827	793	722	936	931	931	931	876	1136
550.0000012422481	0	0	805	0	779	1657	693	4504	4056	3923	6373	2232	1680	1638	1545	450	391	616	819	829	9	942	900	860	16	1068	929	1110	980	1180	1138	1086	1118	1108	1086	1060	1042	1021	1304	1292	1282	1234	1222	1071	1257	1367	260	219	441	427	346	269	367	415	420	347	301	441	664	662	655	774	744	762	969	954	973	479	473	609	783	777	776	910	910	910	910	1096	1076	1249	1237	1408	1382	1527	1522	1520	1518	1518	1446	1435	1839	1839	1838	1836	1836	1798	1972	2310	471	461	845	842	812	730	958	955	955	936	876	1144
555.000000154219	0	0	811	0	777	1660	699	4509	4064	3928	6383	2243	1693	1652	1557	462	397	624	827	842	21	955	912	868	20	1082	941	1120	993	1197	1157	1100	1140	1121	1105	1077	1055	1032	1334	1316	1308	1253	1247	1086	1277	1389	262	222	448	434	362	273	377	426	433	358	308	447	670	665	662	785	748	770	976	967	996	485	474	612	801	792	780	946	935	918	910	1100	1083	1251	1245	1431	1431	1537	1534	1533	1532	1528	1489	1482	1877	1865	1848	1840	1839	1827	2017	2344	475	467	850	848	827	740	984	984	979	961	898	1156
560.0000030766925	0	0	808	0	796	1696	714	4516	4071	3932	6390	2247	1706	1662	1572	469	403	632	835	846	12	967	923	873	20	1093	950	1129	1006	1203	1175	1116	1156	1133	1124	1088	1073	1055	1359	1336	1328	1278	1263	1120	1309	1427	269	228	463	446	371	281	385	432	450	368	321	458	673	671	665	792	752	777	993	977	1027	497	489	613	805	796	782	949	948	940	913	1100	1083	1261	1257	1435	1431	1548	1540	1540	1540	1538	1532	1527	1929	1918	1897	1879	1861	1835	2060	2388	481	467	860	857	841	747	988	988	988	986	945	1210
565.0000052409554	0	0	807	0	803	1738	735	4526	4078	3935	6400	2254	1715	1673	1588	474	408	639	838	855	16	977	933	882	16	1102	968	1143	1017	1220	1194	1126	1177	1146	1147	1110	1092	1072	1384	1357	1344	1299	1291	1130	1331	1459	278	235	469	454	381	289	399	440	458	376	331	472	675	674	672	798	757	785	1005	991	1048	501	491	629	807	798	782	949	949	947	923	1101	1083	1264	1259	1446	1445	1598	1585	1568	1560	1554	1537	1531	1941	1940	1939	1932	1915	1837	2077	2436	487	468	860	860	848	755	997	997	993	988	967	1246
570.0000189812032	0	0	797	0	812	1748	756	4532	4084	3941	6406	2265	1726	1689	1598	474	414	650	848	862	14	989	943	894	15	1116	978	1152	1039	1235	1206	1139	1191	1162	1163	1119	1116	1093	1414	1380	1363	1318	1313	1159	1356	1494	285	240	480	466	393	296	410	451	468	386	337	488	675	675	674	806	759	791	1009	1002	1070	502	492	629	807	798	782	949	949	949	949	1143	1083	1264	1259	1446	1446	1598	1599	1599	1599	1599	1547	1535	1952	1950	1946	1942	1941	1839	2077	2460	502	471	864	862	857	756	1017	1016	1008	997	988	1282
575.0000003301466	0	0	793	0	817	1737	754	4540	4091	3949	6419	2276	1732	1701	1615	476	421	661	857	871	19	1003	959	903	26	1134	987	1168	1050	1249	1222	1158	1213	1173	1174	1141	1134	1113	1434	1412	1378	1337	1337	1178	1383	1531	289	247	485	475	400	306	422	473	479	401	346	506	678	675	675	810	759	793	1011	1008	1085	516	509	652	817	803	786	949	949	949	949	1146	1085	1267	1263	1447	1446	1615	1601	1599	1599	1599	1575	1563	1967	1961	1954	1953	1950	1854	2100	2460	503	476	869	868	860	778	1017	1017	1017	1017	992	1289
580.0000065564576	0	0	782	0	830	1713	774	4551	4105	3954	6426	2289	1746	1713	1624	486	426	666	863	874	16	1017	972	918	24	1147	995	1182	1066	1262	1246	1175	1225	1195	1188	1160	1160	1130	1455	1431	1393	1364	1348	1201	1415	1555	293	257	493	487	405	315	432	489	488	416	359	521	688	686	675	811	764	796	1012	1012	1090	518	509	653	830	812	788	955	955	952	949	1146	1108	1302	1288	1460	1451	1618	1618	1618	1617	1617	1599	1599	2032	2020	1999	1976	1961	1900	2155	2481	503	500	886	878	862	827	1025	1020	1017	1017	1007	1303
585.0000057523201	0	0	771	0	834	1709	792	4555	4112	3966	6439	2297	1754	1725	1636	494	431	670	873	885	18	1033	977	927	13	1158	1006	1192	1073	1277	1255	1193	1244	1208	1203	1181	1175	1148	1481	1450	1419	1391	1364	1219	1436	1583	304	264	502	493	415	323	449	503	502	428	366	540	698	690	686	813	780	798	1020	1012	1091	519	511	653	830	812	788	955	955	955	955	1161	1108	1306	1302	1493	1476	1621	1620	1620	1619	1619	1616	1605	2043	2043	2042	2033	2015	1938	2185	2536	511	503	915	905	868	850	1055	1046	1046	1027	1015	1312
590.0000015052095	0	0	771	0	837	1697	782	4560	4116	3974	6444	2302	1766	1738	1649	502	439	675	881	895	23	1050	991	937	26	1170	1020	1219	1088	1299	1274	1212	1259	1220	1227	1199	1186	1165	1500	1471	1445	1404	1391	1237	1462	1615	311	267	512	503	426	334	466	509	512	447	379	553	701	700	689	826	793	805	1025	1014	1096	526	514	661	830	812	789	955	955	955	955	1166	1113	1309	1304	1498	1495	1632	1632	1626	1625	1621	1616	1610	2054	2045	2043	2043	2043	1969	2231	2575	517	503	929	923	877	860	1112	1101	1087	1056	1017	1313
595.0000052622744	0	0	749	0	850	1695	802	4565	4119	3981	6450	2314	1779	1750	1662	510	445	681	894	901	19	1059	998	945	20	1175	1033	1233	1108	1314	1290	1223	1271	1243	1241	1216	1201	1182	1522	1493	1468	1427	1411	1261	1484	1642	317	274	518	512	433	345	475	524	526	463	391	567	708	703	700	829	801	810	1035	1025	1105	526	514	662	857	849	836	971	957	955	955	1170	1115	1309	1304	1499	1499	1657	1642	1633	1632	1632	1621	1615	2058	2056	2056	2055	2046	1986	2231	2622	527	510	939	934	900	860	1132	1130	1122	1111	1039	1329
600.0000009179869	0	0	750	0	856	1700	802	4572	4128	3986	6463	2321	1786	1761	1672	515	447	693	898	911	18	1072	1012	956	26	1185	1045	1250	1122	1340	1307	1236	1288	1274	1252	1229	1216	1197	1548	1519	1492	1448	1431	1278	1509	1663	321	278	527	522	447	354	487	542	537	477	396	587	713	710	704	839	806	817	1043	1034	1118	541	532	682	869	860	847	1011	999	981	958	1174	1118	1310	1304	1499	1499	1682	1678	1673	1663	1656	1627	1621	2074	2069	2062	2059	2056	2001	2250	2622	536	516	955	950	923	862	1150	1147	1139	1132	1059	1355
