>time	Ribosome	coli Pol	coli Pol-P	coli Pol-2.0	coli Pol-P-2.0	gp1	gp1-3.5	gp0.3	gp0.4	gp0.5	gp0.6A	gp0.7	gp1.1	gp1.2	gp1.3	gp1.4	gp1.5	gp1.6	gp1.7	gp1.8	gp2.0	gp2.5	gp2.8	gp3.0	gp3.5	gp3.8	gp4A	gp4.2	gp4.3	gp4.5	gp4.7	gp5.0	gp5.3	gp5.5	gp5.7	gp5.9	gp6.0	gp6.3	gp6.5	gp6.7	gp7	gp7.3	gp7.7	gp8	gp9	gp10A	gp11	gp12	gp13	gp14	gp15	gp16	gp17	gp17.5	gp18	gp18.5	gp19	gp19.5
0.004369639672011616	0	0	0	0	0	0	0	0	0	0	0	0	0	0	0	0	0	0	0	0	0	0	0	0	0	0	0	0	0	0	0	0	0	0	0	0	0	0	0	0	0	0	0	0	0	0	0	0	0	0	0	0	0	0	0	0	0	0
5.001795877085754	0	0	0	0	0	0	0	0	0	0	0	0	0	0	0	0	0	0	0	0	0	0	0	0	0	0	0	0	0	0	0	0	0	0	0	0	0	0	0	0	0	0	0	0	0	0	0	0	0	0	0	0	0	0	0	0	0	0
10.009748389209715	0	0	0	0	0	0	0	0	0	0	0	0	0	0	0	0	0	0	0	0	0	0	0	0	0	0	0	0	0	0	0	0	0	0	0	0	0	0	0	0	0	0	0	0	0	0	0	0	0	0	0	0	0	0	0	0	0	0
15.66400975758416	0	0	0	0	0	0	0	0	0	0	0	0	0	0	0	0	0	0	0	0	0	0	0	0	0	0	0	0	0	0	0	0	0	0	0	0	0	0	0	0	0	0	0	0	0	0	0	0	0	0	0	0	0	0	0	0	0	0
20.024795502281158	0	0	0	0	0	0	0	0	0	0	0	0	0	0	0	0	0	0	0	0	0	0	0	0	0	0	0	0	0	0	0	0	0	0	0	0	0	0	0	0	0	0	0	0	0	0	0	0	0	0	0	0	0	0	0	0	0	0
25.000073766469097	0	0	0	0	0	0	0	0	0	0	0	0	0	0	0	0	0	0	0	0	0	0	0	0	0	0	0	0	0	0	0	0	0	0	0	0	0	0	0	0	0	0	0	0	0	0	0	0	0	0	0	0	0	0	0	0	0	0
30.00343867454099	0	0	0	0	0	0	0	117	0	0	0	0	0	0	0	0	0	0	0	0	0	0	0	0	0	0	0	0	0	0	0	0	0	0	0	0	0	0	0	0	0	0	0	0	0	0	0	0	0	0	0	0	0	0	0	0	0	0
35.000273216501874	0	0	0	0	0	0	0	702	156	0	0	0	0	0	0	0	0	0	0	0	0	0	0	0	0	0	0	0	0	0	0	0	0	0	0	0	0	0	0	0	0	0	0	0	0	0	0	0	0	0	0	0	0	0	0	0	0	0
40.001896402965045	0	0	0	0	0	0	0	1638	416	224	53	0	0	0	0	0	0	0	0	0	0	0	0	0	0	0	0	0	0	0	0	0	0	0	0	0	0	0	0	0	0	0	0	0	0	0	0	0	0	0	0	0	0	0	0	0	0	0
45.00056526093398	0	0	0	0	0	0	0	3159	884	728	265	0	0	0	0	0	0	0	0	0	0	0	0	0	0	0	0	0	0	0	0	0	0	0	0	0	0	0	0	0	0	0	0	0	0	0	0	0	0	0	0	0	0	0	0	0	0	0
50.00014866171308	0	0	0	0	0	0	0	6084	1924	1232	848	0	0	0	0	0	0	0	0	0	0	0	0	0	0	0	0	0	0	0	0	0	0	0	0	0	0	0	0	0	0	0	0	0	0	0	0	0	0	0	0	0	0	0	0	0	0	0
55.000827729806666	0	0	0	0	0	0	0	8892	2964	2128	1908	0	0	0	0	0	0	0	0	0	0	0	0	0	0	0	0	0	0	0	0	0	0	0	0	0	0	0	0	0	0	0	0	0	0	0	0	0	0	0	0	0	0	0	0	0	0	0
60.00118955602802	0	0	0	0	0	0	0	13221	4420	3360	3657	0	0	0	0	0	0	0	0	0	0	0	0	0	0	0	0	0	0	0	0	0	0	0	0	0	0	0	0	0	0	0	0	0	0	0	0	0	0	0	0	0	0	0	0	0	0	0
65.00013651158383	0	0	0	0	0	0	0	17901	6136	4928	5300	0	0	0	0	0	0	0	0	0	0	0	0	0	0	0	0	0	0	0	0	0	0	0	0	0	0	0	0	0	0	0	0	0	0	0	0	0	0	0	0	0	0	0	0	0	0	0
70.00053670634945	0	0	0	0	0	0	0	24219	8528	7056	7367	359	0	0	0	0	0	0	0	0	0	0	0	0	0	0	0	0	0	0	0	0	0	0	0	0	0	0	0	0	0	0	0	0	0	0	0	0	0	0	0	0	0	0	0	0	0	0
75.00002319133046	0	0	0	0	0	0	0	32877	11492	9912	10229	2154	0	0	0	0	0	0	0	0	0	0	0	0	0	0	0	0	0	0	0	0	0	0	0	0	0	0	0	0	0	0	0	0	0	0	0	0	0	0	0	0	0	0	0	0	0	0
80.00020204976936	0	0	0	0	0	0	0	40833	15236	13104	12932	6103	0	0	0	0	0	0	0	0	0	0	0	0	0	0	0	0	0	0	0	0	0	0	0	0	0	0	0	0	0	0	0	0	0	0	0	0	0	0	0	0	0	0	0	0	0	0
85.00001904426622	0	0	0	0	0	0	0	50310	18668	16688	16642	14001	0	0	0	0	0	0	0	0	0	0	0	0	0	0	0	0	0	0	0	0	0	0	0	0	0	0	0	0	0	0	0	0	0	0	0	0	0	0	0	0	0	0	0	0	0	0
90.0001168230987	0	0	0	0	0	0	0	58383	22776	21112	20882	22976	0	0	0	0	0	0	0	0	0	0	0	0	0	0	0	0	0	0	0	0	0	0	0	0	0	0	0	0	0	0	0	0	0	0	0	0	0	0	0	0	0	0	0	0	0	0
95.00000758521666	0	0	0	0	0	0	0	68913	26312	25200	25599	31592	0	0	0	0	0	0	0	0	0	0	0	0	0	0	0	0	0	0	0	0	0	0	0	0	0	0	0	0	0	0	0	0	0	0	0	0	0	0	0	0	0	0	0	0	0	0
100.00011923377022	0	0	0	0	0	0	0	77571	31564	30016	30899	44516	0	0	0	0	0	0	0	0	0	0	0	0	0	0	0	0	0	0	0	0	0	0	0	0	0	0	0	0	0	0	0	0	0	0	0	0	0	0	0	0	0	0	0	0	0	0
105.00002259210152	0	0	0	0	0	0	0	90090	37076	35280	36199	61389	0	0	0	0	0	0	0	0	0	0	0	0	0	0	0	0	0	0	0	0	0	0	0	0	0	0	0	0	0	0	0	0	0	0	0	0	0	0	0	0	0	0	0	0	0	0
110.00005958366832	0	0	0	0	0	0	0	102726	41860	40320	42983	82929	0	0	0	0	0	0	0	0	0	0	0	0	0	0	0	0	0	0	0	0	0	0	0	0	0	0	0	0	0	0	0	0	0	0	0	0	0	0	0	0	0	0	0	0	0	0
115.00006424680159	0	0	0	0	0	0	0	117000	48152	46032	49608	112008	0	0	0	0	0	0	0	0	0	0	0	0	0	0	0	0	0	0	0	0	0	0	0	0	0	0	0	0	0	0	0	0	0	0	0	0	0	0	0	0	0	0	0	0	0	0
120.00009511512486	0	0	0	0	0	0	0	132912	55120	52752	57081	144677	0	0	0	0	0	0	0	0	0	0	0	0	0	0	0	0	0	0	0	0	0	0	0	0	0	0	0	0	0	0	0	0	0	0	0	0	0	0	0	0	0	0	0	0	0	0
125.00001004129884	0	0	0	0	0	0	0	148473	62244	59472	64130	177705	0	0	0	0	0	0	0	0	0	0	0	0	0	0	0	0	0	0	0	0	0	0	0	0	0	0	0	0	0	0	0	0	0	0	0	0	0	0	0	0	0	0	0	0	0	0
130.00000508800832	0	0	0	0	0	0	0	165204	69368	66808	72133	212528	0	0	0	0	0	0	0	0	0	0	0	0	0	0	0	0	0	0	0	0	0	0	0	0	0	0	0	0	0	0	0	0	0	0	0	0	0	0	0	0	0	0	0	0	0	0
135.00009555800344	0	0	0	0	0	4415	0	180999	76856	74928	81090	247351	0	0	0	0	0	0	0	0	0	0	0	0	0	0	0	0	0	0	0	0	0	0	0	0	0	0	0	0	0	0	0	0	0	0	0	0	0	0	0	0	0	0	0	0	0	0
140.000029716966	0	0	0	0	0	19426	0	198432	84396	82152	90471	289354	42	0	0	0	0	0	0	0	0	0	0	0	0	0	0	0	0	0	0	0	0	0	0	0	0	0	0	0	0	0	0	0	0	0	0	0	0	0	0	0	0	0	0	0	0	0
145.000020304726	0	0	0	0	0	37086	0	215631	91676	89040	97891	331716	294	172	0	0	0	0	0	0	0	0	0	0	0	0	0	0	0	0	0	0	0	0	0	0	0	0	0	0	0	0	0	0	0	0	0	0	0	0	0	0	0	0	0	0	0	0
150.0000308598527	0	0	0	0	0	59161	0	230958	97604	95312	104940	381976	630	430	0	0	0	0	0	0	0	0	0	0	0	0	0	0	0	0	0	0	0	0	0	0	0	0	0	0	0	0	0	0	0	0	0	0	0	0	0	0	0	0	0	0	0	0
155.00001697698923	0	0	0	0	0	88300	0	245934	104260	101136	111459	433313	1218	1376	0	0	0	0	0	0	0	0	0	0	0	0	0	0	0	0	0	0	0	0	0	0	0	0	0	0	0	0	0	0	0	0	0	0	0	0	0	0	0	0	0	0	0	0
160.00006482966253	0	0	0	0	0	122737	0	259038	108680	106568	117289	477470	2016	2322	0	0	0	0	0	0	0	0	0	0	0	0	0	0	0	0	0	0	0	0	0	0	0	0	0	0	0	0	0	0	0	0	0	0	0	0	0	0	0	0	0	0	0	0
165.00002920635413	0	0	0	0	0	186313	0	271908	114036	111944	123013	524858	3024	4472	0	0	0	0	0	0	0	0	0	0	0	0	0	0	0	0	0	0	0	0	0	0	0	0	0	0	0	0	0	0	0	0	0	0	0	0	0	0	0	0	0	0	0	0
170.00017890152623	0	0	0	0	0	238410	0	284661	119080	117040	128843	567220	3906	5676	718	0	0	0	0	0	0	0	0	0	0	0	0	0	0	0	0	0	0	0	0	0	0	0	0	0	0	0	0	0	0	0	0	0	0	0	0	0	0	0	0	0	0	0
175.000013117949	0	0	0	0	0	313465	0	296478	124384	121184	134143	608864	5082	7568	1795	0	0	0	0	0	0	0	0	0	0	0	0	0	0	0	0	0	0	0	0	0	0	0	0	0	0	0	0	0	0	0	0	0	0	0	0	0	0	0	0	0	0	0
180.00006319427942	0	0	0	0	0	392935	0	307476	129636	126168	139390	649790	6384	9976	5026	102	29	86	0	144	0	0	0	0	0	0	0	0	0	0	0	0	0	0	0	0	0	0	0	0	0	0	0	0	0	0	0	0	0	0	0	0	0	0	0	0	0	0
185.00002019716814	0	0	0	0	0	476820	0	316953	133796	130928	144902	688921	7602	12384	9693	255	87	258	0	288	66	0	0	0	0	0	0	0	0	0	0	0	0	0	0	0	0	0	0	0	0	0	0	0	0	0	0	0	0	0	0	0	0	0	0	0	0	0
190.00001946508115	0	0	0	0	0	569535	0	328185	138216	135520	150944	725180	9198	15652	14001	561	174	516	591	576	132	0	0	0	0	0	0	0	0	0	0	0	0	0	0	0	0	0	0	0	0	0	0	0	0	0	0	0	0	0	0	0	0	0	0	0	0	0
195.00003673229625	0	0	0	0	0	667548	0	336960	142220	139608	156085	761798	11046	18404	21899	765	290	946	788	912	792	0	0	149	0	0	0	0	0	0	0	0	0	0	0	0	0	0	0	0	0	0	0	0	0	0	0	0	0	0	0	0	0	0	0	0	0	0
200.00000923336293	0	0	0	0	0	762029	0	347022	147056	144256	160643	794826	12516	22360	29797	1224	435	1892	1773	1536	1782	0	0	298	152	0	0	0	0	0	0	0	0	0	0	0	0	0	0	0	0	0	0	0	0	0	0	0	0	0	0	0	0	0	0	0	0	0
205.00002428583974	0	0	0	0	0	842382	0	355446	150540	148344	165148	832162	14280	26144	39131	1734	638	2838	4334	2112	2508	696	0	447	152	121	0	112	0	0	0	0	0	0	0	0	0	0	0	0	0	0	0	0	0	0	0	0	0	0	0	0	0	0	0	0	0	0
210.00000201409455	0	0	0	0	0	921852	0	365391	154232	151312	168540	862677	15918	29412	49542	2397	754	3870	7289	2928	3432	1856	840	745	456	484	0	224	70	178	135	0	0	0	0	0	0	0	0	0	0	0	0	0	0	0	0	0	0	0	0	0	0	0	0	0	0	0
215.00000970996732	0	0	0	0	0	1005737	0	372879	156780	154896	172038	891397	17346	32164	63184	2958	957	5074	10441	3984	4620	4176	2380	1490	1672	1089	0	784	210	178	270	0	0	0	0	0	0	0	0	0	0	0	0	0	0	0	0	0	0	0	0	0	0	0	0	0	0	0
220.00000727542547	0	0	0	0	0	1080792	0	380718	160108	157752	174953	928374	18858	34830	77544	3366	1218	5934	15760	4944	5940	7192	5180	2682	4104	2299	0	1232	630	712	540	0	0	102	210	53	0	0	0	0	0	0	0	0	0	0	0	0	0	0	0	0	0	0	0	0	0	0
225.00000872172035	0	0	0	0	0	1156730	0	387738	163540	160776	178716	957812	20496	37926	92981	3876	1537	7654	20291	6480	7788	11136	7280	4023	5776	3993	0	3024	980	1157	945	0	0	102	210	106	0	0	84	0	0	0	0	0	0	0	0	0	0	0	0	0	0	0	0	0	0	0
230.0000140615073	0	0	0	0	0	1225604	0	393237	166140	163520	181525	983301	22050	40592	109854	4488	2001	8600	23837	7632	8976	15312	9660	5811	9272	6413	0	4704	1820	2136	1485	0	354	204	280	265	0	0	252	178	0	0	0	0	0	0	0	0	0	0	0	0	0	0	0	0	0	0
235.00000096445163	0	0	0	0	0	1298010	0	399555	168428	165872	184175	1006636	23310	43258	123137	5049	2233	9890	28171	8352	10296	19720	14000	8344	12768	9680	0	6944	3010	4183	3375	0	826	510	490	318	0	0	336	356	0	0	130	0	0	0	0	0	0	0	0	0	0	0	0	0	0	0
240.0000301725136	0	0	0	0	0	1367767	0	405054	170612	168336	186348	1028176	24780	46182	131753	5508	2407	11438	31914	9408	11880	26680	18620	11622	16568	12100	1132	9408	3570	5963	5400	0	1770	1224	910	530	0	37	420	445	266	202	260	0	0	0	0	0	0	0	0	0	0	0	0	0	0	0
245.00000075514848	0	0	0	0	0	1446354	0	410553	172744	170576	188097	1047562	26502	49794	145395	5916	2639	12470	36051	10656	13068	32480	21420	14453	19304	13915	2264	11424	4760	7387	7155	704	3068	1938	1050	742	600	185	1008	623	399	404	390	0	0	0	0	0	0	0	0	0	0	0	0	0	0	0
250.00000513467378	0	0	0	0	0	1513462	0	414999	174460	172312	190217	1067307	28098	52546	156165	6273	2871	13932	40188	11424	14388	37584	24220	18327	22192	16456	7924	14112	6650	9612	9045	704	4484	3162	1680	1431	1200	407	1596	1335	1330	1111	910	0	0	0	0	0	0	0	0	0	0	0	0	0	0	0
255.00000507741808	0	0	0	0	0	1575272	0	419562	176124	173880	192231	1082744	29484	55298	167653	6732	2958	14448	44325	12336	15378	41528	27020	21605	25688	19118	18112	16688	8190	12193	11070	704	5782	4488	2520	1855	2700	666	2352	2581	2527	1818	1820	0	0	0	0	0	0	0	0	0	0	0	0	0	0	0
260.0000013505102	0	0	0	0	0	1646795	0	424008	177580	175784	193874	1100694	30828	58308	181295	7191	3219	15136	46886	13152	16434	47792	30380	23840	28728	21538	26036	19600	10150	14240	14580	2112	6844	5508	2870	2385	5100	962	3276	3827	3990	3131	2470	0	1228	0	0	0	0	0	0	0	0	0	0	0	0	0
265.00000103607965	0	0	0	0	0	1701541	0	427284	178984	177016	195729	1114695	32214	60716	192424	7497	3509	16082	51023	14112	17754	52896	34020	26820	32832	24563	40186	22288	11550	16465	17010	4928	8496	6120	3850	3180	9300	1406	4872	5073	5320	4848	4030	0	1842	345	196	0	0	0	0	0	0	0	0	0	0	0
270.00000234736933	0	0	0	0	0	1749223	0	429507	180336	178696	197319	1126542	33474	62866	203194	7905	3654	16942	55160	14832	18876	57304	36120	30247	35720	27225	49808	25200	12810	18779	20385	8448	10974	8364	4900	4346	13500	1961	6888	6141	7315	6161	5980	1074	2763	1035	196	0	0	0	0	0	0	0	0	0	0	0
275.0000013527664	0	0	0	0	0	1797788	0	433251	181428	180152	198538	1142338	34398	65274	213964	8109	3886	18318	58509	15552	19998	62176	38780	35611	38304	29887	63392	27328	14350	20737	22815	18304	13334	10200	6230	5194	15900	2516	8568	7921	9975	8181	7670	2148	3991	1725	196	0	0	0	0	0	0	0	0	0	0	0
280.00000136185315	0	0	0	0	0	1833108	0	435942	182572	181888	199810	1151672	35448	67424	220785	8364	4031	19264	60676	16368	20922	66120	40740	38889	41648	32065	78108	29792	16030	23051	25785	28160	16166	12750	7770	6042	20100	3441	10584	10324	12502	10100	9620	2685	5833	2415	392	0	0	0	0	0	0	0	0	0	0	0
285.00000687519287	0	0	0	0	0	1873726	0	438984	183664	182784	201241	1155621	36246	70090	227965	8619	4176	19866	64222	16704	21780	69832	43260	42167	43320	33880	91692	32928	17290	25454	28215	35904	18290	14586	9030	7420	24900	4107	12432	12549	15694	11514	12350	6444	8289	5175	588	0	0	196	0	0	0	0	0	0	0	0
290.0000040771316	0	0	0	0	0	1923174	0	440973	184756	183848	202195	1165314	36960	71638	236222	8976	4234	20812	68162	17280	22770	74472	44940	44104	45752	35937	103012	35056	18690	26255	30915	47872	20414	17136	10290	8321	31500	4699	14616	14418	19285	14140	15600	8592	10131	8280	784	0	0	196	0	0	0	0	0	0	0	0
295.0000051647139	0	0	0	0	0	1949664	0	442962	185484	184912	203467	1175725	37716	73100	245197	9231	4379	21500	71117	18048	23694	78416	47600	47084	48184	37268	116030	37184	19810	28480	34155	59840	23246	19278	11690	9275	39000	5402	16548	16109	21679	15251	19890	15036	12280	11730	1176	0	276	392	0	0	0	0	0	0	0	0
300.0000038387181	0	0	0	0	0	1977037	0	445302	186524	185976	204421	1184700	38514	74820	254531	9537	4582	22188	73875	18720	24288	80736	50540	50064	49248	39083	128482	39536	21140	30171	36315	80960	25724	21624	13720	10441	41700	5957	19152	19135	23674	17574	23270	22554	19648	14835	1372	0	276	392	0	0	0	0	0	0	0	0
305.00000466914383	0	0	0	0	0	2004410	0	447759	187408	187376	205428	1193316	39228	77056	264583	9639	4814	22876	76436	19200	25014	84448	52500	51852	50920	41140	137538	40320	22540	31773	38340	97152	28320	23868	14980	11607	48000	6549	21168	21093	26334	20200	25610	31146	24867	19320	1764	794	690	588	0	0	0	0	0	0	0	0
310.00000113358266	0	0	0	0	0	2036198	0	450684	188396	188048	206700	1200137	40236	78346	271045	9945	5046	23392	78997	19968	25674	87928	54180	54236	53656	43318	147726	42224	23590	34265	41175	112640	30326	26214	16240	12985	52800	7363	22596	23229	29127	22523	28470	39738	31621	27945	2156	794	1104	784	0	0	0	0	0	0	0	0
315.0000077157783	0	0	0	0	0	2060039	0	453024	189228	188944	207919	1209471	41076	79378	280020	10200	5104	24166	82543	20400	26070	90480	56280	55577	56088	45375	160178	44240	24920	37024	43740	130944	32568	29274	17360	14151	59100	8214	25032	25454	31787	24644	31070	53163	38682	36570	2352	1588	1380	980	0	0	0	0	0	0	0	0
320.00000345930624	0	0	0	0	0	2087412	0	454896	189592	189616	209085	1216651	41790	80496	288636	10557	5191	25112	85892	21168	26730	94424	57960	58259	58216	47916	172064	46704	25830	39427	46980	149248	35046	31008	18760	15317	64500	8880	26964	28391	35112	26664	34320	61755	44515	41745	3332	2382	1932	1568	0	0	0	0	0	0	0	49
325.00000434258635	0	0	0	0	0	2108604	0	456885	190164	190456	209721	1222754	42546	82044	296175	10659	5307	25628	87862	21600	27588	98600	60200	59600	60040	49005	183384	48160	27370	41919	49140	161920	36934	33252	20440	16536	69600	9361	29232	30794	38836	28684	37050	71958	51269	48300	3724	3176	2760	2548	0	0	0	67	356	286	0	98
330.0000040600003	0	0	0	0	0	2132445	0	458523	191204	191296	210622	1229575	43050	84022	302637	10914	5452	25972	90423	22416	28578	102080	62860	61537	62320	49973	191308	50288	28350	43610	51705	173184	39530	35190	21210	17808	72900	9768	30324	33375	41629	30401	40430	80013	56795	56925	4704	3970	3864	4116	0	0	0	134	445	572	0	98
335.0000010858474	0	0	0	0	0	2158052	0	460512	192036	191576	211470	1234960	43554	85484	309099	11475	5597	26316	91408	22752	29106	103936	64820	64070	63840	51546	202628	51968	30030	45657	53865	195712	42008	37332	22470	18868	77100	10360	32256	35689	44821	32724	43290	91827	65391	63135	5684	4764	4968	4508	1494	0	1106	268	623	858	0	245
340.0000007537955	0	0	0	0	0	2175712	0	462033	192660	192080	212636	1242858	44184	86602	315561	11730	5800	26918	93378	23136	29898	108112	67620	66156	65056	54329	211684	53536	31150	46903	56835	208384	43778	38862	23380	19928	84000	11174	33936	37469	46683	35047	46800	104715	74294	71415	6468	5558	5796	5292	3735	0	1106	402	979	1001	0	343
345.0000018312207	0	0	0	0	0	2191606	0	463554	193388	192752	213855	1253269	44688	88150	321305	12087	5858	27520	95939	23376	30492	111128	69160	69732	67640	56144	221306	55664	32060	48416	59805	227392	46256	40392	24990	20405	89400	12025	35448	39249	50274	37067	50050	116529	82890	82800	8624	7146	6900	6664	3735	0	1659	469	1157	1144	0	441
350.0000145888994	0	0	0	0	0	2213681	0	464958	193804	193088	214597	1261167	44982	89440	327767	12189	6003	28036	97712	23952	31020	113912	70840	71073	70528	57596	228098	57680	33180	49662	61155	247808	49206	42636	26670	21306	97800	12728	37464	41474	53067	38986	52780	130491	89030	91425	10388	7940	8142	7644	3735	0	2212	536	1691	1859	0	882
355.000005221247	0	0	0	0	0	2233990	0	466479	194480	193816	215445	1266552	45612	90988	333870	12393	6148	28810	99879	24192	31812	118088	73780	72265	72504	59411	236022	59360	34300	51353	63180	262592	51684	44268	27930	22419	104100	13209	39564	43610	56126	40501	54860	142305	96091	100050	11172	10322	9384	9212	4482	0	2765	804	2136	2431	586	1127
360.0000029204178	0	0	0	0	0	2251650	0	467883	195260	194544	215869	1270142	46326	92536	340691	12750	6264	29498	102834	24576	32340	121336	75320	73308	74024	61468	243946	61152	35210	53133	65745	277376	53808	45798	28560	23532	110100	13579	40908	45123	58786	42521	58110	155193	103152	109020	12152	11116	10074	10584	7470	0	3318	1340	2759	2717	1172	1323
365.00000386314883	0	0	0	0	0	2271959	0	469638	195936	195328	216611	1275886	47166	93826	345717	13005	6467	29928	103819	25152	32868	124816	76720	75096	75240	63404	251870	62944	36400	55091	69390	292864	55696	47226	30170	24221	116400	14171	42420	46814	61845	45147	62400	165396	110520	117645	13524	14292	10902	12544	8964	1318	4424	1809	3115	3003	3516	1470
370.0000014097472	0	0	0	0	0	2284321	0	471393	196716	196056	217194	1282707	47880	94858	351461	13362	6612	30960	105592	25536	33924	127600	78540	77480	77672	64977	262624	64288	37520	56426	72225	316800	57702	48960	31920	25228	122100	14911	44016	48060	64771	46965	65780	178284	119116	125580	15092	17468	12282	13524	14193	1318	4977	2345	3560	4004	4102	2107
375.00000319080635	0	0	0	0	0	2306396	0	472329	197392	196896	217936	1287374	48468	95890	356487	13413	6728	31390	107365	26016	34848	130152	80360	79715	79800	67276	268284	65520	38220	58206	74250	331584	60298	50796	33740	26076	126900	15392	46032	49840	66766	48985	68900	193320	124335	132480	15288	22232	13110	14308	16434	2636	8295	2479	4361	4576	5274	2205
380.0000076316021	0	0	0	0	0	2327588	0	473967	198016	197400	218625	1293836	49056	96664	362949	13821	6873	31648	109926	26592	35574	133168	82040	81205	81624	69333	277906	67872	39620	59541	76815	343552	62776	52530	34860	27083	130800	15799	47628	51175	69160	50601	72280	201912	129861	146625	16660	27790	13662	15680	22410	2636	12166	2814	4895	5148	7032	2744
385.00000640503714	0	0	0	0	0	2341716	0	474669	198744	197904	219261	1299221	49602	97610	371924	14433	6931	32164	112290	27168	36366	136648	85120	83887	84208	70422	294320	69216	41300	61143	78570	350592	64782	53652	36540	27984	137400	16428	49140	53489	71820	52924	75530	213726	136308	153180	17444	32554	14766	15876	23904	3954	14378	3149	5696	6435	8204	3185
390.000005964214	0	0	0	0	0	2360259	0	475722	199316	198408	220268	1306042	50400	98384	380181	14739	7134	32938	113669	27456	37092	140824	86520	85526	86640	72358	304508	71680	42840	62656	80595	369600	67142	55590	37870	28938	143400	16798	50904	55447	73549	54641	77480	224466	144290	162840	19012	38906	15456	17444	27639	3954	18249	3819	6408	7150	9962	3185
395.0000120523554	0	0	0	0	0	2369089	0	477009	200200	199360	221116	1309273	50904	99244	387002	14892	7250	33626	115639	28128	37686	144536	88060	87612	89072	74899	311300	73808	43890	63991	82890	382272	69384	57732	39340	29839	150300	17612	52920	57761	76874	56358	79560	237891	149816	170775	20188	41288	16560	19600	31374	5272	21014	4422	6764	8580	12306	3773
400.0000002349941	0	0	0	0	0	2384983	0	478647	200928	200480	221646	1313940	51324	100792	392028	14994	7482	33970	118397	28464	38412	146856	89600	88953	91200	76835	321488	76048	45220	64970	85185	397056	71272	59568	40460	30740	155700	17760	54432	59808	79401	58984	82680	248631	156877	179400	21168	44464	17526	20580	35109	5272	24332	4623	7031	9152	17580	4312
405.00000180267904	0	0	0	0	0	2396462	0	479466	201344	201152	222017	1319684	52164	102168	395618	15504	7743	34314	120367	28800	39138	150336	90860	90592	93328	79013	328846	77504	45850	66750	87480	411840	73278	61506	41580	31853	161400	18611	57288	62389	83524	61307	85280	259908	164245	187335	22736	46052	18216	22344	40338	6590	32074	4958	7832	11011	19338	4802
410.0000024460562	0	0	0	0	0	2413239	0	480519	201916	201600	222494	1324351	52668	103630	398849	15810	7859	34916	121746	29328	39930	153816	92820	92529	94696	81070	337336	79184	46830	68174	88965	427328	75756	63444	42840	32330	166800	19240	59136	64347	85918	63731	88530	272259	172227	197340	24304	49228	18768	24696	45567	9226	35392	5628	8722	12441	21682	5586
415.00000058276703	0	0	0	0	0	2423835	0	481455	202592	202216	222971	1327223	53340	104490	403516	16218	8004	35432	124701	29856	40524	156832	94640	95360	96368	83127	344694	81536	48160	69687	91530	442112	78116	65178	44240	33125	171000	20017	60480	66305	87381	66155	92040	284073	180209	203550	25676	52404	19596	25676	51543	10544	39263	6097	8811	13585	24612	5831
420.00000101679007	0	0	0	0	0	2433548	0	482508	203528	202832	223554	1330813	53928	105522	408183	16371	8120	35862	126671	30384	41052	160544	96180	97744	99256	84942	350920	83552	49070	71022	93555	456896	79886	66810	45640	34185	174900	20535	61740	68352	90041	69387	94900	298035	184507	212175	26852	58756	20562	25872	53784	14498	45346	6499	9612	14300	28714	6174
425.0000004766399	0	0	0	0	0	2450325	0	484146	204100	203112	224084	1336916	54474	106726	415363	16677	8265	36808	128838	30768	41910	163792	98560	99681	100624	86031	358844	85904	50260	72713	96255	467456	82600	68136	46830	34874	181200	21164	63672	70488	92967	72316	97890	315756	191568	220800	27636	59550	21804	26460	62748	17134	49770	7236	10324	15587	32230	6762
430.0000010084484	0	0	0	0	0	2460921	0	485433	204620	203672	224720	1341942	54852	107930	422184	16881	8381	37582	131399	31152	42438	167040	100380	100724	102600	87725	367900	88256	51240	74671	98415	479424	84016	70584	47600	35987	186600	21645	66192	71645	95361	73629	99060	331866	197708	230115	28224	61138	22908	27636	65736	22406	53088	7973	11036	17160	39262	7105
435.0000003884704	0	0	0	0	0	2473283	0	486486	204828	204176	225144	1346609	55314	109134	428287	17187	8584	38098	133369	31728	43296	169128	102760	102661	104272	88693	376390	90608	52360	76273	102195	493504	86022	73236	48510	36888	190800	22200	68628	73514	99351	75144	101140	342606	203848	238395	28616	64314	24150	29988	70218	36904	58618	8308	11659	18161	44536	7791
440.0000118741429	0	0	0	0	0	2488294	0	487773	205400	204680	225727	1349840	55860	110080	432954	17646	8729	38356	136521	32160	43890	172608	104020	105790	105944	90992	383182	92736	53690	78053	103410	502656	88500	74868	50120	38001	194700	22829	69888	75116	101745	77366	104650	354957	210909	248400	28812	66696	24840	30968	74700	47448	64701	8777	12193	19734	46880	8085
445.00000531029013	0	0	0	0	0	2503305	0	489294	206024	205240	226416	1352353	56406	111456	437980	17799	8932	39044	138885	32400	44418	174000	105840	107578	108376	91839	388842	94752	54950	80011	105570	520256	91568	77010	51660	38690	199800	23384	71232	76985	105070	79689	106600	368919	218891	258060	29792	67490	26910	31948	76194	55356	68572	9380	13350	20878	50396	8673
450.0000052348017	0	0	0	0	0	2513901	0	489879	206440	205576	226946	1358097	56910	112316	441211	18207	9135	40076	140264	32832	45408	175856	107380	109217	109288	93049	400162	96544	56350	81257	108540	535040	94282	79458	52780	39697	209100	23754	72744	79388	107996	81305	109070	379122	226259	268755	30772	71460	27324	33712	82917	63264	70231	10050	14062	22880	53912	9212
455.00000192188566	0	0	0	0	0	2527146	0	491751	206700	206136	227370	1362046	57288	113434	444801	18615	9367	40850	142037	33168	46068	179336	109480	110707	111416	94380	410350	98112	57400	81969	111645	553344	96170	81804	54040	40492	213000	24420	74172	80901	110390	83628	111800	389862	231171	276690	31556	73842	28704	35868	89640	77762	74102	10720	14952	23881	60358	9702
460.0000024089922	0	0	0	0	0	2533327	0	493038	207480	206584	227635	1365277	57750	114122	450904	18921	9454	41280	143613	33456	47190	182352	110740	112346	113240	95953	419406	100016	58380	83749	113265	566016	98884	83946	55300	41287	219000	25308	75768	82325	112385	85749	115050	404898	236083	286350	31948	75430	29118	38220	96363	86988	82397	11256	15931	25311	65632	10388
465.0000031761911	0	0	0	0	0	2548338	0	495027	207948	207368	228589	1368149	58296	115584	455571	19278	9744	42054	145386	34032	47718	185600	112420	113687	115216	97405	427330	101248	59500	85084	115560	580800	101598	85170	56770	42347	225900	25752	77616	83838	115045	87769	118170	416712	242837	299115	33320	79400	30498	39200	103833	94896	86821	11591	16465	25597	69148	10780
470.0000013547671	0	0	0	0	0	2558051	0	495612	208260	208040	228960	1371021	58422	116874	460238	19329	9802	42742	147553	34560	48114	189312	113540	115624	116888	98857	432424	103040	61180	86330	118530	592064	103014	88332	57960	43513	233100	26381	79800	85618	117838	89082	121160	427989	250819	310155	34692	81782	32844	40768	107568	102804	91245	12127	17266	26455	74422	11662
475.00000697366823	0	0	0	0	0	2565998	0	496782	208832	208432	229172	1374252	58926	117734	464187	19533	9860	43688	149326	35184	48906	192560	114520	117859	119624	100188	440914	104496	62230	87754	121365	606144	104312	90474	59290	44679	239100	26751	82320	86953	121695	92314	124150	440340	257573	318090	35868	92898	34086	42140	112050	110712	95669	12596	18156	27170	76766	12201
480.00000299557195	0	0	0	0	0	2571296	0	497835	209196	208712	229702	1376406	59262	118766	468854	19839	10034	44462	151493	35760	49632	194416	116480	120094	120232	102729	446574	105280	62930	89534	123660	615296	106436	92412	60760	45633	243900	27195	84756	88822	125419	94940	126880	453765	266476	327405	37632	93692	34362	43708	115785	123892	99540	12797	19135	28457	82626	12593
485.0000081642925	0	0	0	0	0	2579243	0	499356	209612	209216	230179	1379637	59934	119712	471726	19992	10092	45064	153857	36432	50028	197896	118020	121584	122512	104544	461290	107520	63910	91136	126360	627968	108678	94044	62580	46693	250200	27602	86436	91314	128079	96758	129220	465042	275379	336030	38024	97662	35742	45080	121761	131800	104517	13199	19847	29458	86728	12985
490.00000618822156	0	0	0	0	0	2591605	0	501111	209976	209664	230974	1383586	60354	120916	476752	20451	10179	45236	156418	37008	50754	200216	119560	123819	124488	106480	468648	108976	65380	92649	128250	642048	111392	96186	64050	47541	254100	28342	88368	93361	131005	98879	131820	472023	282440	345345	39200	102426	37398	46648	129231	142344	113918	13534	20559	30173	93174	13279
495.0000005871856	0	0	0	0	0	2603084	0	502281	210496	210168	231451	1387894	60732	121862	482855	20706	10353	46096	158388	37584	51480	202304	121240	125458	126464	108295	475440	111328	66780	93895	130815	655424	114224	97410	65100	48601	261600	29082	89880	94963	133133	100697	134940	479004	290115	350865	39788	104808	39330	48216	138195	147616	118342	14338	21538	31603	98448	13769
500.00000413111934	0	0	0	0	0	2615446	0	503568	211120	210840	231928	1392920	61194	122464	487163	21114	10527	46698	160555	38160	52074	205088	122780	126948	127680	110110	485062	113008	67900	96120	133245	664576	116348	99144	66780	49555	267900	29859	91476	96654	135793	102818	137800	491892	297176	361215	41552	109572	40296	49588	142677	152888	122213	15276	22161	32890	104894	14798
505.0000061199512	0	0	0	0	0	2626925	0	504621	211484	211400	232299	1395433	61698	123152	492548	21471	10614	47214	162328	38784	53064	207408	124180	128885	129504	112651	491854	114800	68880	97900	135945	681472	118826	100674	68530	50721	273900	30451	93324	98345	138054	104939	140270	505854	304544	374670	42336	114336	41814	51548	150894	156842	126084	15544	22962	34320	107824	15386
510.00000802851775	0	0	0	0	0	2634872	0	505674	211796	211960	232829	1401536	62370	124012	495779	21675	10672	47558	164692	39360	53262	210888	125020	129928	131176	114587	502042	116480	69650	99769	137835	694144	121422	102816	69440	51463	279900	31228	95424	100036	139650	107464	142350	516057	312219	382605	44492	115924	43332	53312	157617	162114	131061	16817	23763	35035	111340	15974
515.0000045959937	0	0	0	0	0	2649000	0	506493	212576	212464	233306	1405126	62874	124872	500087	22185	10904	48160	165874	39744	53790	212512	127260	131269	132544	115555	506570	118832	70910	101460	140805	704704	123310	104448	70770	52417	285000	31931	97104	102261	143108	108878	144950	527334	320508	390195	45668	119894	44712	54292	165834	171340	136591	17420	24742	35893	118372	16807
520.0000007446434	0	0	0	0	0	2654298	0	507546	212784	212800	233783	1408716	63252	125302	504395	22542	11020	49020	167647	40176	54978	214600	128940	133355	134824	117249	513362	120288	72030	103062	141885	718784	125080	106284	72030	53689	291900	32449	98784	103863	145768	111302	148070	534852	327876	397785	47236	124658	46368	56056	171810	187156	141568	18023	25276	37323	121302	17346
525.0000022360197	0	0	0	0	0	2662245	0	508131	213148	213360	234101	1413024	63546	127022	507626	22797	11194	49536	169026	40608	55638	216456	130760	135143	136800	119064	521852	122080	73010	104219	144990	732864	126968	107406	72940	54537	298800	32967	100884	105554	148162	113625	151190	542907	335551	408480	48020	128628	48438	57428	176292	196382	147098	18626	26077	37895	124818	17934
530.0000000284641	0	0	0	0	0	2671075	0	509067	213408	213752	234578	1416614	63714	127710	513729	23103	11368	50052	171193	40800	56034	219240	133140	136186	138016	120516	532040	123200	73920	105821	148095	745536	129092	109446	73780	55703	303900	33633	103320	107690	149891	116049	153530	553110	340156	416760	49784	132598	50094	59976	183015	205608	152075	19296	27145	38753	129506	18228
535.0000004594051	0	0	0	0	0	2681671	0	509769	213720	213976	234790	1420563	64176	128656	518037	23307	11513	50568	173163	41328	56298	220864	134820	138123	139992	122331	541662	125440	74550	106978	149985	757504	130390	111384	75460	56551	309300	34373	105588	109648	151753	118271	156000	563850	349980	424695	50176	134980	51474	62132	189738	216152	157052	20033	27679	39325	134780	18718
540.0000048162057	0	0	0	0	0	2685203	0	510705	213928	214704	235055	1422717	64596	129602	521986	23562	11745	50826	174936	41952	56496	223880	137620	139315	140904	123299	552982	126784	75670	108402	152820	767360	131924	113322	76650	56869	315300	35039	107772	111428	155344	119786	159380	579423	356427	434010	51548	137362	52026	63308	197208	226696	164794	20435	29103	40755	144156	19355
545.0000010134928	0	0	0	0	0	2699331	0	512109	214448	215432	235638	1425230	65058	130462	527371	23664	11832	51428	178088	42144	56958	226664	138320	140954	141968	124630	558642	128576	76930	110182	154575	782144	134284	115872	78050	57717	318600	35927	109536	113119	157339	121806	162110	591774	364716	445395	52724	140538	52854	64288	206919	235922	171983	21373	30171	41613	150602	19943
550.0000002149885	0	0	0	0	0	2706395	0	513045	215072	216160	235956	1428102	65814	130978	530602	24123	11977	52030	180452	42576	57552	228288	140700	142742	142576	125719	568264	130816	77910	112229	157275	800448	135936	118422	79030	58671	325500	36630	111216	114365	160398	123523	165230	605736	370856	453330	54292	146096	54096	66052	214389	242512	177513	22177	30972	42614	155876	20825
555.0000112022528	0	0	0	0	0	2713459	0	513747	215384	216608	236380	1432769	66150	132096	533474	24480	12151	52718	182422	43200	58146	230840	142660	144530	143640	127292	577320	132272	79380	114009	159435	813824	138768	120666	80850	59519	330900	37148	113904	115789	163324	125947	169000	618087	380066	461955	54488	150066	56028	67620	220365	251738	187467	22713	32218	43329	160564	21413
560.0000132216047	0	0	0	0	0	2726704	0	514800	215852	217056	237016	1436000	66654	133128	538141	24633	12296	53062	184195	43536	58872	232000	143500	146318	145768	128623	588640	133168	80850	115967	161460	832832	140420	122502	82460	60208	335100	37740	115836	117747	166117	128775	173160	635808	388048	467820	56252	158800	56580	68208	225594	260964	195209	23584	33553	44759	164666	21707
565.0000049535165	0	0	0	0	0	2733768	0	515502	216632	217392	237440	1437436	67158	133988	542449	24939	12528	53750	187347	44208	59598	235944	145880	147510	148504	130075	596564	135408	81970	117391	163350	843392	142544	124236	83720	61162	338700	38406	118692	119082	170107	130492	175500	649770	397258	474030	56644	161182	57960	69776	230076	268872	198527	24656	34710	46618	171112	22295
570.0000036269314	0	0	0	0	0	2740832	0	516204	217100	217504	237864	1440308	67368	134848	544603	25194	12702	54352	189120	44400	60126	238032	147140	149149	150024	131285	606186	136304	83510	119349	164700	856768	146202	125868	85050	62116	342300	38887	120204	120773	173432	133017	178750	662121	404933	484380	58212	169916	59340	71540	235305	275462	204057	25460	35244	48048	178730	22883
575.0000131217896	0	0	0	0	0	2750545	0	517491	217412	217672	238659	1443180	67956	135880	548911	25704	12963	55040	191287	44784	60654	241048	149380	150639	151240	132616	612978	137872	84420	121307	167535	868736	148208	128214	86100	63176	346800	39442	121884	122553	176358	135340	180830	673398	410766	494730	59388	170710	61962	72912	242775	282052	209034	26264	36668	49335	183418	23569
580.0000095395286	0	0	0	0	0	2755843	0	518661	217984	218232	239136	1445334	68250	136912	552501	26163	13050	55642	192666	45120	61908	244528	150640	151682	153216	134552	621468	139216	85120	123354	170100	884928	150922	130560	87010	64607	352800	40145	123816	124422	179151	137360	184080	683064	417213	506460	60564	173886	63894	74088	250245	296550	214564	26666	38003	51051	187520	23961
585.0000036509015	0	0	0	0	0	2765556	0	520065	218556	218792	239560	1449642	68628	137600	555732	26367	13340	56330	194242	45648	62568	247080	151900	153917	154432	136125	632222	140336	85890	125223	172935	893376	153636	132090	88200	65561	357900	41033	126084	126202	181146	139885	187070	695415	425502	514395	61152	178650	64860	76440	253980	305776	218435	27537	38893	51909	193966	24500
590.0000154656213	0	0	0	0	0	2781450	0	520650	218816	219464	240090	1452873	68922	138374	561117	26469	13688	56760	195818	45888	63162	250792	153160	155556	156408	138424	638448	142128	87290	126647	175230	903232	155406	134028	89670	66409	361500	41736	128268	127626	183939	142107	189670	709914	434405	525435	63308	181826	66378	79380	258462	312366	223965	28006	39427	53482	199240	25284
595.0000070658642	0	0	0	0	0	2787631	0	521586	219336	219968	240567	1456463	69300	139578	562912	26673	14036	57104	197788	46320	64086	253112	155540	157195	157928	139392	641278	143696	88480	128071	177255	916608	157294	135660	90790	67310	366000	42439	131376	129762	186732	144228	191620	727098	441773	533715	63504	187384	67896	80164	262944	321592	232813	28408	40495	55055	202756	25921
600.0000163113734	0	0	0	0	0	2797344	0	522873	219700	220248	241044	1459694	69930	140438	566143	26979	14152	57620	198970	46896	64614	255664	157500	157940	159600	140602	647504	146048	89390	129317	179550	927168	158946	138108	92400	68264	368700	42883	133392	131186	189525	146652	193700	736764	449448	541650	64876	189766	69276	82516	270414	336090	242767	28944	42097	56771	208030	26705
