>time	Ribosome	coli Pol	coli Pol-P	coli Pol-2.0	coli Pol-P-2.0	gp1	gp1-3.5	gp0.3	gp0.4	gp0.5	gp0.6A	gp0.7	gp1.1	gp1.2	gp1.3	gp1.4	gp1.5	gp1.6	gp1.7	gp1.8	gp2.0	gp2.5	gp2.8	gp3.0	gp3.5	gp3.8	gp4A	gp4.2	gp4.3	gp4.5	gp4.7	gp5.0	gp5.3	gp5.5	gp5.7	gp5.9	gp6.0	gp6.3	gp6.5	gp6.7	gp7	gp7.3	gp7.7	gp8	gp9	gp10A	gp11	gp12	gp13	gp14	gp15	gp16	gp17	gp17.5	gp18	gp18.5	gp19	gp19.5
0.0021882535337321655	0	0	0	0	0	0	0	0	0	0	0	0	0	0	0	0	0	0	0	0	0	0	0	0	0	0	0	0	0	0	0	0	0	0	0	0	0	0	0	0	0	0	0	0	0	0	0	0	0	0	0	0	0	0	0	0	0	0
5.002241479780512	0	0	0	0	0	0	0	0	0	0	0	0	0	0	0	0	0	0	0	0	0	0	0	0	0	0	0	0	0	0	0	0	0	0	0	0	0	0	0	0	0	0	0	0	0	0	0	0	0	0	0	0	0	0	0	0	0	0
10.004099921950434	0	0	0	0	0	0	0	0	0	0	0	0	0	0	0	0	0	0	0	0	0	0	0	0	0	0	0	0	0	0	0	0	0	0	0	0	0	0	0	0	0	0	0	0	0	0	0	0	0	0	0	0	0	0	0	0	0	0
15.004310510340822	0	0	0	0	0	0	0	0	0	0	0	0	0	0	0	0	0	0	0	0	0	0	0	0	0	0	0	0	0	0	0	0	0	0	0	0	0	0	0	0	0	0	0	0	0	0	0	0	0	0	0	0	0	0	0	0	0	0
20.00105076672688	0	0	0	0	0	0	0	0	0	0	0	0	0	0	0	0	0	0	0	0	0	0	0	0	0	0	0	0	0	0	0	0	0	0	0	0	0	0	0	0	0	0	0	0	0	0	0	0	0	0	0	0	0	0	0	0	0	0
25.001067729654554	0	0	0	0	0	0	0	0	0	0	0	0	0	0	0	0	0	0	0	0	0	0	0	0	0	0	0	0	0	0	0	0	0	0	0	0	0	0	0	0	0	0	0	0	0	0	0	0	0	0	0	0	0	0	0	0	0	0
30.000424793949712	0	0	0	0	0	0	0	585	52	0	0	0	0	0	0	0	0	0	0	0	0	0	0	0	0	0	0	0	0	0	0	0	0	0	0	0	0	0	0	0	0	0	0	0	0	0	0	0	0	0	0	0	0	0	0	0	0	0
35.00035256784624	0	0	0	0	0	0	0	2106	624	56	0	0	0	0	0	0	0	0	0	0	0	0	0	0	0	0	0	0	0	0	0	0	0	0	0	0	0	0	0	0	0	0	0	0	0	0	0	0	0	0	0	0	0	0	0	0	0	0
40.00026069415707	0	0	0	0	0	0	0	4797	988	672	0	0	0	0	0	0	0	0	0	0	0	0	0	0	0	0	0	0	0	0	0	0	0	0	0	0	0	0	0	0	0	0	0	0	0	0	0	0	0	0	0	0	0	0	0	0	0	0
45.00036807352868	0	0	0	0	0	0	0	8307	2548	1456	742	0	0	0	0	0	0	0	0	0	0	0	0	0	0	0	0	0	0	0	0	0	0	0	0	0	0	0	0	0	0	0	0	0	0	0	0	0	0	0	0	0	0	0	0	0	0	0
50.00010812397126	0	0	0	0	0	0	0	14040	4264	3136	2173	0	0	0	0	0	0	0	0	0	0	0	0	0	0	0	0	0	0	0	0	0	0	0	0	0	0	0	0	0	0	0	0	0	0	0	0	0	0	0	0	0	0	0	0	0	0	0
55.00026982470847	0	0	0	0	0	0	0	20943	6552	5432	3551	0	0	0	0	0	0	0	0	0	0	0	0	0	0	0	0	0	0	0	0	0	0	0	0	0	0	0	0	0	0	0	0	0	0	0	0	0	0	0	0	0	0	0	0	0	0	0
60.00060722798986	0	0	0	0	0	0	0	28197	9880	8008	5883	0	0	0	0	0	0	0	0	0	0	0	0	0	0	0	0	0	0	0	0	0	0	0	0	0	0	0	0	0	0	0	0	0	0	0	0	0	0	0	0	0	0	0	0	0	0	0
65.00009336399012	0	0	0	0	0	0	0	36738	13156	11480	9222	0	0	0	0	0	0	0	0	0	0	0	0	0	0	0	0	0	0	0	0	0	0	0	0	0	0	0	0	0	0	0	0	0	0	0	0	0	0	0	0	0	0	0	0	0	0	0
70.00015153231503	0	0	0	0	0	0	0	45045	17368	15232	13038	1795	0	0	0	0	0	0	0	0	0	0	0	0	0	0	0	0	0	0	0	0	0	0	0	0	0	0	0	0	0	0	0	0	0	0	0	0	0	0	0	0	0	0	0	0	0	0
75.0001333711764	0	0	0	0	0	0	0	55224	21320	18592	17066	9334	0	0	0	0	0	0	0	0	0	0	0	0	0	0	0	0	0	0	0	0	0	0	0	0	0	0	0	0	0	0	0	0	0	0	0	0	0	0	0	0	0	0	0	0	0	0
80.00002529124157	0	0	0	0	0	0	0	67275	26052	23072	22101	19027	0	0	0	0	0	0	0	0	0	0	0	0	0	0	0	0	0	0	0	0	0	0	0	0	0	0	0	0	0	0	0	0	0	0	0	0	0	0	0	0	0	0	0	0	0	0
85.00033800984416	0	0	0	0	0	0	0	81315	31460	28448	26500	30156	0	0	0	0	0	0	0	0	0	0	0	0	0	0	0	0	0	0	0	0	0	0	0	0	0	0	0	0	0	0	0	0	0	0	0	0	0	0	0	0	0	0	0	0	0	0
90.00034784084352	0	0	0	0	0	0	0	94887	36816	33488	32330	47029	0	0	0	0	0	0	0	0	0	0	0	0	0	0	0	0	0	0	0	0	0	0	0	0	0	0	0	0	0	0	0	0	0	0	0	0	0	0	0	0	0	0	0	0	0	0
95.00023747480567	0	0	0	0	0	0	0	110214	42432	39032	38637	67133	0	0	0	0	0	0	0	0	0	0	0	0	0	0	0	0	0	0	0	0	0	0	0	0	0	0	0	0	0	0	0	0	0	0	0	0	0	0	0	0	0	0	0	0	0	0
100.00007102641423	0	0	0	0	0	0	0	125424	48620	45640	45792	87955	0	0	0	0	0	0	0	0	0	0	0	0	0	0	0	0	0	0	0	0	0	0	0	0	0	0	0	0	0	0	0	0	0	0	0	0	0	0	0	0	0	0	0	0	0	0
105.00035941862319	0	0	0	0	0	0	0	140049	55796	52640	52894	117393	0	0	0	0	0	0	0	0	0	0	0	0	0	0	0	0	0	0	0	0	0	0	0	0	0	0	0	0	0	0	0	0	0	0	0	0	0	0	0	0	0	0	0	0	0	0
110.0001779384196	0	0	0	0	0	0	0	156780	61724	60032	60579	147908	0	0	0	0	0	0	0	0	0	0	0	0	0	0	0	0	0	0	0	0	0	0	0	0	0	0	0	0	0	0	0	0	0	0	0	0	0	0	0	0	0	0	0	0	0	0
115.00005491703165	0	0	0	0	0	0	0	174798	68588	67368	68529	183449	0	0	0	0	0	0	0	0	0	0	0	0	0	0	0	0	0	0	0	0	0	0	0	0	0	0	0	0	0	0	0	0	0	0	0	0	0	0	0	0	0	0	0	0	0	0
120.0000626303469	0	0	0	0	0	0	0	192582	76804	75096	77274	222221	0	0	0	0	0	0	0	0	0	0	0	0	0	0	0	0	0	0	0	0	0	0	0	0	0	0	0	0	0	0	0	0	0	0	0	0	0	0	0	0	0	0	0	0	0	0
125.00040027682246	0	0	0	0	0	0	0	210717	84708	83104	86178	272481	0	0	0	0	0	0	0	0	0	0	0	0	0	0	0	0	0	0	0	0	0	0	0	0	0	0	0	0	0	0	0	0	0	0	0	0	0	0	0	0	0	0	0	0	0	0
130.0000342313817	0	0	0	0	0	3532	0	228501	91936	90384	94287	322382	0	0	0	0	0	0	0	0	0	0	0	0	0	0	0	0	0	0	0	0	0	0	0	0	0	0	0	0	0	0	0	0	0	0	0	0	0	0	0	0	0	0	0	0	0	0
135.00000522063706	0	0	0	0	0	15011	0	245466	99476	97328	101813	373719	0	0	0	0	0	0	0	0	0	0	0	0	0	0	0	0	0	0	0	0	0	0	0	0	0	0	0	0	0	0	0	0	0	0	0	0	0	0	0	0	0	0	0	0	0	0
140.00020492766868	0	0	0	0	0	32671	0	259506	105144	103880	108862	425415	126	0	0	0	0	0	0	0	0	0	0	0	0	0	0	0	0	0	0	0	0	0	0	0	0	0	0	0	0	0	0	0	0	0	0	0	0	0	0	0	0	0	0	0	0	0
145.0001596945268	0	0	0	0	0	57395	0	274014	110968	109144	115752	475316	420	86	0	0	0	0	0	0	0	0	0	0	0	0	0	0	0	0	0	0	0	0	0	0	0	0	0	0	0	0	0	0	0	0	0	0	0	0	0	0	0	0	0	0	0	0
150.00005048762924	0	0	0	0	0	104194	0	287703	116480	115192	122059	520909	924	1118	0	0	0	0	0	0	0	0	0	0	0	0	0	0	0	0	0	0	0	0	0	0	0	0	0	0	0	0	0	0	0	0	0	0	0	0	0	0	0	0	0	0	0	0
155.00003817949238	0	0	0	0	0	148344	0	300105	121628	120792	128366	569015	1680	1978	0	0	0	0	0	0	0	0	0	0	0	0	0	0	0	0	0	0	0	0	0	0	0	0	0	0	0	0	0	0	0	0	0	0	0	0	0	0	0	0	0	0	0	0
160.00008439454328	0	0	0	0	0	211037	0	310401	126984	126560	133825	612813	3066	3612	0	0	0	0	0	0	0	0	0	0	0	0	0	0	0	0	0	0	0	0	0	0	0	0	0	0	0	0	0	0	0	0	0	0	0	0	0	0	0	0	0	0	0	0
165.0000205675653	0	0	0	0	0	293156	0	322803	132600	131712	140026	652662	4074	6364	0	0	0	0	0	0	0	0	0	0	0	0	0	0	0	0	0	0	0	0	0	0	0	0	0	0	0	0	0	0	0	0	0	0	0	0	0	0	0	0	0	0	0	0
170.00005638311123	0	0	0	0	0	385871	0	332514	137072	137144	145856	686767	5502	9116	0	0	0	0	0	0	0	0	0	0	0	0	0	0	0	0	0	0	0	0	0	0	0	0	0	0	0	0	0	0	0	0	0	0	0	0	0	0	0	0	0	0	0	0
175.000016392787	0	0	0	0	0	475054	0	343512	141076	141288	150732	722667	7140	12040	2154	0	0	0	0	0	0	0	0	0	0	0	0	0	0	0	0	0	0	0	0	0	0	0	0	0	0	0	0	0	0	0	0	0	0	0	0	0	0	0	0	0	0	0
180.0000163084267	0	0	0	0	0	566003	0	353457	145496	145824	155555	755336	8862	15308	5385	102	29	86	0	0	0	0	0	0	0	0	0	0	0	0	0	0	0	0	0	0	0	0	0	0	0	0	0	0	0	0	0	0	0	0	0	0	0	0	0	0	0	0
185.00003286200138	0	0	0	0	0	658718	0	363285	149188	150752	159901	793749	10710	18920	12206	306	87	172	0	192	66	0	0	0	0	0	0	0	0	0	0	0	0	0	0	0	0	0	0	0	0	0	0	0	0	0	0	0	0	0	0	0	0	0	0	0	0	0
190.00001743966064	0	0	0	0	0	746135	0	371826	153244	154672	164247	832880	13062	23048	21540	408	290	688	197	576	594	0	0	0	0	0	0	0	0	0	0	0	0	0	0	0	0	0	0	0	0	0	0	0	0	0	0	0	0	0	0	0	0	0	0	0	0	0
195.00000162965142	0	0	0	0	0	832669	0	380601	156416	159264	169070	872011	15414	25800	30874	714	551	1806	985	1296	1188	232	140	149	0	0	0	0	0	0	0	0	0	0	0	0	0	0	0	0	0	0	0	0	0	0	0	0	0	0	0	0	0	0	0	0	0	0
200.00002269538555	0	0	0	0	0	917437	0	389025	159640	163240	173045	900372	17808	29584	41644	1122	667	2580	2758	1680	2112	464	1540	894	304	605	0	0	0	0	0	0	0	0	0	0	0	0	0	0	0	0	0	0	0	0	0	0	0	0	0	0	0	0	0	0	0	0
205.00001028320278	0	0	0	0	0	998673	0	397215	163280	166488	176808	935554	19236	33540	52055	1479	725	3354	5122	2448	3300	1856	3780	2086	912	1331	0	112	0	89	0	0	0	0	0	0	0	0	0	0	0	0	0	0	0	0	0	0	0	0	0	0	0	0	0	0	0	0
210.00000616669743	0	0	0	0	0	1068430	0	404703	165776	170576	180200	965351	21210	38356	65697	1785	928	4214	8077	3504	4422	5336	5600	4172	2888	3751	0	784	210	356	135	0	0	0	0	0	0	0	0	0	0	0	0	0	0	0	0	0	0	0	0	0	0	0	0	0	0	0
215.00000917558208	0	0	0	0	0	1143485	0	410904	168740	173712	184122	994430	23142	41968	77544	2193	1102	4902	11426	4704	5742	9512	8120	6705	5624	5566	0	1344	420	445	810	0	0	0	0	0	0	0	0	0	0	0	0	0	0	0	0	0	0	0	0	0	0	0	0	0	0	0
220.00000751924506	0	0	0	0	0	1221189	0	416871	171132	176344	187673	1021714	24780	45494	91186	2754	1276	5848	15760	5616	6732	12760	10640	9089	8360	8470	0	2464	1050	1246	1350	0	0	0	0	0	0	0	0	0	0	0	0	0	0	0	0	0	0	0	0	0	0	0	0	0	0	0
225.00000204840003	0	0	0	0	0	1308606	0	423891	173992	178920	190588	1042536	26292	49278	104469	3315	1595	7138	20291	6528	7590	17864	13160	12218	11248	11132	0	4480	1890	2759	2700	0	354	408	70	106	0	74	0	0	0	0	0	0	0	0	0	0	0	0	0	0	0	0	0	0	0	0
230.0000113178346	0	0	0	0	0	1380129	0	430560	176384	182112	192973	1065512	28266	52546	118111	3570	1943	8256	24034	7920	8778	23432	14700	14602	13376	13552	1698	6720	3220	4094	4320	0	826	918	280	159	0	148	252	178	0	0	0	0	0	0	0	0	0	0	0	0	0	0	0	0	0	0
235.00000269931587	0	0	0	0	0	1456067	0	436293	178256	184128	195464	1084180	29988	55900	132830	3927	2146	9288	27777	8688	10230	27608	17920	18327	15808	16335	2830	9408	4620	7031	5670	0	1888	1530	630	371	0	370	420	623	0	0	0	0	0	0	0	0	0	0	0	0	0	0	0	0	0	0
240.00000262771607	0	0	0	0	0	1533771	0	442260	180648	186256	197531	1103207	31458	58738	145395	4080	2262	10578	30732	9504	11616	33408	20860	21158	18240	19239	9622	10976	5810	9167	7425	0	3540	2754	1610	1060	300	444	924	890	798	606	260	0	0	0	0	0	0	0	0	0	0	0	0	0	0	0
245.00000167457713	0	0	0	0	0	1596464	0	447759	182416	188160	199598	1118644	32928	60802	160832	4488	2494	11610	34278	10272	12342	39672	22680	23840	20672	21175	16980	14000	7490	11036	9450	0	5192	3774	2940	1643	300	851	1680	1424	1463	1010	1040	0	0	0	0	0	0	0	0	0	0	0	0	0	0	0
250.00002251449754	0	0	0	0	0	1657391	0	451971	184184	189448	202089	1136953	34272	64672	174833	5100	2726	12814	37430	11136	13266	44544	24500	27565	24472	23958	23772	15680	8680	12549	12420	704	6372	6222	3780	2650	2700	1147	2520	2136	2261	1515	2080	0	0	0	0	0	0	0	0	0	0	0	0	0	0	0
255.00001141769377	0	0	0	0	0	1703307	0	454896	185900	191576	203838	1154185	35574	66908	185603	5304	2900	13846	41567	11856	14256	49184	28000	30843	27056	26499	35658	17696	10010	13884	15120	2112	8496	7242	4830	3127	5700	1628	3276	3204	3458	2828	3510	0	307	0	196	0	0	0	0	0	0	0	0	0	0	0
260.00000440438754	0	0	0	0	0	1759819	0	458289	187460	192920	205640	1166391	36918	69316	195655	5508	2987	15136	43537	12432	15180	53824	31080	35313	30248	28677	46978	20384	11270	15486	17145	9152	9558	8976	5880	3763	10500	1998	4284	4628	6384	3636	5200	0	614	0	196	0	0	0	0	0	0	0	0	0	0	0
265.00000168834646	0	0	0	0	0	1806618	0	461916	188864	194432	207283	1181469	37968	71380	209656	5763	3190	16168	48265	12912	16434	60552	33180	38144	33744	31097	58298	23296	12880	17088	19575	14784	12390	10710	7070	4929	14700	2442	5712	5874	8512	4747	7670	0	2149	345	196	0	0	0	0	0	0	0	0	0	0	0
270.0000235651795	0	0	0	0	0	1850768	0	464607	189748	195440	208979	1193316	39186	74132	221503	6069	3422	17028	52205	13536	17424	66584	35140	40081	36936	32670	67920	25648	14070	18690	21330	26048	14514	12954	8190	5830	18300	3108	7224	6853	9842	6363	11050	1611	5219	690	392	0	0	0	0	0	0	0	0	0	0	0
275.0000011255094	0	0	0	0	0	1897567	0	468117	191360	196560	210516	1207676	40194	76024	230837	6426	3538	17716	55554	14544	18546	72848	38640	43210	39672	35332	83768	27552	15400	20648	23895	35904	16048	14892	9870	6572	23400	3626	8400	8633	12369	8383	13260	3222	8596	2070	392	0	0	0	0	0	0	0	0	0	0	0
280.00000790572705	0	0	0	0	0	1930238	0	471042	193128	197680	211523	1216292	41160	77830	240889	6783	3828	18576	58312	15360	19470	76096	41720	46041	42256	37873	94522	29344	16730	22161	26595	49280	18290	16932	11410	7579	27000	4366	10080	9790	15428	9595	15080	5907	12894	4830	588	0	138	0	0	0	0	0	0	0	0	0
285.000004795159	0	0	0	0	0	1968207	0	473382	194532	198632	213166	1226344	41790	79464	249146	6987	3915	19436	61464	15648	20262	82360	43260	49170	45296	39930	102446	32032	17780	23941	29970	61952	21122	19278	12530	8321	31200	4995	11592	10858	18354	11615	18070	10740	15964	7935	980	0	414	392	0	0	0	0	0	0	0	0
290.0000007082653	0	0	0	0	0	1999995	0	475956	195572	199920	214703	1233524	42546	81614	257403	7191	4031	20296	63434	16176	21186	87232	45640	51703	47424	41987	111502	33600	19460	25988	32670	78144	23246	21012	13650	9328	36600	5365	13272	12282	20748	13433	20800	17721	18113	14145	1764	0	1104	1176	0	0	0	0	0	0	0	0
295.00000519076576	0	0	0	0	0	2036198	0	478998	196716	201152	216187	1241063	43386	82732	264583	7497	4234	20898	66586	16704	21780	90248	48860	52746	50312	44528	121690	35616	20440	27412	35370	92928	25252	22440	14560	10441	41700	6031	15120	14062	23674	14443	24180	24702	22718	18630	2548	0	1518	1568	0	0	0	0	0	0	0	0
300.000001334091	0	0	0	0	0	2078582	0	481338	197808	201768	216982	1249679	43974	84538	272481	7803	4408	21414	69147	17328	22506	93728	50120	55130	53200	46948	134142	37520	21420	28836	38340	107008	28320	24072	15820	11395	48300	6660	16044	15486	25403	16160	26520	36516	26709	24495	4116	0	2070	1960	0	0	0	0	0	0	0	0
305.0000052742076	0	0	0	0	0	2108604	0	483093	198536	202776	217989	1259731	44646	86086	281456	8211	4756	22102	72890	18144	23166	97904	51520	57812	56392	48884	143764	39424	23100	30616	41040	121792	30326	25704	16730	12667	50700	7215	17556	17444	26866	18079	28340	44571	30086	32085	4312	0	3726	3724	0	0	0	0	0	0	0	0
310.00000634104	0	0	0	0	0	2135094	0	486018	199420	203672	219208	1268347	45150	87720	288636	8364	4959	22532	74860	18768	24024	101152	53900	60196	58064	50941	156782	41776	23870	31951	43470	138688	32214	27948	18270	13409	54900	7622	19656	18690	29792	20099	30680	53163	35612	39330	5096	1588	4002	4312	0	0	0	0	89	0	0	0
315.0000007719495	0	0	0	0	0	2171297	0	487890	200200	204848	220003	1275886	45780	89440	299406	8517	5075	23478	77815	19344	24750	106488	55860	62729	60040	54208	168102	43232	24570	33820	46440	154176	35518	29784	19880	14204	61800	8140	21504	20470	31521	21816	32500	60681	41752	45540	5488	2382	5106	5292	0	0	0	0	89	0	0	0
320.00000266658225	0	0	0	0	0	2189840	0	488943	201032	205968	220957	1284143	46284	91160	308740	8721	5336	24252	80770	19968	25278	109736	58800	65113	62168	56507	179422	44576	25760	35422	48195	171072	37996	31620	20930	15264	68700	8880	23100	22428	34713	23533	34450	69810	49120	51750	6272	2382	5658	7056	747	0	0	134	267	143	0	0
325.0000207350162	0	0	0	0	0	2212798	0	491751	201812	207032	221699	1292400	46956	92622	316997	8874	5510	25370	83331	20496	26070	113680	61180	68689	64752	59169	195836	46480	27020	36757	50355	183040	40592	33048	21630	16271	73200	9213	25116	23674	37107	25149	36530	84309	57102	60375	7056	3970	6210	7252	4482	0	0	536	267	429	0	98
330.0000060847353	0	0	0	0	0	2233107	0	492570	202436	207760	222759	1298862	47670	93482	322382	9027	5713	25628	86089	21264	26994	119480	63560	71222	67640	61710	208288	48720	28280	38003	52650	195712	42126	34578	23240	16801	77100	9620	26796	25009	39235	27169	40300	95586	63549	66930	8624	4764	7176	8624	6723	0	0	603	534	572	0	196
335.0000107812883	0	0	0	0	0	2251650	0	494208	203476	208544	223713	1306760	48510	94600	328126	9282	5916	26402	89635	21936	27918	122496	67200	72712	70072	63888	217344	50736	29680	40584	55215	215424	44250	36720	24360	17808	81000	9990	27804	26611	42294	28886	43810	103641	72145	75210	9408	6352	8556	9604	9711	0	0	871	1246	1001	0	294
340.00000872290786	0	0	0	0	0	2274608	0	496197	204152	209440	224932	1313581	49224	95460	333870	9486	6409	27606	92196	22368	28776	127600	69020	75394	71744	66187	228664	53088	30520	42097	56295	225280	45784	37944	25620	18921	88500	10693	29064	27590	45220	30704	46540	113307	77364	85905	10584	11116	9384	10388	15687	0	0	1072	2047	1144	0	343
345.00000021343385	0	0	0	0	0	2286087	0	497952	205088	210224	225833	1321120	50064	96664	342127	9741	6496	28208	95545	22704	29832	130616	71820	78225	74176	68970	236588	54768	31990	43521	58185	240064	47790	39882	26600	19822	96000	11507	30828	28747	47880	32623	49140	125121	84118	94875	11956	11910	11316	10976	20169	0	1106	1474	2581	1859	0	490
350.00000216189517	0	0	0	0	0	2304630	0	500058	205868	210896	226151	1326864	50442	97696	348589	9945	6699	29240	97121	23568	30756	133632	73220	81652	77216	70785	247342	57008	33390	45568	60480	252032	49914	41616	27790	20935	101400	12062	32004	29726	49875	33734	51220	136935	89337	103155	12348	15880	12144	12152	22410	0	1659	1943	2848	1859	0	833
355.0000008488303	0	0	0	0	0	2323173	0	502164	206700	211624	226893	1334762	51198	99330	352897	10149	6786	30014	98894	23856	31152	138272	75600	83291	79952	73326	258662	59472	34790	47437	63045	269632	52392	43044	29190	22048	106800	12654	33600	30972	53200	35855	53170	147138	96091	112125	12936	18262	13386	13132	26145	0	4977	2479	3471	2431	0	882
360.00000026380627	0	0	0	0	0	2339067	0	503685	207272	212520	227582	1340506	51660	100104	359000	10353	6960	30788	102440	24240	31680	141984	77000	85377	81776	75262	268284	61040	35700	48594	64935	280192	55342	45390	30660	23108	110400	13431	35448	32129	55727	37673	54990	153045	103152	123165	14896	20644	14076	15092	30627	0	8295	2814	3827	3003	2344	1127
365.0000000464659	0	0	0	0	0	2356727	0	505323	208104	212688	228271	1346968	52416	101222	364744	10659	7018	31562	103819	24864	32274	146160	79660	88208	83296	77077	277906	63504	36820	51442	66555	292160	58292	47124	31570	24380	114900	13838	37464	33553	57722	39491	56680	158952	109906	131790	16072	21438	15594	16464	35109	1318	8848	3149	4005	3432	2930	1225
370.0000040868004	0	0	0	0	0	2372621	0	506493	209040	213304	228907	1354866	53172	102168	370847	10965	7105	32078	106774	25248	33000	150104	81200	89996	85272	79013	284698	64624	38360	53222	69795	307648	60770	48450	32900	25334	118200	14504	39228	34621	59850	41208	58630	171840	117581	139035	17444	25408	17526	17836	41085	2636	11613	3484	4717	4004	5274	1470
375.0000089156293	0	0	0	0	0	2388515	0	507780	209508	214032	229384	1362046	53970	103458	376232	11475	7192	32250	108350	25824	33990	153120	83020	91784	89072	81433	291490	66640	39200	54468	71415	325952	63484	51000	33740	26076	125100	15281	40992	36668	62510	43127	60710	181506	124335	149385	18424	28584	18630	19404	47808	3954	13272	3685	4984	4862	8204	1666
380.0000029804115	0	0	0	0	0	2396462	0	508833	210132	215152	230232	1367072	54558	104748	383412	11679	7279	32852	110123	26160	35112	155672	84560	93721	90744	82885	304508	68656	40460	56070	74520	337920	66316	52734	35000	27401	131700	16132	42420	38715	65436	44743	63830	192783	130168	155940	19208	32554	19872	21560	50796	7908	18249	3953	5429	5577	11134	2107
385.000011973741	0	0	0	0	0	2417654	0	510120	210808	215712	230868	1372098	55272	105608	389156	11730	7395	33454	111699	26544	36234	157528	85820	95658	91960	84700	312998	70784	41370	57939	77895	349888	68676	54876	36260	28885	136200	16983	44772	40495	68229	47369	65780	200301	135387	165600	20580	35730	20976	23324	53784	14498	18802	4154	5874	6149	13478	2548
390.00000888724554	0	0	0	0	0	2437080	0	511173	211536	216216	231504	1381073	55692	106382	393823	11934	7569	34228	114851	26976	37092	160776	88200	97446	93480	86636	321488	71792	42420	59630	79245	366784	71980	57120	37380	29998	140700	17612	46788	42453	69825	49793	67990	207819	140913	175605	21756	38112	21942	24304	65736	19770	20461	4556	6408	6864	15822	2940
395.0000115230587	0	0	0	0	0	2452974	0	512460	212212	217112	232246	1387535	56616	106984	399567	12240	7714	35174	115639	27888	37752	164720	90580	100277	95000	89298	333940	73584	43190	61588	81135	376640	73868	59058	39270	30740	142500	18093	48888	44856	71953	52419	70590	216948	143983	183195	22932	40494	23322	25284	70218	22406	24885	4958	7476	7722	18752	3087
400.00000119433884	0	0	0	0	0	2465336	0	514098	212368	217672	232670	1393279	57414	108446	405670	12495	7859	36120	118791	28320	39072	167040	91840	102363	96520	90387	344128	75264	44660	63457	85050	391424	77054	60486	40530	31588	146400	18722	50484	46102	75677	54641	72800	227151	150123	190440	24108	42082	24012	25676	73953	34268	28203	5360	8900	9009	22854	3381
405.00000628956093	0	0	0	0	0	2482113	0	515385	212836	218288	233465	1399023	57876	108962	412491	12801	7946	36980	122731	28608	40062	169824	93800	104002	98496	91839	352052	75824	45430	64703	87480	407616	80004	62526	41790	32701	152700	19499	53172	48238	78470	56358	75140	240576	158105	198375	25284	46052	25116	27440	82170	39540	34286	5695	10324	10010	24612	3724
410.00000541996206	0	0	0	0	0	2497124	0	516789	213304	218904	233836	1402972	58296	110510	418235	13107	8091	37668	124898	29088	40590	170520	95480	105492	100472	93896	360542	76832	46550	66572	89640	425920	83072	63954	43190	33920	161100	20054	54348	50107	80997	58681	77740	254001	165473	208035	26068	46846	25944	28420	87399	46130	37604	6097	10858	11297	27542	4018
415.00000063124634	0	0	0	0	0	2508603	0	518076	213928	219408	234525	1408357	58842	111456	421825	13362	8323	38528	127853	29424	41382	173768	97020	107131	103360	95832	371862	79296	47390	68174	91665	437888	85078	65790	44450	34980	167700	20683	56196	52154	83790	61004	81640	264204	170999	215280	26656	49228	27186	29792	91881	54038	40369	6767	12104	13013	28714	4263
420.0000028325218	0	0	0	0	0	2521848	0	520182	214188	220248	235267	1413383	59304	112402	426492	13719	8439	39732	130808	29856	42174	176552	98700	108323	104728	97647	383182	81088	48860	70132	93825	449152	87320	67320	45640	35987	173700	21053	58212	53667	85519	62721	84500	271185	178674	221835	27636	52404	28014	31948	96363	59310	43687	7839	13528	14586	33402	4753
425.00000154154674	0	0	0	0	0	2534210	0	521586	214552	220808	235638	1415896	60060	113520	430800	14076	8584	40076	131990	30192	42702	178640	100800	110260	107920	99583	389974	82656	50190	71378	96525	463232	89444	68544	47180	36729	177600	21793	60564	55892	88046	64640	87230	284610	185735	228735	28420	56374	29670	33712	105327	64582	45899	8375	14418	16445	38090	5292
430.00000010374004	0	0	0	0	0	2542157	0	522639	214812	221592	235956	1422358	60690	114810	434390	14280	8729	40850	133763	30864	43428	182120	102760	112048	108680	101156	397332	84896	51100	72535	98415	480128	90978	70278	48300	37365	180900	22385	62160	58473	90174	66963	91390	291591	191568	238740	29204	59550	30360	35476	114291	73808	50323	9112	15219	19305	41606	5978
435.00000461756207	0	0	0	0	0	2554519	0	524160	215020	222152	236910	1428102	61278	116014	438339	14535	8787	41452	134551	31344	43956	185136	105000	113687	109592	102850	406954	87136	52290	74137	100305	490688	93692	72420	49560	38266	185400	23199	64008	60431	93499	68478	94770	299646	197708	244950	30184	61138	31878	37044	120267	81716	54747	9782	15842	21021	45122	6517
440.0000006726016	0	0	0	0	0	2565998	0	525213	215384	222544	237811	1433846	61824	116788	444442	14790	9019	42226	135930	31872	44880	187688	107240	115028	111720	104786	413746	89488	53550	75739	102870	501248	95580	73950	50750	39114	189900	23828	66024	61766	95095	70397	96850	312534	205997	252540	30968	66696	32844	39200	123255	88306	60830	10251	16821	22165	48052	6860
445.00000003424213	0	0	0	0	0	2574828	0	526266	216112	222824	238394	1437795	62328	118078	450186	14994	9135	42828	138688	32160	45210	191168	108920	116369	113696	105875	422802	91728	54950	76807	104895	513920	99002	75888	52360	39962	194100	24346	67284	63991	97622	71912	99580	321126	215514	259785	31948	69872	33948	40572	126243	97532	68019	10921	17533	23738	54498	7497
450.0000024650745	0	0	0	0	0	2586307	0	528372	216788	223328	238818	1439590	62790	119110	453417	15198	9280	43344	140264	32928	46134	193256	110460	118753	115672	106722	434122	92512	56070	78053	107595	531520	101716	77622	53760	41075	198600	24975	68964	65771	100149	74134	103220	332403	221347	265305	33320	71460	34638	42140	132966	108076	77420	11189	18334	24596	59772	7987
455.00000311780974	0	0	0	0	0	2605733	0	529893	217204	223888	239242	1443539	63042	119712	458443	15504	9396	43860	141446	33600	46794	195576	112420	122180	117648	108416	441480	93856	57190	79388	109620	544896	103486	79050	55300	42029	200700	25530	71232	67284	102942	75144	105690	343680	225952	274620	33908	76224	36156	44296	138195	115984	81844	11792	19402	25454	62116	8477
460.00001279587605	0	0	0	0	0	2621627	0	530946	217880	224560	239666	1445693	63588	120572	462033	15657	9541	44204	144007	34080	47388	197664	113400	123968	119776	110231	447706	95984	58310	80545	112050	558272	105138	80274	56910	42718	206100	26196	73500	68975	106799	76861	108030	355494	231785	284280	35084	80194	37950	46060	144171	119938	85162	12328	20292	26312	69148	8967
465.0000056035149	0	0	0	0	0	2631340	0	531999	218088	225344	240302	1449283	64218	121518	467777	16218	9657	45064	145386	34800	48180	201608	114660	126054	121752	111441	453366	97552	59010	81791	113940	569536	106908	82008	58310	43937	210600	26825	75012	71111	110257	78780	109720	365697	238232	292560	36064	82576	39054	47824	149400	130482	87374	12998	21182	27599	72078	9800
470.00000190897964	0	0	0	0	0	2641936	0	532935	218452	225680	240832	1451796	64722	123152	474239	16473	9715	45838	146765	35280	48708	203696	116620	127544	123424	113498	461856	98896	60480	83126	115155	590656	108678	83946	60060	44944	216000	27454	76860	73247	113050	80901	112190	373752	247442	300150	37436	88928	39744	49392	156123	141026	92351	13668	21805	29029	78524	10143
475.0000155931621	0	0	0	0	0	2653415	0	533637	218868	226128	240991	1456104	65184	124958	478906	16779	9860	46268	149129	35760	49368	208104	118440	128885	125552	114708	471478	100688	61740	84461	117720	603328	111510	85170	61390	46163	221400	28194	78204	75116	116508	83325	114140	383955	254196	306015	37632	93692	40296	51548	168075	150252	97881	14338	23051	29601	84970	10388
480.0000027940974	0	0	0	0	0	2668426	0	534807	219336	226632	241415	1461489	65688	126592	485009	16881	10005	47214	151296	36240	49962	211584	119840	130375	127072	115918	479402	102256	63210	85885	119610	616704	112808	86700	62720	47117	225900	28897	79968	77341	118237	85648	116740	393084	259722	314295	38024	100838	41676	53508	175545	160796	102305	15075	24208	31031	87314	10829
485.00000261826455	0	0	0	0	0	2679905	0	535860	219804	226912	242051	1465438	66360	127108	488958	16983	10237	47558	153463	36576	50820	215992	120960	132014	128896	118217	485628	104272	64470	86864	121770	634304	114342	88638	64120	47912	232800	29489	81984	79210	120631	87163	121030	402750	265862	322920	39200	105602	42228	55468	180774	172658	109494	15678	25009	32032	94932	11417
490.0000001489815	0	0	0	0	0	2688735	0	536913	220220	227360	242740	1469028	66948	128140	492907	17595	10353	47988	154251	37152	51546	219008	122360	133206	130416	119548	493552	105728	65590	88288	123795	646272	117410	90678	65380	49025	236700	30340	83748	80456	123956	89587	124020	414027	275686	336375	40180	108778	43470	57428	187497	180566	113918	16348	25365	33033	100206	11809
495.00000708421817	0	0	0	0	0	2695799	0	537966	220636	227864	243164	1471182	67326	129172	497215	17799	10614	48504	156812	37824	51942	221560	124180	134845	133152	120637	503174	107856	66640	89445	125145	657536	119416	92820	66850	49820	242100	30821	85764	82948	126882	91405	127140	425841	284282	343620	40572	114336	44850	60368	197208	189792	116683	17085	25988	34463	108410	12201
500.0000007995167	0	0	0	0	0	2709044	0	539253	220896	228480	243641	1475490	67662	130204	501523	18156	10730	49364	159176	38160	52536	224576	125580	135888	134520	123057	508834	109200	68250	90958	128115	670208	121304	95472	68320	50774	246300	31376	87444	84639	129010	93930	130390	436581	291650	354660	41160	116718	46368	62132	204678	202972	121107	18023	26700	35607	114270	12691
505.0000015817381	0	0	0	0	0	2723172	0	540189	221208	229096	244436	1479798	68208	130806	505472	18411	10904	49794	160161	38784	53196	227128	127960	137676	136648	124146	517324	110656	69720	92293	130140	680064	122956	98328	69160	51622	252900	32190	89040	86953	131670	95748	131950	446247	299939	363975	42336	119894	47748	63504	211401	210880	127743	18492	27857	37180	117786	12985
510.0000002281495	0	0	0	0	0	2731119	0	541476	222040	229432	244913	1483388	68838	131666	509421	18615	10991	50482	161146	39216	53856	229912	129500	139762	137712	126082	526946	112336	71120	93806	132840	694144	126260	99858	69930	52682	258600	32930	91812	88733	135527	97667	134940	458598	308228	370185	43512	126246	49266	64876	218124	218788	132720	18961	28480	38610	124232	13181
515.00000520175	0	0	0	0	0	2737300	0	541944	222508	230048	245496	1484824	69426	132784	515165	19074	11107	50998	163116	39408	54582	234088	130900	141252	139384	127534	536002	114240	72100	95408	135405	707520	129682	101388	71260	53583	264900	33818	93408	90068	138187	100091	137280	467190	314675	380880	44688	127834	50784	67228	224100	229332	135485	19430	29459	40040	130092	13720
520.000008980092	0	0	0	0	0	2744364	0	542529	222768	230776	245920	1487696	69930	133644	521268	19482	11310	51858	164298	39744	55044	237104	132580	143338	141056	129228	544492	116032	73430	96654	138240	723008	132160	103428	72380	54696	269400	34632	95340	91937	142709	102010	139880	475782	322964	389850	45472	134186	52854	68404	232317	234604	140462	20100	30616	40898	133608	14014
525.0000031817054	0	0	0	0	0	2751428	0	543231	223132	231112	246291	1490927	70518	134504	525935	19788	11571	52804	165480	40368	55902	239424	134120	144679	143032	131043	549586	118832	74550	97900	140535	739904	134638	105162	73010	55279	276900	35150	97524	93806	144970	103828	143390	484911	330639	399855	46648	138156	53682	70364	235305	251738	143227	21105	31328	43329	140054	15092
530.0000010507144	0	0	0	0	0	2769088	0	543933	223392	232008	247033	1493799	71148	135450	530243	19992	11774	54008	167253	40704	56628	243368	135240	145722	144400	132495	557510	120512	75950	98968	142560	753984	137470	106488	74200	55915	279000	35705	98784	95230	148029	105343	146380	493503	337700	409515	47824	141332	55338	71736	243522	262282	147098	21842	32307	44616	143570	15729
535.0000040146385	0	0	0	0	0	2777918	0	545805	223808	232456	247457	1496312	71904	136568	534551	20196	11948	54438	169617	41136	57354	246616	137060	147361	145312	134310	566566	122304	76720	100837	145395	770176	139712	108834	75390	56975	283200	36297	100128	96654	151221	107161	148720	508539	343533	416760	48804	142920	56994	73696	249498	272826	151522	22378	33464	46332	148844	16317
540.0000012814972	0	0	0	0	0	2783216	0	546975	224172	233016	247828	1498825	72324	137170	537782	20502	12209	55298	171784	41424	58278	248472	138460	149149	147440	136488	573924	124320	77700	102261	147420	784960	142662	110262	76720	57982	291300	37111	101976	98256	152817	109080	151320	517131	349059	424695	49196	146890	57684	75460	259209	283370	155393	23450	34443	46904	157634	16758
545.0000007121185	0	0	0	0	0	2793812	0	547443	224640	233688	248199	1502056	72660	137944	543526	20859	12354	55814	173951	41856	59268	251720	139580	150788	149264	138424	581282	126336	78400	103596	150255	803264	145612	112200	77910	59148	297300	37740	103572	100481	156275	110898	153400	526260	354892	432975	50764	150066	58236	78400	262197	291278	160923	24053	35689	47762	162908	17444
550.0000016513708	0	0	0	0	0	2801759	0	547911	225108	234136	248835	1506723	72954	138546	547475	21012	12673	56158	175921	42240	60126	255432	141820	152725	150936	139876	592036	128576	79660	105020	153360	817344	147146	114240	79520	60367	304500	38628	105504	102261	160265	112716	154960	541296	360725	438495	51940	156418	59616	80948	265932	301822	166453	25058	36579	49621	171112	17983
555.0000055457424	0	0	0	0	0	2814121	0	549198	225316	234528	249312	1508159	73668	139578	550706	21420	12818	56674	177300	42720	60654	257752	143500	153768	152760	141570	600526	129920	80430	106711	156195	832128	148326	116280	81060	61427	310500	39257	107352	104130	162659	114433	157300	552036	366251	447120	52920	158800	61134	83104	271161	311048	172536	26063	37736	51766	181074	18571
560.000001891473	0	0	0	0	0	2821185	0	550134	225472	234864	249524	1510313	74130	140782	555014	21624	12992	57104	179073	42864	61050	260304	145320	156450	153976	143264	608450	131376	81760	108758	157815	841984	150096	118524	82460	62540	315900	39775	108360	106177	167048	117059	160810	563850	371777	453330	52920	161182	61824	84672	278631	320274	178066	27001	38448	53339	186934	19110
565.0000030412515	0	0	0	0	0	2834430	0	550719	225732	235200	249948	1514262	74340	141986	558245	21828	13195	57706	181437	43248	61578	264712	146440	157791	156256	145805	615808	133728	83580	109648	159840	856768	151630	120666	83650	63388	323400	40367	109536	107779	170373	118675	164450	574590	379452	461610	53116	169916	63204	85652	285354	332136	185808	27336	39249	55198	192794	19845
570.0000013727866	0	0	0	0	0	2844143	0	551655	226148	235536	250531	1516416	74844	142846	562912	22032	13340	58652	183013	43584	61974	267264	147700	160026	158080	146531	622034	135520	84350	110894	162135	867328	154344	122196	84420	64554	328500	40959	111384	110004	173432	119988	167440	586941	384978	470925	54096	176268	64722	87808	295812	342680	192444	27805	39872	56485	195138	20580
575.0000048069337	0	0	0	0	0	2856505	0	552942	226564	235816	250743	1519647	75306	143706	565784	22185	13456	58910	184589	44208	62568	269352	149380	160771	160208	147499	632222	136864	85260	112852	164430	878592	155642	124644	86170	65243	335100	41662	113484	112051	176624	122412	170430	598218	391118	480930	55468	180238	65688	89180	302535	350588	197974	28944	40940	58058	203928	21119
580.0000099734265	0	0	0	0	0	2866218	0	553761	227188	236152	251220	1522519	75642	144738	571528	22593	13601	59598	186559	44784	63030	272368	151760	162112	161576	149072	634486	138544	86450	114187	166725	890560	157530	126174	87360	66091	339600	42402	114744	113475	179683	124432	173550	609495	400328	493695	56448	185796	67068	90748	310752	355860	201845	29681	41741	60346	211546	21560
585.0000035533961	0	0	0	0	0	2877697	0	554463	227552	237048	251432	1525391	75894	145598	574759	22797	13746	60114	187938	45072	63690	274224	153300	163453	163248	151371	640712	140784	87430	115255	169425	903936	159064	127602	88970	67204	343800	43142	116172	115700	183274	125947	176410	622920	408617	504045	58212	192148	67620	91924	315981	362450	205716	30552	42720	61633	217992	22099
590.0000046886819	0	0	0	0	0	2883878	0	554931	227708	237552	251750	1528263	76272	146630	579426	23409	13920	60630	189317	45312	64350	276080	155400	164794	165376	153186	647504	142576	88690	116768	171585	913792	161188	129846	90230	68052	350700	43956	117684	117658	186200	128775	177970	634197	415678	514395	59192	196912	69552	92708	325692	370358	211246	30887	43610	63063	224438	22736
595.0000082048696	0	0	0	0	0	2896240	0	555633	228228	237944	252121	1533648	76818	147146	581221	23613	14123	61232	190499	45552	64614	278400	156940	166284	167352	155122	655428	144144	89740	117747	173070	927168	163194	131682	91420	69324	356100	44437	119952	119794	188062	131098	180830	644937	422125	525435	59976	200882	70656	95256	329427	379584	219541	31423	44500	64350	234986	23177
600.0000010332332	0	0	0	0	0	2903304	0	556101	228332	238224	252439	1536879	77322	148436	585529	23868	14297	61576	191681	46032	65076	280720	158340	167774	169632	157058	663352	145376	90370	119171	175770	938432	166380	132702	92960	70437	359700	44955	121296	121574	189392	133421	183430	655677	428265	533715	61152	203264	71484	97608	337644	390128	225071	31959	45212	65494	240846	23961
