>time	Ribosome	coli Pol	coli Pol-P	coli Pol-2.0	coli Pol-P-2.0	gp1	gp1-3.5	gp0.3	gp0.4	gp0.5	gp0.6A	gp0.7	gp1.1	gp1.2	gp1.3	gp1.4	gp1.5	gp1.6	gp1.7	gp1.8	gp2.0	gp2.5	gp2.8	gp3.0	gp3.5	gp3.8	gp4A	gp4.2	gp4.3	gp4.5	gp4.7	gp5.0	gp5.3	gp5.5	gp5.7	gp5.9	gp6.0	gp6.3	gp6.5	gp6.7	gp7	gp7.3	gp7.7	gp8	gp9	gp10A	gp11	gp12	gp13	gp14	gp15	gp16	gp17	gp17.5	gp18	gp18.5	gp19	gp19.5
0.004903532500284748	0	0	0	0	0	0	0	0	0	0	0	0	0	0	0	0	0	0	0	0	0	0	0	0	0	0	0	0	0	0	0	0	0	0	0	0	0	0	0	0	0	0	0	0	0	0	0	0	0	0	0	0	0	0	0	0	0	0
5.007417569408292	0	0	0	0	0	0	0	0	0	0	0	0	0	0	0	0	0	0	0	0	0	0	0	0	0	0	0	0	0	0	0	0	0	0	0	0	0	0	0	0	0	0	0	0	0	0	0	0	0	0	0	0	0	0	0	0	0	0
10.015468536910605	0	0	0	0	0	0	0	0	0	0	0	0	0	0	0	0	0	0	0	0	0	0	0	0	0	0	0	0	0	0	0	0	0	0	0	0	0	0	0	0	0	0	0	0	0	0	0	0	0	0	0	0	0	0	0	0	0	0
15.005553514818423	0	0	0	0	0	0	0	0	0	0	0	0	0	0	0	0	0	0	0	0	0	0	0	0	0	0	0	0	0	0	0	0	0	0	0	0	0	0	0	0	0	0	0	0	0	0	0	0	0	0	0	0	0	0	0	0	0	0
20.001398701922497	0	0	0	0	0	0	0	0	0	0	0	0	0	0	0	0	0	0	0	0	0	0	0	0	0	0	0	0	0	0	0	0	0	0	0	0	0	0	0	0	0	0	0	0	0	0	0	0	0	0	0	0	0	0	0	0	0	0
25.001312195930513	0	0	0	0	0	0	0	0	0	0	0	0	0	0	0	0	0	0	0	0	0	0	0	0	0	0	0	0	0	0	0	0	0	0	0	0	0	0	0	0	0	0	0	0	0	0	0	0	0	0	0	0	0	0	0	0	0	0
30.002924872552867	0	0	0	0	0	0	0	117	0	0	0	0	0	0	0	0	0	0	0	0	0	0	0	0	0	0	0	0	0	0	0	0	0	0	0	0	0	0	0	0	0	0	0	0	0	0	0	0	0	0	0	0	0	0	0	0	0	0
35.00090961870554	0	0	0	0	0	0	0	936	52	0	0	0	0	0	0	0	0	0	0	0	0	0	0	0	0	0	0	0	0	0	0	0	0	0	0	0	0	0	0	0	0	0	0	0	0	0	0	0	0	0	0	0	0	0	0	0	0	0
40.00063141120407	0	0	0	0	0	0	0	1755	364	0	0	0	0	0	0	0	0	0	0	0	0	0	0	0	0	0	0	0	0	0	0	0	0	0	0	0	0	0	0	0	0	0	0	0	0	0	0	0	0	0	0	0	0	0	0	0	0	0
45.00002442321225	0	0	0	0	0	0	0	3510	936	224	159	0	0	0	0	0	0	0	0	0	0	0	0	0	0	0	0	0	0	0	0	0	0	0	0	0	0	0	0	0	0	0	0	0	0	0	0	0	0	0	0	0	0	0	0	0	0	0
50.000070128578805	0	0	0	0	0	0	0	5967	1768	1232	583	0	0	0	0	0	0	0	0	0	0	0	0	0	0	0	0	0	0	0	0	0	0	0	0	0	0	0	0	0	0	0	0	0	0	0	0	0	0	0	0	0	0	0	0	0	0	0
55.000224513585785	0	0	0	0	0	0	0	10413	3224	2184	1378	0	0	0	0	0	0	0	0	0	0	0	0	0	0	0	0	0	0	0	0	0	0	0	0	0	0	0	0	0	0	0	0	0	0	0	0	0	0	0	0	0	0	0	0	0	0	0
60.00069326191931	0	0	0	0	0	0	0	16848	5356	3976	2650	0	0	0	0	0	0	0	0	0	0	0	0	0	0	0	0	0	0	0	0	0	0	0	0	0	0	0	0	0	0	0	0	0	0	0	0	0	0	0	0	0	0	0	0	0	0	0
65.00058720225368	0	0	0	0	0	0	0	24453	8164	6608	4982	0	0	0	0	0	0	0	0	0	0	0	0	0	0	0	0	0	0	0	0	0	0	0	0	0	0	0	0	0	0	0	0	0	0	0	0	0	0	0	0	0	0	0	0	0	0	0
70.0002604528148	0	0	0	0	0	0	0	31005	11492	9464	7685	0	0	0	0	0	0	0	0	0	0	0	0	0	0	0	0	0	0	0	0	0	0	0	0	0	0	0	0	0	0	0	0	0	0	0	0	0	0	0	0	0	0	0	0	0	0	0
75.0000941466491	0	0	0	0	0	0	0	40248	15236	12656	10865	359	0	0	0	0	0	0	0	0	0	0	0	0	0	0	0	0	0	0	0	0	0	0	0	0	0	0	0	0	0	0	0	0	0	0	0	0	0	0	0	0	0	0	0	0	0	0
80.00014569523458	0	0	0	0	0	0	0	49257	19344	16688	14204	3590	0	0	0	0	0	0	0	0	0	0	0	0	0	0	0	0	0	0	0	0	0	0	0	0	0	0	0	0	0	0	0	0	0	0	0	0	0	0	0	0	0	0	0	0	0	0
85.0001029633023	0	0	0	0	0	0	0	59787	23972	20776	18338	10411	0	0	0	0	0	0	0	0	0	0	0	0	0	0	0	0	0	0	0	0	0	0	0	0	0	0	0	0	0	0	0	0	0	0	0	0	0	0	0	0	0	0	0	0	0	0
90.00003033905655	0	0	0	0	0	0	0	71838	28652	24192	22843	21899	0	0	0	0	0	0	0	0	0	0	0	0	0	0	0	0	0	0	0	0	0	0	0	0	0	0	0	0	0	0	0	0	0	0	0	0	0	0	0	0	0	0	0	0	0	0
95.00006045670864	0	0	0	0	0	0	0	83772	33644	29344	27984	34823	0	0	0	0	0	0	0	0	0	0	0	0	0	0	0	0	0	0	0	0	0	0	0	0	0	0	0	0	0	0	0	0	0	0	0	0	0	0	0	0	0	0	0	0	0	0
100.00011990348145	0	0	0	0	0	0	0	95355	38636	35112	33655	52773	0	0	0	0	0	0	0	0	0	0	0	0	0	0	0	0	0	0	0	0	0	0	0	0	0	0	0	0	0	0	0	0	0	0	0	0	0	0	0	0	0	0	0	0	0	0
105.00004088908503	0	0	0	0	0	0	0	108342	44616	41328	39962	76467	0	0	0	0	0	0	0	0	0	0	0	0	0	0	0	0	0	0	0	0	0	0	0	0	0	0	0	0	0	0	0	0	0	0	0	0	0	0	0	0	0	0	0	0	0	0
110.00014004862417	0	0	0	0	0	0	0	122499	50856	47600	45633	100520	0	0	0	0	0	0	0	0	0	0	0	0	0	0	0	0	0	0	0	0	0	0	0	0	0	0	0	0	0	0	0	0	0	0	0	0	0	0	0	0	0	0	0	0	0	0
115.00017096526967	0	0	0	0	0	0	0	135837	57148	54768	52947	124573	0	0	0	0	0	0	0	0	0	0	0	0	0	0	0	0	0	0	0	0	0	0	0	0	0	0	0	0	0	0	0	0	0	0	0	0	0	0	0	0	0	0	0	0	0	0
120.00002742532764	0	0	0	0	0	0	0	151164	63700	61992	59837	159396	0	0	0	0	0	0	0	0	0	0	0	0	0	0	0	0	0	0	0	0	0	0	0	0	0	0	0	0	0	0	0	0	0	0	0	0	0	0	0	0	0	0	0	0	0	0
125.00025995652065	0	0	0	0	0	0	0	166725	71084	69552	68052	190270	0	0	0	0	0	0	0	0	0	0	0	0	0	0	0	0	0	0	0	0	0	0	0	0	0	0	0	0	0	0	0	0	0	0	0	0	0	0	0	0	0	0	0	0	0	0
130.0000571822354	0	0	0	0	0	0	0	182637	78468	77616	75843	235504	0	0	0	0	0	0	0	0	0	0	0	0	0	0	0	0	0	0	0	0	0	0	0	0	0	0	0	0	0	0	0	0	0	0	0	0	0	0	0	0	0	0	0	0	0	0
135.00075444762365	0	0	0	0	0	1766	0	199485	84916	85288	83263	273199	0	0	0	0	0	0	0	0	0	0	0	0	0	0	0	0	0	0	0	0	0	0	0	0	0	0	0	0	0	0	0	0	0	0	0	0	0	0	0	0	0	0	0	0	0	0
140.00004555627558	0	0	0	0	0	10596	0	217035	91156	91840	90842	313407	42	0	0	0	0	0	0	0	0	0	0	0	0	0	0	0	0	0	0	0	0	0	0	0	0	0	0	0	0	0	0	0	0	0	0	0	0	0	0	0	0	0	0	0	0	0
145.0000966487073	0	0	0	0	0	28256	0	231309	97760	98560	97891	358641	210	0	0	0	0	0	0	0	0	0	0	0	0	0	0	0	0	0	0	0	0	0	0	0	0	0	0	0	0	0	0	0	0	0	0	0	0	0	0	0	0	0	0	0	0	0
150.00004741815349	0	0	0	0	0	54746	0	246519	103064	104888	104463	412491	546	258	0	0	0	0	0	0	0	0	0	0	0	0	0	0	0	0	0	0	0	0	0	0	0	0	0	0	0	0	0	0	0	0	0	0	0	0	0	0	0	0	0	0	0	0
155.00024407896612	0	0	0	0	0	91832	0	259038	107952	110488	110558	464546	1050	688	0	0	0	0	0	0	0	0	0	0	0	0	0	0	0	0	0	0	0	0	0	0	0	0	0	0	0	0	0	0	0	0	0	0	0	0	0	0	0	0	0	0	0	0
160.00002292094854	0	0	0	0	0	138631	0	272844	112892	116312	115858	515883	1764	1634	0	0	0	0	0	0	0	0	0	0	0	0	0	0	0	0	0	0	0	0	0	0	0	0	0	0	0	0	0	0	0	0	0	0	0	0	0	0	0	0	0	0	0	0
165.00007858395276	0	0	0	0	0	206622	0	283959	118144	122360	121741	561117	2646	3096	0	0	0	0	0	0	0	0	0	0	0	0	0	0	0	0	0	0	0	0	0	0	0	0	0	0	0	0	0	0	0	0	0	0	0	0	0	0	0	0	0	0	0	0
170.00008736012856	0	0	0	0	0	277262	0	297765	123968	127232	126882	605274	3486	4816	0	0	0	0	0	0	0	0	0	0	0	0	0	0	0	0	0	0	0	0	0	0	0	0	0	0	0	0	0	0	0	0	0	0	0	0	0	0	0	0	0	0	0	0
175.00000779911227	0	0	0	0	0	351434	0	310401	128492	132552	131440	637584	4662	6450	718	0	0	0	0	0	0	0	0	0	0	0	0	0	0	0	0	0	0	0	0	0	0	0	0	0	0	0	0	0	0	0	0	0	0	0	0	0	0	0	0	0	0	0
180.0000185589278	0	0	0	0	0	441500	0	322569	132704	136808	136422	675997	6342	8342	3949	0	29	0	0	0	0	0	0	0	0	0	0	0	0	0	0	0	0	0	0	0	0	0	0	0	0	0	0	0	0	0	0	0	0	0	0	0	0	0	0	0	0	0
185.0000378157333	0	0	0	0	0	531566	0	334620	137852	141680	141934	713333	8022	11094	7539	102	29	0	0	0	0	0	0	0	0	0	0	0	0	0	0	0	0	0	0	0	0	0	0	0	0	0	0	0	0	0	0	0	0	0	0	0	0	0	0	0	0	0
190.0000272666472	0	0	0	0	0	627813	0	344565	142740	146552	146969	751028	9366	14104	14360	357	145	172	0	192	66	0	0	0	0	0	0	0	0	0	0	0	0	0	0	0	0	0	0	0	0	0	0	0	0	0	0	0	0	0	0	0	0	0	0	0	0	0
195.0000373949857	0	0	0	0	0	722294	0	354744	147680	151368	151951	782620	11004	17458	24412	663	203	516	0	528	132	0	0	0	0	0	0	0	0	0	0	0	0	0	0	0	0	0	0	0	0	0	0	0	0	0	0	0	0	0	0	0	0	0	0	0	0	0
200.00004835796483	0	0	0	0	0	802647	0	365508	151736	155904	156933	813135	13062	20898	32669	969	319	1204	985	960	990	232	420	0	0	0	0	0	0	0	0	0	0	0	0	0	0	0	0	0	0	0	0	0	0	0	0	0	0	0	0	0	0	0	0	0	0	0
205.0000118054078	0	0	0	0	0	879468	0	374751	155844	159656	161173	840778	14448	24424	46670	1377	493	1978	2758	1776	1848	1160	1120	596	456	363	0	0	0	0	0	0	0	0	0	0	0	0	0	0	0	0	0	0	0	0	0	0	0	0	0	0	0	0	0	0	0	0
210.00003947366352	0	0	0	0	0	977481	0	384111	159640	163464	165307	868780	16044	27434	56363	1581	754	2666	6304	2544	2706	3712	2520	1341	1368	605	0	0	0	0	0	0	0	0	0	0	0	0	0	0	0	0	0	0	0	0	0	0	0	0	0	0	0	0	0	0	0	0
215.0000113946165	0	0	0	0	0	1047238	0	391950	162604	167272	169176	905398	17934	31476	73595	1887	1015	3268	8471	3648	4224	6032	3920	2682	2888	1452	0	224	0	0	135	0	0	0	0	0	0	0	0	0	0	0	0	0	0	0	0	0	0	0	0	0	0	0	0	0	0	0
220.00000872183477	0	0	0	0	0	1128474	0	401193	165932	170688	172992	930169	19446	33798	90468	2601	1131	3956	11032	4176	5280	9512	5320	4470	5320	2783	0	896	350	267	135	0	0	0	0	0	0	0	0	0	0	0	0	0	0	0	0	0	0	0	0	0	0	0	0	0	0	0
225.0000304128739	0	0	0	0	0	1201763	0	408681	169780	173600	175907	959607	21546	37066	104110	3264	1363	4902	14775	4704	6468	15312	8120	6854	7752	4114	0	1904	630	623	1215	0	118	0	0	53	0	37	0	0	0	0	0	0	0	0	0	0	0	0	0	0	0	0	0	0	0	0
230.00000025748943	0	0	0	0	0	1279467	0	415233	172224	176512	179299	980788	22680	40076	119906	3519	1624	6020	17927	5376	7656	19720	10080	9834	10336	7502	0	3360	1190	1958	1620	0	354	204	280	159	0	74	84	89	0	0	0	0	0	0	0	0	0	0	0	0	0	0	0	0	0	0
235.00000056537215	0	0	0	0	0	1350107	0	422370	174772	179312	182373	1006277	23772	43000	129599	4029	1856	6880	22064	6336	8514	23432	13860	11771	13072	9680	0	5264	2030	3026	3375	0	1298	816	630	424	0	259	168	178	0	202	0	0	0	0	0	0	0	0	0	0	0	0	0	0	0	0
240.00002221165363	0	0	0	0	0	1433992	0	427869	177216	180936	185129	1029253	24654	46526	143959	4641	2233	7912	26792	7200	9768	27608	16940	14155	15808	12342	1132	7280	3150	4183	4725	0	1888	1326	980	689	600	407	420	801	0	404	130	0	0	0	0	0	0	0	0	0	0	0	0	0	0	0
245.00000134806655	0	0	0	0	0	1504632	0	434070	179088	183008	187302	1052588	25788	48762	160473	4896	2436	8772	31717	8400	10758	31088	18760	16837	19608	14641	6226	9744	3990	5785	6885	0	2832	1938	1750	1166	900	629	840	1691	1729	1111	260	0	0	0	0	0	0	0	0	0	0	0	0	0	0	0
250.00000037698712	0	0	0	0	0	1557612	0	438984	180700	185248	189687	1073769	27048	50740	174115	5304	2668	9804	35854	9216	12144	36192	22400	20115	22496	17545	11886	11424	4970	6942	8775	0	4130	2856	2520	2014	1200	1036	1428	2314	2660	1717	910	0	0	0	0	0	0	0	0	0	0	0	0	0	0	0
255.00000333832676	0	0	0	0	0	1615890	0	443313	182364	187208	191754	1094232	28182	53148	184885	5661	2900	10922	39794	9792	13200	42456	26180	22499	25232	20207	19810	14000	6090	8277	11070	0	5546	4080	3990	2544	2400	1406	2856	3560	3724	2525	1820	0	0	0	0	0	0	0	0	0	0	0	0	0	0	0
260.00000627896617	0	0	0	0	0	1680349	0	447642	183820	188496	193132	1109669	29064	54782	195296	5967	2987	11610	42355	10896	14322	48488	29120	25628	28880	21780	28300	16688	7420	10146	14715	704	6962	5304	5810	3286	3900	1887	4116	4984	5054	3939	2210	0	0	0	0	0	0	0	0	0	0	0	0	0	0	0
265.0000017261902	0	0	0	0	0	1731563	0	451386	184912	190456	194881	1126901	29820	56244	208938	6273	3074	12728	45507	11376	14916	54984	30660	29204	31920	24200	39054	19264	8890	12015	16740	5632	9204	7446	6650	4028	6300	2294	6300	6497	7182	5252	3640	0	307	0	0	0	0	0	0	0	0	0	0	0	0	0
270.00000094151	0	0	0	0	0	1771298	0	455832	186212	191968	196577	1139466	30534	57878	219349	6732	3161	13760	48265	12288	16038	59624	32060	31886	36024	26620	48676	21056	9660	13973	19035	8448	11446	8772	8330	4823	11700	2849	7644	8188	8512	6464	6110	1611	921	0	0	0	0	0	0	0	0	0	0	0	0	0
275.00000033993894	0	0	0	0	0	1833108	0	459108	186836	193480	198008	1153467	31164	58996	229401	6936	3364	14362	51614	12768	17094	63800	34860	35015	39216	28798	58864	22848	10640	15397	22005	19712	13924	10812	10080	5724	15600	3515	8904	9968	10640	8484	7930	3759	3684	1035	0	0	0	0	0	0	0	0	0	0	0	0
280.0000033055696	0	0	0	0	0	1875492	0	463086	187980	195104	199492	1163878	31878	60716	238017	7038	3451	15136	53387	13296	17754	67280	37660	37399	42104	31581	66222	25312	12110	16287	24435	28160	16638	12342	11200	6678	20400	4033	9996	11659	13433	10201	10140	7518	6447	4485	392	0	0	0	0	0	0	0	0	0	0	0
285.00000351057884	0	0	0	0	0	1917876	0	464958	189332	196112	200499	1173212	33012	62522	246274	7344	3654	15996	57327	13968	18348	70296	40180	39932	45600	34243	80938	28000	13020	18334	26190	41536	17936	13974	12390	7473	23700	4773	11256	13439	15694	11615	12740	11814	8289	6210	980	0	138	0	0	0	0	0	0	0	0	0
290.0000026165513	0	0	0	0	0	1955845	0	467415	190320	197456	201930	1183264	33894	64414	254890	7599	3799	16684	61070	14208	19140	75400	42140	42316	46816	35695	96786	30912	14560	20025	29430	56320	19588	15300	13440	8745	29100	5365	13356	15575	19817	13938	15340	18258	12587	10005	1568	0	276	0	0	0	0	0	0	0	0	0
295.00000036427775	0	0	0	0	0	1988516	0	470340	191516	198968	202778	1192239	34692	65962	263865	7905	4031	17114	63631	14496	19734	80272	44380	44104	49096	37752	108672	32480	15610	22072	32670	67584	22184	17442	14700	9487	35700	5957	15120	17177	22610	16160	18200	24165	17192	15180	1764	0	276	196	0	0	0	0	0	0	0	0
300.0000234870447	0	0	0	0	0	2027368	0	472446	192244	199808	203573	1203368	35406	67338	271404	8415	4205	17802	65798	15216	20460	83520	46200	46339	50920	39688	119992	35056	16940	23941	35775	78144	24308	19482	16030	10017	40500	6845	16884	18957	25935	18079	21060	32757	24253	19320	1960	0	552	784	0	0	0	0	0	0	0	0
305.0000020691541	0	0	0	0	0	2070635	0	474435	193024	201096	204633	1212702	35910	68886	278225	8772	4379	18060	68753	15840	21120	87464	48440	47978	52744	42108	129048	35952	18690	25632	38475	94336	26550	21522	17360	11342	44400	7622	20328	20470	29792	20200	22880	43497	29779	24495	3136	0	966	1176	0	0	0	0	0	0	0	0
310.0000263150759	0	0	0	0	0	2095359	0	476892	193804	201992	205799	1223113	36708	70520	282174	9027	4669	18748	72693	16704	22308	92336	49980	49468	55024	44165	138670	37968	20090	27234	40635	115456	28792	23052	19180	11925	49800	8251	21840	23140	32053	22018	26130	55311	36533	31395	3920	0	1656	1960	0	0	0	67	0	0	0	0
315.0000000569834	0	0	0	0	0	2130679	0	479232	194792	203000	206912	1230293	37548	71638	288995	9180	4872	19694	76436	17280	23298	96744	51800	51256	57304	46343	147160	39536	21280	28391	42930	128832	30798	24888	21070	12985	54000	8843	24024	24831	34713	24442	29640	66051	41138	41745	4508	0	1932	2352	0	0	0	201	89	0	0	0
320.00001914309837	0	0	0	0	0	2155403	0	481338	195624	204232	207760	1238550	38430	72670	295457	9690	5046	20382	79982	17856	24222	100456	54460	52746	58824	48884	159046	41776	22960	30349	45090	142912	33158	26316	22890	14098	58800	9694	25452	26700	38038	26260	33020	74106	46357	51060	6076	0	2484	3136	0	0	0	201	89	0	0	0
325.0000029198933	0	0	0	0	0	2178361	0	483795	196352	205744	208979	1244294	39018	74218	306945	10047	5133	21328	82543	18528	24816	104864	55440	54683	61104	51183	168668	43680	24010	32129	47385	158400	35518	29070	24640	15476	65100	10508	27972	28302	40698	27573	35100	84846	55260	57960	7056	0	4002	3332	747	0	0	268	267	0	0	49
330.00000125102065	0	0	0	0	0	2204851	0	486369	197080	206528	209986	1254705	39732	75680	316279	10404	5336	22102	85498	19536	25938	106720	56560	56769	62624	52998	174894	45248	24850	33909	49545	174592	38232	30702	25690	16642	70500	11211	30072	30082	44821	29795	37570	93975	59558	65205	8232	0	5244	4116	747	0	553	335	534	0	0	49
335.00000054218094	0	0	0	0	0	2232224	0	487773	198172	207536	210675	1262603	40404	77314	320587	10710	5626	22876	87665	20160	26730	110896	57960	57961	64448	55176	183384	46816	25690	35689	51570	186560	40120	32742	27090	17755	77700	11877	32424	32129	48279	32825	41340	102030	66619	73140	8820	794	6072	5292	2241	0	1106	536	801	143	0	98
340.00000380317147	0	0	0	0	0	2252533	0	489762	198796	208320	211364	1270142	40866	78346	327408	11067	5829	23392	90817	20688	27060	112520	59920	60792	66120	56507	193006	48720	26950	37202	54135	195008	42952	34272	28630	18868	82500	12395	34356	34087	51338	34441	44330	116529	73987	80730	9212	1588	7176	6664	5229	0	1106	670	890	429	0	196
345.0000009054347	0	0	0	0	0	2275491	0	490581	199836	209216	212371	1276604	41160	79292	333152	11322	5945	24166	92590	21072	28314	115536	61460	63474	67792	58322	198666	50624	28210	38715	56700	212608	44840	35700	29750	20299	88500	13172	37632	35333	54796	37067	47060	129417	80741	88320	10388	1588	8556	8232	7470	0	1659	938	1513	572	0	343
350.0000005478197	0	0	0	0	0	2297566	0	492570	200408	210000	213007	1283784	41748	80754	340691	11628	6032	24940	95348	21552	28974	119016	63140	65858	69920	60742	206024	52192	29540	40050	58185	225984	47082	37842	30870	21306	92100	13764	39564	37469	57722	38582	50440	141231	86574	98670	11172	5558	9660	9408	8964	0	1659	1206	2047	1001	0	637
355.0000112820616	0	0	0	0	0	2313460	0	494793	201344	211120	214226	1290605	42294	82130	347512	11832	6148	25542	97318	21792	29898	121568	64960	68540	72656	63283	216778	54208	30520	41385	59670	239360	48616	39780	31990	22313	98700	14430	41580	39249	59983	40299	52520	154656	94249	103500	11760	7940	10626	10780	11952	0	4977	1407	2225	1430	586	833
360.0000023816595	0	0	0	0	0	2326705	0	496899	202384	211680	214756	1299580	42882	83420	353615	12087	6235	26402	99879	22080	30492	125512	67480	70924	75392	65219	225268	56336	31290	43254	61560	255552	50858	42024	32970	22790	105000	14911	43596	40762	62776	43026	55640	165933	101003	108675	12740	11116	11178	12544	15687	0	8295	1675	2848	1716	1758	1078
365.0000031694188	0	0	0	0	0	2343482	0	498420	203268	212240	215498	1306401	43218	84538	360795	12189	6409	27090	101455	22656	31218	131080	70000	73010	77672	67518	233192	58128	32620	44678	62910	271744	53336	43860	33670	23850	110400	15577	45192	42809	66101	44339	58370	174525	105608	118335	12936	12704	11592	14308	20169	0	12166	1943	3204	2574	1758	1225
370.00000511993153	0	0	0	0	0	2365557	0	500058	204152	212912	215922	1313222	43974	86086	363667	12444	6554	28036	103819	23376	32472	134792	71400	74500	79952	68123	241682	61152	33740	45835	65475	284416	55814	46104	34790	24433	114600	16021	46620	44233	69692	46763	61620	185265	112669	125580	13720	15880	12834	15092	23157	0	14378	2345	3560	2717	7032	1421
375.0000066280384	0	0	0	0	0	2385866	0	501696	205348	213640	216664	1320761	44982	86602	368693	12801	6815	28724	105592	23760	33066	137344	72800	76288	81928	70059	250172	63056	34790	46636	67635	293568	58174	47634	36050	25387	119400	16539	48384	46636	73948	49086	64090	200838	117581	133170	14308	23026	13386	15680	26145	2636	17143	2881	4094	3432	8204	1666
380.00000152382563	0	0	0	0	0	2413239	0	503568	205764	214032	217300	1327223	45822	87462	374796	13056	6960	29326	107759	24144	33726	140592	73780	78076	83600	72479	258096	64512	35700	48060	69525	312576	59944	49266	37940	26341	124200	17094	49476	48772	77938	50904	66430	211041	123721	140070	14896	24614	13524	17248	31374	5272	19908	3417	4539	4862	11134	2009
385.0000128105978	0	0	0	0	0	2425601	0	505908	206388	214536	217989	1334762	46452	88666	380181	13515	7076	29928	109335	24912	33990	143376	75600	80460	85120	75020	269982	66080	36470	49039	71955	328064	61950	51102	38920	27454	131700	17649	51324	49929	80199	52419	69290	224466	133238	148350	16268	27790	14490	19012	35109	6590	21014	3752	4984	5577	12306	2401
390.00000064388814	0	0	0	0	0	2442378	0	507195	207220	215544	218519	1340506	46914	89870	384848	13872	7221	30444	111108	25248	34716	146160	77420	81950	86640	77440	281868	67536	37730	51175	73710	336512	64310	53754	39970	28726	135600	18130	53340	51442	82460	54540	71630	231984	139378	155940	17248	30966	15042	20188	36603	10544	24332	3953	5162	6435	14064	2793
395.0000009743882	0	0	0	0	0	2455623	0	508950	208104	216328	219314	1346250	47460	91246	390233	14331	7337	30960	115048	25776	35244	148248	78960	83738	87856	78529	288094	68992	38500	53133	75600	352704	66080	55080	41440	29468	139200	19018	55188	53400	84455	57267	74230	240039	149202	168360	18032	38112	16284	21756	41085	14498	30415	4221	5607	6721	16994	3185
400.0000014479337	0	0	0	0	0	2473283	0	510237	208416	217560	220268	1349840	48132	92450	395259	14739	7540	31390	116624	26064	36036	150104	80640	85675	90136	80465	296584	70336	39690	54646	78165	369600	68558	56916	42630	30263	144300	19721	56868	55447	87913	59085	76310	252927	155035	176295	19012	41288	16698	23128	50796	15816	33180	4489	6230	7293	19338	3969
405.0000086746457	0	0	0	0	0	2496241	0	511173	208676	218232	220904	1354507	48342	93568	399926	14841	7801	32078	118003	26784	36894	153584	83300	86867	91504	82159	302810	71792	40390	55981	80460	382976	71390	58446	43400	31376	151500	20646	58296	57672	89908	61812	79300	264204	161789	188025	19404	47640	17250	25088	53784	21088	37051	5092	6675	8294	22854	4263
410.000003884686	0	0	0	0	0	2511252	0	512928	209196	218736	221805	1360251	49014	94600	406029	14943	8033	32680	120564	27408	37686	157992	84280	88357	93176	83853	310168	73584	41090	57138	82080	398464	73750	59568	44170	32754	157800	21386	60144	60520	91903	64236	81510	279240	170078	201825	20776	50816	18216	25872	57519	26360	40369	5494	6942	9438	25198	4606
415.0000003107352	0	0	0	0	0	2528029	0	514566	209716	219352	222229	1365277	49560	95890	409619	15045	8207	33454	122928	28032	38214	161240	85680	89102	94848	85547	316960	75040	41440	58740	84780	412544	75520	61608	45780	33708	164100	22089	62496	62834	95627	66054	83590	290517	178367	207345	21168	54786	19182	27244	59760	35586	44240	5896	7387	10439	28714	4949
420.000004456179	0	0	0	0	0	2543040	0	516321	210288	219800	223024	1369585	50106	96664	415363	15453	8323	34228	124110	28560	39138	164488	88200	91635	96368	86878	325450	76608	43120	60431	85995	428032	77998	63750	46970	34344	170700	22681	64428	64347	98420	68579	86450	303405	184814	215970	21756	56374	20148	28812	67230	42176	46452	6298	8099	11297	30472	5096
425.00000049026187	0	0	0	0	0	2554519	0	518427	210652	220304	223766	1372816	50694	97524	422543	15912	8352	35174	126868	28800	39600	167736	89040	93274	98040	88572	332808	77728	44100	62033	88020	437888	79886	65586	48160	35245	173700	23347	66528	66750	100282	70902	90220	315756	192182	225285	23128	61932	20700	31164	72459	59310	49770	7102	8633	12012	33988	5194
430.0000011160917	0	0	0	0	0	2575711	0	521469	211380	220920	224508	1378201	51240	98556	427928	16269	8526	35948	129035	29328	40656	171216	90720	94615	99104	90024	342430	79408	45290	63902	89505	451264	82718	67320	49490	36358	180300	23939	68040	68619	102809	72720	92950	325959	201085	233565	24304	63520	21804	33712	79182	64582	51982	7638	8989	13442	33988	5439
435.0000038111605	0	0	0	0	0	2591605	0	522756	212004	221480	225144	1382509	51828	99846	435108	16473	8700	36636	131005	29856	41382	175160	92960	96850	101536	91718	352618	80976	46410	65415	91260	463936	83898	68850	50330	37418	185700	24531	70728	70399	105602	75043	95290	336699	207532	240465	25480	65108	22770	35476	84411	68536	53641	8040	9523	14443	36918	6027
440.0000148228465	0	0	0	0	0	2603084	0	523692	212472	221872	226204	1384663	52332	101394	440493	16779	8932	37410	133763	30192	42042	177944	94780	98638	104120	93533	363938	82992	47250	67284	93150	477312	86730	70074	51800	38319	188700	25086	72828	72446	108395	76861	98540	349050	217663	249090	26264	70666	24288	37240	92628	73808	57512	8509	10413	15301	42192	6517
445.0000116739315	0	0	0	0	0	2613680	0	524628	213044	222712	226787	1389689	52794	102856	446955	16932	9106	38442	135339	30624	42768	180728	96180	100277	106400	95348	367900	84224	48090	68263	97065	489280	88146	71706	53060	38955	193500	25937	74340	74671	110656	79285	101790	364623	224110	257715	27048	74636	25668	39200	102339	83034	63042	8911	11125	16588	45708	6860
450.0000032492577	0	0	0	0	0	2628691	0	525681	213824	223160	227211	1392920	53004	103974	450545	17238	9135	39388	138885	31200	43494	184672	98560	100873	107312	97042	379786	86688	49000	69598	98550	502656	90506	73338	54880	39803	197400	26788	76188	76273	113981	82113	105430	371067	229329	265650	28028	77018	26910	41160	106821	92260	69125	9112	11659	17732	49810	7252
455.00000980539386	0	0	0	0	0	2640170	0	526968	214084	224112	227847	1398305	53298	104662	456289	17595	9309	40506	140855	31728	44418	187688	100100	102661	109440	98252	383748	87696	49840	71200	100035	513216	92276	74766	56420	40598	201900	27454	78036	78053	116907	84133	109070	379659	236697	275655	28812	80988	27876	42728	114291	96214	72996	9514	12371	18876	50982	7546
460.000000640245	0	0	0	0	0	2652532	0	528489	214344	224560	228218	1401177	54012	105608	459879	18054	9541	41194	142628	32400	45210	193024	101920	104151	110656	99341	389408	89264	50750	72891	101925	522368	94400	76806	57680	41658	208800	27861	80472	80278	119035	86355	111410	388251	243758	282900	29008	83370	28566	44296	124002	97532	77420	9715	12727	19877	53326	8036
465.00002345772793	0	0	0	0	0	2669309	0	530361	215124	225064	228695	1404049	54348	106726	464905	18258	9802	41882	144204	32784	46002	196504	103460	105939	112176	102245	399030	90496	51730	74315	103950	537856	95580	79152	58800	42771	216600	28453	81984	82325	121695	88779	114270	396843	252354	291525	29988	85752	30498	45080	130725	104122	82397	10452	13706	21021	55084	8428
470.0000001961105	0	0	0	0	0	2678139	0	530829	215800	225456	229278	1406921	54684	107672	470649	18360	9918	42570	144795	33648	46728	199056	104860	106982	114760	102971	408086	92288	53200	75917	106515	549824	97940	80682	59850	43301	220800	28897	83328	85262	124222	90597	118300	406509	258801	300840	30184	90516	31464	47040	135207	118620	85162	11122	14329	22165	62116	8967
475.00000789077257	0	0	0	0	0	2694033	0	531297	216684	225792	229808	1409075	54894	108704	475675	18462	10150	43086	146568	34272	47520	201840	106260	108770	116584	104907	418840	94080	54040	77163	109215	559680	99710	82314	60900	44096	225000	29452	84924	87131	126882	92415	120250	416712	266169	307740	30772	93692	32292	49196	146412	121256	92351	11725	15575	23738	64460	9359
480.0000032479559	0	0	0	0	0	2706395	0	532116	217204	226352	230444	1414460	55314	109822	482496	19074	10382	43774	146962	34704	48378	205088	107800	110260	119320	106238	426764	95536	54530	78854	111375	572352	101716	83946	62160	44785	229500	29933	86268	89267	129542	94738	122070	429600	273537	319815	32536	100838	33396	50960	150894	130482	97881	12127	16732	25025	69734	9898
485.0000034998353	0	0	0	0	0	2716991	0	533052	217620	226912	231398	1419486	55944	110596	485727	19380	10498	44118	148341	35328	48906	206944	109480	112197	120688	108053	440348	97440	55440	81079	112725	591360	103014	84966	63490	45686	235800	30562	87696	91225	133000	96556	124670	446247	280291	329475	33908	102426	34500	51744	158364	141026	106176	12864	17533	26312	75008	10143
490.0000023350204	0	0	0	0	0	2729353	0	534339	218348	227416	232140	1425589	56490	112144	493625	19992	10701	44634	151099	35904	49434	209496	111160	113538	122816	109989	444876	99344	56630	82592	115155	598400	105020	86598	65240	46587	241200	31191	89460	93005	135527	98576	126750	458061	286738	338100	35084	105602	35328	52920	166581	152888	111706	13534	18423	27170	77352	10682
495.0000020749065	0	0	0	0	0	2745247	0	535626	218816	227864	232988	1429897	56910	113434	499010	20094	10933	45150	154448	36528	49962	211120	111440	115028	124640	111804	452800	101024	57750	83927	117180	613184	107144	88638	66360	47329	245400	31931	91392	94251	138586	100798	131040	467727	294413	348450	35868	108778	36156	54488	174798	164750	116130	14271	19135	28600	80868	11221
500.00000084951694	0	0	0	0	0	2758492	0	537030	219284	228312	233465	1434205	57414	114724	503677	20451	11049	45924	156418	36720	50754	213208	113400	116965	127224	114466	461290	103264	58310	85885	119880	631488	109150	90168	67550	48336	249600	32671	92652	96209	141246	103222	132860	480615	303009	360525	37240	115924	37674	55272	182268	167386	119448	15008	20203	29458	83798	12005
505.00000063657984	0	0	0	0	0	2769971	0	538200	219960	229096	234048	1437077	58044	115670	507985	20961	11194	46784	158782	37632	51348	216456	115640	118455	128896	115192	472044	104720	59430	86597	122445	643456	111510	91596	68950	49608	256500	33078	94920	97633	143507	105141	135850	491355	310991	368115	37632	118306	38778	57036	189738	176612	120554	15477	21538	31603	86142	12789
510.0000053835934	0	0	0	0	0	2777918	0	538785	220480	229432	234525	1439590	58422	116358	512652	21216	11397	47214	160555	38064	52668	219704	117460	120094	130112	117733	476006	106064	60340	88733	124605	651904	113988	93534	70140	51251	261000	33781	96768	99591	145901	107262	138060	506391	316824	377085	38024	122276	40572	59192	194967	184520	126084	15946	22606	32461	88486	13181
515.0000044898898	0	0	0	0	0	2787631	0	539370	220844	229712	235108	1443539	58800	117218	518755	21828	11658	47386	163904	38736	53262	223184	120260	122329	132392	119911	483930	107520	61880	89534	126900	665280	117292	94758	71610	52152	264900	34336	98784	100748	149758	108979	140790	514446	325113	383640	39004	125452	42366	60956	199449	196382	129955	16616	23585	33748	91416	13769
520.0000074807139	0	0	0	0	0	2802642	0	540423	221364	230440	235585	1446770	59346	118680	523063	22083	11861	47902	167056	39312	54120	224576	121520	123968	134216	121847	490156	109088	63000	90246	129735	678656	119770	97512	72520	52894	269700	34780	100800	102884	152285	111100	143130	526797	331867	393990	39788	129422	43332	62132	206919	205608	136591	17085	25187	35178	95518	14504
525.0000060201486	0	0	0	0	0	2817653	0	541242	221780	230888	236062	1450001	59724	119282	528448	22236	12006	48848	169026	40080	54846	228056	124040	125756	136496	123662	499212	110432	63840	91759	131625	692032	122012	99246	73570	53901	274200	35113	102732	104664	154546	112918	145600	537000	338621	403305	40768	133392	44988	63504	211401	209562	144886	17822	26166	37180	102550	14896
530.0000064110219	0	0	0	0	0	2822951	0	542061	222092	231168	236592	1455386	60354	120314	533833	22440	12151	49106	170405	40752	55836	230608	125440	127544	139080	125719	506570	112448	64750	93272	134730	702592	124254	100572	75040	55067	280500	35816	105168	107067	157073	114938	147940	550425	343226	410550	41748	141332	46644	65856	218871	225378	150416	18425	27234	39039	107238	15337
535.0000034258115	0	0	0	0	0	2830898	0	542997	222508	231448	237228	1456822	60900	121690	537782	22542	12238	49708	172178	41328	56430	233624	126980	128885	141512	128260	513362	114352	65450	94874	137025	716672	127322	102510	76300	56180	285000	36852	106512	108936	159733	117059	150670	564924	350594	418485	42336	142920	48024	68012	226341	233286	154840	19028	28035	40469	112512	15778
540.0000104891784	0	0	0	0	0	2834430	0	543816	222976	231728	237652	1461489	61152	122464	542808	22797	12499	50310	175133	42000	56892	236640	128240	130673	143184	129712	521852	116480	66710	96387	138780	731456	129210	104244	77840	57134	290100	37259	108360	111784	162925	119584	153140	576738	358576	425385	43120	144508	49680	68992	234558	239876	158711	19765	28391	42185	118372	16366
545.0000065750593	0	0	0	0	0	2840611	0	544518	223184	232120	238182	1466156	61656	123152	548552	23103	12557	50482	177891	42432	57684	237568	129780	133206	144096	130438	525814	118944	67760	97366	140805	742016	131098	106284	78890	57876	295200	38036	110964	113208	166250	122816	155350	588552	366251	434700	44884	148478	50922	71148	240534	250420	163135	20636	28836	44473	124818	16905
550.0000084824463	0	0	0	0	0	2846792	0	545454	223756	232680	238818	1470105	62160	123582	552501	23511	12876	51514	178285	42960	58212	240584	131320	134696	145464	132374	537134	121184	69160	99324	142695	749056	133340	107814	80220	58830	302400	38591	113316	115611	168511	124836	157950	600366	376996	440910	46060	154036	51612	72324	250245	263600	167006	21306	29281	46046	131264	17787
555.0000092771214	0	0	0	0	0	2856505	0	546390	224172	232904	239560	1473336	62496	124528	555732	23715	13021	52718	180846	43344	59136	243136	132160	135590	147288	133947	543926	123312	69930	101015	145260	759616	134874	109344	81480	60420	304800	39109	115164	117035	171703	127563	160680	609495	386206	450570	46844	158800	52440	73892	257715	276780	172536	22043	29993	47047	135952	18081
560.0000120553811	0	0	0	0	0	2864452	0	547911	224484	233184	239772	1477644	63042	125474	558963	24021	13369	53234	183013	43728	59730	245688	134120	136782	149112	135036	551850	125888	71190	102439	148230	771584	137234	110772	82810	60950	312600	39701	117096	119082	173964	129987	163020	618624	396337	459540	47236	163564	53820	75852	265932	286006	179725	22445	30616	48620	140640	18473
565.0000005025203	0	0	0	0	0	2879463	0	548847	225160	233352	240196	1483747	63588	126334	562912	24225	13543	53578	185377	44256	60324	248704	135380	139017	151240	136246	557510	127904	72310	103952	150930	782144	139004	113220	83650	61904	317400	40552	118272	121218	175826	132209	165620	629901	403398	466095	48412	169916	55200	77812	271161	295232	183596	23450	32040	49621	144742	19159
570.0000047941485	0	0	0	0	0	2888293	0	550017	225472	233800	240620	1486619	63924	127194	567579	24480	13630	54094	187741	44592	60720	251488	136640	141550	152912	137940	567698	129024	73220	105020	152685	795520	141246	114852	85190	62964	321600	41107	119448	123176	179550	134027	169260	641178	410459	473685	50568	172298	56166	79380	274896	304458	191338	24254	32485	50193	147672	19698
575.0000002173231	0	0	0	0	0	2898889	0	551304	225888	234248	241044	1492363	64176	128398	570810	24939	13862	54696	189514	45072	61182	253112	138040	143785	154584	139513	581282	131152	74200	106889	154980	807488	142544	117402	86520	63918	327300	41921	121128	125401	183141	135643	173420	651381	416292	483000	51744	176268	56718	80164	278631	317638	197421	24857	33642	51766	151188	20188
580.0000052938603	0	0	0	0	0	2906836	0	552240	226356	234752	241468	1495594	64470	129172	577990	25347	13978	55556	191287	45552	61776	255432	139580	145424	155496	140360	585244	132608	75250	108313	157140	820864	144432	118728	88200	64554	333600	42476	122892	127092	185934	138774	175760	663195	424581	493005	52332	181826	58098	81144	286848	332136	204057	25125	34354	53911	156462	20972
585.00000755204	0	0	0	0	0	2913017	0	553059	226720	235368	241680	1497389	64974	129774	582657	25602	14181	56330	193257	45936	62568	257288	140700	147808	156864	143385	589772	134400	76300	109826	159030	834944	146202	120768	89040	65296	341700	43105	124236	129228	189924	141299	178750	676083	430414	503010	53116	186590	59616	83300	292077	337408	210693	25661	35155	55055	159978	21805
590.000007172215	0	0	0	0	0	2924496	0	553878	226928	235592	241945	1501697	65604	130892	586606	26112	14442	57018	194833	46464	63096	261232	142380	149596	158080	144958	597130	136528	77420	111339	160920	851136	148208	122400	90090	66515	346500	43845	126588	131097	192185	142713	182000	684138	437168	511290	55076	190560	60996	85260	301041	351906	214564	26331	35600	56628	168182	22001
595.0000082791416	0	0	0	0	0	2932443	0	555048	227292	236096	242475	1504928	66234	131666	592709	26418	14645	57792	197000	46992	63492	265408	144340	150788	161120	145684	603922	138544	78540	112852	163485	867328	150922	124236	91350	67628	350400	44511	128352	132966	194579	145238	185380	692730	443308	520260	55664	196912	62238	86828	310005	358496	218435	27068	36401	58058	171112	22785
600.000000186511	0	0	0	0	0	2941273	0	555867	227656	236600	243164	1507800	66486	132870	598812	26928	14964	58136	198576	47376	63888	268424	146860	152576	163096	147378	611280	140560	79800	114454	166320	882816	153518	125562	92330	68847	355500	45029	130536	133945	196441	147460	188370	707229	449141	528885	56644	199294	63342	88984	318222	369040	224518	27872	37558	58773	172870	23373
