>time	Ribosome	coli Pol	coli Pol-P	coli Pol-2.0	coli Pol-P-2.0	gp1	gp1-3.5	gp0.3	gp0.4	gp0.5	gp0.6A	gp0.7	gp1.1	gp1.2	gp1.3	gp1.4	gp1.5	gp1.6	gp1.7	gp1.8	gp2.0	gp2.5	gp2.8	gp3.0	gp3.5	gp3.8	gp4A	gp4.2	gp4.3	gp4.5	gp4.7	gp5.0	gp5.3	gp5.5	gp5.7	gp5.9	gp6.0	gp6.3	gp6.5	gp6.7	gp7	gp7.3	gp7.7	gp8	gp9	gp10A	gp11	gp12	gp13	gp14	gp15	gp16	gp17	gp17.5	gp18	gp18.5	gp19	gp19.5
0.0076461317699825825	0	0	0	0	0	0	0	0	0	0	0	0	0	0	0	0	0	0	0	0	0	0	0	0	0	0	0	0	0	0	0	0	0	0	0	0	0	0	0	0	0	0	0	0	0	0	0	0	0	0	0	0	0	0	0	0	0	0
5.004751762829184	0	0	0	0	0	0	0	0	0	0	0	0	0	0	0	0	0	0	0	0	0	0	0	0	0	0	0	0	0	0	0	0	0	0	0	0	0	0	0	0	0	0	0	0	0	0	0	0	0	0	0	0	0	0	0	0	0	0
10.004391374213803	0	0	0	0	0	0	0	0	0	0	0	0	0	0	0	0	0	0	0	0	0	0	0	0	0	0	0	0	0	0	0	0	0	0	0	0	0	0	0	0	0	0	0	0	0	0	0	0	0	0	0	0	0	0	0	0	0	0
15.00476247922328	0	0	0	0	0	0	0	0	0	0	0	0	0	0	0	0	0	0	0	0	0	0	0	0	0	0	0	0	0	0	0	0	0	0	0	0	0	0	0	0	0	0	0	0	0	0	0	0	0	0	0	0	0	0	0	0	0	0
20.001000228968998	0	0	0	0	0	0	0	0	0	0	0	0	0	0	0	0	0	0	0	0	0	0	0	0	0	0	0	0	0	0	0	0	0	0	0	0	0	0	0	0	0	0	0	0	0	0	0	0	0	0	0	0	0	0	0	0	0	0
25.000491774436018	0	0	0	0	0	0	0	117	0	0	0	0	0	0	0	0	0	0	0	0	0	0	0	0	0	0	0	0	0	0	0	0	0	0	0	0	0	0	0	0	0	0	0	0	0	0	0	0	0	0	0	0	0	0	0	0	0	0
30.000196438556493	0	0	0	0	0	0	0	1638	52	0	0	0	0	0	0	0	0	0	0	0	0	0	0	0	0	0	0	0	0	0	0	0	0	0	0	0	0	0	0	0	0	0	0	0	0	0	0	0	0	0	0	0	0	0	0	0	0	0
35.000747100357714	0	0	0	0	0	0	0	3861	676	56	0	0	0	0	0	0	0	0	0	0	0	0	0	0	0	0	0	0	0	0	0	0	0	0	0	0	0	0	0	0	0	0	0	0	0	0	0	0	0	0	0	0	0	0	0	0	0	0
40.00017081099846	0	0	0	0	0	0	0	7839	1768	784	159	0	0	0	0	0	0	0	0	0	0	0	0	0	0	0	0	0	0	0	0	0	0	0	0	0	0	0	0	0	0	0	0	0	0	0	0	0	0	0	0	0	0	0	0	0	0	0
45.00054032888596	0	0	0	0	0	0	0	12402	3016	2016	1166	0	0	0	0	0	0	0	0	0	0	0	0	0	0	0	0	0	0	0	0	0	0	0	0	0	0	0	0	0	0	0	0	0	0	0	0	0	0	0	0	0	0	0	0	0	0	0
50.00044349700397	0	0	0	0	0	0	0	16029	4888	3920	2597	0	0	0	0	0	0	0	0	0	0	0	0	0	0	0	0	0	0	0	0	0	0	0	0	0	0	0	0	0	0	0	0	0	0	0	0	0	0	0	0	0	0	0	0	0	0	0
55.000173942702375	0	0	0	0	0	0	0	21879	7124	6104	4770	0	0	0	0	0	0	0	0	0	0	0	0	0	0	0	0	0	0	0	0	0	0	0	0	0	0	0	0	0	0	0	0	0	0	0	0	0	0	0	0	0	0	0	0	0	0	0
60.00020752164415	0	0	0	0	0	0	0	29601	9672	8344	7208	0	0	0	0	0	0	0	0	0	0	0	0	0	0	0	0	0	0	0	0	0	0	0	0	0	0	0	0	0	0	0	0	0	0	0	0	0	0	0	0	0	0	0	0	0	0	0
65.00018910277436	0	0	0	0	0	0	0	38493	12792	11928	9805	0	0	0	0	0	0	0	0	0	0	0	0	0	0	0	0	0	0	0	0	0	0	0	0	0	0	0	0	0	0	0	0	0	0	0	0	0	0	0	0	0	0	0	0	0	0	0
70.00016700326339	0	0	0	0	0	0	0	46332	16796	15960	12720	1436	0	0	0	0	0	0	0	0	0	0	0	0	0	0	0	0	0	0	0	0	0	0	0	0	0	0	0	0	0	0	0	0	0	0	0	0	0	0	0	0	0	0	0	0	0	0
75.00022369596728	0	0	0	0	0	0	0	56277	21268	20440	16059	5744	0	0	0	0	0	0	0	0	0	0	0	0	0	0	0	0	0	0	0	0	0	0	0	0	0	0	0	0	0	0	0	0	0	0	0	0	0	0	0	0	0	0	0	0	0	0
80.00004798152521	0	0	0	0	0	0	0	67509	26104	25256	20140	17591	0	0	0	0	0	0	0	0	0	0	0	0	0	0	0	0	0	0	0	0	0	0	0	0	0	0	0	0	0	0	0	0	0	0	0	0	0	0	0	0	0	0	0	0	0	0
85.00049673815397	0	0	0	0	0	0	0	81315	31200	29792	25122	28361	0	0	0	0	0	0	0	0	0	0	0	0	0	0	0	0	0	0	0	0	0	0	0	0	0	0	0	0	0	0	0	0	0	0	0	0	0	0	0	0	0	0	0	0	0	0
90.00006664232286	0	0	0	0	0	0	0	94653	37596	35168	30634	43798	0	0	0	0	0	0	0	0	0	0	0	0	0	0	0	0	0	0	0	0	0	0	0	0	0	0	0	0	0	0	0	0	0	0	0	0	0	0	0	0	0	0	0	0	0	0
95.00008648113813	0	0	0	0	0	0	0	108927	44044	41384	36941	59953	0	0	0	0	0	0	0	0	0	0	0	0	0	0	0	0	0	0	0	0	0	0	0	0	0	0	0	0	0	0	0	0	0	0	0	0	0	0	0	0	0	0	0	0	0	0
100.0000578204033	0	0	0	0	0	0	0	124020	50856	47992	43884	80057	0	0	0	0	0	0	0	0	0	0	0	0	0	0	0	0	0	0	0	0	0	0	0	0	0	0	0	0	0	0	0	0	0	0	0	0	0	0	0	0	0	0	0	0	0	0
105.00004291793091	0	0	0	0	0	0	0	139347	57148	55272	50403	109136	0	0	0	0	0	0	0	0	0	0	0	0	0	0	0	0	0	0	0	0	0	0	0	0	0	0	0	0	0	0	0	0	0	0	0	0	0	0	0	0	0	0	0	0	0	0
110.00018288614496	0	0	0	0	0	0	0	155844	64740	61208	58406	138215	0	0	0	0	0	0	0	0	0	0	0	0	0	0	0	0	0	0	0	0	0	0	0	0	0	0	0	0	0	0	0	0	0	0	0	0	0	0	0	0	0	0	0	0	0	0
115.0001245001149	0	0	0	0	0	0	0	173277	70928	68432	66727	171602	0	0	0	0	0	0	0	0	0	0	0	0	0	0	0	0	0	0	0	0	0	0	0	0	0	0	0	0	0	0	0	0	0	0	0	0	0	0	0	0	0	0	0	0	0	0
120.00015496599283	0	0	0	0	0	0	0	191529	79820	76608	74889	211092	0	0	0	0	0	0	0	0	0	0	0	0	0	0	0	0	0	0	0	0	0	0	0	0	0	0	0	0	0	0	0	0	0	0	0	0	0	0	0	0	0	0	0	0	0	0
125.00009074745763	0	0	0	0	0	0	0	209898	87204	84168	84164	256326	0	0	0	0	0	0	0	0	0	0	0	0	0	0	0	0	0	0	0	0	0	0	0	0	0	0	0	0	0	0	0	0	0	0	0	0	0	0	0	0	0	0	0	0	0	0
130.000010280434	0	0	0	0	0	4415	0	228501	94068	91728	91319	301201	0	0	0	0	0	0	0	0	0	0	0	0	0	0	0	0	0	0	0	0	0	0	0	0	0	0	0	0	0	0	0	0	0	0	0	0	0	0	0	0	0	0	0	0	0	0
135.00001403520614	0	0	0	0	0	19426	0	243009	100360	97552	98474	350025	0	0	0	0	0	0	0	0	0	0	0	0	0	0	0	0	0	0	0	0	0	0	0	0	0	0	0	0	0	0	0	0	0	0	0	0	0	0	0	0	0	0	0	0	0	0
140.00007053756735	0	0	0	0	0	39735	0	257868	105456	102816	104728	402080	252	86	0	0	0	0	0	0	0	0	0	0	0	0	0	0	0	0	0	0	0	0	0	0	0	0	0	0	0	0	0	0	0	0	0	0	0	0	0	0	0	0	0	0	0	0
145.0002436722985	0	0	0	0	0	73289	0	271674	110968	107744	110823	458802	462	344	0	0	0	0	0	0	0	0	0	0	0	0	0	0	0	0	0	0	0	0	0	0	0	0	0	0	0	0	0	0	0	0	0	0	0	0	0	0	0	0	0	0	0	0
150.00007443030213	0	0	0	0	0	120971	0	284310	115960	113288	116547	507626	1134	774	0	0	0	0	0	0	0	0	0	0	0	0	0	0	0	0	0	0	0	0	0	0	0	0	0	0	0	0	0	0	0	0	0	0	0	0	0	0	0	0	0	0	0	0
155.0000646085535	0	0	0	0	0	177483	0	297882	121472	118272	121847	555732	1932	1376	0	0	0	0	0	0	0	0	0	0	0	0	0	0	0	0	0	0	0	0	0	0	0	0	0	0	0	0	0	0	0	0	0	0	0	0	0	0	0	0	0	0	0	0
160.00002322428176	0	0	0	0	0	238410	0	309933	126620	123592	127995	602761	3024	3268	0	0	0	0	0	0	0	0	0	0	0	0	0	0	0	0	0	0	0	0	0	0	0	0	0	0	0	0	0	0	0	0	0	0	0	0	0	0	0	0	0	0	0	0
165.00009398865035	0	0	0	0	0	313465	0	321399	131560	128352	133719	637225	4158	5246	0	0	0	0	0	0	0	0	0	0	0	0	0	0	0	0	0	0	0	0	0	0	0	0	0	0	0	0	0	0	0	0	0	0	0	0	0	0	0	0	0	0	0	0
170.0000615214163	0	0	0	0	0	394701	0	333918	135772	133168	138065	671689	5964	7568	1436	51	0	0	0	0	0	0	0	0	0	0	0	0	0	0	0	0	0	0	0	0	0	0	0	0	0	0	0	0	0	0	0	0	0	0	0	0	0	0	0	0	0	0
175.00008685675357	0	0	0	0	0	498012	0	343863	139932	137480	143047	707948	7560	10320	3590	408	29	0	0	0	0	0	0	0	0	0	0	0	0	0	0	0	0	0	0	0	0	0	0	0	0	0	0	0	0	0	0	0	0	0	0	0	0	0	0	0	0	0
180.00003715396062	0	0	0	0	0	598674	0	354744	144092	142576	148294	743848	9366	13502	7539	408	116	86	0	144	264	0	0	0	0	0	0	0	0	0	0	0	0	0	0	0	0	0	0	0	0	0	0	0	0	0	0	0	0	0	0	0	0	0	0	0	0	0
185.00001479060333	0	0	0	0	0	686091	0	363285	148148	147000	152799	780107	11340	17286	12206	561	174	258	197	336	396	0	140	0	0	0	0	0	0	0	0	0	0	0	0	0	0	0	0	0	0	0	0	0	0	0	0	0	0	0	0	0	0	0	0	0	0	0
190.00001255524734	0	0	0	0	0	789402	0	374751	152828	152320	157410	813494	13146	20984	20104	663	290	516	788	672	660	0	420	149	152	0	0	0	0	0	0	0	0	0	0	0	0	0	0	0	0	0	0	0	0	0	0	0	0	0	0	0	0	0	0	0	0	0
195.0000061124789	0	0	0	0	0	874170	0	384345	156520	156744	161968	842214	15120	25026	33028	1173	406	946	1970	1536	990	696	1540	596	304	242	0	0	0	0	0	0	0	0	0	0	0	0	0	0	0	0	0	0	0	0	0	0	0	0	0	0	0	0	0	0	0	0
200.00000564281228	0	0	0	0	0	956289	0	393471	160108	160720	165996	871293	17640	29068	43798	1275	638	1634	3349	1968	1848	2088	2100	1192	1216	484	0	0	0	0	0	0	0	0	0	0	0	0	0	0	0	0	0	0	0	0	0	0	0	0	0	0	0	0	0	0	0	0
205.00000182360662	0	0	0	0	0	1036642	0	402831	163540	164024	169759	898218	19362	33712	57440	1734	754	2408	5516	2640	2640	3944	3220	2086	1520	847	0	336	140	89	135	0	0	0	0	0	0	0	0	0	0	0	0	0	0	0	0	0	0	0	0	0	0	0	0	0	0	0
210.00000755552472	0	0	0	0	0	1116995	0	409266	166244	167104	173787	924425	20874	38098	69646	2652	957	3182	7880	3408	3762	5800	5040	3129	2736	968	0	672	490	1068	540	0	0	0	0	0	0	0	0	0	0	0	0	0	0	0	0	0	0	0	0	0	0	0	0	0	0	0
215.00000092539577	0	0	0	0	0	1193816	0	416988	169208	169624	176808	950632	22512	40850	83647	2907	1160	4128	11426	4464	4818	8584	7000	4470	3952	2299	0	1792	770	1691	1215	0	0	0	0	53	0	0	0	0	0	0	0	0	0	0	0	0	0	0	0	0	0	0	0	0	0	0
220.00000635318884	0	0	0	0	0	1280350	0	422604	171600	172592	179988	976839	24276	43774	96212	3519	1537	4988	15760	5136	6138	10904	8960	6407	5624	4235	0	2352	1260	2403	2430	0	354	0	210	53	0	37	0	0	0	0	0	0	0	0	0	0	0	0	0	0	0	0	0	0	0	0
225.00002042230008	0	0	0	0	0	1352756	0	428922	173524	175168	182956	1005559	25578	46784	115598	3876	1769	6278	18124	5856	7854	17864	11480	9536	8208	6776	0	4592	1540	4183	3375	0	826	510	560	318	0	111	0	0	0	0	0	0	0	0	0	0	0	0	0	0	0	0	0	0	0	0
230.00000029531884	0	0	0	0	0	1428694	0	434421	175812	177352	185500	1029971	26964	49364	131035	4590	2088	8256	23246	7104	8448	21576	13580	11622	10032	9438	1698	6720	1960	5162	4185	0	1652	918	770	530	300	222	336	356	266	0	130	0	0	0	0	0	0	0	0	0	0	0	0	0	0	0
235.0000164561093	0	0	0	0	0	1499334	0	438984	178308	179424	187938	1052229	28056	52632	145754	5253	2320	9460	26004	8304	9636	25288	15960	14304	13832	11132	2830	9520	2730	6853	5400	0	2360	1326	1260	1325	900	407	924	979	798	202	520	0	0	0	0	0	0	0	0	0	0	0	0	0	0	0
240.0000003101298	0	0	0	0	0	1568208	0	444366	180128	181160	190535	1069820	29148	54782	160114	5712	2610	10234	29550	8976	10560	31320	18760	15496	16720	13915	9056	11648	4410	8811	8370	0	3540	2040	2170	1749	2100	777	1596	1780	1463	606	1040	0	0	0	0	0	0	0	0	0	0	0	0	0	0	0
245.00000023532655	0	0	0	0	0	1642380	0	449397	181636	183008	192814	1095309	30366	57706	173038	6018	2784	11266	33293	9792	11484	37584	21700	17433	18848	15609	15848	12768	5880	10324	10125	0	4956	3264	3150	2597	3600	1184	2520	3115	2527	1212	1300	0	0	0	0	0	0	0	0	0	0	0	0	0	0	0
250.00000330831224	0	0	0	0	0	1712137	0	452907	183092	184296	194510	1112541	31416	59168	185962	6426	3016	12556	38809	10704	12408	41064	24220	20115	20368	17061	23772	15344	7140	12015	12690	2112	6254	4080	4130	3498	6900	1591	3192	4094	4522	2626	2470	0	0	0	0	0	0	0	0	0	0	0	0	0	0	0
255.00001112970014	0	0	0	0	0	1770415	0	457119	183976	186256	196524	1128696	32466	61576	196732	6630	3219	13588	43340	11088	13728	47328	26740	22499	21736	19602	31130	17360	8330	14418	15120	2816	8142	6324	4970	4505	9300	2183	4452	5429	5719	4040	3640	0	307	0	0	0	0	0	0	0	0	0	0	0	0	0
260.0000171157008	0	0	0	0	0	1818980	0	461097	185432	187656	198008	1141620	33264	63554	206066	7293	3393	14792	46098	12048	14586	51040	28700	25628	23256	21417	35092	19152	9590	16198	17280	8448	10384	8160	6090	5565	12300	2960	5796	6230	7581	5252	5200	537	1228	345	196	0	0	0	0	0	0	0	0	0	0	0
265.0000011547406	0	0	0	0	0	1875492	0	464256	186420	189280	198909	1158493	34230	65704	218272	7701	3509	15824	49841	13056	15444	54752	30520	28310	24472	22748	44714	20832	10710	17355	19845	17600	11800	9180	7350	6360	16200	3626	7140	8188	9709	7070	7800	2148	2456	1725	392	0	0	0	0	0	0	0	0	0	0	0
270.00000276715184	0	0	0	0	0	1922291	0	466830	187616	190624	200552	1174289	34860	67682	228324	7956	3654	16512	53781	13536	16434	57304	32340	30545	26448	25047	55468	22848	11830	18779	22680	29568	14042	11526	8540	7155	19200	3922	8568	10324	10906	8585	8710	4296	3070	3450	784	0	0	0	0	0	0	0	0	0	0	0
275.0000030792275	0	0	0	0	0	1966441	0	469404	188552	191744	201983	1185059	35700	68714	237299	8415	3770	17544	57327	14304	17226	61712	35140	33823	28880	27830	67354	24976	12810	20381	25245	46464	17228	13872	9660	8162	24000	4329	9576	12104	13832	10100	10400	9666	5219	5520	980	0	690	392	0	0	0	0	0	0	0	0
280.0000001526296	0	0	0	0	0	2004410	0	471510	189852	192752	203308	1197265	36540	70434	248069	9027	3944	18490	61070	15024	17490	65192	37660	37548	31008	30008	79806	27440	13790	21983	27945	56320	19942	15912	10640	9010	27900	4699	10668	13528	15960	11514	12610	13425	10438	8625	1372	0	1104	392	0	0	0	0	0	0	0	0
285.00000021455685	0	0	0	0	0	2045028	0	474669	190840	194096	204527	1205163	37254	72326	255608	9180	4205	19006	63631	15600	18810	67280	39340	40975	32832	31702	92258	30240	14770	23763	30510	70400	23246	17850	12110	10123	34200	5106	11928	14596	19418	13029	14170	21480	17499	10695	1764	0	1794	980	0	0	0	0	0	0	0	0
290.00001129833896	0	0	0	0	0	2086529	0	476775	191932	195328	205375	1213420	38178	73358	264224	9690	4437	19694	65798	16176	19536	69832	42140	43955	35872	34001	101314	31360	15820	25810	32805	90112	26668	19992	13510	10971	39600	5883	14280	15397	21546	14544	17030	28461	20569	14490	2548	0	2346	1960	0	0	0	0	0	0	0	0
295.00000360997075	0	0	0	0	0	2120966	0	478647	192972	196112	206965	1223831	38934	74906	274276	9792	4553	20468	68753	16608	20658	74472	43820	46190	38760	35453	110936	34272	16940	28213	34830	111936	29146	22848	14770	12137	42300	6586	15624	17444	22477	16261	19890	35979	26095	20355	3528	0	3312	3136	0	0	0	0	0	0	0	0
300.00000917364474	0	0	0	0	0	2148339	0	481338	194116	197456	208343	1233883	39732	76626	282174	9945	4669	21328	70526	17328	21846	77488	45220	47680	40432	38478	122822	36288	18340	30082	37935	128128	31860	24582	16240	13250	48000	7289	17136	19491	25270	17877	23140	44571	31314	27945	3920	0	4140	4704	0	0	0	0	0	0	0	0
305.00001243683647	0	0	0	0	0	2184542	0	483327	195052	198184	209244	1242858	40614	77916	289713	10200	4814	22360	73284	17808	23034	79808	47180	49617	42864	40777	134708	37968	18900	31061	41175	148544	34220	27234	17920	14045	52800	7881	19152	21627	27664	20200	25480	50478	37147	34500	4900	1588	5658	5292	0	0	0	134	0	0	0	0
310.00001546811535	0	0	0	0	0	2211915	0	485433	196040	199136	210463	1249320	41328	79722	295816	10557	4930	23048	76042	18192	24156	84448	48860	52150	44080	42229	142632	40432	20440	32841	42930	164736	36816	28764	19040	14787	58500	8362	20916	23496	30856	23028	28860	54237	42059	42780	5488	3176	6624	6860	0	0	0	134	178	143	0	0
315.0000096259003	0	0	0	0	0	2236639	0	487188	196976	199864	211258	1259372	42378	80840	302996	10761	5017	23134	78406	18720	24618	86536	50820	54236	45904	44528	153386	44016	21770	34443	45765	186560	40002	30600	20160	15688	62400	8954	22344	25543	34846	25452	31850	62829	46050	51750	6860	3970	7038	8624	747	0	0	268	534	286	0	0
320.0000011841973	0	0	0	0	0	2252533	0	488826	197496	200592	212265	1264398	43218	82302	310176	10914	5162	23908	80179	19392	25608	88856	52780	55726	47272	46706	164706	46032	23380	36223	48060	204160	41890	33048	21770	16907	65400	9435	23352	26789	37639	28280	34450	67662	53111	57270	7840	4764	8004	10388	2988	0	0	402	712	572	0	98
325.000011203211	0	0	0	0	0	2271076	0	491049	198120	201432	213325	1271937	43638	83420	315920	11067	5307	24940	82149	19776	26136	92104	55020	57365	49856	48763	172630	47264	24640	37558	50895	222464	44604	34680	23240	17967	72900	10249	25536	28391	39634	30401	36660	73569	58023	65895	9016	9528	9108	11760	4482	0	0	804	1157	1144	0	294
330.00001588748916	0	0	0	0	0	2295800	0	492687	199160	201992	214226	1280194	44100	84280	322382	11373	5539	25800	84316	20640	27192	94192	56560	58855	51376	49973	186214	49280	25480	39516	52650	241472	45902	36006	24010	19080	80400	11063	27132	30883	42161	32118	40170	83772	62935	73140	10192	11116	9522	12348	8217	0	1659	1273	1602	1573	0	490
335.00001068645804	0	0	0	0	0	2316109	0	494325	199524	202776	215074	1284861	44940	86000	327408	11475	5655	26230	86286	20832	27852	96280	58100	60047	52896	52393	193006	51184	26950	41118	54405	258368	47790	37128	25480	19928	85800	11840	29736	33108	44821	34946	43030	95586	72452	79695	11172	12704	10764	13132	13446	0	1659	1876	2225	2002	0	784
340.0000083873951	0	0	0	0	0	2333769	0	495963	200148	203392	215869	1292759	45444	86774	335306	11934	5771	26746	87862	21216	28314	99992	59500	61686	54872	53724	203760	53088	28560	43521	56970	269632	49678	38760	26600	20405	91800	12580	31248	35155	46949	37067	45890	104178	81355	90735	12348	17468	11730	13916	17928	0	2212	2077	2581	2860	586	1029
345.000003686276	0	0	0	0	0	2357610	0	497718	200876	204232	216611	1297785	46074	88666	339973	12240	6090	27348	91211	21552	28842	103240	60900	62431	56696	55297	213382	54768	29190	45479	60615	287936	51212	40392	28000	21306	97200	13209	33684	36668	50141	39592	48100	112770	88723	97290	12936	22232	12834	15484	19422	0	3871	2747	2848	4147	1758	1421
350.0000000903261	0	0	0	0	0	2376153	0	499473	201448	204736	217247	1304965	46578	90128	345717	12648	6322	28294	92787	22032	29436	105560	62160	63772	58672	57596	220740	56336	30590	46992	62775	309760	53690	42126	28980	22154	103500	13542	35616	38092	53200	41713	50830	126732	95170	106605	13916	25408	13662	16268	27639	0	6636	3283	3293	5577	2344	1568
355.00000196402533	0	0	0	0	0	2393813	0	500760	202436	205408	217724	1310350	47082	91332	352538	12852	6583	29154	93772	22656	30228	107648	63420	65262	60496	58322	225834	57792	31360	48594	64800	321728	56404	43452	30240	22949	109200	14097	36708	39605	56525	43733	55380	134250	103152	116955	14112	28584	14352	17640	29880	0	7742	3953	4005	6864	3516	1813
360.00001644991744	0	0	0	0	0	2411473	0	502047	203008	206136	218572	1313940	47628	92622	359000	13260	6728	29756	96333	23376	30822	109736	64400	66603	62776	60379	233758	59360	32270	50819	67500	342144	58528	45084	31570	24380	115200	14726	38724	41118	59185	46157	58240	142305	109599	125235	15092	32554	15594	19012	38097	0	9954	4355	4717	7722	4688	2303
365.00000277224837	0	0	0	0	0	2430016	0	503100	203684	206472	219155	1316812	48174	93912	367616	13362	6873	30186	97909	24096	32010	112984	65940	68242	63384	61831	243380	60704	32830	52955	71280	351296	61006	46818	33040	25228	120000	15133	40488	42987	62643	48379	60840	156267	116353	134895	16072	36524	15594	20580	43326	2636	11613	4958	5518	8151	5860	2597
370.0000047893472	0	0	0	0	0	2449442	0	505323	204204	206808	219738	1320761	48846	94772	374078	13617	6960	30616	101455	24816	32538	116232	67340	69583	65056	63404	249606	62160	33600	53667	73575	368192	63012	48450	34510	26129	126600	15762	42168	43877	65968	49995	63440	163785	123721	143175	17248	42876	16422	21952	51543	5272	16590	5695	6319	8580	8204	2891
375.0000063558292	0	0	0	0	0	2471517	0	507195	204828	207424	220321	1327582	49476	95546	382335	13872	7047	30874	104410	25248	33132	119248	69020	71222	66272	64009	259228	64400	34440	55536	75195	379456	64782	51102	35700	27454	131400	16576	43764	45924	67963	51813	66300	173988	131703	151455	18424	46846	17526	23128	54531	10544	18249	5963	7031	9581	12892	3087
380.00000496295934	0	0	0	0	0	2480347	0	508716	205868	208208	221169	1331172	50190	96578	387002	14229	7192	31562	107562	26112	33462	122496	70840	72414	68552	65703	266586	66192	35420	56960	77355	399872	65726	52530	36960	28196	138300	17094	45108	47882	69559	53732	69030	182043	141527	162495	19600	52404	18768	25088	57519	17134	21014	6432	7743	10296	15822	3675
385.00000001858325	0	0	0	0	0	2496241	0	510705	206336	209216	222070	1336198	50778	98040	392387	14433	7482	32336	109138	26592	34122	123888	72380	73904	70832	66792	272812	67424	36190	58384	79380	420992	67968	53652	38430	29256	145500	17723	47292	49929	72219	55954	71890	189561	147974	171810	20776	54786	20286	26656	61254	27678	24885	6968	8455	11154	17580	4459
390.0000021691003	0	0	0	0	0	2508603	0	512577	206596	209888	222812	1340865	51534	99244	399567	14637	7627	32852	111305	26928	34848	126904	73920	74649	72656	69333	282434	68768	36890	59986	82755	438592	70564	55080	40110	30263	147900	18167	48888	51709	75145	57469	74360	199764	154728	182505	21560	57168	21252	29008	67230	36904	30415	7236	9078	12441	22268	4802
395.00000198082716	0	0	0	0	0	2525380	0	514332	207428	210504	223289	1346250	52164	99588	403157	14994	7714	33798	113866	27504	35772	129920	76160	75394	75088	71874	291490	70784	38220	61499	85995	461824	72806	56712	41020	31323	150600	18759	50652	54023	78337	59388	76180	206745	163938	192165	22148	60344	22908	30772	71712	46130	33733	7705	10235	14586	28128	5341
400.00000070177947	0	0	0	0	0	2537742	0	515619	207948	211232	223978	1350558	52542	100534	410337	15147	7946	34658	115639	28320	35970	132936	77700	77182	76912	73084	299414	72688	39480	63635	88020	470976	74930	58344	41650	32807	155100	19536	51996	55625	80997	60903	79300	215874	170078	199065	23128	62726	23736	31752	77688	57992	38157	8911	10680	15301	32816	5978
405.000000776215	0	0	0	0	0	2550987	0	517257	208416	211680	224402	1354148	53004	101652	415004	15657	8207	34916	117609	29088	36564	134560	79100	78374	79952	74657	308470	74480	40320	65593	90450	482944	77408	60384	43120	33337	158400	20239	53424	57138	84322	62923	83200	222318	176525	205275	23716	65902	25116	32928	82170	61946	42028	9648	12015	16874	39262	6223
410.00000167783645	0	0	0	0	0	2558051	0	518076	209040	212072	225038	1357738	53970	102426	419312	15810	8381	35776	120761	29520	37620	137112	81480	80311	81168	77077	318092	76160	41090	67462	92205	495616	79886	61914	44520	34503	163500	21127	55188	58918	87780	64539	85150	231447	184200	214935	25088	70666	26082	34692	87399	67218	48111	10251	13439	18161	43364	6566
415.0000026853481	0	0	0	0	0	2565998	0	519246	209768	212744	225621	1361328	54306	103372	423261	15861	8468	36550	122140	30096	38082	139432	83440	81950	83144	78529	322620	77728	42420	68263	94095	509696	82600	63138	45990	35139	168600	22089	56280	60698	89642	66559	87750	242724	194024	221490	26656	75430	27186	35280	102339	76444	53641	10519	14240	19019	51568	7203
420.00000003010297	0	0	0	0	0	2577477	0	520299	210548	213360	226151	1364200	55020	104404	428646	16269	8584	36980	124701	30576	39072	141288	84840	83738	84968	80102	329412	79072	43750	69776	95715	524480	84960	64872	47180	36252	174000	22607	58128	62389	91770	69084	90610	256149	199243	230460	27832	80194	28152	36260	105327	89624	58618	11323	15130	20878	55084	7742
425.00000238216484	0	0	0	0	0	2587190	0	521469	210756	213696	227264	1367431	55440	105436	434031	16422	8729	37754	126080	30960	39930	144072	87220	85675	87552	81675	339600	80304	44520	71200	98415	535744	86848	67524	48370	37471	177900	23162	60060	64970	93765	71003	93990	265278	206611	239430	29008	84164	29256	39396	109062	100168	64148	11993	15753	21879	60358	8183
430.00000130732985	0	0	0	0	0	2601318	0	522756	211432	214200	227953	1372457	55902	106038	437980	16830	8787	38012	128444	31488	40194	145696	89600	88208	88768	83369	345826	81648	45850	72357	100305	553344	88854	69258	49490	38690	181800	23939	61236	66661	96292	73326	96980	275481	212751	248055	30184	88928	30636	40572	117279	112030	68572	12596	16109	23595	66804	8820
435.00000138845184	0	0	0	0	0	2611031	0	524160	211796	214480	228536	1375688	56742	107500	442288	17034	8903	38958	129823	32256	40656	146856	91000	89698	90592	84458	356580	83104	47180	74048	101655	565312	90624	70890	50540	39962	187500	24568	62832	68886	98686	75447	99710	287295	221040	255990	31164	91310	32016	41748	123255	121256	74102	12931	16910	24596	71492	9359
440.00000807612923	0	0	0	0	0	2622510	0	525330	212316	215152	229013	1379637	57036	108446	448032	17238	8932	39646	130611	32928	41448	149872	93240	90592	91960	85789	363938	85456	48020	76006	104490	584320	93574	72318	51240	41234	194400	25271	64512	70577	101213	78073	103220	300183	229943	263580	32340	93692	32844	43120	127737	126528	77973	13400	16999	25740	77938	9898
445.00000066430624	0	0	0	0	0	2633989	0	526734	212836	215432	229596	1385381	57372	109822	453058	17544	9077	40248	132778	33504	42240	152424	94360	91635	94240	86636	372994	87584	48510	77430	106650	601920	95462	73644	52640	42188	200100	25900	66024	72179	103740	80699	105430	310923	236697	272895	32928	96074	33396	44884	133713	130482	85162	13936	17800	27885	82040	10633
450.0000011361805	0	0	0	0	0	2645468	0	527787	213460	215936	230285	1388971	57792	111026	458443	17748	9135	40592	134945	33936	42966	154048	96460	93870	95456	88935	382616	88368	49490	78943	108135	614592	97232	75174	54180	43036	205800	26899	67704	74315	107331	83123	107770	322200	242837	281175	34496	102426	34638	46452	138942	143662	92351	14606	18690	29744	85556	11319
455.00000092310256	0	0	0	0	0	2656064	0	529191	213824	216496	231451	1393279	58212	111800	462033	18054	9309	41108	137506	34464	43824	155672	97580	94764	97128	90508	388842	90720	50750	80011	111105	631488	99828	76704	55300	43619	212700	27639	69888	76095	109459	84840	110370	330255	250512	289110	35476	106396	35466	48216	143424	151570	101752	15477	19580	31603	92588	12103
460.00000458467184	0	0	0	0	0	2662245	0	529776	214812	217056	232140	1396151	58548	112402	466341	18156	9512	41452	139870	34848	44682	158456	98560	96999	98496	92444	396200	92624	51730	81435	113535	642048	101716	78642	56560	44573	218100	28564	71400	77964	112119	86254	113360	343143	257266	297045	36260	111954	36846	49980	149400	159478	107282	16415	20470	32461	98448	12642
465.0000036288701	0	0	0	0	0	2668426	0	531180	215228	217672	232670	1400100	58842	113262	470649	18462	9715	41968	142628	35328	45144	161008	100240	98340	99560	93775	403558	94304	53130	83215	115695	656128	104194	80070	58100	45686	222900	29156	73248	79566	115444	88173	116350	357642	264327	306705	36260	114336	37122	51744	158364	172658	115024	17219	21004	33605	103136	13328
470.0000001406851	0	0	0	0	0	2681671	0	532233	215384	218400	233306	1405126	59220	114036	475675	18921	9744	42742	145386	35760	45672	162864	101640	99979	101384	95832	408652	96096	54040	83927	117585	669504	106672	82314	58940	46481	227700	29637	74928	82236	117838	89890	118690	373215	272309	315675	37436	117512	38226	53116	165087	179248	119448	18090	21894	34892	107824	13769
475.00000138698744	0	0	0	0	0	2692267	0	533403	216008	218904	233942	1409434	59640	114638	480342	19329	9889	43172	146962	36192	46134	165416	104020	102214	102752	97284	415444	98112	55020	85173	119610	678656	108914	84456	59920	47117	234300	30192	76608	84461	120897	92011	121810	383418	279984	323610	37632	121482	39192	54684	174051	189792	123319	18894	22873	36036	113098	14406
480.0000036143597	0	0	0	0	0	2701980	0	534807	216788	219576	234366	1413383	60270	116100	485368	20145	10092	43430	148932	36480	46860	167968	105140	103555	104880	98494	422236	101024	56210	87042	122715	693440	110330	85476	61880	48071	239400	30673	78792	86686	123291	93627	123890	397380	287352	331545	38612	125452	40158	56448	179280	199018	130508	19564	23763	37180	118372	14896
485.0000035397751	0	0	0	0	0	2707278	0	536328	217204	219800	234631	1419127	60732	117390	489676	20502	10353	44118	150311	36768	47388	171448	106260	105343	106400	100188	427896	102928	57260	88733	124740	701888	111746	87516	63210	49025	245400	31228	80640	88288	125286	95950	127010	407046	293799	340515	39788	127040	41676	57428	188991	214834	135485	20569	25009	38753	123646	15337
490.00000468869484	0	0	0	0	0	2716991	0	537381	217672	220136	235108	1423435	61278	118164	493984	20757	10382	44720	152478	37248	48312	174696	107660	107131	107768	102487	433556	104608	58450	90691	127170	713856	113398	89148	64540	49873	250200	31672	82656	90958	129808	97263	129480	419397	303009	354315	40180	132598	42780	59584	192726	222742	147651	21507	25543	40183	129506	15631
495.00000049669586	0	0	0	0	0	2725821	0	538668	218140	220640	235532	1427743	61824	119110	497933	21012	10469	45494	155039	37728	49104	177712	108780	108472	109440	104181	444310	106064	59430	91937	129060	725120	115522	91086	66290	50615	252600	32560	85092	92115	131803	100293	132340	430674	310070	362250	41356	137362	43884	60956	198702	235922	158158	22110	26611	42185	133608	16121
500.0000026272783	0	0	0	0	0	2737300	0	540306	218608	221088	236168	1431333	62538	119970	503677	21471	10585	45752	156615	38112	49632	179104	110600	109962	111264	105391	450536	108416	60130	93628	131490	736384	118000	92820	67620	51357	257400	33041	86016	94162	134596	103222	134940	441414	316210	372945	42336	142920	45402	62132	201690	247784	167006	22847	27679	43472	141226	16709
505.0000024966336	0	0	0	0	0	2745247	0	541593	219024	221704	236645	1438154	63000	120658	509421	21930	10672	46526	159570	38496	50358	181888	112420	111601	112632	107811	458460	109872	60900	95230	132975	751872	120478	94452	68740	51940	262200	33596	87780	97010	137788	105040	137150	448932	322043	382260	42924	149272	46368	63308	207666	250420	171430	23651	28569	45188	147672	17346
510.0000021606854	0	0	0	0	0	2750545	0	542412	219388	222208	237016	1441744	63420	121518	514806	22032	10788	47128	162131	39168	51150	184672	114240	113389	114000	109505	466950	112112	61670	97010	135270	759616	122130	96186	70420	53318	266400	34114	89292	98701	140315	106757	139230	458598	330639	392955	43512	152448	48300	65268	215136	262282	174195	24656	29192	47047	156462	17787
515.0000002986762	0	0	0	0	0	2760258	0	543582	219804	222600	237387	1444975	64134	122550	519832	22236	10991	47730	164889	39312	51612	186760	115500	115177	115520	110594	470346	114352	62790	98701	139185	770880	124608	98022	71470	54219	269700	34632	91224	101282	143507	108777	141180	466653	337393	402960	44100	158800	49266	66248	218871	274144	182490	25594	30527	48763	162322	18277
520.0000011734599	0	0	0	0	0	2767322	0	544050	219960	223048	237546	1448924	64470	123840	523781	22593	11107	48504	167450	39648	52140	189544	117180	116518	116432	112167	474874	116256	63630	100214	141480	780736	126378	100266	73220	54961	273000	35076	92484	102617	144970	111504	144430	481689	343533	414345	45276	160388	51474	67816	222606	288642	190785	26197	31684	49907	167596	18865
525.0000055630863	0	0	0	0	0	2775269	0	544752	220324	223272	237917	1452514	64806	124700	527730	23001	11281	49106	169814	40080	52602	192792	118160	118008	117952	114587	482798	117712	64610	101994	143235	792704	128856	101694	74200	55650	276900	35816	94836	104308	147763	113019	147550	495114	352436	424695	46256	164358	52440	70168	229329	296550	196868	26666	33197	51480	172870	19257
530.0000012487328	0	0	0	0	0	2788514	0	545805	220636	223664	238500	1454668	64974	125646	531320	23460	11658	49708	172572	40704	53262	195576	119140	119647	119624	116281	487892	119168	65870	103240	145800	808192	130980	103326	75250	56710	281400	36297	96852	105910	150689	114332	149760	506928	359804	430560	47628	168328	53544	71344	232317	309730	200186	27403	33998	52767	180488	19943
535.0000034676941	0	0	0	0	0	2795578	0	546390	221000	224168	239136	1458617	65520	126506	535628	23664	11803	50138	174739	41040	53922	198824	119980	122180	121600	117612	495250	120736	66640	104664	148230	818752	132514	105060	76860	57717	285300	37074	98196	107512	153349	116554	152490	519279	365023	440910	48608	173092	54510	73892	240534	328182	205163	28274	35066	53768	189278	20531
540.0000005424707	0	0	0	0	0	2803525	0	547326	221312	224336	239560	1464361	66192	127796	540654	23817	11977	50912	177103	41568	54912	202768	121380	124266	123120	118338	500910	122304	67830	105999	150660	828608	134402	107100	77840	58724	289800	37481	99288	109381	156807	118776	154960	530556	372698	452295	49000	177062	55476	75656	249498	333454	212905	29212	35956	55627	196896	21315
545.0000143415779	0	0	0	0	0	2809706	0	548379	221884	224728	239772	1467951	66864	128570	546398	24225	12151	51686	178482	41856	55572	204856	122920	125607	124944	120395	512230	123312	68320	107601	152415	843392	135700	108630	79520	59678	293400	38147	101136	110805	159467	120190	157170	537537	382522	457815	49980	179444	56442	76636	259209	345316	216776	30083	37024	57200	206858	21805
550.0000016364519	0	0	0	0	0	2818536	0	548964	222404	224952	240090	1471900	67242	129946	551065	24582	12354	52374	181240	42432	56826	206712	123900	127693	126920	122573	519588	124544	69510	108936	154710	864512	138532	110976	81060	60526	298500	38850	103320	112763	161595	121806	159380	548277	388048	466440	50960	185002	57684	78400	263691	359814	221200	31088	37469	58773	210960	22050
555.0000145584808	0	0	0	0	0	2828249	0	549783	222820	225120	240514	1475490	67830	131150	554296	24735	12528	53578	183407	43056	57222	208568	125020	129183	128896	123541	525814	126336	70420	110449	156465	875072	139948	113424	82320	61427	306300	39775	105000	114543	163856	123725	161070	560628	394802	477135	52528	188972	58926	81928	274896	369040	227283	31624	38359	60775	217406	22834
560.0000083017986	0	0	0	0	0	2840611	0	550836	223184	225848	240885	1479798	68292	132096	558245	25092	12673	54266	184786	43344	57750	212976	126840	130673	131176	124751	534304	128016	71190	111784	159705	888448	143370	115056	83720	62328	309900	40293	106680	116234	165851	126048	163280	574053	404012	486795	53900	192148	60168	83496	279378	384856	235025	32562	39338	62062	222094	23569
565.0000144763338	0	0	0	0	0	2850324	0	551889	223496	226352	241150	1483029	68880	133042	563271	25551	12905	54696	187150	43872	58410	215528	127960	133057	134368	126203	541096	129584	72240	113475	162675	899712	146320	116484	85050	63282	316200	40737	108444	117925	167979	128876	166660	582645	411380	497145	54880	197706	61410	86240	287595	392764	239449	33165	39872	64207	227954	24402
570.0000187613865	0	0	0	0	0	2860037	0	552942	224016	226744	241627	1485183	69258	133730	566143	26112	13166	55298	189514	44640	59004	217848	129220	134845	136344	128623	547888	131040	73360	114276	164160	912384	149034	118218	86450	64289	321300	41440	110376	119260	171171	130492	169520	593922	419055	503355	55076	204058	62514	87220	298053	399354	244979	33969	41385	65637	232642	24843
575.0000033515516	0	0	0	0	0	2869750	0	553995	224328	227024	242104	1488414	69720	135020	572605	26214	13340	56072	190893	44880	59664	222256	130760	136484	137712	129470	554680	132608	74270	115611	166455	920128	151866	119544	87850	65084	326100	42402	112896	121129	173831	132512	171860	601977	425195	510600	56056	213586	63342	88592	309258	419124	252168	35108	42275	67353	237916	25627
580.0000017312101	0	0	0	0	0	2876814	0	554931	224588	227136	242528	1490927	70602	136482	577631	26520	13514	56846	191681	45264	60324	224344	131040	137974	139992	131527	561472	134064	74900	116857	169560	927872	153754	121176	89320	65720	332100	43105	114408	122998	176890	134532	174590	613254	431335	518535	56840	216762	63756	89180	318222	432304	258804	35845	43432	68783	247878	26166
585.000003755615	0	0	0	0	0	2879463	0	555984	225420	227472	243111	1493081	71064	137256	580503	27030	13630	57620	194242	45840	61116	228288	132580	139017	141816	132858	565434	136416	75740	118370	171180	940544	155642	123012	90370	66356	340500	43845	116508	125134	179151	137057	177190	623994	439317	527505	57820	219938	65136	91532	324945	445484	265440	36649	44945	70356	250808	26803
590.0000054849601	0	0	0	0	0	2886527	0	556803	225732	227864	243800	1497748	71568	137772	586247	27336	13862	58480	196212	46320	61446	230144	133840	141103	143944	134915	573924	137424	76300	119794	173070	949696	157766	125154	91140	67151	347400	44770	117852	127804	181013	139683	180180	635808	446992	535785	59388	223114	66240	92316	335403	456028	270970	37386	45568	72215	257254	27391
595.0000049106889	0	0	0	0	0	2896240	0	557271	226096	228368	244012	1500261	71778	138718	589837	27693	14007	59426	197394	46608	61974	231536	135380	142295	145312	135762	578452	138992	76860	121307	175365	962368	159772	126990	92330	68370	352800	45547	120036	130207	183673	141804	183300	648159	454974	543375	60368	227878	67344	93492	342873	467890	278712	38324	46280	73502	260184	28028
600.0000013266057	0	0	0	0	0	2899772	0	558675	226564	228704	244489	1503492	72072	139922	593068	27897	14268	59856	198379	47040	62634	233392	136920	143338	147592	137214	585244	141008	77910	123087	178065	975744	162014	128418	93450	69324	356700	46102	121716	132076	186067	144228	185770	659436	462342	554415	60956	234230	68448	94864	348849	477116	287560	39195	47526	75504	264872	28665
