>time	Ribosome	coli Pol	coli Pol-P	coli Pol-2.0	coli Pol-P-2.0	gp1	gp1-3.5	gp0.3	gp0.4	gp0.5	gp0.6A	gp0.7	gp1.1	gp1.2	gp1.3	gp1.4	gp1.5	gp1.6	gp1.7	gp1.8	gp2.0	gp2.5	gp2.8	gp3.0	gp3.5	gp3.8	gp4A	gp4.2	gp4.3	gp4.5	gp4.7	gp5.0	gp5.3	gp5.5	gp5.7	gp5.9	gp6.0	gp6.3	gp6.5	gp6.7	gp7	gp7.3	gp7.7	gp8	gp9	gp10A	gp11	gp12	gp13	gp14	gp15	gp16	gp17	gp17.5	gp18	gp18.5	gp19	gp19.5	RNA: gp0.3	RNA: gp0.4	RNA: gp0.5	RNA: gp0.6A	RNA: gp0.7	RNA: gp1	RNA: gp1.1	RNA: gp1.2	RNA: gp1.3	RNA: gp1.4	RNA: gp1.5	RNA: gp1.6	RNA: gp1.7	RNA: gp1.8	RNA: gp2.0	RNA: gp2.5	RNA: gp2.8	RNA: gp3.0	RNA: gp3.5	RNA: gp3.8	RNA: gp4A	RNA: gp4.2	RNA: gp4.3	RNA: gp4.5	RNA: gp4.7	RNA: gp5.0	RNA: gp5.3	RNA: gp5.5	RNA: gp5.7	RNA: gp5.9	RNA: gp6.0	RNA: gp6.3	RNA: gp6.5	RNA: gp6.7	RNA: gp7	RNA: gp7.3	RNA: gp7.7	RNA: gp8	RNA: gp9	RNA: gp10A	RNA: gp11	RNA: gp12	RNA: gp13	RNA: gp14	RNA: gp15	RNA: gp16	RNA: gp17	RNA: gp17.5	RNA: gp18	RNA: gp18.5	RNA: gp19	RNA: gp19.5	NumColiPoly:	4	NumT7Poly	2	NumOfTimePoints:	121	NumOfProteins:	58	NumOfCoding	52
0.004664077054622058	10000	1800	0	0	0	0	0	0	0	0	0	0	0	0	0	0	0	0	0	0	0	0	0	0	0	0	0	0	0	0	0	0	0	0	0	0	0	0	0	0	0	0	0	0	0	0	0	0	0	0	0	0	0	0	0	0	0	0	0	0	0	0	0	0	0	0	0	0	0	0	0	0	0	0	0	0	0	0	0	0	0	0	0	0	0	0	0	0	0	0	0	0	0	0	0	0	0	0	0	0	0	0	0	0	0	0	0	0	0	0
5.003482958139726	10000	1800	0	0	0	0	0	0	0	0	0	0	0	0	0	0	0	0	0	0	0	0	0	0	0	0	0	0	0	0	0	0	0	0	0	0	0	0	0	0	0	0	0	0	0	0	0	0	0	0	0	0	0	0	0	0	0	0	0	0	0	0	0	0	0	0	0	0	0	0	0	0	0	0	0	0	0	0	0	0	0	0	0	0	0	0	0	0	0	0	0	0	0	0	0	0	0	0	0	0	0	0	0	0	0	0	0	0	0	0
10.01022435127666	10000	1794	0	0	0	0	0	0	0	0	0	0	0	0	0	0	0	0	0	0	0	0	0	0	0	0	0	0	0	0	0	0	0	0	0	0	0	0	0	0	0	0	0	0	0	0	0	0	0	0	0	0	0	0	0	0	0	0	0	0	0	0	0	0	0	0	0	0	0	0	0	0	0	0	0	0	0	0	0	0	0	0	0	0	0	0	0	0	0	0	0	0	0	0	0	0	0	0	0	0	0	0	0	0	0	0	0	0	0	0
15.01576437654117	10000	1790	0	0	0	0	0	0	0	0	0	0	0	0	0	0	0	0	0	0	0	0	0	0	0	0	0	0	0	0	0	0	0	0	0	0	0	0	0	0	0	0	0	0	0	0	0	0	0	0	0	0	0	0	0	0	0	0	0	0	0	0	0	0	0	0	0	0	0	0	0	0	0	0	0	0	0	0	0	0	0	0	0	0	0	0	0	0	0	0	0	0	0	0	0	0	0	0	0	0	0	0	0	0	0	0	0	0	0	0
20.00190270095394	9995	1784	0	0	0	0	0	0	0	0	0	0	0	0	0	0	0	0	0	0	0	0	0	0	0	0	0	0	0	0	0	0	0	0	0	0	0	0	0	0	0	0	0	0	0	0	0	0	0	0	0	0	0	0	0	0	0	0	0	0	0	0	0	0	0	0	0	0	0	0	0	0	0	0	0	0	0	0	0	0	0	0	0	0	0	0	0	0	0	0	0	0	0	0	0	0	0	0	0	0	0	0	0	0	0	0	0	0	0	0
25.00014612984507	9985	1778	0	0	0	0	0	0	0	0	0	0	0	0	0	0	0	0	0	0	0	0	0	0	0	0	0	0	0	0	0	0	0	0	0	0	0	0	0	0	0	0	0	0	0	0	0	0	0	0	0	0	0	0	0	0	0	0	1	0	0	0	0	0	0	0	0	0	0	0	0	0	0	0	0	0	0	0	0	0	0	0	0	0	0	0	0	0	0	0	0	0	0	0	0	0	0	0	0	0	0	0	0	0	0	0	0	0	0	0
30.000665298275266	9969	1771	0	0	0	0	0	5	1	0	0	0	0	0	0	0	0	0	0	0	0	0	0	0	0	0	0	0	0	0	0	0	0	0	0	0	0	0	0	0	0	0	0	0	0	0	0	0	0	0	0	0	0	0	0	0	0	0	4	2	0	0	0	0	0	0	0	0	0	0	0	0	0	0	0	0	0	0	0	0	0	0	0	0	0	0	0	0	0	0	0	0	0	0	0	0	0	0	0	0	0	0	0	0	0	0	0	0	0	0
35.00029580827716	9941	1763	0	0	0	0	0	14	5	3	0	0	0	0	0	0	0	0	0	0	0	0	0	0	0	0	0	0	0	0	0	0	0	0	0	0	0	0	0	0	0	0	0	0	0	0	0	0	0	0	0	0	0	0	0	0	0	0	10	3	0	0	0	0	0	0	0	0	0	0	0	0	0	0	0	0	0	0	0	0	0	0	0	0	0	0	0	0	0	0	0	0	0	0	0	0	0	0	0	0	0	0	0	0	0	0	0	0	0	0
40.00041297475749	9904	1752	0	0	0	0	0	25	19	6	1	0	0	0	0	0	0	0	0	0	0	0	0	0	0	0	0	0	0	0	0	0	0	0	0	0	0	0	0	0	0	0	0	0	0	0	0	0	0	0	0	0	0	0	0	0	0	0	17	9	4	3	0	0	0	0	0	0	0	0	0	0	0	0	0	0	0	0	0	0	0	0	0	0	0	0	0	0	0	0	0	0	0	0	0	0	0	0	0	0	0	0	0	0	0	0	0	0	0	0
45.00002183617566	9847	1748	0	0	0	0	0	43	29	19	8	0	0	0	0	0	0	0	0	0	0	0	0	0	0	0	0	0	0	0	0	0	0	0	0	0	0	0	0	0	0	0	0	0	0	0	0	0	0	0	0	0	0	0	0	0	0	0	21	14	10	5	0	0	0	0	0	0	0	0	0	0	0	0	0	0	0	0	0	0	0	0	0	0	0	0	0	0	0	0	0	0	0	0	0	0	0	0	0	0	0	0	0	0	0	0	0	0	0	0
50.00023772243791	9794	1737	0	0	0	0	0	71	56	35	23	0	0	0	0	0	0	0	0	0	0	0	0	0	0	0	0	0	0	0	0	0	0	0	0	0	0	0	0	0	0	0	0	0	0	0	0	0	0	0	0	0	0	0	0	0	0	0	31	21	15	16	0	0	0	0	0	0	0	0	0	0	0	0	0	0	0	0	0	0	0	0	0	0	0	0	0	0	0	0	0	0	0	0	0	0	0	0	0	0	0	0	0	0	0	0	0	0	0	0
55.00062017953322	9726	1728	0	0	0	0	0	99	83	57	46	0	0	0	0	0	0	0	0	0	0	0	0	0	0	0	0	0	0	0	0	0	0	0	0	0	0	0	0	0	0	0	0	0	0	0	0	0	0	0	0	0	0	0	0	0	0	0	38	26	22	23	0	0	0	0	0	0	0	0	0	0	0	0	0	0	0	0	0	0	0	0	0	0	0	0	0	0	0	0	0	0	0	0	0	0	0	0	0	0	0	0	0	0	0	0	0	0	0	0
60.00007844902086	9646	1725	0	0	0	0	0	146	117	86	85	0	0	0	0	0	0	0	0	0	0	0	0	0	0	0	0	0	0	0	0	0	0	0	0	0	0	0	0	0	0	0	0	0	0	0	0	0	0	0	0	0	0	0	0	0	0	0	41	32	28	31	0	0	0	0	0	0	0	0	0	0	0	0	0	0	0	0	0	0	0	0	0	0	0	0	0	0	0	0	0	0	0	0	0	0	0	0	0	0	0	0	0	0	0	0	0	0	0	0
65.00023633690819	9574	1717	0	0	0	0	0	201	159	122	125	0	0	0	0	0	0	0	0	0	0	0	0	0	0	0	0	0	0	0	0	0	0	0	0	0	0	0	0	0	0	0	0	0	0	0	0	0	0	0	0	0	0	0	0	0	0	0	48	42	34	39	0	0	0	0	0	0	0	0	0	0	0	0	0	0	0	0	0	0	0	0	0	0	0	0	0	0	0	0	0	0	0	0	0	0	0	0	0	0	0	0	0	0	0	0	0	0	0	0
70.00036551295385	9473	1700	3	0	0	0	0	252	219	170	176	0	0	0	0	0	0	0	0	0	0	0	0	0	0	0	0	0	0	0	0	0	0	0	0	0	0	0	0	0	0	0	0	0	0	0	0	0	0	0	0	0	0	0	0	0	0	0	52	47	40	50	20	0	0	0	0	0	0	0	0	0	0	0	0	0	0	0	0	0	0	0	0	0	0	0	0	0	0	0	0	0	0	0	0	0	0	0	0	0	0	0	0	0	0	0	0	0	0	0
75.00022399397584	9357	1687	8	0	0	0	0	316	269	219	244	0	0	0	0	0	0	0	0	0	0	0	0	0	0	0	0	0	0	0	0	0	0	0	0	0	0	0	0	0	0	0	0	0	0	0	0	0	0	0	0	0	0	0	0	0	0	0	58	49	44	56	38	0	0	0	0	0	0	0	0	0	0	0	0	0	0	0	0	0	0	0	0	0	0	0	0	0	0	0	0	0	0	0	0	0	0	0	0	0	0	0	0	0	0	0	0	0	0	0
80.0001200073605	9225	1666	21	0	0	0	0	384	339	274	330	0	0	0	0	0	0	0	0	0	0	0	0	0	0	0	0	0	0	0	0	0	0	0	0	0	0	0	0	0	0	0	0	0	0	0	0	0	0	0	0	0	0	0	0	0	0	0	67	54	48	62	50	0	0	0	0	0	0	0	0	0	0	0	0	0	0	0	0	0	0	0	0	0	0	0	0	0	0	0	0	0	0	0	0	0	0	0	0	0	0	0	0	0	0	0	0	0	0	0
85.00002111080198	9124	1637	47	0	0	0	0	464	410	343	438	0	0	0	0	0	0	0	0	0	0	0	0	0	0	0	0	0	0	0	0	0	0	0	0	0	0	0	0	0	0	0	0	0	0	0	0	0	0	0	0	0	0	0	0	0	0	0	76	63	55	66	59	0	0	0	0	0	0	0	0	0	0	0	0	0	0	0	0	0	0	0	0	0	0	0	0	0	0	0	0	0	0	0	0	0	0	0	0	0	0	0	0	0	0	0	0	0	0	0
90.00009308529182	8986	1594	76	0	0	0	0	558	485	411	544	0	0	0	0	0	0	0	0	0	0	0	0	0	0	0	0	0	0	0	0	0	0	0	0	0	0	0	0	0	0	0	0	0	0	0	0	0	0	0	0	0	0	0	0	0	0	0	80	67	62	73	63	0	0	0	0	0	0	0	0	0	0	0	0	0	0	0	0	0	0	0	0	0	0	0	0	0	0	0	0	0	0	0	0	0	0	0	0	0	0	0	0	0	0	0	0	0	0	0
95.00010138607675	8850	1544	120	0	0	0	0	648	570	478	685	0	0	0	0	0	0	0	0	0	0	0	0	0	0	0	0	0	0	0	0	0	0	0	0	0	0	0	0	0	0	0	0	0	0	0	0	0	0	0	0	0	0	0	0	0	0	0	81	76	69	81	68	0	0	0	0	0	0	0	0	0	0	0	0	0	0	0	0	0	0	0	0	0	0	0	0	0	0	0	0	0	0	0	0	0	0	0	0	0	0	0	0	0	0	0	0	0	0	0
100.0001695770284	8709	1483	172	0	0	0	0	744	647	566	849	0	0	0	0	0	0	0	0	0	0	0	0	0	0	0	0	0	0	0	0	0	0	0	0	0	0	0	0	0	0	0	0	0	0	0	0	0	0	0	0	0	0	0	0	0	0	0	90	81	77	92	76	0	0	0	0	0	0	0	0	0	0	0	0	0	0	0	0	0	0	0	0	0	0	0	0	0	0	0	0	0	0	0	0	0	0	0	0	0	0	0	0	0	0	0	0	0	0	0
105.00001397399723	8525	1403	242	0	0	0	0	840	738	647	1026	0	0	0	0	0	0	0	0	0	0	0	0	0	0	0	0	0	0	0	0	0	0	0	0	0	0	0	0	0	0	0	0	0	0	0	0	0	0	0	0	0	0	0	0	0	0	0	96	90	85	98	85	0	0	0	0	0	0	0	0	0	0	0	0	0	0	0	0	0	0	0	0	0	0	0	0	0	0	0	0	0	0	0	0	0	0	0	0	0	0	0	0	0	0	0	0	0	0	0
110.00021702961571	8347	1327	303	0	0	0	0	946	848	749	1194	0	0	0	0	0	0	0	0	0	0	0	0	0	0	0	0	0	0	0	0	0	0	0	0	0	0	0	0	0	0	0	0	0	0	0	0	0	0	0	0	0	0	0	0	0	0	0	99	95	92	106	91	0	0	0	0	0	0	0	0	0	0	0	0	0	0	0	0	0	0	0	0	0	0	0	0	0	0	0	0	0	0	0	0	0	0	0	0	0	0	0	0	0	0	0	0	0	0	0
115.00007158504408	8160	1253	368	0	0	0	0	1054	975	869	1385	0	0	0	0	0	0	0	0	0	0	0	0	0	0	0	0	0	0	0	0	0	0	0	0	0	0	0	0	0	0	0	0	0	0	0	0	0	0	0	0	0	0	0	0	0	0	0	107	98	98	113	99	0	0	0	0	0	0	0	0	0	0	0	0	0	0	0	0	0	0	0	0	0	0	0	0	0	0	0	0	0	0	0	0	0	0	0	0	0	0	0	0	0	0	0	0	0	0	0
120.00022392104657	7937	1161	451	0	0	0	0	1174	1085	970	1590	2	0	0	0	0	0	0	0	0	0	0	0	0	0	0	0	0	0	0	0	0	0	0	0	0	0	0	0	0	0	0	0	0	0	0	0	0	0	0	0	0	0	0	0	0	0	0	114	103	99	122	106	0	0	0	0	0	0	0	0	0	0	0	0	0	0	0	0	0	0	0	0	0	0	0	0	0	0	0	0	0	0	0	0	0	0	0	0	0	0	0	0	0	0	0	0	0	0	0
125.00007012373209	7736	1050	551	0	0	0	0	1318	1198	1082	1853	0	0	0	0	0	0	0	0	0	0	0	0	0	0	0	0	0	0	0	0	0	0	0	0	0	0	0	0	0	0	0	0	0	0	0	0	0	0	0	0	0	0	0	0	0	0	0	123	111	102	128	116	0	0	0	0	0	0	0	0	0	0	0	0	0	0	0	0	0	0	0	0	0	0	0	0	0	0	0	0	0	0	0	0	0	0	0	0	0	0	0	0	0	0	0	0	0	0	0
130.0000460599178	7516	932	659	0	0	0	0	1463	1328	1194	2112	0	0	0	0	0	0	0	0	0	0	0	0	0	0	0	0	0	0	0	0	0	0	0	0	0	0	0	0	0	0	0	0	0	0	0	0	0	0	0	0	0	0	0	0	0	0	0	131	118	113	135	120	46	0	0	0	0	0	0	0	0	0	0	0	0	0	0	0	0	0	0	0	0	0	0	0	0	0	0	0	0	0	0	0	0	0	0	0	0	0	0	0	0	0	0	0	0	0	0
135.00018895097867	7336	824	762	0	0	6	0	1620	1489	1317	2382	0	1	0	0	0	0	0	0	0	0	0	0	0	0	0	0	0	0	0	0	0	0	0	0	0	0	0	0	0	0	0	0	0	0	0	0	0	0	0	0	0	0	0	0	0	0	0	141	126	117	143	126	82	3	0	0	0	0	0	0	0	0	0	0	0	0	0	0	0	0	0	0	0	0	0	0	0	0	0	0	0	0	0	0	0	0	0	0	0	0	0	0	0	0	0	0	0	0	0
140.00024728960855	7074	689	889	0	0	9	0	1782	1636	1459	2691	1	7	0	0	0	0	0	0	0	0	0	0	0	0	0	0	0	0	0	0	0	0	0	0	0	0	0	0	0	0	0	0	0	0	0	0	0	0	0	0	0	0	0	0	0	0	0	150	136	128	154	133	103	7	4	0	0	0	0	0	0	0	0	0	0	0	0	0	0	0	0	0	0	0	0	0	0	0	0	0	0	0	0	0	0	0	0	0	0	0	0	0	0	0	0	0	0	0	0
145.00014592431702	6786	565	1012	0	0	28	0	1942	1810	1593	3008	0	21	9	0	0	0	0	0	0	0	0	0	0	0	0	0	0	0	0	0	0	0	0	0	0	0	0	0	0	0	0	0	0	0	0	0	0	0	0	0	0	0	0	0	0	0	0	153	149	140	164	147	115	12	9	0	0	0	0	0	0	0	0	0	0	0	0	0	0	0	0	0	0	0	0	0	0	0	0	0	0	0	0	0	0	0	0	0	0	0	0	0	0	0	0	0	0	0	0
150.0000463885483	6501	426	1144	0	0	57	0	2126	1995	1781	3335	1	40	21	0	0	0	0	0	0	0	0	0	0	0	0	0	0	0	0	0	0	0	0	0	0	0	0	0	0	0	0	0	0	0	0	0	0	0	0	0	0	0	0	0	0	0	0	156	153	147	177	157	128	25	15	0	0	0	0	0	0	0	0	0	0	0	0	0	0	0	0	0	0	0	0	0	0	0	0	0	0	0	0	0	0	0	0	0	0	0	0	0	0	0	0	0	0	0	0
155.00000347817002	6233	282	1284	0	0	99	0	2298	2171	1949	3695	0	79	41	0	0	0	0	0	0	0	0	0	0	0	0	0	0	0	0	0	0	0	0	0	0	0	0	0	0	0	0	0	0	0	0	0	0	0	0	0	0	0	0	0	0	0	0	160	157	150	183	166	138	32	25	0	0	0	0	0	0	0	0	0	0	0	0	0	0	0	0	0	0	0	0	0	0	0	0	0	0	0	0	0	0	0	0	0	0	0	0	0	0	0	0	0	0	0	0
160.00002030163648	5933	142	1418	0	0	153	0	2475	2338	2147	4057	2	119	72	0	0	0	0	0	0	0	0	0	0	0	0	0	0	0	0	0	0	0	0	0	0	0	0	0	0	0	0	0	0	0	0	0	0	0	0	0	0	0	0	0	0	0	0	175	159	155	185	173	145	41	33	0	0	0	0	0	0	0	0	0	0	0	0	0	0	0	0	0	0	0	0	0	0	0	0	0	0	0	0	0	0	0	0	0	0	0	0	0	0	0	0	0	0	0	0
165.0000750575016	5665	2	1557	0	0	211	0	2687	2549	2324	4418	33	173	110	1	0	0	0	0	0	0	0	0	0	0	0	0	0	0	0	0	0	0	0	0	0	0	0	0	0	0	0	0	0	0	0	0	0	0	0	0	0	0	0	0	0	0	0	180	173	163	192	185	148	50	39	1	0	0	0	0	0	0	0	0	0	0	0	0	0	0	0	0	0	0	0	0	0	0	0	0	0	0	0	0	0	0	0	0	0	0	0	0	0	0	0	0	0	0	0
170.00004057831325	5332	0	1557	0	0	270	0	2884	2758	2515	4639	208	250	158	15	2	1	0	0	0	0	0	0	0	0	0	0	0	0	0	0	0	0	0	0	0	0	0	0	0	0	0	0	0	0	0	0	0	0	0	0	0	0	0	0	0	0	0	186	179	172	205	192	158	72	53	34	3	1	2	0	0	0	0	0	0	0	0	0	0	0	0	0	0	0	0	0	0	0	0	0	0	0	0	0	0	0	0	0	0	0	0	0	0	0	0	0	0	0	0
175.0000158627978	4913	0	1557	0	0	327	0	3079	2995	2695	4871	391	337	222	34	8	7	4	0	2	0	0	0	0	0	0	0	0	0	0	0	0	0	0	0	0	0	0	0	0	0	0	0	0	0	0	0	0	0	0	0	0	0	0	0	0	0	0	190	184	176	214	193	163	80	71	52	9	5	10	8	3	1	1	0	0	0	0	0	0	0	0	0	0	0	0	0	0	0	0	0	0	0	0	0	0	0	0	0	0	0	0	0	0	0	0	0	0	0	0
180.00009024732952	4431	0	1552	0	5	408	0	3279	3217	2895	5155	570	453	309	67	21	16	15	0	12	0	0	0	0	0	0	0	0	0	0	0	0	0	0	0	0	0	0	0	0	0	0	0	0	0	0	0	0	0	0	0	0	0	0	0	0	0	0	193	188	188	221	207	169	88	79	72	12	10	15	14	13	12	7	4	2	0	0	0	0	0	0	0	0	0	0	0	0	0	0	0	0	0	0	0	0	0	0	0	0	0	0	0	0	0	0	0	0	0	0
185.00007836970877	3902	0	1538	0	22	476	0	3503	3428	3118	5407	766	548	411	103	41	32	38	6	40	0	0	1	0	0	0	0	0	0	0	0	0	0	0	0	0	0	0	0	0	0	0	0	0	0	0	0	0	0	0	0	0	0	0	0	0	0	0	197	191	190	226	214	180	95	88	85	16	14	24	25	22	19	22	17	15	5	2	0	0	0	0	0	0	0	0	0	0	0	0	0	0	0	0	0	0	0	0	0	0	0	0	0	0	0	0	0	0	0	0
190.00001205420614	3253	0	1496	0	61	556	1	3727	3640	3345	5655	963	661	515	157	56	57	66	24	83	0	3	14	3	0	2	0	0	0	0	0	0	0	0	0	0	0	0	0	0	0	0	0	0	0	0	0	0	0	0	0	0	0	0	0	0	0	0	210	196	192	228	219	191	113	104	97	17	17	27	36	33	32	26	26	23	19	19	4	0	0	0	0	0	0	0	0	0	0	0	0	0	0	0	0	0	0	0	0	0	0	0	0	0	0	0	0	0	0	0
195.00007738477274	2612	0	1445	0	113	621	16	3981	3873	3571	5914	1178	794	648	233	81	75	99	56	124	0	18	43	30	1	13	0	0	0	0	0	0	0	0	0	0	0	0	0	0	0	0	0	0	0	0	0	0	0	0	0	0	0	0	0	0	0	0	228	204	193	232	228	201	126	114	111	19	19	34	44	41	38	35	31	29	27	28	19	4	1	1	0	0	0	0	0	0	0	0	0	0	0	0	0	0	0	0	0	0	0	0	0	0	0	0	0	0	0	0
200.00004167663758	1777	0	1407	0	160	674	43	4241	4111	3801	6180	1393	945	784	308	106	92	139	102	182	1	44	77	61	4	48	0	4	3	1	0	0	0	0	0	0	0	0	0	0	0	0	0	0	0	0	0	0	0	0	0	0	0	0	0	0	0	0	232	222	205	235	230	209	137	127	134	24	20	40	54	51	45	54	45	38	35	40	35	18	8	10	3	0	0	0	0	0	0	0	0	0	0	0	0	0	0	0	0	0	0	0	0	0	0	0	0	0	0	0
205.00002064109455	848	0	1346	0	225	767	79	4500	4359	4051	6474	1632	1099	922	402	133	125	183	148	248	2	81	130	95	2	97	0	29	13	15	0	0	0	0	0	0	0	0	0	0	0	0	0	0	0	0	0	0	0	0	0	0	0	0	0	0	0	0	236	229	220	254	233	219	145	132	150	31	29	49	59	60	60	69	65	57	51	52	46	33	25	38	19	1	0	0	0	0	0	0	0	0	0	0	0	0	0	0	0	0	0	0	0	0	0	0	0	0	0	0
210.00000625890192	73	0	1275	0	296	832	112	4774	4613	4302	6773	1863	1270	1094	526	171	164	234	214	321	6	126	189	146	2	149	0	57	55	63	9	0	0	0	0	0	0	0	0	0	0	0	0	0	0	0	0	0	0	0	0	0	0	0	0	0	0	0	244	235	233	270	240	230	155	148	158	36	33	61	73	71	66	88	79	70	67	74	60	48	45	59	37	30	5	2	2	1	0	0	0	0	0	0	0	0	0	0	0	0	0	0	0	0	0	0	0	0	0	0
215.0000035284425	36	0	1200	0	374	906	162	5059	4856	4544	7091	2106	1454	1264	661	218	199	292	289	408	3	199	270	237	7	231	0	100	109	138	44	0	1	1	5	5	0	0	0	0	0	0	0	0	0	0	0	0	0	0	0	0	0	0	0	0	0	0	254	242	235	274	252	237	174	161	171	42	35	71	91	92	81	99	95	86	83	97	78	65	54	78	68	62	16	13	12	11	4	3	0	2	0	0	0	0	0	0	0	0	0	0	0	0	0	0	0	0	0	0
220.00001705633323	31	0	1138	0	440	994	219	5316	5063	4759	7330	2361	1610	1413	808	253	233	356	371	486	10	292	371	315	15	336	0	167	160	213	96	0	14	9	13	16	0	2	0	0	0	0	0	0	0	0	0	0	0	0	0	0	0	0	0	0	0	0	259	249	241	282	267	240	184	175	181	47	38	75	107	105	90	111	105	101	103	121	90	78	73	93	81	83	47	42	34	33	13	11	15	15	6	2	2	0	0	0	0	0	0	0	0	0	0	0	0	0	0	0
225.0000073449505	15	0	1053	0	526	1050	290	5550	5250	4937	7536	2631	1754	1551	951	299	260	418	471	567	6	394	447	414	12	414	6	235	215	275	161	0	38	28	37	37	0	12	5	3	0	1	0	0	0	0	0	0	0	0	0	0	0	0	0	0	0	0	266	259	248	289	272	247	194	182	197	54	41	75	111	113	106	132	124	117	113	139	95	87	83	95	95	91	80	69	60	62	30	35	44	35	21	17	14	0	0	0	0	0	0	0	0	0	0	0	0	0	0	0
230.00002603065965	7	0	989	0	596	1131	357	5733	5407	5102	7730	2869	1868	1672	1113	339	282	466	553	637	10	472	551	490	17	504	45	312	260	342	226	0	78	60	61	76	1	35	23	11	4	4	2	0	0	0	0	0	0	0	0	0	0	0	0	0	0	0	272	266	258	297	276	251	206	194	208	60	42	75	112	113	110	147	143	138	124	152	115	114	104	111	108	109	94	87	88	88	61	51	63	53	54	44	35	7	0	0	0	0	0	0	0	0	0	0	0	0	0	0
235.00000753349218	6	0	922	0	668	1193	435	5931	5547	5245	7914	3116	1997	1798	1279	377	304	514	635	699	7	572	629	569	7	604	83	386	312	402	278	0	130	106	106	113	9	66	54	45	13	18	9	0	0	0	0	0	0	0	0	0	0	0	0	0	0	0	275	273	267	311	282	254	208	200	214	61	43	75	113	113	113	156	152	147	143	171	141	152	148	148	115	122	112	114	110	107	81	58	76	72	72	66	57	17	1	0	0	0	0	0	0	0	0	0	0	0	0	0
240.0000004714549	7	0	856	0	733	1276	503	6074	5690	5383	8087	3348	2105	1897	1442	411	326	552	700	760	6	669	715	647	12	684	135	460	372	491	344	0	179	155	167	162	21	105	84	78	44	49	30	0	0	0	0	0	0	0	0	0	0	0	0	0	0	0	277	277	272	316	285	263	223	208	222	61	43	75	113	113	113	162	159	157	150	180	149	171	163	180	166	137	126	119	118	118	94	88	111	111	87	76	74	36	15	5	1	0	0	0	0	0	0	0	0	0	0	0
245.000001353768	14	0	823	0	772	1380	571	6211	5813	5512	8275	3537	2204	2020	1596	435	350	586	767	811	15	754	789	730	17	771	200	551	450	583	413	2	243	221	224	221	46	148	122	116	76	81	61	0	0	0	0	0	0	0	0	0	0	0	0	0	0	0	292	279	277	324	290	279	241	221	234	61	43	75	113	113	113	162	161	160	160	186	168	186	177	195	191	159	135	132	133	132	116	117	157	148	127	117	103	39	34	24	2	0	0	0	0	0	0	0	0	0	0	0
250.00002503036933	4	0	773	0	829	1523	638	6352	5937	5633	8418	3709	2295	2117	1724	476	376	610	818	858	12	844	854	803	18	856	291	621	526	670	501	21	308	271	272	281	85	200	167	172	119	124	97	0	0	0	0	0	0	0	0	0	0	0	0	0	0	0	302	295	281	328	295	286	249	236	244	68	52	78	113	113	113	165	164	163	161	202	180	215	210	218	213	204	190	165	154	143	133	132	171	171	161	160	148	58	46	53	5	1	0	0	0	0	0	0	0	0	0	0
255.00000337308578	6	0	727	0	871	1663	700	6499	6057	5743	8564	3875	2401	2239	1858	500	399	642	864	913	13	901	933	881	21	929	378	708	596	749	578	52	347	329	325	339	133	249	226	236	172	181	138	0	2	0	1	0	0	0	0	0	0	0	0	0	0	0	313	305	295	334	300	292	260	246	254	75	59	94	127	125	115	169	166	168	165	205	191	221	217	244	228	229	214	210	209	210	153	143	195	195	189	172	168	75	78	71	12	1	4	1	0	0	0	0	0	0	0	0
260.00000307905265	3	0	693	0	908	1828	756	6621	6163	5852	8677	4006	2507	2344	1974	542	424	683	923	957	11	972	998	949	24	1017	457	808	674	839	683	114	431	404	388	391	179	309	299	295	225	240	186	1	11	0	2	0	0	0	0	0	0	0	0	0	0	0	320	315	309	347	310	300	266	258	271	83	75	111	131	126	115	170	171	170	169	209	195	224	217	248	249	251	239	233	233	230	174	162	218	221	203	201	194	144	90	110	16	6	7	3	0	0	0	0	0	0	0	0
265.0000057330654	5	0	643	0	955	2030	828	6724	6283	5962	8804	4157	2602	2437	2091	575	446	705	966	1002	18	1033	1063	1015	19	1076	562	889	748	907	764	197	505	487	459	468	241	359	370	365	295	315	257	13	26	9	4	0	1	0	0	0	0	0	0	0	0	0	331	323	318	361	319	305	273	265	279	88	81	117	150	149	144	173	171	171	169	214	197	234	229	254	249	268	255	248	247	251	198	187	248	241	225	221	217	171	120	123	20	10	7	8	0	0	0	0	0	0	0	0
270.0000032550362	5	0	608	0	988	2226	878	6840	6383	6067	8935	4272	2682	2523	2194	611	484	748	1003	1049	25	1098	1119	1079	22	1152	635	969	828	992	855	263	582	563	543	548	295	418	440	435	358	382	334	33	50	26	8	0	4	0	0	0	0	0	0	0	0	0	339	335	324	371	331	314	290	271	284	113	108	149	168	165	153	208	196	182	172	217	198	234	229	260	249	288	282	282	271	267	224	205	258	253	253	247	235	180	182	151	21	15	14	10	6	0	0	0	0	0	0	0
275.0000086266655	6	0	554	0	1042	2399	934	6953	6486	6161	9074	4385	2763	2623	2313	643	520	785	1052	1091	31	1153	1183	1140	16	1226	717	1051	911	1066	932	335	665	654	607	626	353	488	511	516	432	467	386	66	76	49	20	0	8	3	0	0	0	0	0	0	0	0	342	339	337	385	340	325	303	283	294	113	111	155	183	175	160	212	212	210	200	234	199	234	229	262	260	290	289	289	288	288	268	262	317	300	273	261	252	208	202	216	31	19	20	14	8	0	0	0	0	0	0	0
280.0000078800756	2	0	515	0	1086	2530	980	7064	6584	6256	9190	4514	2851	2695	2410	674	546	823	1110	1137	28	1209	1243	1199	21	1290	797	1114	978	1141	1003	417	761	738	694	711	418	561	588	588	512	545	464	96	100	93	21	0	11	5	0	0	0	0	0	0	0	0	345	342	339	393	346	336	325	300	304	113	111	155	200	200	193	231	222	215	213	262	202	235	229	263	261	295	293	292	291	291	284	289	346	343	334	316	292	215	246	253	42	22	27	22	11	0	0	0	0	0	0	0
285.00000447615525	2	0	484	0	1119	2616	1033	7148	6681	6340	9292	4614	2947	2792	2522	700	577	869	1151	1199	43	1284	1303	1256	21	1361	873	1190	1040	1234	1091	485	846	814	768	796	487	627	674	662	599	615	556	135	152	133	29	0	19	10	0	0	0	0	0	0	0	0	352	345	342	400	356	342	340	319	321	115	111	156	203	202	202	268	262	241	223	268	214	243	236	268	263	307	306	305	301	297	291	291	366	369	366	355	346	243	262	299	46	25	38	35	13	7	0	0	0	0	0	0
290.0000051368377	3	0	431	0	1178	2676	1096	7242	6771	6433	9419	4709	3023	2881	2615	732	601	905	1203	1250	28	1331	1361	1319	25	1431	946	1281	1097	1299	1164	573	923	876	842	866	565	705	746	747	678	704	631	199	220	169	36	0	25	17	0	0	0	0	0	0	0	0	363	353	346	402	366	344	348	335	333	119	112	156	205	205	205	278	278	272	259	292	240	278	258	276	271	315	311	311	309	309	302	297	373	372	370	370	367	301	275	333	53	38	42	42	23	9	2	0	0	0	0	0
295.0000030641175	2	0	401	0	1206	2720	1152	7346	6857	6520	9520	4830	3114	2968	2703	755	628	945	1245	1296	50	1396	1421	1375	9	1496	1017	1358	1160	1365	1239	655	1004	952	923	936	661	782	834	825	785	774	715	269	288	233	48	0	33	29	0	0	0	0	0	0	0	0	368	362	352	409	376	351	353	345	344	119	119	165	208	207	205	283	282	278	275	334	266	318	308	337	308	326	321	318	317	314	310	310	391	385	374	375	372	347	352	353	56	41	62	58	31	11	11	9	8	3	0	0
300.000014812146	5	0	350	0	1255	2809	1191	7442	6941	6593	9614	4932	3188	3050	2786	783	656	977	1290	1349	49	1451	1489	1434	20	1555	1094	1435	1224	1441	1315	752	1074	1007	993	1008	738	846	913	934	869	868	797	324	351	304	61	1	47	38	0	0	0	0	0	0	0	0	376	368	363	418	384	360	370	353	360	130	124	166	217	217	209	285	285	284	283	344	288	326	322	356	346	335	332	328	325	325	315	314	396	398	396	394	385	368	396	428	63	42	66	64	40	12	21	19	17	12	0	0
305.00000049070445	1	0	335	0	1281	2875	1261	7510	7033	6656	9704	5034	3266	3128	2877	810	686	1016	1336	1390	60	1525	1558	1495	13	1635	1151	1513	1301	1517	1382	835	1152	1087	1058	1071	805	924	998	1010	960	953	877	409	416	368	79	3	60	47	0	0	0	2	2	0	0	0	384	379	368	431	391	366	391	363	376	136	133	180	227	225	215	285	285	285	285	354	313	371	364	384	365	382	356	342	339	338	323	318	411	407	405	400	398	374	434	483	75	42	72	71	55	14	27	27	25	21	9	4
310.00000071486926	4	0	319	0	1304	2963	1305	7615	7105	6726	9806	5146	3347	3203	2953	837	713	1048	1376	1435	65	1600	1624	1562	22	1694	1216	1597	1374	1580	1446	932	1225	1169	1136	1135	882	977	1084	1088	1055	1036	959	495	478	456	88	5	77	59	0	0	0	5	4	1	0	0	387	385	378	436	402	375	409	384	388	137	134	185	233	231	219	301	298	288	285	358	332	383	375	418	414	423	402	389	380	378	335	322	418	416	416	414	406	389	439	527	84	61	99	78	65	16	38	33	31	27	15	10
315.0000010862436	2	0	269	0	1358	3021	1345	7710	7181	6797	9906	5226	3430	3290	3045	862	742	1080	1428	1472	67	1670	1678	1635	21	1753	1295	1685	1440	1650	1517	1028	1305	1226	1203	1207	956	1044	1154	1165	1125	1119	1035	565	569	550	106	11	90	79	2	0	0	8	8	4	0	1	396	389	382	445	407	382	419	405	403	149	136	185	236	236	231	302	302	300	299	366	341	392	381	423	419	443	436	432	425	420	382	371	443	424	420	419	414	399	444	538	91	70	111	102	71	30	40	40	40	37	24	15
320.0000048377526	2	0	241	0	1387	3035	1386	7789	7242	6863	9990	5320	3506	3376	3125	892	770	1113	1477	1514	80	1726	1726	1691	22	1822	1371	1773	1510	1720	1595	1109	1383	1284	1281	1269	1025	1115	1249	1229	1205	1193	1101	654	641	649	118	17	105	100	5	0	0	16	16	5	0	4	404	398	388	450	413	387	437	414	420	164	149	199	244	238	233	316	307	301	301	378	354	411	397	435	432	486	468	457	451	447	423	421	495	474	466	448	423	408	453	541	92	83	131	113	78	37	47	47	42	41	28	21
325.0000042815018	1	0	221	0	1401	3059	1434	7863	7307	6931	10075	5400	3582	3454	3221	930	795	1150	1515	1556	104	1800	1780	1748	24	1894	1451	1844	1572	1805	1682	1186	1475	1381	1383	1346	1098	1170	1315	1312	1271	1271	1156	723	730	753	134	22	128	122	12	0	1	25	26	11	0	7	406	404	395	462	415	396	450	434	429	166	154	199	251	250	235	317	317	316	313	381	363	423	418	463	452	510	503	498	498	493	449	451	549	546	524	498	473	419	462	556	94	92	149	138	103	61	61	61	58	49	35	26
330.000002049442	3	0	188	0	1438	3082	1474	7953	7368	7018	10146	5499	3655	3541	3310	952	824	1172	1560	1596	110	1854	1833	1801	17	1955	1508	1916	1642	1888	1757	1265	1562	1466	1460	1432	1166	1265	1410	1403	1349	1361	1226	827	809	850	147	28	141	135	19	0	3	32	39	18	0	12	414	408	404	465	425	403	458	451	438	168	156	212	262	262	256	318	318	317	317	399	367	425	418	465	466	526	514	512	511	511	487	479	577	573	563	552	541	428	472	564	96	92	161	153	114	70	86	79	70	64	40	44
335.0000024696265	4	0	172	0	1455	3134	1521	8018	7423	7075	10216	5575	3740	3611	3395	980	842	1199	1602	1638	127	1905	1892	1853	21	2028	1576	1992	1712	1971	1824	1347	1673	1534	1531	1498	1240	1323	1510	1496	1423	1437	1299	906	894	947	158	36	170	152	27	0	6	44	48	26	0	18	417	417	408	474	436	406	472	453	465	171	158	212	267	267	259	346	337	319	318	402	377	443	436	476	470	548	532	528	527	526	501	492	599	600	587	580	573	463	485	578	101	94	163	161	136	72	115	114	105	88	55	58
340.0000024876427	2	0	153	0	1469	3183	1577	8080	7490	7148	10281	5640	3818	3690	3478	1002	858	1230	1637	1672	156	1954	1938	1903	20	2076	1649	2061	1792	2038	1897	1431	1738	1605	1592	1581	1316	1396	1599	1590	1501	1533	1378	992	992	1031	172	49	191	180	28	0	12	56	59	34	0	23	427	419	417	480	442	408	477	467	473	175	158	212	268	268	261	347	345	346	345	413	393	466	454	500	489	563	559	558	551	545	505	500	606	604	598	600	598	473	522	603	102	95	163	163	151	81	120	121	118	116	71	80
345.00000542971617	6	0	132	0	1492	3279	1607	8137	7548	7205	10356	5730	3879	3780	3551	1030	891	1269	1680	1713	163	2012	1998	1945	32	2141	1723	2125	1855	2101	1961	1505	1822	1688	1672	1673	1383	1453	1679	1679	1588	1626	1472	1062	1067	1135	186	58	215	210	37	0	24	70	69	46	6	32	433	426	420	489	447	412	484	475	483	191	178	219	268	268	262	354	349	347	346	434	399	479	479	533	513	567	562	562	562	561	552	543	635	618	615	612	605	477	549	644	110	100	176	168	161	112	132	129	130	122	104	118
350.00000532747663	1	0	116	0	1511	3316	1662	8199	7624	7277	10435	5821	3944	3845	3629	1060	913	1309	1716	1747	183	2059	2054	1997	22	2193	1799	2194	1928	2171	2024	1607	1913	1776	1754	1750	1455	1528	1769	1765	1683	1721	1553	1143	1144	1224	204	74	240	242	49	0	34	85	82	61	10	47	434	432	429	496	451	418	499	481	496	219	213	273	300	284	264	360	358	357	354	439	413	487	483	534	532	591	580	570	568	568	561	562	688	685	667	641	620	518	555	676	117	100	182	178	163	125	150	143	135	132	119	146
355.00000214337877	4	0	99	0	1535	3333	1717	8273	7677	7334	10497	5886	4011	3908	3713	1087	942	1334	1755	1785	187	2125	2102	2057	17	2258	1859	2258	1987	2233	2104	1695	1992	1857	1848	1834	1543	1607	1863	1849	1781	1811	1625	1214	1236	1328	213	89	268	264	67	0	47	105	97	73	16	57	439	437	433	508	465	426	506	490	517	221	213	281	326	301	266	361	361	360	359	450	422	497	494	552	532	615	608	601	596	594	569	567	699	696	694	689	683	543	556	687	121	109	185	183	167	144	175	169	167	152	128	162
360.00000369095034	2	0	95	0	1539	3344	1762	8334	7731	7402	10569	5960	4085	3979	3777	1113	957	1361	1781	1822	231	2169	2151	2110	16	2321	1931	2327	2057	2312	2175	1799	2077	1932	1922	1909	1625	1673	1970	1928	1863	1901	1702	1275	1311	1408	226	106	287	288	78	1	58	126	109	92	20	78	458	438	437	509	471	442	511	507	532	235	223	283	332	311	288	362	361	361	361	458	427	501	496	556	552	632	633	629	622	617	589	577	709	708	709	702	693	616	561	689	122	117	206	194	177	157	197	191	184	177	132	163
365.00000006004143	1	0	81	0	1555	3367	1791	8398	7787	7445	10641	6035	4159	4037	3858	1152	978	1390	1812	1866	252	2218	2192	2162	34	2384	2005	2400	2110	2381	2249	1912	2153	2021	2000	1981	1698	1739	2062	2016	1964	1988	1798	1348	1389	1498	248	120	313	304	91	3	71	137	126	113	29	101	463	463	441	514	477	453	535	509	541	245	235	304	355	336	311	386	385	369	361	463	434	507	497	560	558	638	635	634	633	634	608	601	722	722	716	709	709	678	632	696	123	122	219	211	182	160	225	222	212	197	138	164
370.00000168682413	2	0	61	0	1571	3431	1840	8443	7838	7512	10697	6109	4220	4103	3936	1182	1014	1429	1857	1907	277	2261	2233	2209	29	2453	2075	2462	2164	2457	2310	2000	2242	2102	2084	2045	1778	1816	2144	2111	2060	2073	1884	1432	1480	1590	258	133	337	321	105	7	87	163	150	137	35	114	463	463	462	526	482	465	555	526	551	247	235	304	361	351	334	420	402	388	384	477	442	518	506	571	571	657	655	653	647	641	612	610	748	747	736	726	723	697	717	759	124	123	221	220	194	160	228	228	228	227	155	186
375.00000431645486	1	0	61	0	1574	3521	1886	8498	7890	7579	10763	6170	4285	4161	4026	1208	1044	1459	1895	1953	307	2309	2286	2256	27	2498	2139	2521	2231	2533	2375	2098	2318	2193	2152	2120	1850	1893	2243	2190	2136	2159	1966	1508	1560	1671	275	157	368	350	121	13	100	199	175	157	41	139	463	463	462	537	491	471	568	551	559	252	239	309	370	358	337	434	433	424	409	503	465	542	532	581	575	668	666	664	660	659	628	619	754	753	750	749	746	709	756	841	136	123	232	225	210	170	236	235	236	228	208	235
380.00000966700327	1	0	62	0	1570	3564	1937	8561	7944	7628	10821	6237	4337	4236	4094	1244	1066	1500	1941	2006	360	2362	2335	2299	33	2547	2214	2575	2299	2589	2447	2177	2388	2264	2229	2190	1924	1961	2328	2272	2221	2254	2055	1601	1636	1763	296	172	391	376	148	18	116	228	201	187	55	159	476	465	463	539	501	478	583	564	561	253	239	309	385	385	374	451	435	433	434	540	473	550	548	607	592	684	677	673	672	670	651	641	787	784	765	755	753	717	800	902	160	124	237	235	219	186	249	241	236	236	212	255
385.00000417088927	2	0	71	0	1570	3576	1995	8615	7995	7687	10883	6283	4418	4297	4173	1282	1093	1527	1999	2046	404	2412	2376	2341	16	2606	2265	2655	2370	2653	2504	2264	2466	2341	2311	2283	1997	2027	2405	2361	2304	2344	2136	1679	1728	1851	310	190	422	406	168	20	138	254	234	208	65	186	483	477	465	539	509	482	596	579	585	263	257	317	392	388	387	484	470	458	442	546	500	582	571	625	618	693	690	685	685	685	670	670	804	790	789	788	779	747	826	949	169	132	242	239	226	191	276	270	256	250	213	257
390.00000214357846	2	0	53	0	1586	3606	2031	8655	8056	7738	10954	6343	4474	4360	4239	1307	1116	1557	2038	2089	424	2457	2435	2382	27	2659	2325	2713	2425	2713	2566	2370	2545	2423	2381	2356	2066	2087	2503	2430	2377	2434	2214	1775	1809	1937	333	206	448	427	195	26	162	285	262	230	87	213	492	484	479	544	510	487	601	596	595	279	272	331	410	409	397	500	494	484	481	578	501	584	578	642	623	710	699	693	693	693	681	677	828	829	822	811	791	755	829	982	179	150	252	242	234	196	287	282	280	276	213	260
395.0000052547367	0	0	49	0	1593	3601	2064	8715	8102	7795	11014	6412	4541	4420	4311	1340	1148	1595	2079	2136	463	2502	2490	2422	23	2708	2387	2777	2479	2782	2640	2445	2614	2485	2442	2417	2153	2161	2589	2511	2464	2517	2282	1859	1901	2039	345	221	473	453	217	35	191	307	291	262	101	232	496	493	486	555	516	497	610	602	605	281	280	355	433	426	412	504	504	502	494	600	511	599	586	649	649	743	733	723	717	711	685	679	839	834	830	829	829	758	852	982	184	167	276	265	240	199	289	289	289	286	240	279
400.0000007322937	1	0	40	0	1604	3638	2125	8768	8159	7847	11063	6468	4606	4486	4370	1367	1187	1615	2127	2176	496	2546	2551	2478	26	2771	2451	2864	2551	2858	2710	2534	2685	2562	2514	2500	2238	2227	2679	2591	2541	2591	2379	1947	2000	2123	364	235	496	477	244	47	222	339	327	287	122	258	500	496	493	569	530	501	619	606	630	283	280	360	441	441	436	528	523	510	505	627	538	623	604	657	652	749	744	742	743	742	706	697	854	850	841	841	834	797	880	1013	185	174	296	292	242	200	294	291	292	289	273	332
405.00000588760446	2	0	57	0	1588	3672	2181	8822	8217	7892	11117	6537	4661	4550	4444	1407	1205	1650	2168	2217	556	2602	2600	2527	26	2823	2510	2917	2602	2925	2780	2629	2758	2642	2585	2587	2307	2294	2776	2670	2620	2678	2457	2042	2099	2232	376	253	525	504	264	59	257	370	356	308	141	294	503	500	496	570	542	505	623	615	649	294	281	361	450	450	447	550	550	538	506	630	588	675	642	682	658	775	773	763	757	753	718	712	884	882	865	855	850	829	915	1054	190	184	309	297	264	229	296	296	296	294	283	340
410.0000013485088	1	0	35	0	1611	3674	2217	8879	8259	7945	11171	6604	4718	4599	4511	1437	1226	1675	2221	2257	565	2637	2638	2591	33	2888	2568	2985	2663	2988	2853	2704	2828	2708	2668	2649	2374	2362	2855	2750	2696	2758	2542	2138	2184	2339	396	267	560	533	285	69	285	401	401	336	170	325	508	504	498	573	543	516	625	623	663	300	285	361	451	451	450	565	556	550	533	656	600	697	683	739	702	780	779	777	776	776	727	717	884	884	884	883	874	840	955	1093	196	184	316	314	290	236	313	304	298	296	290	351
415.0000003886457	1	0	30	0	1611	3684	2271	8914	8306	8002	11229	6662	4777	4665	4568	1453	1256	1717	2256	2291	605	2690	2690	2649	24	2937	2622	3050	2728	3051	2926	2785	2905	2788	2757	2727	2456	2434	2939	2851	2766	2835	2628	2222	2268	2418	414	282	586	564	314	86	307	431	427	362	195	347	512	511	504	577	544	528	634	624	675	319	306	374	465	459	451	568	565	565	544	663	607	700	684	743	735	789	782	779	779	779	745	734	888	884	884	884	883	842	975	1137	208	189	330	321	298	241	346	343	342	317	296	371
420.00000175818843	1	0	42	0	1607	3704	2304	8964	8349	8058	11276	6716	4839	4722	4617	1497	1294	1754	2295	2335	657	2749	2746	2701	31	2986	2681	3117	2796	3118	2999	2858	2977	2851	2826	2788	2533	2514	3022	2924	2858	2921	2716	2297	2357	2512	435	305	617	592	341	103	336	453	449	397	230	379	517	513	511	582	549	536	651	630	685	327	320	401	489	479	453	568	568	568	567	699	610	702	684	743	737	829	810	803	796	791	778	778	943	929	905	892	884	842	983	1160	214	196	348	343	313	249	366	364	356	347	296	373
425.00000001123345	0	0	26	0	1622	3696	2359	9018	8406	8100	11330	6777	4897	4794	4680	1523	1334	1798	2341	2386	685	2796	2797	2753	30	3042	2728	3178	2863	3188	3059	2943	3053	2915	2895	2854	2614	2582	3090	3006	2942	2998	2801	2378	2457	2605	453	318	641	617	358	118	366	485	479	424	256	414	526	522	513	588	558	538	660	640	690	331	324	408	493	479	453	568	568	568	568	705	638	727	709	751	739	864	864	855	843	833	790	783	956	956	951	943	925	842	984	1177	217	201	357	355	322	264	373	371	371	367	327	383
430.0000023809028	0	0	28	0	1618	3713	2415	9065	8460	8137	11376	6836	4950	4852	4750	1547	1361	1840	2391	2422	724	2850	2846	2818	31	3103	2787	3238	2924	3250	3115	3010	3137	2991	2969	2929	2683	2646	3154	3090	3023	3087	2874	2454	2564	2707	476	332	668	640	384	140	400	513	504	444	287	453	535	529	523	593	569	544	668	656	701	333	324	413	494	485	472	568	568	568	568	709	657	747	733	785	762	867	865	865	865	865	845	839	995	981	960	955	956	843	984	1183	220	204	362	362	344	282	385	381	375	372	341	410
435.0000018576369	0	0	30	0	1617	3697	2449	9113	8504	8182	11430	6893	5010	4911	4809	1580	1392	1878	2434	2475	767	2896	2885	2875	28	3163	2855	3316	2987	3310	3177	3078	3195	3062	3028	2997	2765	2719	3232	3158	3099	3168	2957	2540	2648	2801	491	346	703	672	404	162	431	540	538	481	311	486	541	540	529	603	571	548	668	664	709	335	324	413	515	516	509	605	581	568	568	711	706	814	803	852	805	872	868	867	867	867	865	859	1044	1039	1021	999	977	877	986	1184	220	208	373	367	355	301	392	392	392	387	345	414
440.00000829338023	0	0	30	0	1617	3700	2477	9163	8548	8218	11478	6942	5077	4963	4874	1606	1429	1903	2484	2511	802	2943	2941	2918	34	3227	2923	3394	3051	3375	3232	3147	3269	3138	3104	3072	2835	2772	3322	3251	3183	3245	3051	2620	2750	2900	517	364	728	708	422	186	455	582	575	515	336	512	542	542	542	613	573	556	675	668	716	337	324	415	519	517	515	630	627	612	589	717	711	819	814	899	893	891	882	874	873	873	867	867	1056	1055	1045	1045	1037	945	991	1185	220	219	378	376	361	303	421	411	403	392	346	414
445.0000060873894	1	0	24	0	1617	3692	2513	9215	8591	8261	11533	6992	5126	5017	4942	1641	1458	1935	2525	2550	837	2985	2982	2972	38	3301	2987	3456	3123	3445	3299	3226	3340	3207	3191	3132	2914	2845	3399	3338	3262	3348	3129	2694	2817	3002	535	374	754	736	453	214	485	610	611	541	366	546	546	543	542	622	578	556	686	672	718	339	325	415	524	524	518	638	638	633	607	736	711	821	815	901	900	935	923	913	901	892	873	870	1062	1062	1060	1056	1055	962	1048	1188	220	220	399	394	368	308	443	441	439	423	346	419
450.00000247633346	2	0	28	0	1617	3714	2565	9267	8626	8317	11575	7030	5174	5065	5001	1672	1478	1966	2570	2602	880	3032	3026	3025	36	3348	3043	3527	3197	3513	3367	3295	3396	3278	3248	3194	2985	2919	3493	3422	3338	3446	3211	2769	2906	3113	551	390	785	767	478	238	522	645	638	576	386	584	551	548	543	623	587	559	688	681	719	339	329	422	524	524	521	638	639	637	639	789	713	822	816	901	900	1012	997	968	951	939	895	888	1070	1069	1066	1062	1062	981	1083	1237	224	220	402	400	376	340	453	452	446	444	394	473
455.000006434354	3	0	21	0	1620	3723	2619	9311	8659	8365	11621	7073	5230	5115	5068	1703	1495	2008	2615	2646	912	3079	3084	3072	28	3400	3104	3603	3258	3576	3443	3358	3465	3340	3318	3272	3069	3003	3575	3505	3422	3529	3306	2840	2994	3225	561	408	823	803	508	253	550	686	671	612	421	617	552	551	547	624	592	565	698	692	725	341	330	422	534	533	522	648	647	645	639	795	715	824	816	902	901	1032	1034	1032	1023	1015	926	914	1105	1101	1083	1072	1069	1036	1124	1286	235	220	406	402	391	352	462	458	454	452	398	478
460.00000093776066	2	0	26	0	1617	3729	2667	9358	8707	8401	11668	7127	5285	5171	5117	1727	1525	2048	2660	2688	955	3123	3124	3125	27	3456	3182	3664	3316	3643	3525	3438	3542	3415	3389	3335	3139	3073	3663	3590	3512	3612	3376	2934	3072	3315	580	424	846	838	548	280	590	724	707	652	447	658	558	556	551	632	597	575	714	695	732	348	332	422	537	536	524	652	648	648	641	797	730	836	828	912	902	1037	1037	1036	1024	1015	934	918	1110	1110	1110	1105	1096	1064	1158	1335	242	222	416	415	401	357	499	498	485	462	398	480
465.0000019578231	1	0	23	0	1625	3754	2704	9401	8760	8445	11711	7175	5338	5225	5177	1757	1556	2085	2686	2720	989	3168	3164	3167	22	3508	3243	3723	3381	3723	3577	3516	3613	3497	3464	3428	3223	3143	3755	3669	3602	3698	3443	3019	3154	3418	597	443	882	873	572	304	631	761	733	681	479	693	564	560	556	634	608	578	725	706	744	348	332	422	537	536	524	656	656	653	643	800	759	876	872	950	929	1039	1039	1038	1036	1031	958	940	1118	1110	1110	1109	1109	1068	1167	1370	250	226	419	417	403	369	513	509	506	499	403	480
470.000003339718	0	0	12	0	1636	3776	2726	9439	8796	8489	11766	7225	5382	5283	5236	1785	1578	2111	2727	2749	1017	3219	3214	3218	34	3555	3302	3791	3443	3787	3644	3605	3673	3578	3541	3499	3285	3210	3846	3758	3680	3793	3540	3113	3245	3508	617	469	920	905	608	321	667	796	775	715	514	728	568	564	560	639	615	587	738	723	750	348	332	422	537	536	524	658	658	656	655	818	762	877	873	965	964	1042	1039	1039	1039	1039	1003	986	1165	1150	1133	1121	1111	1069	1174	1384	259	232	423	423	414	379	526	524	516	513	416	480
475.0000118610798	2	0	17	0	1638	3800	2761	9477	8844	8525	11815	7269	5435	5332	5293	1823	1615	2136	2774	2781	1047	3262	3259	3262	36	3612	3359	3877	3508	3860	3717	3677	3739	3661	3613	3580	3368	3290	3936	3834	3754	3851	3634	3178	3342	3604	639	487	951	934	643	352	702	837	813	763	547	771	568	568	565	644	626	591	753	732	769	362	352	442	539	536	524	658	658	658	658	825	763	885	880	972	965	1070	1048	1042	1041	1041	1012	1001	1196	1196	1178	1164	1147	1071	1174	1398	261	243	423	423	417	389	536	535	530	526	439	511
480.0000028724722	1	0	26	0	1637	3786	2834	9518	8881	8565	11869	7318	5487	5384	5370	1854	1635	2165	2819	2819	1083	3308	3306	3318	24	3665	3418	3938	3583	3921	3777	3756	3815	3736	3689	3657	3447	3350	4016	3928	3849	3934	3712	3245	3423	3710	649	512	989	967	671	377	731	873	839	795	585	809	578	572	568	649	626	603	756	737	795	377	361	453	561	559	545	658	658	658	658	830	774	897	886	978	976	1103	1097	1083	1075	1069	1017	1011	1210	1206	1197	1197	1189	1088	1202	1401	261	259	442	432	423	401	560	559	556	538	464	553
485.00000186526415	0	0	15	0	1645	3814	2868	9557	8925	8613	11920	7361	5550	5438	5434	1882	1661	2185	2855	2862	1116	3360	3354	3368	25	3707	3481	4009	3659	3980	3841	3824	3897	3810	3767	3727	3533	3437	4113	4007	3929	4020	3788	3329	3506	3792	668	531	1021	991	701	406	764	909	870	841	616	844	579	579	579	662	628	620	771	747	810	385	374	469	570	561	547	679	674	662	658	831	815	942	928	1008	981	1108	1107	1106	1106	1106	1065	1060	1243	1222	1211	1209	1206	1122	1243	1426	261	260	467	461	423	405	578	568	563	560	469	560
490.00000208634486	0	0	17	0	1638	3842	2889	9591	8959	8657	11973	7406	5599	5490	5496	1916	1685	2221	2894	2902	1173	3411	3397	3428	38	3762	3534	4070	3714	4046	3912	3902	3970	3884	3837	3811	3598	3513	4172	4088	4018	4101	3858	3417	3571	3874	685	552	1063	1023	720	432	802	955	920	871	652	879	579	579	579	663	634	627	787	757	821	393	382	478	591	580	563	679	678	679	670	832	817	949	946	1044	1032	1122	1115	1113	1110	1109	1105	1106	1298	1279	1260	1245	1223	1167	1261	1470	268	260	470	468	431	417	582	579	578	578	497	567
495.00000383567124	0	0	19	0	1636	3837	2952	9639	8996	8702	12016	7455	5656	5536	5559	1941	1709	2254	2929	2937	1209	3461	3444	3473	32	3809	3599	4150	3774	4110	3983	3979	4033	3973	3929	3893	3676	3581	4262	4167	4083	4180	3932	3501	3651	3968	707	567	1093	1057	743	456	842	993	967	919	691	920	581	580	579	663	638	634	795	778	829	408	404	487	601	601	592	711	692	681	679	854	817	949	947	1045	1045	1131	1123	1123	1122	1123	1110	1111	1321	1317	1311	1299	1274	1186	1293	1484	280	261	477	474	458	419	598	589	585	583	546	629
500.0000034580661	1	0	21	0	1631	3879	2999	9681	9030	8743	12055	7502	5699	5593	5622	1965	1736	2281	2962	2969	1255	3516	3486	3518	34	3863	3649	4218	3836	4190	4043	4061	4100	4036	4004	3966	3752	3665	4348	4250	4169	4257	4005	3573	3728	4090	725	579	1123	1089	777	471	884	1034	992	958	730	968	589	584	580	664	649	644	808	792	830	408	404	500	625	623	614	729	725	717	695	862	821	952	947	1048	1048	1179	1159	1141	1133	1131	1123	1122	1337	1332	1329	1323	1319	1194	1295	1521	286	266	480	477	467	421	611	609	609	599	550	656
505.0000056634434	0	0	21	0	1631	3864	3046	9717	9071	8767	12107	7548	5763	5645	5681	1990	1767	2310	3003	3004	1298	3558	3528	3570	38	3912	3720	4284	3896	4266	4115	4153	4182	4094	4086	4028	3823	3742	4442	4347	4251	4340	4082	3654	3824	4194	744	597	1153	1120	804	504	934	1074	1024	994	778	1002	590	591	586	666	657	647	819	800	830	413	405	500	626	626	625	765	748	738	726	904	839	976	967	1053	1048	1197	1196	1191	1188	1178	1136	1133	1348	1342	1342	1339	1335	1216	1332	1525	290	279	484	482	474	421	613	613	613	611	565	663
510.0000001583916	0	0	23	0	1627	3885	3102	9754	9106	8800	12166	7591	5824	5705	5736	2013	1791	2338	3042	3041	1339	3621	3566	3619	36	3964	3789	4343	3959	4332	4179	4226	4258	4165	4154	4094	3897	3807	4537	4425	4331	4439	4169	3725	3927	4289	766	615	1174	1158	833	534	974	1108	1066	1026	816	1040	600	593	591	673	661	653	821	801	830	413	405	500	628	628	627	766	766	766	751	921	844	978	968	1053	1048	1200	1197	1195	1196	1196	1181	1170	1376	1366	1354	1352	1343	1255	1379	1560	291	284	506	501	477	425	613	613	613	613	601	706
515.0000026658838	2	0	19	0	1633	3890	3149	9789	9146	8834	12206	7639	5875	5756	5784	2040	1811	2377	3090	3083	1369	3667	3631	3663	37	4015	3838	4417	4022	4398	4247	4319	4331	4237	4234	4164	3965	3871	4608	4483	4404	4545	4255	3799	4022	4393	788	631	1204	1184	864	563	1013	1139	1099	1077	849	1075	605	604	595	676	662	655	831	814	839	415	405	507	636	636	628	769	769	767	765	954	844	979	974	1063	1048	1200	1200	1200	1200	1200	1194	1187	1398	1399	1391	1379	1362	1305	1436	1604	301	284	509	506	480	425	617	616	614	613	610	727
520.0000025522828	1	0	12	0	1646	3882	3223	9836	9180	8877	12247	7680	5918	5803	5840	2066	1837	2404	3125	3121	1401	3710	3678	3710	30	4068	3894	4468	4084	4462	4319	4393	4393	4330	4317	4245	4041	3957	4694	4582	4486	4628	4339	3878	4123	4481	808	647	1233	1211	892	591	1049	1172	1132	1137	883	1118	605	605	604	682	663	658	840	831	857	416	405	507	640	639	638	771	771	770	769	961	850	981	974	1082	1080	1200	1200	1200	1200	1200	1200	1200	1428	1425	1411	1400	1397	1339	1490	1669	310	285	511	510	495	460	617	617	617	617	613	738
525.0000097078749	0	0	13	0	1652	3922	3276	9875	9219	8900	12289	7729	5982	5839	5884	2090	1861	2433	3162	3163	1427	3754	3733	3765	27	4125	3965	4526	4144	4528	4394	4478	4464	4392	4388	4317	4106	4021	4791	4644	4560	4705	4427	3958	4218	4579	832	663	1257	1240	920	620	1098	1211	1176	1176	918	1167	612	605	605	689	663	661	847	838	872	424	418	522	640	640	639	788	786	780	771	964	850	981	975	1082	1080	1203	1200	1200	1200	1200	1200	1200	1429	1428	1427	1427	1426	1354	1524	1735	322	295	521	510	507	475	643	632	619	617	614	753
530.0000015479773	0	0	16	0	1654	3933	3325	9906	9257	8935	12317	7770	6033	5885	5942	2122	1889	2471	3212	3211	1462	3802	3777	3808	31	4191	4008	4588	4211	4588	4453	4555	4529	4478	4472	4399	4167	4077	4882	4739	4647	4806	4516	4039	4293	4677	847	674	1294	1271	950	645	1138	1256	1210	1220	965	1211	614	615	605	691	665	668	851	844	881	430	423	526	659	656	641	789	789	788	787	980	885	1014	998	1088	1083	1233	1225	1212	1207	1203	1200	1200	1429	1429	1429	1429	1428	1388	1530	1778	333	295	523	523	511	479	674	669	662	638	617	767
535.0000045983656	1	0	14	0	1652	3930	3355	9950	9292	8971	12350	7818	6083	5939	5991	2154	1908	2497	3249	3244	1496	3854	3820	3851	47	4252	4075	4647	4278	4642	4541	4630	4622	4556	4539	4459	4242	4155	4963	4814	4723	4901	4597	4121	4366	4777	871	691	1331	1310	988	669	1166	1295	1245	1262	998	1255	619	615	615	695	669	674	858	845	892	438	424	527	664	661	645	789	789	789	789	986	899	1034	1020	1114	1092	1234	1234	1234	1234	1234	1208	1205	1429	1429	1429	1429	1429	1428	1533	1781	342	313	523	523	511	481	680	678	677	675	619	773
540.0000177438255	0	0	18	0	1644	3911	3406	9987	9336	8992	12386	7859	6126	5991	6046	2182	1938	2522	3281	3281	1542	3897	3864	3903	30	4315	4140	4711	4325	4710	4614	4701	4691	4639	4619	4524	4311	4216	5047	4896	4810	4987	4676	4205	4451	4885	885	709	1368	1339	1015	693	1207	1332	1284	1306	1031	1301	621	620	615	703	673	677	863	851	909	443	424	527	664	661	648	797	797	795	789	991	906	1036	1030	1136	1136	1241	1237	1236	1235	1235	1219	1212	1438	1432	1432	1432	1429	1429	1565	1786	342	324	551	538	523	504	693	691	690	683	655	790
545.0000024355338	1	0	7	0	1659	3947	3440	10038	9369	9024	12430	7908	6183	6033	6108	2207	1965	2549	3325	3320	1566	3934	3917	3949	42	4364	4195	4778	4397	4781	4676	4778	4766	4711	4684	4595	4394	4291	5135	4975	4895	5055	4771	4282	4532	4983	899	730	1398	1361	1048	720	1246	1362	1329	1349	1086	1335	623	621	620	703	676	681	865	862	925	459	440	532	664	661	649	805	799	799	797	1002	907	1037	1030	1138	1138	1252	1243	1241	1240	1239	1235	1235	1466	1455	1442	1441	1432	1429	1598	1812	345	324	551	551	523	507	706	703	701	692	672	826
550.0000004818135	1	0	21	0	1652	3966	3494	10075	9405	9060	12470	7949	6230	6080	6164	2231	1989	2577	3367	3360	1608	3985	3958	3995	33	4407	4258	4840	4454	4853	4752	4856	4829	4793	4768	4675	4470	4357	5234	5071	4966	5152	4854	4370	4645	5114	920	744	1419	1390	1076	754	1286	1406	1365	1379	1118	1379	628	625	622	710	681	686	877	864	939	466	457	563	685	675	651	805	805	805	805	1004	946	1090	1072	1157	1138	1291	1277	1266	1258	1253	1241	1240	1469	1468	1467	1468	1451	1431	1631	1856	351	324	552	551	536	511	736	731	723	707	689	845
555.000011429783	0	0	12	0	1667	3980	3551	10108	9441	9096	12509	7993	6277	6126	6219	2251	2015	2613	3395	3400	1634	4029	4004	4034	35	4466	4312	4896	4522	4926	4819	4945	4897	4862	4840	4761	4547	4453	5320	5152	5042	5237	4938	4443	4743	5223	939	763	1449	1417	1107	778	1315	1448	1391	1409	1154	1431	638	628	625	713	685	694	881	877	959	475	459	565	702	689	653	807	806	806	805	1014	949	1098	1094	1202	1189	1295	1297	1297	1297	1288	1249	1242	1482	1480	1478	1473	1468	1441	1637	1899	361	324	552	552	550	513	737	737	737	736	692	848
560.0000007370139	1	0	9	0	1667	3957	3588	10150	9484	9129	12554	8025	6313	6175	6282	2275	2038	2643	3419	3438	1665	4066	4059	4098	36	4527	4372	4965	4580	5008	4893	5018	4978	4942	4899	4822	4615	4510	5408	5234	5124	5312	5014	4522	4854	5324	957	782	1476	1452	1140	802	1361	1492	1437	1440	1188	1477	649	643	629	715	686	709	899	879	965	475	459	565	703	691	666	807	807	807	806	1019	957	1107	1102	1208	1202	1299	1299	1299	1299	1297	1269	1263	1495	1486	1486	1484	1481	1441	1646	1901	369	349	579	557	550	513	752	749	744	738	706	866
565.0000169167599	0	0	10	0	1664	3942	3666	10183	9524	9159	12604	8062	6351	6226	6346	2302	2064	2679	3466	3464	1705	4119	4114	4149	36	4588	4431	5016	4640	5073	4957	5087	5052	5018	4958	4902	4672	4586	5501	5305	5209	5387	5082	4611	4958	5416	973	799	1511	1481	1162	834	1404	1529	1473	1480	1222	1520	652	649	645	721	697	718	911	892	970	483	474	581	705	695	672	821	822	810	807	1023	968	1121	1117	1226	1212	1348	1331	1313	1306	1301	1298	1299	1543	1528	1509	1498	1487	1443	1655	1913	369	352	580	580	552	524	756	754	753	752	736	910
570.0000045096915	0	0	6	0	1662	3930	3713	10226	9563	9199	12645	8115	6401	6277	6397	2331	2088	2706	3510	3495	1737	4166	4164	4190	33	4643	4497	5079	4705	5141	5029	5163	5127	5083	5022	4971	4739	4656	5578	5392	5298	5468	5172	4696	5062	5507	989	816	1536	1508	1187	862	1437	1575	1519	1520	1264	1562	653	652	650	738	705	721	932	908	972	483	474	584	711	703	690	843	827	822	816	1032	969	1122	1117	1226	1226	1369	1367	1363	1355	1350	1309	1305	1558	1554	1552	1542	1524	1443	1658	1926	372	353	580	580	557	525	767	761	757	756	741	917
575.0000137790809	0	0	8	0	1664	3922	3738	10266	9592	9232	12687	8159	6456	6325	6456	2365	2115	2739	3531	3524	1773	4210	4215	4238	48	4696	4552	5142	4768	5210	5094	5242	5210	5153	5088	5044	4819	4734	5666	5472	5377	5561	5234	4788	5153	5620	1009	839	1562	1543	1222	883	1476	1610	1557	1552	1312	1606	659	654	652	740	707	723	945	923	982	498	494	606	734	729	727	861	849	847	833	1045	977	1130	1118	1228	1226	1381	1379	1372	1370	1370	1330	1323	1576	1576	1565	1559	1555	1471	1658	1940	373	361	596	582	580	525	770	770	770	767	754	928
580.0000017439407	0	0	20	0	1656	3919	3761	10313	9622	9276	12724	8195	6508	6375	6520	2393	2147	2767	3571	3567	1820	4257	4270	4281	46	4762	4599	5194	4829	5284	5150	5300	5298	5232	5143	5130	4877	4818	5740	5553	5465	5645	5328	4869	5244	5718	1025	855	1590	1579	1256	907	1522	1645	1594	1601	1356	1658	659	658	654	743	711	724	948	943	995	504	495	608	757	747	732	892	892	872	851	1073	988	1147	1136	1233	1226	1395	1395	1391	1388	1383	1333	1326	1588	1587	1587	1580	1576	1494	1665	1947	375	372	609	599	580	526	773	773	773	771	757	948
585.0000051694022	0	0	13	0	1657	3901	3797	10351	9653	9308	12763	8246	6557	6424	6575	2415	2165	2795	3621	3605	1857	4298	4313	4335	52	4819	4641	5265	4880	5354	5222	5365	5378	5296	5220	5217	4955	4889	5816	5647	5549	5715	5417	4952	5340	5825	1040	873	1623	1607	1295	935	1557	1684	1647	1636	1387	1710	660	659	659	745	714	728	956	951	1004	515	511	626	765	764	760	908	896	893	892	1102	993	1150	1145	1259	1240	1396	1396	1395	1395	1395	1343	1333	1589	1589	1589	1589	1587	1499	1666	1952	377	373	623	617	581	526	779	778	776	773	770	963
590.0000033813557	0	0	11	0	1663	3914	3835	10388	9683	9340	12798	8286	6607	6476	6624	2446	2190	2839	3667	3652	1891	4352	4360	4383	49	4868	4707	5335	4926	5421	5288	5447	5458	5357	5294	5285	5010	4980	5891	5728	5630	5770	5511	5029	5430	5926	1055	892	1649	1637	1327	961	1604	1728	1685	1670	1423	1760	661	661	660	751	717	728	961	954	1011	515	511	626	783	778	766	935	928	916	897	1123	998	1159	1156	1272	1261	1398	1399	1398	1398	1398	1372	1361	1618	1606	1596	1590	1589	1542	1668	1955	377	375	628	623	598	558	787	786	782	779	773	967
595.0000034015316	0	0	12	0	1675	3892	3894	10418	9720	9372	12833	8319	6650	6544	6691	2485	2210	2860	3708	3687	1920	4406	4407	4428	28	4936	4755	5406	4976	5494	5354	5522	5526	5431	5359	5340	5094	5047	5974	5806	5702	5844	5586	5110	5526	6019	1081	917	1691	1673	1357	986	1645	1773	1721	1709	1469	1796	664	661	661	752	722	729	965	960	1040	532	515	626	783	778	766	935	935	935	921	1146	1003	1161	1156	1272	1272	1414	1400	1399	1399	1399	1374	1361	1627	1627	1626	1619	1604	1567	1691	1956	378	377	632	629	618	558	793	790	790	787	775	973
600.0000031345684	1	0	19	0	1676	3878	3935	10454	9753	9400	12879	8355	6703	6595	6750	2517	2240	2894	3739	3728	1958	4452	4462	4478	43	4987	4822	5463	5015	5551	5433	5594	5594	5516	5431	5411	5168	5123	6066	5888	5776	5923	5661	5184	5632	6129	1096	939	1717	1700	1391	1020	1681	1815	1753	1752	1512	1841	667	666	662	754	740	731	967	965	1060	544	532	645	786	778	766	935	935	935	926	1155	1008	1163	1156	1272	1272	1438	1435	1434	1427	1418	1376	1368	1629	1627	1627	1627	1627	1567	1729	1980	379	377	636	632	622	558	826	822	813	795	782	986
