>time	Ribosome	coli Pol	coli Pol-P	coli Pol-2.0	coli Pol-P-2.0	gp1	gp1-3.5	gp0.3	gp0.4	gp0.5	gp0.6A	gp0.7	gp1.1	gp1.2	gp1.3	gp1.4	gp1.5	gp1.6	gp1.7	gp1.8	gp2.0	gp2.5	gp2.8	gp3.0	gp3.5	gp3.8	gp4A	gp4.2	gp4.3	gp4.5	gp4.7	gp5.0	gp5.3	gp5.5	gp5.7	gp5.9	gp6.0	gp6.3	gp6.5	gp6.7	gp7	gp7.3	gp7.7	gp8	gp9	gp10A	gp11	gp12	gp13	gp14	gp15	gp16	gp17	gp17.5	gp18	gp18.5	gp19	gp19.5
1.1034875667285108E-4	0	0	0	0	0	0	0	0	0	0	0	0	0	0	0	0	0	0	0	0	0	0	0	0	0	0	0	0	0	0	0	0	0	0	0	0	0	0	0	0	0	0	0	0	0	0	0	0	0	0	0	0	0	0	0	0	0	0
5.000958295641224	0	0	0	0	0	0	0	0	0	0	0	0	0	0	0	0	0	0	0	0	0	0	0	0	0	0	0	0	0	0	0	0	0	0	0	0	0	0	0	0	0	0	0	0	0	0	0	0	0	0	0	0	0	0	0	0	0	0
10.007209167609036	0	0	0	0	0	0	0	0	0	0	0	0	0	0	0	0	0	0	0	0	0	0	0	0	0	0	0	0	0	0	0	0	0	0	0	0	0	0	0	0	0	0	0	0	0	0	0	0	0	0	0	0	0	0	0	0	0	0
15.001575448448605	0	0	0	0	0	0	0	0	0	0	0	0	0	0	0	0	0	0	0	0	0	0	0	0	0	0	0	0	0	0	0	0	0	0	0	0	0	0	0	0	0	0	0	0	0	0	0	0	0	0	0	0	0	0	0	0	0	0
20.00388115650632	0	0	0	0	0	0	0	0	0	0	0	0	0	0	0	0	0	0	0	0	0	0	0	0	0	0	0	0	0	0	0	0	0	0	0	0	0	0	0	0	0	0	0	0	0	0	0	0	0	0	0	0	0	0	0	0	0	0
25.000553846199995	0	0	0	0	0	0	0	0	0	0	0	0	0	0	0	0	0	0	0	0	0	0	0	0	0	0	0	0	0	0	0	0	0	0	0	0	0	0	0	0	0	0	0	0	0	0	0	0	0	0	0	0	0	0	0	0	0	0
30.000402618077086	0	0	0	0	0	0	0	702	156	0	0	0	0	0	0	0	0	0	0	0	0	0	0	0	0	0	0	0	0	0	0	0	0	0	0	0	0	0	0	0	0	0	0	0	0	0	0	0	0	0	0	0	0	0	0	0	0	0
35.000367615823535	0	0	0	0	0	0	0	2223	780	0	0	0	0	0	0	0	0	0	0	0	0	0	0	0	0	0	0	0	0	0	0	0	0	0	0	0	0	0	0	0	0	0	0	0	0	0	0	0	0	0	0	0	0	0	0	0	0	0
40.00010071008416	0	0	0	0	0	0	0	4095	1508	560	212	0	0	0	0	0	0	0	0	0	0	0	0	0	0	0	0	0	0	0	0	0	0	0	0	0	0	0	0	0	0	0	0	0	0	0	0	0	0	0	0	0	0	0	0	0	0	0
45.0000091731896	0	0	0	0	0	0	0	6552	2756	1232	636	0	0	0	0	0	0	0	0	0	0	0	0	0	0	0	0	0	0	0	0	0	0	0	0	0	0	0	0	0	0	0	0	0	0	0	0	0	0	0	0	0	0	0	0	0	0	0
50.0004892813989	0	0	0	0	0	0	0	10530	4316	2352	1431	0	0	0	0	0	0	0	0	0	0	0	0	0	0	0	0	0	0	0	0	0	0	0	0	0	0	0	0	0	0	0	0	0	0	0	0	0	0	0	0	0	0	0	0	0	0	0
55.00036079711471	0	0	0	0	0	0	0	16263	6396	3808	3180	0	0	0	0	0	0	0	0	0	0	0	0	0	0	0	0	0	0	0	0	0	0	0	0	0	0	0	0	0	0	0	0	0	0	0	0	0	0	0	0	0	0	0	0	0	0	0
60.00002205148083	0	0	0	0	0	0	0	20943	8684	5768	5777	0	0	0	0	0	0	0	0	0	0	0	0	0	0	0	0	0	0	0	0	0	0	0	0	0	0	0	0	0	0	0	0	0	0	0	0	0	0	0	0	0	0	0	0	0	0	0
65.00019265413842	0	0	0	0	0	0	0	26208	10816	7952	8745	0	0	0	0	0	0	0	0	0	0	0	0	0	0	0	0	0	0	0	0	0	0	0	0	0	0	0	0	0	0	0	0	0	0	0	0	0	0	0	0	0	0	0	0	0	0	0
70.00034407879366	0	0	0	0	0	0	0	32994	13208	10528	11554	1436	0	0	0	0	0	0	0	0	0	0	0	0	0	0	0	0	0	0	0	0	0	0	0	0	0	0	0	0	0	0	0	0	0	0	0	0	0	0	0	0	0	0	0	0	0	0
75.00025870455019	0	0	0	0	0	0	0	39663	16484	13944	15211	5385	0	0	0	0	0	0	0	0	0	0	0	0	0	0	0	0	0	0	0	0	0	0	0	0	0	0	0	0	0	0	0	0	0	0	0	0	0	0	0	0	0	0	0	0	0	0
80.00016417061394	0	0	0	0	0	0	0	47736	19604	17192	19186	13642	0	0	0	0	0	0	0	0	0	0	0	0	0	0	0	0	0	0	0	0	0	0	0	0	0	0	0	0	0	0	0	0	0	0	0	0	0	0	0	0	0	0	0	0	0	0
85.00046063354863	0	0	0	0	0	0	0	55692	23400	20944	23691	26925	0	0	0	0	0	0	0	0	0	0	0	0	0	0	0	0	0	0	0	0	0	0	0	0	0	0	0	0	0	0	0	0	0	0	0	0	0	0	0	0	0	0	0	0	0	0
90.00010033334668	0	0	0	0	0	0	0	66456	27976	25984	28832	41644	0	0	0	0	0	0	0	0	0	0	0	0	0	0	0	0	0	0	0	0	0	0	0	0	0	0	0	0	0	0	0	0	0	0	0	0	0	0	0	0	0	0	0	0	0	0
95.00017609973654	0	0	0	0	0	0	0	79209	32812	30744	34132	60312	0	0	0	0	0	0	0	0	0	0	0	0	0	0	0	0	0	0	0	0	0	0	0	0	0	0	0	0	0	0	0	0	0	0	0	0	0	0	0	0	0	0	0	0	0	0
100.00010786537894	0	0	0	0	0	0	0	90792	38584	36400	40757	81134	0	0	0	0	0	0	0	0	0	0	0	0	0	0	0	0	0	0	0	0	0	0	0	0	0	0	0	0	0	0	0	0	0	0	0	0	0	0	0	0	0	0	0	0	0	0
105.0000268193509	0	0	0	0	0	0	0	104715	44720	42000	47223	103392	0	0	0	0	0	0	0	0	0	0	0	0	0	0	0	0	0	0	0	0	0	0	0	0	0	0	0	0	0	0	0	0	0	0	0	0	0	0	0	0	0	0	0	0	0	0
110.00002103233996	0	0	0	0	0	0	0	119457	51272	48104	55226	134266	0	0	0	0	0	0	0	0	0	0	0	0	0	0	0	0	0	0	0	0	0	0	0	0	0	0	0	0	0	0	0	0	0	0	0	0	0	0	0	0	0	0	0	0	0	0
115.00000343207553	0	0	0	0	0	0	0	131859	57824	54936	63229	165858	0	0	0	0	0	0	0	0	0	0	0	0	0	0	0	0	0	0	0	0	0	0	0	0	0	0	0	0	0	0	0	0	0	0	0	0	0	0	0	0	0	0	0	0	0	0
120.00006383412787	0	0	0	0	0	0	0	149058	64844	62104	71020	196014	0	0	0	0	0	0	0	0	0	0	0	0	0	0	0	0	0	0	0	0	0	0	0	0	0	0	0	0	0	0	0	0	0	0	0	0	0	0	0	0	0	0	0	0	0	0
125.00008577920377	0	0	0	0	0	0	0	166725	72644	69608	79023	234427	0	0	0	0	0	0	0	0	0	0	0	0	0	0	0	0	0	0	0	0	0	0	0	0	0	0	0	0	0	0	0	0	0	0	0	0	0	0	0	0	0	0	0	0	0	0
130.00035636574933	0	0	0	0	0	5298	0	186498	80548	77504	88404	275712	0	0	0	0	0	0	0	0	0	0	0	0	0	0	0	0	0	0	0	0	0	0	0	0	0	0	0	0	0	0	0	0	0	0	0	0	0	0	0	0	0	0	0	0	0	0
135.00008619824112	0	0	0	0	0	12362	0	206973	87516	87528	98845	319151	42	0	0	0	0	0	0	0	0	0	0	0	0	0	0	0	0	0	0	0	0	0	0	0	0	0	0	0	0	0	0	0	0	0	0	0	0	0	0	0	0	0	0	0	0	0
140.00013732057394	0	0	0	0	0	30022	0	225810	95316	97384	109657	365462	462	0	0	0	0	0	0	0	0	0	0	0	0	0	0	0	0	0	0	0	0	0	0	0	0	0	0	0	0	0	0	0	0	0	0	0	0	0	0	0	0	0	0	0	0	0
145.0001748543846	0	0	0	0	0	59161	0	246051	104000	106960	120946	418235	1050	430	0	0	0	0	0	0	0	0	0	0	0	0	0	0	0	0	0	0	0	0	0	0	0	0	0	0	0	0	0	0	0	0	0	0	0	0	0	0	0	0	0	0	0	0
150.00003370561515	0	0	0	0	0	102428	0	266409	112788	116760	132606	476393	2268	1892	0	0	0	0	0	0	0	0	0	0	0	0	0	0	0	0	0	0	0	0	0	0	0	0	0	0	0	0	0	0	0	0	0	0	0	0	0	0	0	0	0	0	0	0
155.00006849178598	0	0	0	0	0	143929	0	288873	122408	127064	144690	539218	4116	4558	0	0	0	0	0	0	0	0	0	0	0	0	0	0	0	0	0	0	0	0	0	0	0	0	0	0	0	0	0	0	0	0	0	0	0	0	0	0	0	0	0	0	0	0
160.00000924207288	0	0	0	0	0	208388	0	314730	132392	138264	157092	599171	6888	8256	0	0	0	0	0	0	0	0	0	0	0	0	0	0	0	0	0	0	0	0	0	0	0	0	0	0	0	0	0	0	0	0	0	0	0	0	0	0	0	0	0	0	0	0
165.00004479129623	0	0	0	0	0	263134	0	339417	143676	149016	170501	670612	9744	12814	0	0	0	0	0	0	0	0	0	0	0	0	0	0	0	0	0	0	0	0	0	0	0	0	0	0	0	0	0	0	0	0	0	0	0	0	0	0	0	0	0	0	0	0
170.000002117607	0	0	0	0	0	332891	0	363753	154388	160776	182903	743130	13566	19350	4667	0	87	0	0	0	0	0	0	0	0	0	0	0	0	0	0	0	0	0	0	0	0	0	0	0	0	0	0	0	0	0	0	0	0	0	0	0	0	0	0	0	0	0
175.00002112131992	0	0	0	0	0	419425	0	389961	166400	171976	196630	815648	18018	27348	14719	357	290	86	0	48	0	0	0	0	0	0	0	0	0	0	0	0	0	0	0	0	0	0	0	0	0	0	0	0	0	0	0	0	0	0	0	0	0	0	0	0	0	0
180.00001140327518	0	0	0	0	0	507725	0	417690	178568	185024	210410	888884	23436	36464	28361	1071	551	688	0	384	330	0	0	0	0	0	0	0	0	0	0	0	0	0	0	0	0	0	0	0	0	0	0	0	0	0	0	0	0	0	0	0	0	0	0	0	0	0
185.00000075530673	0	0	0	0	0	612802	0	445536	190580	198240	226257	969300	28140	45924	47029	1785	986	2150	394	1104	924	0	0	0	0	0	0	0	0	0	0	0	0	0	0	0	0	0	0	0	0	0	0	0	0	0	0	0	0	0	0	0	0	0	0	0	0	0
190.00001628971327	0	0	0	0	0	715230	0	473031	203372	210448	241839	1055101	34020	57362	72518	2703	1450	4644	2758	2784	3102	0	560	0	0	0	0	0	0	0	0	0	0	0	0	0	0	0	0	0	0	0	0	0	0	0	0	0	0	0	0	0	0	0	0	0	0	0
195.00002824171716	0	0	0	0	0	828254	0	502398	216528	222880	256891	1145928	40992	67596	104469	3825	2146	7396	6501	4800	6006	1160	2100	894	456	242	0	0	0	0	0	0	0	0	0	0	0	0	0	0	0	0	0	0	0	0	0	0	0	0	0	0	0	0	0	0	0	0
200.00001068319025	0	0	0	0	0	963353	0	532818	231192	236880	272261	1232806	48636	80238	140369	5508	3074	10492	14775	7392	9174	4872	6860	4023	2280	1936	0	224	0	0	0	0	0	0	0	0	0	0	0	0	0	0	0	0	0	0	0	0	0	0	0	0	0	0	0	0	0	0
205.0000271732116	0	0	0	0	0	1103750	0	567099	245908	250432	287631	1329018	55524	95460	185962	7497	4060	14448	25807	10512	13398	15312	14840	9983	8056	6292	0	1680	770	801	0	0	0	0	0	0	0	0	0	0	0	0	0	0	0	0	0	0	0	0	0	0	0	0	0	0	0	0
210.00000091989617	0	0	0	0	0	1257392	0	599391	259740	265160	303743	1427384	63042	111714	229042	9894	5191	19178	37233	13920	18216	28768	23100	18625	15808	13552	0	4928	1890	3115	1755	0	0	0	0	0	0	0	0	0	0	0	0	0	0	0	0	0	0	0	0	0	0	0	0	0	0	0
215.00002485858963	0	0	0	0	0	1403087	0	631917	271752	278264	318901	1531135	70392	126592	272840	12495	6177	23908	51220	17664	22704	48024	34860	29502	26296	23716	0	10864	4620	7120	5535	0	0	0	0	0	0	0	0	0	0	0	0	0	0	0	0	0	0	0	0	0	0	0	0	0	0	0
220.00001699436896	0	0	0	0	0	1562027	0	660816	283348	290024	332310	1634168	77700	141040	332075	14535	7105	30014	68556	21312	26862	69600	46900	42465	36328	32307	0	16800	7560	11303	10260	0	826	714	420	477	0	0	0	0	0	0	0	0	0	0	0	0	0	0	0	0	0	0	0	0	0	0
225.00000107289245	0	0	0	0	0	1726265	0	685737	293020	299544	344394	1736124	83580	154370	401721	16779	8352	35862	88059	25056	30954	92568	57960	54385	47272	41745	0	23968	11200	16732	15120	0	2124	1938	1960	901	0	407	336	89	0	0	0	0	0	0	0	0	0	0	0	0	0	0	0	0	0	0
230.0000103169487	0	0	0	0	0	1932887	0	707616	302328	309512	354570	1834849	89880	165980	462751	19227	9599	41108	102440	28032	34782	112752	68460	66305	57912	51062	6792	29792	15750	23763	22950	0	4366	4182	3360	2014	0	777	1092	1157	133	101	0	0	0	0	0	0	0	0	0	0	0	0	0	0	0	0
235.00000524131525	0	0	0	0	0	2135977	0	729261	309920	318976	364534	1933215	95970	178278	532038	21522	10614	46096	119973	32064	40590	133864	80220	78970	69768	59895	24338	37744	20160	29014	31590	0	8142	7752	6090	3074	900	1332	2772	2492	1064	909	910	0	0	0	0	0	0	0	0	0	0	0	0	0	0	0
240.0000121931648	0	0	0	0	0	2361142	0	748098	318240	326592	374922	2021888	100674	190318	588042	23307	11861	51686	133369	36240	45408	152656	91840	89549	81168	70906	58298	44240	23870	34443	40770	0	14278	12138	9030	5671	5100	2257	4284	3738	2660	2626	2340	0	0	0	0	0	0	0	0	0	0	0	0	0	0	0
245.00001693243644	0	0	0	0	0	2570413	0	764946	325000	334320	383561	2095483	105798	199778	648354	25041	12963	55900	151296	40080	50688	171216	102060	100128	92264	81917	95088	51296	27020	39872	49275	704	20768	18156	13510	8056	9600	3515	6720	6497	4921	5151	3900	0	0	0	0	0	0	0	0	0	0	0	0	0	0	0
250.00000409786958	0	0	0	0	0	2764673	0	783081	332540	340872	391405	2165847	110544	209754	708666	27234	14181	61318	168238	43344	54714	190704	114240	110558	101840	90871	134142	61600	29540	45746	57375	7744	28556	24276	17710	11024	20700	5254	10584	9879	8113	7676	6110	0	0	0	0	0	0	0	0	0	0	0	0	0	0	0
255.00000423570555	0	0	0	0	0	2994253	0	797940	338936	347088	398401	2233339	115206	219730	760362	28866	15167	66048	183604	46896	57948	209728	125300	122627	113392	101398	169800	69552	33880	51175	65340	26048	36580	30498	21770	14257	30600	7770	15036	13795	13167	10807	9230	0	307	0	196	0	0	0	0	0	0	0	0	0	0	0
260.0000123171826	0	0	0	0	0	3217652	0	812448	344760	352576	404973	2291856	119490	229878	812776	30753	15921	70176	195818	49728	62238	230608	136360	133355	124792	111199	211118	78176	38570	57939	74925	50688	43660	37026	25130	17066	48000	9657	21252	18601	19950	15453	14300	0	2149	345	196	0	0	0	0	0	0	0	0	0	0	0
265.0000047934687	0	0	0	0	0	3444583	0	827541	350012	360136	411386	2355399	123858	239080	856215	33099	16849	74992	208623	52752	65340	246616	147000	146616	135128	123299	250738	87584	42910	65326	85320	83776	51094	43044	28910	19716	62100	11914	27300	24119	28595	22220	20930	3222	6754	2760	588	0	0	0	0	0	0	0	0	0	0	0
270.00000061891944	0	0	0	0	0	3655620	0	842517	355420	365792	416527	2406377	127974	246734	896782	34833	17806	79550	220837	55392	68838	265176	155400	159430	145920	132858	293188	96768	48650	72357	94905	130944	58764	48450	32270	22684	78000	13542	31836	29459	35644	27472	29250	8592	13508	6555	980	0	0	0	0	0	0	0	0	0	0	0
275.00001022444246	0	0	0	0	0	3856944	0	853281	361088	370664	423417	2454842	132132	254560	936631	36771	18763	84022	233051	58848	72600	284200	165620	170307	158232	144474	334506	107520	54530	81257	107865	178112	67142	56610	36190	26129	95100	15207	36708	34888	45885	33532	36400	17721	20876	12075	1960	0	828	392	0	0	0	0	0	0	0	0
280.00001241580804	0	0	0	0	0	4014118	0	864396	365196	376656	429618	2499717	135828	261268	973967	38403	19894	87892	244477	61872	75900	299744	176260	180290	168872	155001	372428	117152	60060	88911	119070	228800	77172	64566	40810	30475	114000	17575	41832	40673	53466	40198	43550	27387	28858	20700	2940	0	2208	1764	0	0	0	0	0	0	0	0
285.0000026447884	0	0	0	0	0	4156281	0	876564	369824	381136	435077	2537053	139734	268492	1015611	40137	20445	92278	257282	64176	78936	316912	186200	189379	178296	164681	413746	125552	65100	96387	129600	281600	87084	73440	47390	34662	129300	20498	47880	47348	63707	47066	50830	47793	48813	29670	3920	0	3864	2940	0	0	0	0	0	0	0	0
290.0000027200718	0	0	0	0	0	4295795	0	886860	374296	385672	440483	2570440	142968	275974	1053665	41820	21315	96320	269693	66240	82104	330368	194180	198766	185744	172667	462988	133168	69650	103062	141075	336512	97468	82110	53060	39167	145500	23088	54516	54468	74081	54035	59150	69273	68154	38985	5292	0	4968	4508	0	0	0	0	0	0	0	0
295.00001412571754	0	0	0	0	0	4437075	0	896103	378092	390600	444405	2611007	146580	281650	1089924	43197	22330	99244	282892	68688	86394	345680	202440	208451	194712	181500	512796	141904	75110	113297	151740	389312	107144	91086	58100	44255	166200	25900	62916	63546	84721	61408	69680	96660	84118	54165	7644	0	6210	6272	0	0	0	0	0	0	0	0
300.0000071538751	0	0	0	0	0	4563344	0	904995	382044	394352	449122	2648343	149394	288874	1127619	44982	23229	102254	294515	70464	89892	356816	210840	215603	202768	187671	566000	151984	79940	119972	162810	440000	116466	97410	63210	48230	187800	28527	70644	70844	95627	71104	81120	132639	101924	71415	8624	794	7866	8036	0	0	0	0	0	0	0	0
305.00000061126747	0	0	0	0	0	4687847	0	915876	386620	397488	453203	2690346	152418	295840	1165314	46308	24273	105608	304365	73296	92598	371200	218400	224692	211736	196746	614110	159600	84280	126469	171990	491392	126260	105774	68530	52735	210900	30969	77868	78854	107065	79992	92820	167007	122493	91425	10976	1588	10488	11564	0	0	0	67	0	0	0	0
310.0000022566676	0	0	0	0	0	4810584	0	925470	390780	402080	457973	2721938	155232	301946	1201932	47736	25143	109306	315988	75600	96492	384424	226240	232291	218424	204853	657692	166656	88760	133767	182790	552640	134402	112506	74270	57028	237000	34225	86016	87131	119168	87668	103610	200301	144290	108330	12348	3176	14352	14504	0	0	0	469	267	143	0	0
315.0000089601666	0	0	0	0	0	4906831	0	933777	394836	405160	461418	2758197	157920	307364	1233524	49266	25868	111628	327414	77472	99264	397880	235060	239592	227088	212839	698444	173712	94010	140620	194265	610368	143960	121278	79170	60897	256200	36667	94164	95052	129675	96556	113360	237891	167622	139035	16072	4764	18492	19012	747	0	0	871	801	429	0	0
320.00000395692865	0	0	0	0	0	5012791	0	941616	397852	408464	465552	2796610	161196	313556	1262962	50592	26854	114810	339037	80304	103422	410872	242060	247936	234840	220946	742592	181664	99050	147473	203445	687104	153990	130866	84700	64236	279300	39553	102060	103240	142443	104737	125190	264741	198015	165255	20188	8734	21942	23912	2988	0	0	1608	1424	858	0	196
325.0000024520063	0	0	0	0	0	5131113	0	948753	401908	412048	469580	2824253	163758	319060	1294195	52020	27608	117992	350463	82656	107118	423864	250180	257025	242896	228327	781080	188832	103670	153614	211545	742016	164492	137598	89110	68476	303000	41995	109116	110627	152019	113019	135720	299646	222882	196650	24304	12704	24978	28616	8217	0	0	2144	2047	1287	0	343
330.0000111283756	0	0	0	0	0	5218530	0	956709	404976	416080	473714	2851896	166656	324822	1322197	53397	28507	122206	358540	85344	110814	435232	257880	264624	250648	234861	814474	196000	108290	160556	218700	808896	173696	145146	93660	72080	326100	44474	116340	117569	162925	122109	146510	342606	249898	230115	29400	16674	27876	33908	13446	0	553	2948	2937	3003	0	588
335.00001105609323	0	0	0	0	0	5304181	0	964782	408564	418992	477530	2885642	169218	329724	1350558	54876	29406	124958	369375	86976	113850	447992	266000	272372	258552	241879	856358	203392	113330	166964	229365	864512	183254	153408	99470	76214	351600	47138	123900	125401	173432	129381	156910	383418	279063	267030	33124	20644	31326	40376	25398	0	1659	3685	4539	4719	0	980
340.0000013558882	0	0	0	0	0	5393364	0	974142	411632	422856	480975	2911131	172200	334798	1374611	56406	30073	128484	377255	89664	116886	462376	273000	281461	267064	251801	887488	211344	117180	172838	240570	927168	192812	159426	104370	79818	370800	49876	130116	132254	183806	138067	166920	424767	301781	298770	36456	28584	36294	45668	36603	0	3318	4958	4895	6292	0	1470
345.00000494752624	0	0	0	0	0	5466653	0	980577	414440	426104	484049	2936620	174258	339700	1401536	58395	30943	131580	387893	92208	118998	475600	280000	290401	274360	260997	924844	219632	121660	180403	250290	990528	200954	166362	109270	83475	395100	52281	136332	139463	195776	145844	178880	466653	329411	338100	39592	38906	41538	51352	48555	0	9401	6365	6408	8437	0	1960
350.0000007410031	0	0	0	0	0	5539942	0	988416	418184	430192	487812	2962468	176988	345032	1432769	59568	31465	133988	396955	94752	122298	489520	286440	300533	281656	268257	954276	227248	126560	185743	261360	1053888	210276	173910	113610	87874	413100	54723	143472	147829	204953	153924	189280	507465	356427	370185	43512	50816	45816	56840	66483	0	16037	7973	7832	9581	1172	2646
355.00000346765245	0	0	0	0	0	5622061	0	997074	421356	432936	491416	2985803	180012	350364	1456463	61047	31929	137428	407396	96816	125268	503208	294420	309175	290928	276243	987104	232400	130550	192507	271755	1123584	220424	181356	118720	91584	432000	56758	150108	155483	213731	160186	201890	561702	380066	399510	46060	60344	50646	63112	81423	0	23779	9648	9523	10582	4102	3381
360.0000018127965	0	0	0	0	0	5694467	0	1004562	423800	436688	494702	3004830	182406	356040	1483388	62271	32654	139664	417246	98544	128172	515736	302540	317370	300200	283503	1025592	239568	134820	197936	281880	1182720	227976	188802	123060	95347	453900	59496	156156	162603	224238	167862	212810	609495	406161	426075	51352	74636	55752	68012	100845	0	35945	10988	11926	14157	6446	4459
365.00000340720374	0	0	0	0	0	5756277	0	1011348	425880	439152	497829	3036063	185052	361458	1512108	63801	33350	143104	426505	100800	130548	527800	309820	326161	307496	292094	1056156	247632	139440	204878	290115	1244672	236944	197268	129850	99216	479700	61790	163548	169723	234878	175740	223470	649233	431642	457815	55272	87340	59892	75068	114291	1318	42028	12730	13884	17446	11720	5341
370.0000003959481	0	0	0	0	0	5819853	0	1019070	428844	442624	500373	3059757	187950	365414	1535802	65535	34017	145598	434976	102624	133056	538704	316680	332270	315096	299717	1086720	253568	143920	211197	297675	1298176	245204	203898	134610	102979	500100	64343	171360	179246	247513	184426	232700	694341	462342	492315	59584	99250	63066	80556	128484	9226	50323	14539	15931	20020	21682	6174
375.0000008127664	0	0	0	0	0	5898440	0	1025739	431808	446152	503076	3079861	191058	371262	1559855	67167	34452	148522	443447	104400	135696	549144	322840	338826	322392	307703	1124642	259280	147420	216448	306585	1350272	253936	211752	140000	106795	521700	66859	178836	187078	261611	193112	244140	739986	488437	528885	62328	118306	66654	84868	143424	18452	63042	16549	17622	23309	30472	7546
380.0000081561814	0	0	0	0	0	5960250	0	1033110	434824	449064	506044	3101401	193158	375648	1584626	69207	35119	151446	451327	106800	137610	559352	329840	345531	328928	313632	1165960	268016	150640	221165	314010	1402368	263022	219096	145600	111088	540300	69301	187068	193664	273448	200687	254670	768447	511155	559245	66640	131010	70932	92512	160605	35586	75761	18894	20737	27313	38676	8967
385.00000140093374	0	0	0	0	0	6021177	0	1037907	436956	451696	509171	3123300	195804	381496	1609397	71043	35786	154198	462556	108624	140976	570720	337260	352087	335464	319561	1194826	274624	154280	226861	323190	1459392	270928	226134	150360	113897	560700	72335	194796	200339	284620	208060	265460	806037	538171	591675	69776	146096	76038	97608	179280	40858	89033	20837	23674	30459	50982	10535
390.00001743068293	0	0	0	0	0	6088285	0	1043406	439972	454608	512881	3143404	197988	386312	1630219	72114	36569	156778	470830	110736	143484	582088	341320	359239	342304	326700	1218032	282240	157640	233358	331290	1512896	277536	235416	155120	117872	581400	74481	202524	207815	294861	219170	276250	847386	563038	631350	73500	161976	79902	103096	210654	56674	102305	23718	26166	35178	62116	12250
395.0000071448026	0	0	0	0	0	6147446	0	1047735	443040	458136	515584	3166739	200760	393106	1653195	73542	37033	159702	477134	112608	146058	592528	347900	365944	348232	331177	1262180	290640	162120	239232	339525	1570624	286386	241026	159530	122059	597600	76849	209160	215113	304437	227553	287170	896253	596194	661365	77812	170710	85836	107800	232317	76444	115577	25996	28747	39468	73250	13867
400.00000042212815	0	0	0	0	0	6213671	0	1053000	445120	460824	518234	3191151	203280	396804	1678325	74715	37729	162626	484226	114624	148764	601112	355040	373692	355072	337348	1294442	297808	166040	244661	347085	1631872	293584	249288	164290	124921	618900	79069	215124	222233	316806	235431	297960	937602	625359	694140	80948	185796	90528	114660	248751	97532	127743	28006	31595	42614	87900	16023
405.00000193771905	0	0	0	0	0	6274598	0	1059084	447304	464296	521308	3213409	206388	402566	1703096	76143	38541	164948	490727	116880	151536	613408	363160	381738	361304	344729	1327270	304976	170450	249556	356130	1695232	300900	254796	169120	127995	640800	81474	221424	228819	328111	243612	309010	978414	657287	726570	86044	196912	93426	120932	267426	123892	150969	30485	33642	48334	103136	17542
410.00000169785557	0	0	0	0	0	6325812	0	1063764	449904	466816	524064	3231359	208446	407382	1724277	77367	39411	167786	501759	118656	153450	623848	370300	389784	368144	352231	1357834	312032	173740	255519	365715	1748032	310930	263160	174580	131387	657900	83731	228396	236295	338884	252298	319020	1032114	686759	757275	88984	211204	97014	127400	289836	158160	168665	32093	36223	52767	120716	19404
415.00000128763617	0	0	0	0	0	6387622	0	1071135	452452	469336	527138	3247873	211050	412112	1747253	78744	40368	170280	511806	120912	155826	637072	376040	397234	374680	358765	1394058	318528	177380	262639	374085	1798720	319190	268668	178640	135627	675900	86543	234276	242970	348726	261489	329420	1077759	716231	786255	93884	235024	100464	133280	314487	189792	182490	34371	39160	57629	142398	21070
420.00001722889334	0	0	0	0	0	6445017	0	1076283	454896	473592	529576	3267618	213192	415724	1767357	79815	40890	173892	518307	123312	158598	647976	382200	405876	383952	366509	1422924	325024	181510	268246	384075	1851520	327096	276114	183120	138277	693600	89207	241752	250802	359100	270579	340600	1114812	742940	819030	96040	245346	105570	140336	337644	217470	201292	36381	42898	60632	160564	22883
425.0000121565	0	0	0	0	0	6494465	0	1081431	456820	475720	531961	3285209	216132	420712	1790333	81243	41383	177160	526581	125232	161370	660272	389340	413922	391248	374253	1451224	331744	185780	274476	393660	1907840	335120	282336	187740	141722	709200	91686	247884	257922	370937	278356	352560	1155624	768421	852840	99764	255668	111090	145432	361548	245148	225624	38726	45568	66352	176386	24402
430.00000445599477	0	0	0	0	0	6536849	0	1086813	459732	478576	535565	3305672	219114	425184	1818335	82569	42021	180514	534067	126816	164274	670712	394800	421074	399000	381029	1477826	341040	189420	280172	401355	1968384	343616	290394	193410	145803	730800	93943	254688	264330	381311	286234	362440	1197510	793902	887340	105448	273136	115230	152880	385452	271508	241108	41473	48149	70499	195724	25970
435.0000079391062	0	0	0	0	0	6587180	0	1090674	461604	481152	538003	3320032	221298	430000	1837003	83997	42688	183266	541356	128976	167178	682776	400120	428375	405688	387684	1508390	348656	194600	285423	411075	2014848	352820	295698	199010	149142	749100	96681	261744	271628	391818	295324	371930	1238859	819076	922875	109760	286634	118680	158956	410103	304458	264334	43282	51353	76219	215062	27587
440.00000440325385	0	0	0	0	0	6634862	0	1096056	463476	483168	540812	3342290	223650	434644	1861415	85527	43297	186018	549827	131088	170412	696696	408380	435974	412376	395065	1533294	355824	200060	290318	421335	2054976	360254	303348	203140	153541	771000	99345	269220	278303	402458	304111	380770	1286115	847320	955650	113288	299338	123234	165424	434007	345316	281477	45426	54379	81224	234986	29547
445.0000014385827	0	0	0	0	0	6690491	0	1102257	465816	485296	542985	3355932	226044	439288	1881519	86598	43993	188684	556525	133392	173052	709688	414400	442083	419976	401357	1564990	364224	203840	296459	430785	2109888	367570	310896	208530	157198	795600	101528	277032	286224	412832	311080	390780	1331223	876485	987390	117600	318394	126408	173264	459405	390128	305256	47637	57672	87087	254324	31311
450.00000057419453	0	0	0	0	0	6739056	0	1107990	468572	487648	546271	3377472	227808	443588	1904495	87669	44863	192210	564208	134976	175824	720128	421540	449235	427272	408859	1592158	369824	206920	301799	439830	2171136	376184	317628	212800	161703	814500	104118	284172	294501	424137	319867	402090	1372035	905957	1021545	121128	331892	130410	183848	474345	433622	325717	49513	60342	93379	274248	33124
455.00000460851163	0	0	0	0	0	6791153	0	1112553	470600	490616	549027	3393627	229950	447544	1925676	89199	45588	194876	572088	136848	178398	731728	428260	455344	434112	416603	1622722	376656	212310	306872	450090	2218304	385860	324972	217910	165360	834600	107152	291648	302422	435841	328048	411840	1411236	932973	1055700	125636	350154	135102	190120	498996	477116	351708	51389	63279	97526	296516	35721
460.0000047260424	0	0	0	0	0	6844133	0	1117818	473304	492912	551571	3409782	231798	451500	1944703	90525	46342	197714	580165	139008	180708	743792	436100	462049	441408	424589	1653286	383040	216930	313458	459135	2276736	394474	332214	223230	170183	855000	109705	298872	309987	448609	336431	422240	1445067	961217	1087095	129752	366034	140898	196196	527382	514020	370510	53667	64970	101387	312338	37877
465.00001280536026	0	0	0	0	0	6894464	0	1123200	474604	495264	553479	3428091	234360	456058	1963012	92208	47096	200294	589621	140880	184008	755160	443240	470542	448552	430155	1681586	389312	222180	319955	468045	2340800	403324	338640	228410	174052	874500	112480	305928	318620	458717	344511	432770	1482657	986698	1116420	132692	387472	144900	201684	555021	543016	388759	56615	68530	107107	332848	39396
470.0000033317598	0	0	0	0	0	6942146	0	1128699	476892	497000	556341	3441015	236754	460874	1982757	93432	47792	203906	597501	142992	186582	767688	450240	476353	456456	437052	1707056	396368	225890	325562	477360	2398528	412292	345678	234010	177656	899100	114922	312480	327965	469756	354308	442780	1524006	1019240	1144020	137004	400176	149316	207172	573696	581238	414197	59161	71645	110968	348670	41111
475.0000046355412	0	0	0	0	0	6969519	0	1133145	478452	498960	559150	3457170	238476	465002	2002861	94911	48372	206830	605775	145248	188628	776040	456540	483356	462688	444312	1739884	402640	230790	332415	486270	2444288	422086	353226	239050	181366	924000	117586	318864	334996	480795	363196	454220	1566429	1048098	1179900	140924	412880	153594	213640	608058	623414	430787	60903	74582	119119	373868	43120
480.0000137352565	0	0	0	0	0	7001307	0	1137240	480376	500976	561800	3471889	241038	469646	2021529	96390	49010	210098	614443	146880	191664	785784	463260	489912	469680	449273	1774976	409248	234500	338289	494370	2490752	431054	361284	244370	185447	950700	120398	326088	342472	490770	370064	464750	1606704	1074193	1213710	145236	425584	156768	218540	625986	659000	451248	63583	77786	124839	396722	45178
485.00000499371254	0	0	0	0	0	7048106	0	1140750	482300	503104	564556	3485890	243096	473602	2042351	97716	49851	213194	624293	149040	194238	797152	471240	496617	475912	454597	1807238	417088	239610	344252	503820	2547776	439786	369240	249970	188998	969900	123358	333144	349503	500479	379558	475020	1653423	1105507	1245450	149352	437494	160218	225204	646902	710402	463967	65258	81613	129272	419576	46795
490.000009285453	0	0	0	0	0	7085192	0	1144728	484796	504616	566888	3507071	244818	478848	2059583	99705	50518	216376	633552	150336	196944	807824	476840	502279	484120	461373	1833840	424592	244440	349592	511245	2597760	450760	375666	255780	192973	995400	126133	339528	356000	511917	388446	487500	1695846	1134365	1278225	153664	448610	164358	233436	669312	755214	486640	67603	84550	134563	440672	48853
495.00001462651585	0	0	0	0	0	7122278	0	1149408	486200	506632	569326	3523944	246624	482718	2079328	101031	51214	219644	639659	152352	199320	817568	481600	509729	490048	468028	1858178	430864	249410	354843	519210	2657600	460082	383418	261590	197001	1015800	128464	346668	362764	523754	397233	499590	1738269	1165986	1311690	156408	462902	169188	240100	693216	788164	504336	69881	88288	140140	460010	50764
500.0000044179818	0	0	0	0	0	7165545	0	1152918	488280	508760	571552	3541176	248976	486072	2096560	102357	51852	222568	645569	153648	202290	830560	489020	516434	497496	475409	1899496	437024	254450	361340	529470	2717440	468224	390762	267050	200764	1037100	130499	353640	371130	535192	405919	509470	1791432	1191160	1346535	160132	476400	174294	246764	714879	829022	528668	72226	92026	144287	480520	52822
505.0000021883611	0	0	0	0	0	7214110	0	1157013	490620	511168	573619	3552305	250782	490286	2114151	103836	52548	225492	653055	156000	204864	840304	495460	522692	504640	481459	1928928	443296	259280	366413	536490	2780096	475068	397494	273070	206117	1061400	133015	360444	377983	545832	415312	520780	1841373	1218790	1382070	165424	485928	180780	253232	738036	861972	548023	75040	95764	150293	497514	54292
510.0000002491106	0	0	0	0	0	7265324	0	1162395	492492	513800	576587	3570255	253134	494242	2133178	105060	53186	228244	660344	157824	207636	852832	501340	529099	513760	488840	1956096	450464	263130	371486	545130	2851904	483564	406674	277760	210198	1083300	136567	367332	386527	556871	423897	532220	1885407	1246420	1418295	171892	501014	185472	260092	758205	908102	571249	77921	98701	156013	523884	56742
515.0000037466317	0	0	0	0	0	7297112	0	1167309	494780	515984	578972	3586051	254856	498026	2153282	106539	53795	230910	665466	159936	209946	860952	508480	536847	519992	494648	1988924	456960	267820	376826	555390	2908928	491352	413916	284130	214385	1101300	139083	374220	394270	568043	432280	542490	1925145	1273743	1449345	175812	511336	190854	266364	783603	933144	591710	80534	102261	162305	541464	58751
520.0000078806659	0	0	0	0	0	7349209	0	1172457	496496	518056	580774	3601488	256326	502928	2176617	107916	54520	234006	675119	161712	212256	870000	513520	543701	527592	502029	2020054	464016	271810	383145	563760	2961024	500320	421260	288470	218095	1123500	141710	382536	402102	580545	440966	554450	1963272	1301373	1475220	180320	525628	195960	271460	807507	987182	612724	83281	105999	167453	567248	60956
525.000005225019	0	0	0	0	0	7389827	0	1176084	498056	520128	583159	3617284	258804	506798	2194926	109497	55274	236156	683590	163488	214434	880672	520240	550257	536712	507232	2046090	471520	275520	389019	571725	3007488	509288	428400	293860	222388	1147200	144448	389844	410379	592515	451167	566150	2004084	1331459	1510755	183652	536744	201894	277144	835146	1024086	634844	85827	109648	172744	591274	62916
530.00000170615	0	0	0	0	0	7431328	0	1179360	499772	521696	586074	3632003	260652	510496	2210363	110517	55912	238908	690682	165024	217272	891576	527380	557856	544008	513887	2077786	477568	280140	394537	581715	3063808	517194	436560	299040	227105	1169700	146557	395976	417232	602756	460358	575900	2050803	1358782	1540425	187768	555800	206724	283808	856809	1057036	655305	88373	114009	178607	614128	64925
535.000003416239	0	0	0	0	0	7471063	0	1185327	501800	524048	588459	3646004	262878	514710	2231544	111894	56521	241058	697183	166800	219912	903872	534660	564710	549024	518243	2102690	484512	284200	400144	590760	3111680	526280	444822	304080	231186	1194600	148777	403872	424441	614726	469347	586950	2098596	1384877	1574235	191884	572474	211968	289688	877725	1100530	677425	91455	116412	183898	635224	66983
540.0000047741114	0	0	0	0	0	7508149	0	1189656	503620	526008	589996	3662159	264894	519182	2251648	113169	57333	243724	704866	169200	222420	914776	541800	572160	553584	524414	2134952	489888	287770	406374	599805	3177152	533950	451044	309260	234578	1215300	151811	410844	431917	626164	477326	598780	2148000	1410972	1603215	195608	589942	215970	294196	896400	1132162	700651	94068	119705	189618	659836	68894
545.000000794998	0	0	0	0	0	7547884	0	1193166	505076	527520	592063	3674006	266826	522708	2271034	114597	58058	245874	711170	171504	224202	926840	549080	578865	562096	531069	2170044	496720	291480	410913	608175	3231360	542682	457776	313740	238182	1238700	154845	417060	438325	636804	485709	609960	2197941	1439830	1640475	199528	599470	221766	301644	918063	1180928	717794	96681	124422	194623	686206	71001
550.0000028550476	0	0	0	0	0	7584087	0	1197963	507104	530152	594766	3689802	268884	525976	2291856	115719	58928	248970	720429	172944	226710	934960	556220	585570	567264	538450	2201740	503440	295330	416253	615870	3279232	550234	465324	318710	242051	1259100	157287	425376	446157	649306	494193	620880	2245197	1465618	1678770	201684	610586	226044	307328	937485	1227058	738808	99026	127626	202059	706130	73108
555.0000042544963	0	0	0	0	0	7615875	0	1201473	508820	532336	596727	3707034	271110	529502	2310524	117045	59566	251120	729885	174912	229020	947256	561820	593169	576232	546315	2231172	510720	299040	421593	626805	3327104	560146	472872	323820	245284	1284600	160062	433272	452476	660345	502071	631280	2290842	1495090	1717065	205016	621702	231150	314188	973341	1273188	756504	102041	131898	207636	728398	74823
560.0000004123818	0	0	0	0	0	7647663	0	1206036	510536	534072	598741	3724984	273000	534576	2327756	118167	60059	253614	738356	176304	231264	960248	568260	600470	582312	552002	2261170	517440	302610	426221	635715	3375680	568052	480522	328860	249736	1310400	162652	439992	459952	670985	511262	641290	2342394	1530702	1752255	208936	635200	236532	319872	1006956	1314046	774753	104654	134746	214214	755354	76832
565.0000112202032	0	0	0	0	0	7681217	0	1210014	513188	535808	601126	3737908	275100	537844	2346424	119697	60523	255936	744660	178176	233442	968368	573300	608516	590368	558173	2292300	524048	307090	431294	644085	3429888	577138	486030	332990	253711	1332300	165538	446292	466894	681359	520453	651300	2385891	1558639	1789170	214228	656638	241224	326340	1029366	1352268	798532	107736	138573	220649	774692	78988
570.0000146311654	0	0	0	0	0	7729782	0	1214694	516048	537880	603034	3749396	277242	541370	2370477	121074	61248	258086	756480	180288	235356	980896	580580	613880	598120	563013	2326826	530432	311150	437079	652860	3479168	586696	493170	338310	257739	1351200	167869	452928	474815	694393	529038	661570	2428851	1585655	1817805	219716	686016	247434	334572	1051776	1382582	817887	110282	142311	225082	794616	81585
575.000009547742	0	0	0	0	0	7766868	0	1219959	517764	539504	604889	3762320	279258	545670	2390940	122349	61915	260322	762784	182112	237798	989248	587020	618499	605872	571241	2362484	536480	315560	442508	660960	3541120	595428	499698	343490	261025	1377300	170940	459480	481935	705698	536815	672230	2474496	1610215	1852995	223636	697132	252264	341824	1074186	1432666	842772	112560	145515	230087	821572	83594
580.0000021576222	0	0	0	0	0	7801305	0	1225692	519376	540960	606691	3778834	281652	549368	2411403	123114	62727	262988	770861	183744	240636	1001776	593880	625502	613016	577533	2389652	544768	319690	448471	670275	3589696	605222	508062	347970	264629	1397400	173345	466704	489055	717934	544895	683280	2501883	1636003	1892325	226968	710630	256404	349860	1100331	1478796	866551	115910	148452	236522	843840	85799
585.0000193659927	0	0	0	0	0	7835742	0	1230840	520832	543928	608599	3789604	283206	553324	2429712	124134	63336	265826	777165	185328	242814	1011520	599760	631015	619552	583462	2416820	551600	322980	453722	678915	3636160	613482	515100	353220	268498	1417800	176083	474936	496086	730702	551561	694590	2536788	1670694	1928895	230300	727304	262062	356524	1124235	1517018	886459	119394	152457	242528	868452	88249
590.0000095699686	0	0	0	0	0	7871945	0	1233999	522912	545328	609977	3800733	284802	556850	2446585	125103	64119	268320	785242	186912	245190	1023352	605640	639806	628368	589875	2453044	559104	325920	459596	686880	3684736	620798	521832	359240	272208	1440900	178266	480900	503295	742539	559742	705120	2580285	1702008	1965120	234220	740008	266892	362208	1146645	1553922	912450	121337	156996	248534	892478	90895
595.0000080564574	0	0	0	0	0	7907265	0	1237392	524784	547232	612309	3811144	286524	561064	2464894	126480	64931	271502	790758	188880	247764	1034720	611100	645170	635208	597014	2487570	565712	330330	465737	695385	3725568	628940	527850	364630	275335	1465200	181041	486528	510415	752381	568933	715780	2626467	1733322	1997895	237944	767798	273102	369656	1173537	1589508	935676	123883	160022	254540	922950	92610
600.0000043037985	0	0	0	0	0	7947000	0	1241370	526448	549472	614747	3827299	288582	564418	2488229	127092	65482	273996	799820	190416	249810	1043536	617260	651428	642200	604637	2510776	572208	333970	471255	703485	3779072	638262	535194	369460	278727	1482900	183446	494340	518425	763154	577215	726700	2674797	1759724	2038950	241472	781296	277380	377300	1195200	1638274	967197	126764	164205	259974	941116	94864
