>time	Ribosome	coli Pol	coli Pol-P	coli Pol-2.0	coli Pol-P-2.0	gp1	gp1-3.5	gp0.3	gp0.4	gp0.5	gp0.6A	gp0.7	gp1.1	gp1.2	gp1.3	gp1.4	gp1.5	gp1.6	gp1.7	gp1.8	gp2.0	gp2.5	gp2.8	gp3.0	gp3.5	gp3.8	gp4A	gp4.2	gp4.3	gp4.5	gp4.7	gp5.0	gp5.3	gp5.5	gp5.7	gp5.9	gp6.0	gp6.3	gp6.5	gp6.7	gp7	gp7.3	gp7.7	gp8	gp9	gp10A	gp11	gp12	gp13	gp14	gp15	gp16	gp17	gp17.5	gp18	gp18.5	gp19	gp19.5
8.95382473923933E-5	0	0	0	0	0	0	0	0	0	0	0	0	0	0	0	0	0	0	0	0	0	0	0	0	0	0	0	0	0	0	0	0	0	0	0	0	0	0	0	0	0	0	0	0	0	0	0	0	0	0	0	0	0	0	0	0	0	0
5.003948359234198	0	0	0	0	0	0	0	0	0	0	0	0	0	0	0	0	0	0	0	0	0	0	0	0	0	0	0	0	0	0	0	0	0	0	0	0	0	0	0	0	0	0	0	0	0	0	0	0	0	0	0	0	0	0	0	0	0	0
10.0029317627125	0	0	0	0	0	0	0	0	0	0	0	0	0	0	0	0	0	0	0	0	0	0	0	0	0	0	0	0	0	0	0	0	0	0	0	0	0	0	0	0	0	0	0	0	0	0	0	0	0	0	0	0	0	0	0	0	0	0
15.013313800067682	0	0	0	0	0	0	0	0	0	0	0	0	0	0	0	0	0	0	0	0	0	0	0	0	0	0	0	0	0	0	0	0	0	0	0	0	0	0	0	0	0	0	0	0	0	0	0	0	0	0	0	0	0	0	0	0	0	0
20.00413990940978	0	0	0	0	0	0	0	0	0	0	0	0	0	0	0	0	0	0	0	0	0	0	0	0	0	0	0	0	0	0	0	0	0	0	0	0	0	0	0	0	0	0	0	0	0	0	0	0	0	0	0	0	0	0	0	0	0	0
25.00057031338697	0	0	0	0	0	0	0	0	0	0	0	0	0	0	0	0	0	0	0	0	0	0	0	0	0	0	0	0	0	0	0	0	0	0	0	0	0	0	0	0	0	0	0	0	0	0	0	0	0	0	0	0	0	0	0	0	0	0
30.00015481879796	0	0	0	0	0	0	0	351	52	0	0	0	0	0	0	0	0	0	0	0	0	0	0	0	0	0	0	0	0	0	0	0	0	0	0	0	0	0	0	0	0	0	0	0	0	0	0	0	0	0	0	0	0	0	0	0	0	0
35.00332463016347	0	0	0	0	0	0	0	1755	364	56	0	0	0	0	0	0	0	0	0	0	0	0	0	0	0	0	0	0	0	0	0	0	0	0	0	0	0	0	0	0	0	0	0	0	0	0	0	0	0	0	0	0	0	0	0	0	0	0
40.000191840348045	0	0	0	0	0	0	0	4563	1248	448	53	0	0	0	0	0	0	0	0	0	0	0	0	0	0	0	0	0	0	0	0	0	0	0	0	0	0	0	0	0	0	0	0	0	0	0	0	0	0	0	0	0	0	0	0	0	0	0
45.00020260246586	0	0	0	0	0	0	0	7254	3068	1344	424	0	0	0	0	0	0	0	0	0	0	0	0	0	0	0	0	0	0	0	0	0	0	0	0	0	0	0	0	0	0	0	0	0	0	0	0	0	0	0	0	0	0	0	0	0	0	0
50.00020448184679	0	0	0	0	0	0	0	10998	4524	2520	1590	0	0	0	0	0	0	0	0	0	0	0	0	0	0	0	0	0	0	0	0	0	0	0	0	0	0	0	0	0	0	0	0	0	0	0	0	0	0	0	0	0	0	0	0	0	0	0
55.000051076824626	0	0	0	0	0	0	0	15327	6032	4648	3127	0	0	0	0	0	0	0	0	0	0	0	0	0	0	0	0	0	0	0	0	0	0	0	0	0	0	0	0	0	0	0	0	0	0	0	0	0	0	0	0	0	0	0	0	0	0	0
60.00044637827329	0	0	0	0	0	0	0	21060	8216	6552	5194	0	0	0	0	0	0	0	0	0	0	0	0	0	0	0	0	0	0	0	0	0	0	0	0	0	0	0	0	0	0	0	0	0	0	0	0	0	0	0	0	0	0	0	0	0	0	0
65.00021560099815	0	0	0	0	0	0	0	28314	10452	9184	7102	0	0	0	0	0	0	0	0	0	0	0	0	0	0	0	0	0	0	0	0	0	0	0	0	0	0	0	0	0	0	0	0	0	0	0	0	0	0	0	0	0	0	0	0	0	0	0
70.00006886595874	0	0	0	0	0	0	0	33462	13416	11424	9434	1077	0	0	0	0	0	0	0	0	0	0	0	0	0	0	0	0	0	0	0	0	0	0	0	0	0	0	0	0	0	0	0	0	0	0	0	0	0	0	0	0	0	0	0	0	0	0
75.00026254214495	0	0	0	0	0	0	0	40599	16432	14728	12614	4308	0	0	0	0	0	0	0	0	0	0	0	0	0	0	0	0	0	0	0	0	0	0	0	0	0	0	0	0	0	0	0	0	0	0	0	0	0	0	0	0	0	0	0	0	0	0
80.0002436691164	0	0	0	0	0	0	0	49023	19916	18200	15476	10770	0	0	0	0	0	0	0	0	0	0	0	0	0	0	0	0	0	0	0	0	0	0	0	0	0	0	0	0	0	0	0	0	0	0	0	0	0	0	0	0	0	0	0	0	0	0
85.00022250255162	0	0	0	0	0	0	0	59436	23920	22792	19875	21181	0	0	0	0	0	0	0	0	0	0	0	0	0	0	0	0	0	0	0	0	0	0	0	0	0	0	0	0	0	0	0	0	0	0	0	0	0	0	0	0	0	0	0	0	0	0
90.0009914114823	0	0	0	0	0	0	0	71136	28652	27888	24592	37336	0	0	0	0	0	0	0	0	0	0	0	0	0	0	0	0	0	0	0	0	0	0	0	0	0	0	0	0	0	0	0	0	0	0	0	0	0	0	0	0	0	0	0	0	0	0
95.00003293295944	0	0	0	0	0	0	0	81783	33904	32536	29415	49542	0	0	0	0	0	0	0	0	0	0	0	0	0	0	0	0	0	0	0	0	0	0	0	0	0	0	0	0	0	0	0	0	0	0	0	0	0	0	0	0	0	0	0	0	0	0
100.00004111903156	0	0	0	0	0	0	0	94887	39208	38024	34556	67851	0	0	0	0	0	0	0	0	0	0	0	0	0	0	0	0	0	0	0	0	0	0	0	0	0	0	0	0	0	0	0	0	0	0	0	0	0	0	0	0	0	0	0	0	0	0
105.00011386518236	0	0	0	0	0	0	0	111033	44928	44408	40280	87237	0	0	0	0	0	0	0	0	0	0	0	0	0	0	0	0	0	0	0	0	0	0	0	0	0	0	0	0	0	0	0	0	0	0	0	0	0	0	0	0	0	0	0	0	0	0
110.00003720721101	0	0	0	0	0	0	0	125541	51324	50624	46587	108777	0	0	0	0	0	0	0	0	0	0	0	0	0	0	0	0	0	0	0	0	0	0	0	0	0	0	0	0	0	0	0	0	0	0	0	0	0	0	0	0	0	0	0	0	0	0
115.00002253883395	0	0	0	0	0	0	0	141570	58656	58464	53848	140728	0	0	0	0	0	0	0	0	0	0	0	0	0	0	0	0	0	0	0	0	0	0	0	0	0	0	0	0	0	0	0	0	0	0	0	0	0	0	0	0	0	0	0	0	0	0
120.00008791794956	0	0	0	0	0	0	0	158769	65676	66136	61639	170525	0	0	0	0	0	0	0	0	0	0	0	0	0	0	0	0	0	0	0	0	0	0	0	0	0	0	0	0	0	0	0	0	0	0	0	0	0	0	0	0	0	0	0	0	0	0
125.00005763673424	0	0	0	0	0	0	0	173394	74152	74536	70278	205707	0	0	0	0	0	0	0	0	0	0	0	0	0	0	0	0	0	0	0	0	0	0	0	0	0	0	0	0	0	0	0	0	0	0	0	0	0	0	0	0	0	0	0	0	0	0
130.00008611321704	0	0	0	0	0	1766	0	191061	81692	83048	79818	242325	0	0	0	0	0	0	0	0	0	0	0	0	0	0	0	0	0	0	0	0	0	0	0	0	0	0	0	0	0	0	0	0	0	0	0	0	0	0	0	0	0	0	0	0	0	0
135.00024669816273	0	0	0	0	0	16777	0	211419	89752	90944	89464	281456	126	0	0	0	0	0	0	0	0	0	0	0	0	0	0	0	0	0	0	0	0	0	0	0	0	0	0	0	0	0	0	0	0	0	0	0	0	0	0	0	0	0	0	0	0	0
140.00004540172552	0	0	0	0	0	40618	0	230958	98124	99680	97785	324177	336	0	0	0	0	0	0	0	0	0	0	0	0	0	0	0	0	0	0	0	0	0	0	0	0	0	0	0	0	0	0	0	0	0	0	0	0	0	0	0	0	0	0	0	0	0
145.0000133828686	0	0	0	0	0	70640	0	253656	106028	108976	107643	377668	1134	602	0	0	0	0	0	0	0	0	0	0	0	0	0	0	0	0	0	0	0	0	0	0	0	0	0	0	0	0	0	0	0	0	0	0	0	0	0	0	0	0	0	0	0	0
150.00020291156372	0	0	0	0	0	117439	0	274131	115284	117544	118296	427569	2562	2150	0	0	0	0	0	0	0	0	0	0	0	0	0	0	0	0	0	0	0	0	0	0	0	0	0	0	0	0	0	0	0	0	0	0	0	0	0	0	0	0	0	0	0	0
155.00003724656904	0	0	0	0	0	170419	0	296712	125372	128072	128472	479624	4662	4644	0	0	0	0	0	0	0	0	0	0	0	0	0	0	0	0	0	0	0	0	0	0	0	0	0	0	0	0	0	0	0	0	0	0	0	0	0	0	0	0	0	0	0	0
160.0000208969078	0	0	0	0	0	220750	0	321048	135252	137648	139284	540654	7098	9116	0	0	0	0	0	0	0	0	0	0	0	0	0	0	0	0	0	0	0	0	0	0	0	0	0	0	0	0	0	0	0	0	0	0	0	0	0	0	0	0	0	0	0	0
165.0000182453395	0	0	0	0	0	279028	0	343980	146484	149856	150732	603120	9870	14104	359	0	0	0	0	0	0	0	0	0	0	0	0	0	0	0	0	0	0	0	0	0	0	0	0	0	0	0	0	0	0	0	0	0	0	0	0	0	0	0	0	0	0	0
170.00003666915765	0	0	0	0	0	341721	0	370773	157976	161952	164035	679946	12852	19522	2872	51	87	0	0	0	0	0	0	0	0	0	0	0	0	0	0	0	0	0	0	0	0	0	0	0	0	0	0	0	0	0	0	0	0	0	0	0	0	0	0	0	0	0
175.0000353311538	0	0	0	0	0	417659	0	396981	169780	174272	177020	747438	17010	27090	10770	306	290	86	0	48	0	0	0	0	0	0	0	0	0	0	0	0	0	0	0	0	0	0	0	0	0	0	0	0	0	0	0	0	0	0	0	0	0	0	0	0	0	0
180.00001694002086	0	0	0	0	0	502427	0	425997	182624	186592	191489	809186	21672	34744	20463	1122	638	774	0	528	330	0	0	0	0	0	0	0	0	0	0	0	0	0	0	0	0	0	0	0	0	0	0	0	0	0	0	0	0	0	0	0	0	0	0	0	0	0
185.00004106845446	0	0	0	0	0	585429	0	454311	195208	198688	205958	885653	26670	43602	40567	1836	1131	1720	985	1344	1518	0	140	0	0	0	0	0	0	0	0	0	0	0	0	0	0	0	0	0	0	0	0	0	0	0	0	0	0	0	0	0	0	0	0	0	0	0
190.0000111217444	0	0	0	0	0	699336	0	482625	207324	211960	220109	961402	32508	53234	61748	2958	1827	3612	3546	3312	3564	0	1400	149	0	0	0	0	0	0	0	0	0	0	0	0	0	0	0	0	0	0	0	0	0	0	0	0	0	0	0	0	0	0	0	0	0	0
195.00003178941668	0	0	0	0	0	814126	0	510003	219440	224896	235002	1035715	38934	63038	92981	4794	2523	5504	9850	5712	5610	1624	3640	1788	1368	847	0	0	0	0	0	0	0	0	0	0	0	0	0	0	0	0	0	0	0	0	0	0	0	0	0	0	0	0	0	0	0	0
200.00000701744264	0	0	0	0	0	947459	0	538902	231764	239288	249418	1110746	45780	75766	123855	6732	3480	9030	17927	9120	10164	7192	7420	5513	4560	4235	0	224	140	89	0	0	0	0	0	0	0	0	0	0	0	0	0	0	0	0	0	0	0	0	0	0	0	0	0	0	0	0
205.00000691789475	0	0	0	0	0	1093154	0	572130	245596	255136	264788	1200855	54012	90816	155088	9027	4437	13588	29747	13488	15378	14384	13720	9983	9880	9075	0	3136	1190	1157	270	0	0	0	0	0	0	0	0	0	0	0	0	0	0	0	0	0	0	0	0	0	0	0	0	0	0	0
210.00001570970286	0	0	0	0	0	1255626	0	603603	258492	269808	280476	1294913	61908	107156	202835	11271	5684	20210	45310	17856	21450	25752	22120	19221	17024	16698	0	7056	2870	4361	1755	0	0	0	0	0	0	0	0	0	0	0	0	0	0	0	0	0	0	0	0	0	0	0	0	0	0	0
215.00002164893553	0	0	0	0	0	1409268	0	635193	270244	283360	293991	1390407	67956	123840	249146	13362	6670	26230	62252	21984	27522	38976	32760	27863	25384	26136	0	12096	5460	8455	6210	0	236	0	70	0	0	0	0	0	0	0	0	0	0	0	0	0	0	0	0	0	0	0	0	0	0	0
220.00000859138447	0	0	0	0	0	1563793	0	663507	280852	294224	305651	1491645	75516	137944	300124	15708	7772	30960	80967	25776	33000	60320	46480	40528	36936	36542	0	18256	8470	13261	12015	0	1062	816	840	424	0	111	0	0	0	0	0	0	0	0	0	0	0	0	0	0	0	0	0	0	0	0
225.00001529670416	0	0	0	0	0	1720084	0	688077	289640	303016	316357	1586780	81774	150414	362590	17697	8497	35776	100470	29328	37554	85144	59640	54385	49856	47432	1132	25200	11200	17622	18765	0	3422	2142	2170	1537	0	370	756	356	0	0	0	0	0	0	0	0	0	0	0	0	0	0	0	0	0	0
230.00001321885549	0	0	0	0	0	1894035	0	709839	298272	311640	326003	1691249	87444	162712	427928	19686	9367	39560	116033	32832	42108	109272	72940	68093	60648	57112	15282	31808	14280	22962	25650	0	6608	6018	4270	3180	300	1036	2016	1335	399	303	260	0	0	0	0	0	0	0	0	0	0	0	0	0	0	0
235.00001839336343	0	0	0	0	0	2082997	0	730548	305344	320264	334960	1780999	93534	174838	493625	21726	10353	43860	131596	35712	46464	128296	83440	78970	70072	66550	32828	38416	17640	28658	31860	0	12390	10200	7140	5353	1500	2035	3864	3115	2527	1717	1560	0	0	0	0	0	0	0	0	0	0	0	0	0	0	0
240.00001065562282	0	0	0	0	0	2279023	0	749385	312572	328720	343440	1855671	98826	186018	549988	23562	11078	47472	145780	38640	49368	149640	95760	90443	83904	77077	71316	44688	21350	33820	41445	0	18644	14688	10780	7897	6600	3441	6468	6853	6118	3737	3120	0	0	0	0	0	0	0	0	0	0	0	0	0	0	0
245.00000366274546	0	0	0	0	0	2483879	0	767520	320684	336112	352344	1926753	104160	196854	605274	25143	11832	51170	158979	41664	53460	170056	105840	99532	95152	87604	110370	51632	24850	40673	48195	1408	23954	20604	14350	10812	15000	4810	10332	10502	11039	7070	6500	0	0	0	0	0	0	0	0	0	0	0	0	0	0	0
250.00000388659933	0	0	0	0	0	2692267	0	783900	327756	343952	360771	1986706	108738	207174	652303	26826	12586	55126	170011	44832	57816	189544	116200	109068	105032	97889	152820	58576	28280	46547	56430	12672	30798	25806	18410	13939	22800	6512	14112	14151	14497	11817	11050	0	307	0	0	0	0	0	0	0	0	0	0	0	0	0
255.00000723122048	0	0	0	0	0	2929794	0	800397	333788	350896	367714	2044864	113064	218784	701845	28203	13456	59598	185574	48144	61842	207176	124740	119051	116280	105391	192440	65184	32620	52065	65610	34496	37524	31722	22680	16536	35100	8584	18060	18512	21147	17069	16770	0	1535	0	0	0	0	0	0	0	0	0	0	0	0	0
260.0000125904547	0	0	0	0	0	3185864	0	815607	339456	357336	375346	2094765	117936	228072	752823	29937	14239	62866	200743	51216	66330	225968	132160	128289	125400	114587	238852	71344	36190	58117	74115	68992	44486	38964	27510	19663	48000	10582	21756	23941	27531	22018	22750	1074	4912	0	0	0	0	0	0	0	0	0	0	0	0	0
265.0000063309508	0	0	0	0	0	3431338	0	828126	344760	362880	382448	2139999	122220	235984	799134	31671	14964	66134	210002	53808	69828	244064	141960	140209	135128	125840	279038	76608	39410	63813	82215	109120	52746	45696	32130	23532	63900	12543	27048	29281	35245	25755	29900	5907	12587	2760	784	0	138	0	0	0	0	0	0	0	0	0
270.00000540069215	0	0	0	0	0	3655620	0	842868	351468	369376	389073	2198516	126294	244670	848317	33201	15921	69918	222216	56784	74778	260304	151060	150192	146528	135641	341864	90272	42700	68441	89235	154176	62304	53040	36260	27083	78900	14615	32760	35511	43757	31108	36400	17184	21797	7935	784	0	276	0	0	0	0	0	0	0	0	0
275.00000922599963	0	0	0	0	0	3834869	0	857844	357136	375256	395486	2243750	130830	254302	890320	35394	16878	73014	234627	58800	77946	277936	159880	159132	157776	144716	389974	96656	47320	73425	97605	192896	70446	60384	41440	31217	95400	17501	38808	41919	50673	38279	44200	31146	37761	14145	1764	0	966	196	0	0	0	0	0	0	0	0
280.0000009290267	0	0	0	0	0	4007937	0	870597	362596	380688	400892	2288984	135492	261956	927297	36975	17748	77228	245265	61728	81972	298816	170240	169860	168872	155122	437518	105616	53410	79655	107460	244288	77998	68034	46130	34556	112200	19795	44520	47526	59185	44137	52910	46182	58330	20700	2940	0	2070	980	0	0	0	0	0	0	0	0
285.0000054994298	0	0	0	0	0	4136855	0	882648	368056	386736	407146	2335295	139524	271416	964633	38556	18647	80668	255903	64368	85932	314824	180740	181482	179056	164802	479402	115136	58380	87576	117180	287936	86494	73848	51380	37630	136200	22422	51156	54468	67697	50197	60190	70347	72145	29325	4900	0	4140	1764	0	0	0	0	0	0	0	0
290.0000020877848	0	0	0	0	0	4287848	0	892944	372476	392224	412976	2379811	143220	279070	1004123	39882	19488	84022	268708	66720	89034	332920	190540	190273	187568	174482	519588	124208	64190	95319	127170	340032	94046	80580	55510	41658	155700	24383	58716	61054	76209	57469	69420	89142	87495	38985	6468	0	6762	3136	0	0	0	0	0	0	0	0
295.00000244339304	0	0	0	0	0	4399989	0	903357	377260	397768	417905	2422173	147252	286552	1041818	41514	20503	87118	281119	69312	93324	348232	199220	199511	197600	183920	571094	133840	69650	102973	137700	382272	105374	86904	59710	45368	177000	27306	64680	68530	86583	65852	78130	114381	104994	46920	7644	0	9522	5880	0	0	0	0	0	0	0	0
300.0000044269711	0	0	0	0	0	4540386	0	914121	381732	402640	422887	2464894	151494	294636	1072692	43044	21547	91160	291363	71712	96030	365168	207900	207557	208088	192753	612412	143584	75810	109559	148905	444224	113870	94452	65660	49025	197100	29600	69972	75739	96824	72417	86580	143379	120344	60375	9996	0	11178	9212	0	0	0	0	0	0	0	0
305.0000028927471	0	0	0	0	0	4652527	0	923949	385424	407792	428505	2498640	154980	302634	1107874	44574	22417	94256	302198	74016	99594	382104	216160	217838	216600	202675	664484	152096	81550	116768	158220	506880	124490	102918	70980	52576	214800	31968	76860	82681	106932	79891	94250	173451	138764	80040	10976	2382	12972	11956	0	0	0	67	0	0	0	0
310.0000123314464	0	0	0	0	0	4764668	0	934479	389896	411880	433063	2538130	158550	310460	1138030	46410	23519	97524	312639	76608	102432	391616	226520	226778	225112	208967	709198	159824	86100	122820	168480	558976	134874	109956	76510	57081	235800	34706	84840	91225	118104	86860	104910	208893	159333	99705	14112	3970	14628	13524	747	0	0	201	356	143	0	0
315.0000083619715	0	0	0	0	0	4878575	0	942201	393848	416640	438098	2579774	161112	317168	1175366	47736	24447	100878	323671	79344	105996	405304	235200	234079	233776	217558	749384	168336	91070	129139	179010	611776	145258	117606	82250	60844	259800	37074	93912	98701	127946	96859	114920	237891	178674	119025	16464	5558	16698	14700	1494	0	0	268	534	429	0	0
320.0000069141386	0	0	0	0	0	4985418	0	951327	397852	420728	442444	2614956	164514	323618	1203368	49266	25114	104748	332536	81744	110022	424096	242340	243317	243200	226754	802588	175504	96390	136259	187785	661056	154344	125154	88060	65296	282900	39257	100548	107245	139517	105444	124020	276018	198015	146625	18424	8734	18906	18032	5229	0	0	603	712	572	0	49
325.0000032394119	0	0	0	0	0	5091378	0	959049	401440	424536	446737	2641163	167286	330842	1244294	50439	25636	107500	343962	84192	112992	436160	251020	251065	251256	232925	846736	184240	100730	142489	196155	719488	165436	132396	92890	69536	308400	42143	109200	115344	151487	112817	135460	308775	216435	165600	21560	15880	21114	19992	11952	0	0	1139	1246	858	0	49
330.0000012372989	0	0	0	0	0	5202636	0	966303	404404	428568	450818	2671319	170184	336776	1276963	51663	26419	110768	355585	86736	115830	451008	260540	260005	260072	241274	886922	192640	106050	148719	206550	788480	172870	140046	97860	74465	332100	44992	117012	123443	163590	121099	145860	342069	235776	190440	22932	19850	24564	23912	20916	0	1659	1474	2225	1573	0	98
335.00002412132477	0	0	0	0	0	5301532	0	971685	408148	432544	455164	2702911	173082	342968	1301375	52581	27202	113864	365632	88896	118602	466784	269780	269988	270712	247687	925410	200480	111020	155394	216270	853248	181720	147798	103040	79076	356100	47360	124824	131364	174762	131098	157690	380733	258494	213900	25872	26996	27462	28420	27639	0	2212	2345	3738	3146	0	441
340.0000057090113	0	0	0	0	0	5392481	0	979875	411736	435904	458609	2733426	175812	348730	1337275	54111	27956	116358	375679	91008	121440	480472	277480	279971	278768	256036	959370	210000	115150	162069	227475	910272	189980	155754	107800	82892	379800	49876	133644	138662	186732	141198	169000	420471	294413	231150	28224	34142	29808	33124	38097	0	6083	3417	4984	4004	0	882
345.00000336480815	0	0	0	0	0	5474600	0	986895	415376	439824	462637	2760710	179214	355352	1366354	55386	28913	119540	383953	92784	124674	494624	286720	289060	288800	264990	1000688	216608	119910	168121	238005	992640	199774	162996	112350	87079	399600	52651	141120	146405	196707	149783	179530	461283	328490	250470	30380	43670	33810	37632	42579	0	7742	3819	6319	5577	0	1225
350.0000008547449	0	0	0	0	0	5548772	0	994032	418860	443856	466612	2789430	181902	360426	1392561	57018	29783	122550	393015	95184	127380	511792	294000	298447	297920	273702	1042572	223440	124600	175686	249345	1058112	209096	173094	117390	91107	425700	55315	148008	154059	208012	159984	191880	498336	358576	271860	33516	53198	36018	42532	50796	0	13825	4824	7120	7007	1172	2009
355.00000461809185	0	0	0	0	0	5639721	0	1002105	421928	446936	469792	2815996	185220	366446	1414819	58956	30450	125216	402471	97152	130614	526640	301420	306195	306736	280720	1082192	231616	130340	182361	258795	1124288	218064	179214	123200	96089	447600	58201	156492	162336	219982	168165	203580	540222	379452	294285	36064	69872	38778	46256	66483	0	18802	5695	9078	8866	1758	2401
360.00000325106845	0	0	0	0	0	5713893	0	1010646	425152	450856	472866	2837895	188076	372810	1443539	60435	31233	128054	409366	98592	133782	540792	308700	314241	314792	287980	1121812	240016	133280	188680	268515	1178496	228212	186558	128030	99958	468300	60939	164640	171770	231420	175740	215540	582645	411380	324300	39200	75430	40572	52332	76941	1318	26544	6901	10680	10153	4688	3136
365.0000164544169	0	0	0	0	0	5790714	0	1018485	427388	453936	476152	2863384	190848	378572	1469028	61863	31871	130978	418428	100800	136620	554016	317800	321244	321784	296692	1161432	247632	138040	194376	277695	1236928	236118	194310	133840	104039	490500	63566	172284	178534	246050	183719	228150	625068	433484	349830	41944	85752	44160	57036	94122	3954	34286	7973	12193	12298	11134	4116
370.0000113615758	0	0	0	0	0	5855173	0	1025154	430040	456848	479226	2884206	193956	385538	1497030	63291	32596	134418	425126	103200	139392	564456	325920	329886	328776	305525	1190298	254912	142310	200161	288630	1291840	246856	201450	138110	107908	516600	65934	180684	187345	260414	191294	239720	671250	453746	384330	44688	98456	47610	62916	109809	6590	43134	9514	13884	15301	18166	4998
375.0000001283829	0	0	0	0	0	5935526	0	1031823	432588	459872	483466	2910772	197022	390440	1525032	64923	33379	137858	435173	105408	142560	575360	333200	338677	336832	313390	1233880	261856	146020	206569	298350	1345344	255352	208488	142310	111565	542100	68931	186480	194910	270389	201394	252980	721191	483525	417105	47432	111160	49818	67620	121014	18452	53641	10586	15397	18733	26370	5782
380.0000057721255	0	0	0	0	0	5995570	0	1038375	434772	462560	487123	2936979	199878	395858	1549803	66861	33901	140954	445811	107424	145200	588120	340060	344935	344128	319682	1279160	270816	150710	212443	308205	1402368	263140	216342	148750	116123	564600	71410	194376	203899	280630	210484	262210	763077	510234	446085	50176	119100	53268	71148	142677	35586	64701	12596	17533	22165	32230	7007
385.00000069837955	0	0	0	0	0	6062678	0	1044459	437320	465304	490303	2961391	202398	401362	1568830	67983	34887	144824	452903	109152	148434	600184	347760	353130	352032	327547	1313120	277200	156240	218851	317385	1455168	270810	225828	154350	120151	589200	74000	202860	211019	291935	219372	273650	804963	541855	477135	53312	127834	56994	76048	159111	47448	74102	14271	20648	24167	35746	8281
390.00000077140686	0	0	0	0	0	6135084	0	1051011	439920	468216	493589	2986521	205338	407898	1592165	69054	35525	148178	461768	110976	151140	609232	353780	360431	361152	335533	1354438	285376	160930	225259	329265	1517120	281076	235008	160230	124656	611400	77034	211680	218495	304171	227755	285090	849534	567029	505425	56056	132598	61548	80360	177039	59310	91245	16147	22339	27742	43364	9408
395.00000713793423	0	0	0	0	0	6187181	0	1057680	442052	471352	496822	3009138	208656	413918	1617295	70482	35960	151102	470042	112800	154572	620368	362460	367583	368448	342672	1389530	292992	164640	231133	339795	1574144	290516	242760	165830	128472	632700	79624	217644	225971	315742	235431	297440	897864	600799	544065	58996	142126	64584	85064	193473	75126	104517	17487	24119	31317	48638	10829
400.0000059905606	0	0	0	0	0	6244576	0	1063530	444808	474488	499207	3028524	211050	420626	1644579	71808	36743	154370	477134	115248	157872	632200	370580	375629	374832	348843	1418962	300272	169120	236918	349515	1631168	300782	250002	171990	132447	657600	82362	224784	231845	330505	244420	310310	943509	627815	578220	64092	153242	69276	91140	206172	85670	116130	18894	26878	34034	58014	12495
405.0000018550266	0	0	0	0	0	6304620	0	1070433	447304	477232	501380	3050782	214032	426216	1667555	73644	37439	157552	487378	117456	160776	644728	376460	383079	382584	355377	1454054	307440	173320	241457	357345	1676928	309750	256836	177240	136263	683700	85359	233772	242169	342475	252803	322010	984858	656059	612375	67424	164358	72450	95648	220365	101486	126084	20368	28836	37466	67390	13524
410.0000074781972	0	0	0	0	0	6366430	0	1076049	450372	480368	504719	3068014	216174	432064	1690890	74715	38135	160046	494667	119616	163482	655632	384300	390678	390640	362879	1483486	314160	178220	245818	365985	1731840	320606	264690	182000	140185	705000	87542	240660	249823	354977	262398	331500	1028892	683382	642390	69188	180238	75900	102704	243522	115984	138250	21708	31239	40326	80282	15386
415.0000029510622	0	0	0	0	0	6432655	0	1081314	452452	482720	507899	3084887	218862	438772	1717815	75990	38831	162970	502547	122448	165792	666304	389060	397234	398544	370502	1510654	321440	182490	252226	375705	1785344	331344	272544	187390	145008	726300	90354	247464	257833	367213	271185	344370	1072926	712854	674130	73108	192942	79074	107800	257715	126528	152075	23584	33820	44330	95518	16758
420.0000054418915	0	0	0	0	0	6495348	0	1087632	454688	485408	510072	3104991	221004	443244	1746894	77724	39643	165550	512003	124752	168234	680224	395780	404386	405536	377036	1550274	329056	186480	258634	385155	1841664	338896	280602	192710	149460	749400	93018	255780	264508	379183	280679	354900	1110516	740484	707250	77028	206440	82938	113288	272655	142344	164794	24857	35778	48906	108410	18522
425.0000038330683	0	0	0	0	0	6550094	0	1092312	457080	488488	512722	3123659	223902	448318	1769152	79458	40426	167872	519883	126720	170940	690200	402640	411836	412984	383691	1581970	337120	190680	265309	395685	1900800	347038	287028	198170	153753	768000	95238	262584	271895	391286	289163	365560	1150791	771798	741405	80360	213586	86664	120932	289089	166068	175854	26331	38181	52052	123646	19502
430.0000027919796	0	0	0	0	0	6596010	0	1098279	459628	490896	515478	3142327	226506	453134	1787102	80835	41006	170710	527172	128016	173316	702496	409780	420031	421800	391919	1616496	345744	194600	271450	404865	1945856	355652	294066	202720	157145	786000	98235	269472	279638	404187	297546	376090	1193214	800349	776595	82516	228672	91218	125440	306270	199018	189679	28274	40762	56628	135952	20923
435.0000101350098	0	0	0	0	0	6651639	0	1102023	461864	493640	517916	3156687	229026	457606	1811155	82110	41934	173204	533476	129984	176220	715256	416920	428077	427120	399784	1646494	352800	199570	277502	413640	1997952	363440	300492	207760	161120	807900	101195	277536	286580	415891	306131	386490	1242081	832584	805920	85260	242170	97152	131320	326439	229332	200186	30351	43076	61347	156462	22638
440.0000035760602	0	0	0	0	0	6686959	0	1106586	463892	495600	520407	3176073	231420	462508	1834131	83436	42833	176300	541947	132384	178662	728248	422380	435825	435176	407649	1686114	360192	204330	283999	422280	2064128	371228	307224	212380	164777	828000	103489	284256	294145	427595	314615	395070	1291485	861135	839040	89572	250110	101568	137396	352584	254374	216223	31758	46013	65351	169354	24059
445.00001570807734	0	0	0	0	0	6738173	0	1112670	465660	497560	523110	3191151	233814	467410	1857107	84609	43964	178880	548448	134640	181500	739616	428820	442530	443080	415151	1723470	367808	208530	288449	429975	2118336	381022	315384	217210	168434	848700	106005	292236	301532	437304	322796	404820	1331223	888151	873195	91924	270754	105708	142100	377235	267554	230601	33835	48327	69498	185176	26313
450.0000016419488	0	0	0	0	0	6800866	0	1116882	467688	499576	525813	3211255	236796	471366	1880083	85833	44747	181460	557707	136080	184998	750984	435820	449086	449920	423621	1750072	375648	212100	293967	438885	2169024	389990	321810	222600	172303	875700	108706	298872	309186	449806	330876	416910	1377942	915781	905970	94668	288222	110262	150724	404127	296550	248297	35778	50641	75075	195724	28273
455.0000008477144	0	0	0	0	0	6852080	0	1122030	469508	502432	528887	3229564	238770	476526	1905931	87363	45675	183180	567557	138336	187638	763048	444080	457132	458736	431365	1784598	384272	215950	300197	447255	2220416	399666	329358	228060	176384	901500	111666	303996	316929	459648	337845	426530	1425735	945867	940815	99568	304102	116334	155428	428031	326864	262675	37587	54290	79079	210960	29939
460.0000070695842	0	0	0	0	0	6911241	0	1127529	471588	504504	531325	3243565	240786	480740	1926753	88689	46574	186190	576619	140448	190146	772792	450940	466519	466336	437536	1823086	392112	220360	306516	454545	2281664	408752	335988	234080	180200	924600	114108	311808	325295	469623	344612	438100	1478898	976874	970140	103292	318394	119784	161112	449694	359814	275394	39463	56960	82082	231470	32193
465.0000152028659	0	0	0	0	0	6952742	0	1130922	473564	506632	533551	3257207	242886	485900	1951883	89505	47299	189716	584499	142224	192192	784624	459200	476055	472872	445280	1855348	398944	225260	311589	462780	2345024	418074	343434	239750	183539	945000	116772	318948	331970	479864	354005	448890	1521858	999285	1002225	106232	327922	123510	166992	474345	395400	290878	42076	59630	86229	249636	34202
470.00000037317784	0	0	0	0	0	7013669	0	1134666	475332	509320	535300	3275875	245028	490458	1973782	90984	48053	192038	591788	143856	194634	799704	465640	484399	479256	452056	1885346	405216	228830	316662	473715	2399936	427278	352002	245070	187673	968700	119584	327180	339802	492100	362287	460200	1562133	1036125	1035000	110740	341420	127512	173656	498249	424396	306915	44421	61677	91949	268388	36701
475.00001952775057	0	0	0	0	0	7057819	0	1139463	477412	512232	537579	3295261	247128	494586	1993886	92361	48836	194704	600850	146016	197538	812696	470960	492594	486552	458469	1910816	411600	233100	322447	483165	2443584	434712	359244	250740	191754	995100	121952	334656	347723	503139	372084	470340	1613148	1067439	1071570	113876	355712	132204	178556	519165	446802	324058	47704	64347	96954	285968	38661
480.00000628965415	0	0	0	0	0	7089607	0	1144377	480064	514248	540017	3312493	249312	499574	2007169	93840	49416	196768	609124	147696	199980	824064	479220	500491	492328	466092	1940814	418880	237510	328410	490725	2496384	444152	367608	256970	195358	1014300	124505	342048	354487	516705	379861	481780	1656108	1092306	1107105	115640	367622	135516	185808	544563	471844	345072	50183	67640	101959	300032	41209
485.0000039708702	0	0	0	0	0	7131108	0	1148940	482196	516208	542349	3326494	251580	503702	2025119	94554	49880	199090	617004	149424	203478	837520	488460	507792	499776	471416	1967982	426048	242410	333127	500040	2553408	453002	374442	262710	198803	1036200	126577	348936	363120	525616	389355	492050	1702827	1118094	1141950	118776	384296	138828	192080	566226	508748	363321	52059	70666	107822	319956	43414
490.000002270923	0	0	0	0	0	7175258	0	1153386	484328	518056	544363	3343726	253554	508088	2046300	95574	50692	201670	623899	151584	205788	848888	494480	514944	506768	478797	1995716	432208	245630	339802	510705	2606912	463386	379644	267050	202725	1056300	129130	355824	369261	537453	397637	502970	1744176	1142347	1178175	121912	396206	143244	197372	597600	548288	380464	54069	73692	113113	343982	44835
495.0000031345338	0	0	0	0	0	7225589	0	1157598	486252	520352	546854	3359881	256032	512388	2066045	96951	51417	205282	629612	153744	209418	858168	502460	521202	513912	485815	2028544	439040	250040	345409	518940	2659712	470938	388722	271460	207442	1084200	131350	363552	377449	547428	405818	515060	1788747	1173661	1209570	126224	406528	147936	204036	620757	591782	403137	57017	77163	118547	361562	47481
500.0000038055011	0	0	0	0	0	7276803	0	1161342	488748	522480	548709	3379985	258174	516860	2084354	98124	52432	207174	637098	155520	212124	871624	508060	527907	522120	491865	2056844	445872	254730	350571	528255	2708992	478490	395148	277620	211311	1103400	134421	370356	385726	557802	414706	525980	1822578	1202212	1244070	128380	425584	152490	210112	638685	628686	418068	59429	80100	123266	382072	49490
505.0000038317279	0	0	0	0	0	7326251	0	1166139	490048	524720	550511	3390755	260274	521504	2103022	99399	53128	209926	644190	157392	215358	882296	515340	534761	529568	499609	2097030	451360	257950	355644	537840	2763904	486986	403818	281260	215816	1129200	137307	379512	393914	569107	422988	535860	1856946	1233526	1279950	132496	438288	157320	215600	667818	660318	437423	61774	82414	127985	397308	51450
510.00000009813886	0	0	0	0	0	7368635	0	1170819	491920	526904	552737	3406192	262164	526148	2128152	100623	53795	211990	653843	159456	217800	892968	520660	540721	537016	506022	2129858	458080	262010	361607	547290	2823040	494184	409632	286230	220056	1151700	139416	386652	401212	579614	433593	547300	1905813	1259621	1308585	137004	451786	161598	220304	690228	690632	460649	63583	85440	132704	416060	53165
515.0000040654481	0	0	0	0	0	7414551	0	1175031	493896	528808	554857	3422347	264138	530792	2153282	102357	54462	214570	661920	160464	220110	905960	526960	548469	542944	512435	2168346	464128	266140	366947	557280	2880064	504922	416364	292320	223607	1173000	141969	394128	409400	591983	443895	559650	1955754	1288786	1336530	142296	472430	166152	227752	724590	728854	480557	66196	88110	137137	430710	54978
520.000001143861	0	0	0	0	0	7471063	0	1179594	495664	530936	557295	3435989	266364	534232	2174463	103785	55158	217150	668815	161712	222750	919880	532420	555770	549936	519453	2205702	471744	270760	372554	565380	2939200	514244	423504	298480	227688	1196400	144892	401268	417410	604618	451369	569660	1996566	1310890	1365510	147588	484340	169878	234220	751482	763122	499359	68742	91670	142857	454736	56987
525.0000107496769	0	0	0	0	0	7515213	0	1183806	497484	533232	559256	3451067	268254	538618	2200311	105519	55680	220676	674725	163536	225060	931944	538440	564561	556016	526834	2245888	478016	274820	379407	573480	2984256	523448	432480	305270	231981	1220400	147186	408828	424886	615125	461469	578890	2039526	1341897	1402425	152096	497838	174708	238140	777627	789482	515949	70886	94607	148434	473488	58800
530.0000045654533	0	0	0	0	0	7565544	0	1188018	499668	534464	561747	3460760	270186	543348	2222210	106590	56463	222568	682408	165312	228096	941456	546280	569925	563464	532400	2277018	485520	279510	384747	581850	3031424	532888	440640	311640	236698	1248300	150109	416892	432006	626962	469852	590980	2084634	1369527	1436580	155624	511336	178572	243628	799290	831658	534198	72762	98879	151723	488724	60760
535.0000000894114	0	0	0	0	0	7607928	0	1193400	501072	536536	564132	3475120	271866	546874	2246263	108579	57159	226008	689697	167376	230340	953984	551740	577673	569848	540144	2314940	493696	283080	390265	590490	3083520	541856	450126	317030	239878	1268700	152810	425208	440728	637735	478033	602810	2125446	1395622	1469355	160132	530392	182436	249312	818712	872516	556318	75509	100926	156156	508648	62622
540.0000060238868	0	0	0	0	0	7651195	0	1197378	503516	538440	566040	3496301	274386	551432	2268521	109701	57710	229018	697577	169440	231990	966744	558320	584974	576840	549098	2347202	500640	287070	395694	599805	3136320	550352	456756	322350	243376	1293300	154919	431844	448204	647710	487931	612300	2168406	1424787	1505235	162876	543890	186852	254212	846351	917328	578438	77988	104931	160732	527986	64876
545.0000015124185	0	0	0	0	0	7697111	0	1202292	505752	540456	568531	3508866	276402	554958	2291138	110721	58406	231254	704866	171600	235290	975328	565040	592573	583984	554785	2376634	507696	290430	400767	608310	3188416	559556	465222	327740	246609	1316400	157324	438984	454968	658217	498031	625560	2204922	1448119	1539735	167580	562152	191544	260680	864279	964776	600005	80735	107779	165880	547324	67081
550.0000011263176	0	0	0	0	0	7735080	0	1206855	507468	541688	571022	3525380	278376	559774	2319858	112710	59073	233920	712155	173664	236940	988088	571480	600768	591280	562166	2406632	514080	294280	407709	617895	3245440	568406	472872	333200	249842	1337700	159618	446208	463067	671118	506919	636220	2252715	1480047	1570785	171108	572474	195822	266560	891918	999044	613830	83616	110538	171314	564318	69384
555.0000056493731	0	0	0	0	0	7765985	0	1211067	508924	543424	572983	3542971	280476	564074	2338167	113628	59856	236242	718853	175488	238590	998992	577640	608963	599336	569184	2434366	522816	298830	413583	628290	3299648	579380	480522	338800	254082	1357500	162171	453516	472323	682955	515100	647660	2299971	1511361	1605630	174440	589942	200376	273224	912834	1049128	635950	85626	114009	174889	584828	71932
560.0000117458575	0	0	0	0	0	7802188	0	1215396	510952	545384	574414	3557690	282660	569320	2360066	114750	60639	238908	727521	177072	241890	1011288	584220	616562	607088	575960	2457006	530320	303380	420970	639630	3360896	588112	488274	344400	257527	1378500	165242	462756	480155	694260	522170	658450	2349912	1541140	1636680	178948	603440	204240	279300	934497	1095258	649222	87904	117836	180180	603580	74333
565.0000004165848	0	0	0	0	0	7839274	0	1219374	513136	547064	576057	3570255	284676	573534	2377298	116127	61335	241918	734022	179136	244596	1021728	590940	622373	615600	583825	2487570	537824	308280	427556	648945	3406656	596608	495720	348880	261502	1397100	168239	471156	487809	705033	529846	669630	2389113	1565393	1666695	182280	619320	208656	285180	964377	1134798	671895	90450	121663	185757	624090	76489
570.0000077669555	0	0	0	0	0	7883424	0	1223937	514904	548464	578707	3583897	286398	577318	2400633	117606	61886	244842	739144	181296	247368	1032168	597940	629674	622744	590601	2518134	544656	312620	434231	656370	3467200	605812	501126	355180	265689	1416000	171495	479640	495641	714875	538734	680550	2430462	1592716	1701885	184632	635994	213624	291452	994257	1169066	700651	92996	124066	190190	648116	78645
575.0000048688775	0	0	0	0	0	7922276	0	1228968	516308	550088	580509	3596103	288204	581016	2420019	118932	62930	247508	746827	182880	250602	1046320	605080	635783	629280	598466	2550396	553616	317730	440461	664875	3513664	615252	508266	358960	269664	1438500	174196	486024	504096	725515	546612	690430	2475570	1618811	1732590	189924	655844	216384	298116	1021896	1219150	718347	95944	126825	196196	666868	80850
580.0000060161134	0	0	0	0	0	7958479	0	1233882	518440	552216	582682	3608668	290220	584198	2439764	120156	63568	250432	754116	184896	252714	1058152	611800	643233	635360	604153	2580394	560224	322420	446246	673650	3577024	623512	516222	364350	274063	1459500	176527	493080	511928	737086	554389	702130	2527122	1643064	1770195	194628	666960	220800	303604	1048041	1250782	749868	98423	130919	201487	687378	82957
585.000002305492	0	0	0	0	0	8006161	0	1237275	519896	554064	585120	3624464	292068	587724	2458791	121176	64264	252754	760420	186672	255486	1068592	618100	650832	641440	610808	2612656	567616	327250	452654	683100	3636160	631654	522852	369740	277084	1476900	179487	501564	520294	750519	564287	714610	2571693	1673150	1810905	198548	675694	224526	309092	1072692	1271870	771435	100634	134924	206778	709646	85407
590.0000015964335	0	0	0	0	0	8045896	0	1241721	521508	556024	586551	3637029	293832	591766	2475305	122094	64902	255248	766724	188928	257994	1079728	624400	658282	648280	617342	2646050	575232	331940	458083	694440	3685440	639796	531828	376110	281059	1497300	181670	509208	528215	761957	571862	728000	2613579	1697710	1848165	201684	689192	229632	316932	1104066	1307456	794661	103247	138662	210925	732500	87710
595.0000069467494	0	0	0	0	0	8086514	0	1246635	522756	557704	588724	3648158	295764	596238	2495050	123165	65424	258344	773816	191328	260832	1088312	631680	665434	655120	622908	2680010	582848	336210	465203	702000	3737536	649472	539478	381500	284981	1518900	184038	518196	536403	772996	580649	739570	2662983	1723191	1879905	203840	708248	235014	323204	1124235	1336452	818440	105726	142044	216931	756526	90013
600.0000064300582	0	0	0	0	0	8121834	0	1251081	524160	559776	590632	3662518	297612	600366	2511564	124797	66149	260924	782287	194016	261954	1100144	637000	671692	662264	630047	2710008	589792	340410	471433	711720	3788224	658204	546618	385630	288479	1541100	186406	524664	543968	785498	588426	751920	2713461	1748979	1913715	207956	727304	239016	329476	1148886	1373356	843325	109612	145693	222079	781138	91973
