>time	Ribosome	coli Pol	coli Pol-P	coli Pol-2.0	coli Pol-P-2.0	gp1	gp1-3.5	gp0.3	gp0.4	gp0.5	gp0.6A	gp0.7	gp1.1	gp1.2	gp1.3	gp1.4	gp1.5	gp1.6	gp1.7	gp1.8	gp2.0	gp2.5	gp2.8	gp3.0	gp3.5	gp3.8	gp4A	gp4.2	gp4.3	gp4.5	gp4.7	gp5.0	gp5.3	gp5.5	gp5.7	gp5.9	gp6.0	gp6.3	gp6.5	gp6.7	gp7	gp7.3	gp7.7	gp8	gp9	gp10A	gp11	gp12	gp13	gp14	gp15	gp16	gp17	gp17.5	gp18	gp18.5	gp19	gp19.5	RNA: gp0.3	RNA: gp0.4	RNA: gp0.5	RNA: gp0.6A	RNA: gp0.7	RNA: gp1	RNA: gp1.1	RNA: gp1.2	RNA: gp1.3	RNA: gp1.4	RNA: gp1.5	RNA: gp1.6	RNA: gp1.7	RNA: gp1.8	RNA: gp2.0	RNA: gp2.5	RNA: gp2.8	RNA: gp3.0	RNA: gp3.5	RNA: gp3.8	RNA: gp4A	RNA: gp4.2	RNA: gp4.3	RNA: gp4.5	RNA: gp4.7	RNA: gp5.0	RNA: gp5.3	RNA: gp5.5	RNA: gp5.7	RNA: gp5.9	RNA: gp6.0	RNA: gp6.3	RNA: gp6.5	RNA: gp6.7	RNA: gp7	RNA: gp7.3	RNA: gp7.7	RNA: gp8	RNA: gp9	RNA: gp10A	RNA: gp11	RNA: gp12	RNA: gp13	RNA: gp14	RNA: gp15	RNA: gp16	RNA: gp17	RNA: gp17.5	RNA: gp18	RNA: gp18.5	RNA: gp19	RNA: gp19.5	NumColiPoly:	4	NumT7Poly	2	NumOfTimePoints:	121	NumOfProteins:	58	NumOfCoding	52
2.9156803064713075E-4	10000	1800	0	0	0	0	0	0	0	0	0	0	0	0	0	0	0	0	0	0	0	0	0	0	0	0	0	0	0	0	0	0	0	0	0	0	0	0	0	0	0	0	0	0	0	0	0	0	0	0	0	0	0	0	0	0	0	0	0	0	0	0	0	0	0	0	0	0	0	0	0	0	0	0	0	0	0	0	0	0	0	0	0	0	0	0	0	0	0	0	0	0	0	0	0	0	0	0	0	0	0	0	0	0	0	0	0	0	0	0
5.001733976170547	10000	1800	0	0	0	0	0	0	0	0	0	0	0	0	0	0	0	0	0	0	0	0	0	0	0	0	0	0	0	0	0	0	0	0	0	0	0	0	0	0	0	0	0	0	0	0	0	0	0	0	0	0	0	0	0	0	0	0	0	0	0	0	0	0	0	0	0	0	0	0	0	0	0	0	0	0	0	0	0	0	0	0	0	0	0	0	0	0	0	0	0	0	0	0	0	0	0	0	0	0	0	0	0	0	0	0	0	0	0	0
10.005004805129806	10000	1794	0	0	0	0	0	0	0	0	0	0	0	0	0	0	0	0	0	0	0	0	0	0	0	0	0	0	0	0	0	0	0	0	0	0	0	0	0	0	0	0	0	0	0	0	0	0	0	0	0	0	0	0	0	0	0	0	0	0	0	0	0	0	0	0	0	0	0	0	0	0	0	0	0	0	0	0	0	0	0	0	0	0	0	0	0	0	0	0	0	0	0	0	0	0	0	0	0	0	0	0	0	0	0	0	0	0	0	0
15.009457918066143	10000	1788	0	0	0	0	0	0	0	0	0	0	0	0	0	0	0	0	0	0	0	0	0	0	0	0	0	0	0	0	0	0	0	0	0	0	0	0	0	0	0	0	0	0	0	0	0	0	0	0	0	0	0	0	0	0	0	0	0	0	0	0	0	0	0	0	0	0	0	0	0	0	0	0	0	0	0	0	0	0	0	0	0	0	0	0	0	0	0	0	0	0	0	0	0	0	0	0	0	0	0	0	0	0	0	0	0	0	0	0
20.00005145002831	9998	1780	0	0	0	0	0	0	0	0	0	0	0	0	0	0	0	0	0	0	0	0	0	0	0	0	0	0	0	0	0	0	0	0	0	0	0	0	0	0	0	0	0	0	0	0	0	0	0	0	0	0	0	0	0	0	0	0	0	0	0	0	0	0	0	0	0	0	0	0	0	0	0	0	0	0	0	0	0	0	0	0	0	0	0	0	0	0	0	0	0	0	0	0	0	0	0	0	0	0	0	0	0	0	0	0	0	0	0	0
25.001581770555227	9986	1775	0	0	0	0	0	0	0	0	0	0	0	0	0	0	0	0	0	0	0	0	0	0	0	0	0	0	0	0	0	0	0	0	0	0	0	0	0	0	0	0	0	0	0	0	0	0	0	0	0	0	0	0	0	0	0	0	2	0	0	0	0	0	0	0	0	0	0	0	0	0	0	0	0	0	0	0	0	0	0	0	0	0	0	0	0	0	0	0	0	0	0	0	0	0	0	0	0	0	0	0	0	0	0	0	0	0	0	0
30.000150122261125	9973	1768	0	0	0	0	0	2	1	0	0	0	0	0	0	0	0	0	0	0	0	0	0	0	0	0	0	0	0	0	0	0	0	0	0	0	0	0	0	0	0	0	0	0	0	0	0	0	0	0	0	0	0	0	0	0	0	0	3	0	0	0	0	0	0	0	0	0	0	0	0	0	0	0	0	0	0	0	0	0	0	0	0	0	0	0	0	0	0	0	0	0	0	0	0	0	0	0	0	0	0	0	0	0	0	0	0	0	0	0
35.00094288488375	9949	1757	0	0	0	0	0	12	3	1	0	0	0	0	0	0	0	0	0	0	0	0	0	0	0	0	0	0	0	0	0	0	0	0	0	0	0	0	0	0	0	0	0	0	0	0	0	0	0	0	0	0	0	0	0	0	0	0	6	3	0	0	0	0	0	0	0	0	0	0	0	0	0	0	0	0	0	0	0	0	0	0	0	0	0	0	0	0	0	0	0	0	0	0	0	0	0	0	0	0	0	0	0	0	0	0	0	0	0	0
40.00049900754288	9898	1750	0	0	0	0	0	20	16	4	2	0	0	0	0	0	0	0	0	0	0	0	0	0	0	0	0	0	0	0	0	0	0	0	0	0	0	0	0	0	0	0	0	0	0	0	0	0	0	0	0	0	0	0	0	0	0	0	14	9	2	4	0	0	0	0	0	0	0	0	0	0	0	0	0	0	0	0	0	0	0	0	0	0	0	0	0	0	0	0	0	0	0	0	0	0	0	0	0	0	0	0	0	0	0	0	0	0	0	0
45.00116832258336	9840	1739	0	0	0	0	0	38	29	14	12	0	0	0	0	0	0	0	0	0	0	0	0	0	0	0	0	0	0	0	0	0	0	0	0	0	0	0	0	0	0	0	0	0	0	0	0	0	0	0	0	0	0	0	0	0	0	0	28	12	8	9	0	0	0	0	0	0	0	0	0	0	0	0	0	0	0	0	0	0	0	0	0	0	0	0	0	0	0	0	0	0	0	0	0	0	0	0	0	0	0	0	0	0	0	0	0	0	0	0
50.00026047651482	9765	1733	0	0	0	0	0	68	53	26	27	0	0	0	0	0	0	0	0	0	0	0	0	0	0	0	0	0	0	0	0	0	0	0	0	0	0	0	0	0	0	0	0	0	0	0	0	0	0	0	0	0	0	0	0	0	0	0	34	25	15	14	0	0	0	0	0	0	0	0	0	0	0	0	0	0	0	0	0	0	0	0	0	0	0	0	0	0	0	0	0	0	0	0	0	0	0	0	0	0	0	0	0	0	0	0	0	0	0	0
55.001061661182284	9694	1721	0	0	0	0	0	104	89	55	49	0	0	0	0	0	0	0	0	0	0	0	0	0	0	0	0	0	0	0	0	0	0	0	0	0	0	0	0	0	0	0	0	0	0	0	0	0	0	0	0	0	0	0	0	0	0	0	39	34	23	25	0	0	0	0	0	0	0	0	0	0	0	0	0	0	0	0	0	0	0	0	0	0	0	0	0	0	0	0	0	0	0	0	0	0	0	0	0	0	0	0	0	0	0	0	0	0	0	0
60.00029360733445	9593	1712	0	0	0	0	0	147	130	87	82	0	0	0	0	0	0	0	0	0	0	0	0	0	0	0	0	0	0	0	0	0	0	0	0	0	0	0	0	0	0	0	0	0	0	0	0	0	0	0	0	0	0	0	0	0	0	0	49	36	36	36	0	0	0	0	0	0	0	0	0	0	0	0	0	0	0	0	0	0	0	0	0	0	0	0	0	0	0	0	0	0	0	0	0	0	0	0	0	0	0	0	0	0	0	0	0	0	0	0
65.00003070908174	9527	1708	0	0	0	0	0	205	185	136	130	0	0	0	0	0	0	0	0	0	0	0	0	0	0	0	0	0	0	0	0	0	0	0	0	0	0	0	0	0	0	0	0	0	0	0	0	0	0	0	0	0	0	0	0	0	0	0	56	48	38	43	1	0	0	0	0	0	0	0	0	0	0	0	0	0	0	0	0	0	0	0	0	0	0	0	0	0	0	0	0	0	0	0	0	0	0	0	0	0	0	0	0	0	0	0	0	0	0	0
70.00008408352741	9391	1686	6	0	0	0	0	264	231	188	187	0	0	0	0	0	0	0	0	0	0	0	0	0	0	0	0	0	0	0	0	0	0	0	0	0	0	0	0	0	0	0	0	0	0	0	0	0	0	0	0	0	0	0	0	0	0	0	66	56	48	49	21	0	0	0	0	0	0	0	0	0	0	0	0	0	0	0	0	0	0	0	0	0	0	0	0	0	0	0	0	0	0	0	0	0	0	0	0	0	0	0	0	0	0	0	0	0	0	0
75.00022932010077	9277	1674	12	0	0	0	0	343	307	248	266	0	0	0	0	0	0	0	0	0	0	0	0	0	0	0	0	0	0	0	0	0	0	0	0	0	0	0	0	0	0	0	0	0	0	0	0	0	0	0	0	0	0	0	0	0	0	0	72	64	56	58	29	0	0	0	0	0	0	0	0	0	0	0	0	0	0	0	0	0	0	0	0	0	0	0	0	0	0	0	0	0	0	0	0	0	0	0	0	0	0	0	0	0	0	0	0	0	0	0
80.00018339567497	9114	1643	31	0	0	0	0	418	388	319	354	0	0	0	0	0	0	0	0	0	0	0	0	0	0	0	0	0	0	0	0	0	0	0	0	0	0	0	0	0	0	0	0	0	0	0	0	0	0	0	0	0	0	0	0	0	0	0	79	69	65	67	51	0	0	0	0	0	0	0	0	0	0	0	0	0	0	0	0	0	0	0	0	0	0	0	0	0	0	0	0	0	0	0	0	0	0	0	0	0	0	0	0	0	0	0	0	0	0	0
85.00001499274562	8993	1608	55	0	0	0	0	519	474	409	464	0	0	0	0	0	0	0	0	0	0	0	0	0	0	0	0	0	0	0	0	0	0	0	0	0	0	0	0	0	0	0	0	0	0	0	0	0	0	0	0	0	0	0	0	0	0	0	90	81	72	78	57	0	0	0	0	0	0	0	0	0	0	0	0	0	0	0	0	0	0	0	0	0	0	0	0	0	0	0	0	0	0	0	0	0	0	0	0	0	0	0	0	0	0	0	0	0	0	0
90.00023446224462	8829	1563	91	0	0	0	0	628	565	501	589	0	0	0	0	0	0	0	0	0	0	0	0	0	0	0	0	0	0	0	0	0	0	0	0	0	0	0	0	0	0	0	0	0	0	0	0	0	0	0	0	0	0	0	0	0	0	0	96	89	81	87	66	0	0	0	0	0	0	0	0	0	0	0	0	0	0	0	0	0	0	0	0	0	0	0	0	0	0	0	0	0	0	0	0	0	0	0	0	0	0	0	0	0	0	0	0	0	0	0
95.00001349532256	8660	1521	128	0	0	0	0	750	671	601	724	0	0	0	0	0	0	0	0	0	0	0	0	0	0	0	0	0	0	0	0	0	0	0	0	0	0	0	0	0	0	0	0	0	0	0	0	0	0	0	0	0	0	0	0	0	0	0	102	94	90	92	81	0	0	0	0	0	0	0	0	0	0	0	0	0	0	0	0	0	0	0	0	0	0	0	0	0	0	0	0	0	0	0	0	0	0	0	0	0	0	0	0	0	0	0	0	0	0	0
100.00008873896537	8502	1446	195	0	0	0	0	861	788	693	906	0	0	0	0	0	0	0	0	0	0	0	0	0	0	0	0	0	0	0	0	0	0	0	0	0	0	0	0	0	0	0	0	0	0	0	0	0	0	0	0	0	0	0	0	0	0	0	107	100	93	102	85	0	0	0	0	0	0	0	0	0	0	0	0	0	0	0	0	0	0	0	0	0	0	0	0	0	0	0	0	0	0	0	0	0	0	0	0	0	0	0	0	0	0	0	0	0	0	0
105.00029124126432	8327	1377	258	0	0	0	0	981	902	810	1115	0	0	0	0	0	0	0	0	0	0	0	0	0	0	0	0	0	0	0	0	0	0	0	0	0	0	0	0	0	0	0	0	0	0	0	0	0	0	0	0	0	0	0	0	0	0	0	113	107	95	110	99	0	0	0	0	0	0	0	0	0	0	0	0	0	0	0	0	0	0	0	0	0	0	0	0	0	0	0	0	0	0	0	0	0	0	0	0	0	0	0	0	0	0	0	0	0	0	0
110.00009018971416	8149	1297	331	0	0	0	0	1119	1018	934	1321	0	0	0	0	0	0	0	0	0	0	0	0	0	0	0	0	0	0	0	0	0	0	0	0	0	0	0	0	0	0	0	0	0	0	0	0	0	0	0	0	0	0	0	0	0	0	0	124	110	106	116	106	0	0	0	0	0	0	0	0	0	0	0	0	0	0	0	0	0	0	0	0	0	0	0	0	0	0	0	0	0	0	0	0	0	0	0	0	0	0	0	0	0	0	0	0	0	0	0
115.00004504580663	7979	1203	413	0	0	0	0	1260	1158	1065	1537	0	0	0	0	0	0	0	0	0	0	0	0	0	0	0	0	0	0	0	0	0	0	0	0	0	0	0	0	0	0	0	0	0	0	0	0	0	0	0	0	0	0	0	0	0	0	0	127	122	112	125	111	0	0	0	0	0	0	0	0	0	0	0	0	0	0	0	0	0	0	0	0	0	0	0	0	0	0	0	0	0	0	0	0	0	0	0	0	0	0	0	0	0	0	0	0	0	0	0
120.00029222987492	7747	1111	503	0	0	0	0	1389	1297	1203	1776	0	0	0	0	0	0	0	0	0	0	0	0	0	0	0	0	0	0	0	0	0	0	0	0	0	0	0	0	0	0	0	0	0	0	0	0	0	0	0	0	0	0	0	0	0	0	0	129	126	121	135	123	0	0	0	0	0	0	0	0	0	0	0	0	0	0	0	0	0	0	0	0	0	0	0	0	0	0	0	0	0	0	0	0	0	0	0	0	0	0	0	0	0	0	0	0	0	0	0
125.00001291291808	7557	1001	604	0	0	0	0	1547	1430	1345	2042	0	0	0	0	0	0	0	0	0	0	0	0	0	0	0	0	0	0	0	0	0	0	0	0	0	0	0	0	0	0	0	0	0	0	0	0	0	0	0	0	0	0	0	0	0	0	0	132	127	127	143	128	12	0	0	0	0	0	0	0	0	0	0	0	0	0	0	0	0	0	0	0	0	0	0	0	0	0	0	0	0	0	0	0	0	0	0	0	0	0	0	0	0	0	0	0	0	0	0
130.00007934670091	7320	875	720	0	0	3	0	1709	1574	1490	2318	1	0	0	0	0	0	0	0	0	0	0	0	0	0	0	0	0	0	0	0	0	0	0	0	0	0	0	0	0	0	0	0	0	0	0	0	0	0	0	0	0	0	0	0	0	0	0	141	133	129	148	138	55	0	0	0	0	0	0	0	0	0	0	0	0	0	0	0	0	0	0	0	0	0	0	0	0	0	0	0	0	0	0	0	0	0	0	0	0	0	0	0	0	0	0	0	0	0	0
135.0000187838462	7128	736	850	0	0	4	0	1859	1728	1650	2626	0	3	0	0	0	0	0	0	0	0	0	0	0	0	0	0	0	0	0	0	0	0	0	0	0	0	0	0	0	0	0	0	0	0	0	0	0	0	0	0	0	0	0	0	0	0	0	147	140	135	154	140	81	5	0	0	0	0	0	0	0	0	0	0	0	0	0	0	0	0	0	0	0	0	0	0	0	0	0	0	0	0	0	0	0	0	0	0	0	0	0	0	0	0	0	0	0	0	0
140.00000406505828	6904	608	966	0	0	13	0	2023	1885	1808	2937	1	8	2	0	0	0	0	0	0	0	0	0	0	0	0	0	0	0	0	0	0	0	0	0	0	0	0	0	0	0	0	0	0	0	0	0	0	0	0	0	0	0	0	0	0	0	0	149	143	144	162	148	112	5	3	0	0	0	0	0	0	0	0	0	0	0	0	0	0	0	0	0	0	0	0	0	0	0	0	0	0	0	0	0	0	0	0	0	0	0	0	0	0	0	0	0	0	0	0
145.0000060960026	6688	453	1116	0	0	28	0	2197	2066	1978	3288	0	15	6	0	0	0	0	0	0	0	0	0	0	0	0	0	0	0	0	0	0	0	0	0	0	0	0	0	0	0	0	0	0	0	0	0	0	0	0	0	0	0	0	0	0	0	0	157	148	146	175	153	132	9	5	0	0	0	0	0	0	0	0	0	0	0	0	0	0	0	0	0	0	0	0	0	0	0	0	0	0	0	0	0	0	0	0	0	0	0	0	0	0	0	0	0	0	0	0
150.00004711705995	6372	304	1258	0	0	46	0	2365	2227	2149	3637	2	35	15	0	0	0	0	0	0	0	0	0	0	0	0	0	0	0	0	0	0	0	0	0	0	0	0	0	0	0	0	0	0	0	0	0	0	0	0	0	0	0	0	0	0	0	0	166	157	148	180	165	142	19	10	0	0	0	0	0	0	0	0	0	0	0	0	0	0	0	0	0	0	0	0	0	0	0	0	0	0	0	0	0	0	0	0	0	0	0	0	0	0	0	0	0	0	0	0
155.00004920265837	6072	159	1398	0	0	92	0	2544	2407	2321	3986	0	65	32	0	0	0	0	0	0	0	0	0	0	0	0	0	0	0	0	0	0	0	0	0	0	0	0	0	0	0	0	0	0	0	0	0	0	0	0	0	0	0	0	0	0	0	0	171	163	150	182	176	150	35	22	0	0	0	0	0	0	0	0	0	0	0	0	0	0	0	0	0	0	0	0	0	0	0	0	0	0	0	0	0	0	0	0	0	0	0	0	0	0	0	0	0	0	0	0
160.00004950454132	5732	39	1515	0	0	144	0	2736	2604	2491	4315	7	121	65	0	0	0	0	0	0	0	0	0	0	0	0	0	0	0	0	0	0	0	0	0	0	0	0	0	0	0	0	0	0	0	0	0	0	0	0	0	0	0	0	0	0	0	0	179	167	164	189	179	157	47	35	0	0	0	0	0	0	0	0	0	0	0	0	0	0	0	0	0	0	0	0	0	0	0	0	0	0	0	0	0	0	0	0	0	0	0	0	0	0	0	0	0	0	0	0
165.0000232551805	5410	0	1553	0	0	211	0	2933	2792	2671	4587	142	205	124	1	0	0	0	0	0	0	0	0	0	0	0	0	0	0	0	0	0	0	0	0	0	0	0	0	0	0	0	0	0	0	0	0	0	0	0	0	0	0	0	0	0	0	0	187	173	170	199	185	165	62	52	4	0	0	0	0	0	0	0	0	0	0	0	0	0	0	0	0	0	0	0	0	0	0	0	0	0	0	0	0	0	0	0	0	0	0	0	0	0	0	0	0	0	0	0
170.0000222118057	5061	0	1554	0	0	266	0	3156	3001	2857	4827	309	283	189	7	0	0	0	0	0	0	0	0	0	0	0	0	0	0	0	0	0	0	0	0	0	0	0	0	0	0	0	0	0	0	0	0	0	0	0	0	0	0	0	0	0	0	0	188	186	176	207	194	169	74	62	34	0	0	0	0	0	0	0	0	0	0	0	0	0	0	0	0	0	0	0	0	0	0	0	0	0	0	0	0	0	0	0	0	0	0	0	0	0	0	0	0	0	0	0
175.0000139543602	4734	1	1547	0	0	343	0	3364	3205	3081	5080	510	376	269	19	0	0	0	0	0	0	0	0	0	0	0	0	0	0	0	0	0	0	0	0	0	0	0	0	0	0	0	0	0	0	0	0	0	0	0	0	0	0	0	0	0	0	0	203	187	187	216	200	177	85	80	54	0	1	0	0	0	0	0	0	0	0	0	0	0	0	0	0	0	0	0	0	0	0	0	0	0	0	0	0	0	0	0	0	0	0	0	0	0	0	0	0	0	0	0
180.0000139939622	4275	0	1543	0	0	428	0	3571	3440	3299	5346	703	483	371	39	5	4	1	0	0	0	0	0	0	0	0	0	0	0	0	0	0	0	0	0	0	0	0	0	0	0	0	0	0	0	0	0	0	0	0	0	0	0	0	0	0	0	0	221	202	189	220	208	189	97	90	77	4	3	4	2	2	1	0	0	0	0	0	0	0	0	0	0	0	0	0	0	0	0	0	0	0	0	0	0	0	0	0	0	0	0	0	0	0	0	0	0	0	0	0
185.00002853870478	3873	0	1545	0	2	538	0	3831	3688	3514	5611	891	595	472	64	17	16	5	0	6	0	0	0	0	0	0	0	0	0	0	0	0	0	0	0	0	0	0	0	0	0	0	0	0	0	0	0	0	0	0	0	0	0	0	0	0	0	0	228	213	195	228	211	198	109	101	93	12	8	8	7	5	3	1	0	0	0	0	0	0	0	0	0	0	0	0	0	0	0	0	0	0	0	0	0	0	0	0	0	0	0	0	0	0	0	0	0	0	0	0
190.00002050730626	3415	0	1540	0	12	637	0	4086	3940	3759	5863	1100	714	589	107	34	30	14	0	14	1	0	0	0	0	0	0	0	0	0	0	0	0	0	0	0	0	0	0	0	0	0	0	0	0	0	0	0	0	0	0	0	0	0	0	0	0	0	235	224	211	236	225	201	120	113	108	16	13	14	13	11	12	4	3	4	1	0	0	0	0	0	0	0	0	0	0	0	0	0	0	0	0	0	0	0	0	0	0	0	0	0	0	0	0	0	0	0	0	0
195.00001130336605	2767	0	1531	0	24	758	0	4331	4177	3994	6146	1321	855	731	184	55	53	30	9	38	1	0	2	2	0	0	0	0	0	0	0	0	0	0	0	0	0	0	0	0	0	0	0	0	0	0	0	0	0	0	0	0	0	0	0	0	0	0	240	236	221	255	232	206	128	119	121	20	18	30	32	30	20	13	6	8	5	4	0	0	0	0	0	0	0	0	0	0	0	0	0	0	0	0	0	0	0	0	0	0	0	0	0	0	0	0	0	0	0	0
200.00001158763024	2105	0	1502	0	57	865	5	4615	4442	4241	6464	1515	1007	890	274	88	84	67	22	86	0	5	7	6	0	4	0	0	0	0	0	0	0	0	0	0	0	0	0	0	0	0	0	0	0	0	0	0	0	0	0	0	0	0	0	0	0	0	251	241	231	263	240	210	138	129	132	25	23	35	39	40	32	35	23	14	11	6	4	3	1	0	0	0	0	0	0	0	0	0	0	0	0	0	0	0	0	0	0	0	0	0	0	0	0	0	0	0	0	0
205.00000536144282	1299	0	1477	0	98	980	11	4895	4715	4509	6793	1744	1170	1033	382	122	115	114	56	135	2	13	19	15	0	11	0	1	1	0	0	0	0	0	0	0	0	0	0	0	0	0	0	0	0	0	0	0	0	0	0	0	0	0	0	0	0	0	255	251	240	275	254	215	149	144	140	30	27	41	48	48	48	51	42	37	27	17	8	7	2	8	3	0	0	0	0	0	0	0	0	0	0	0	0	0	0	0	0	0	0	0	0	0	0	0	0	0	0	0
210.000011839158	510	0	1418	0	154	1106	25	5203	5013	4790	7127	1998	1346	1198	485	153	144	161	97	202	0	38	60	43	2	25	0	8	7	10	0	0	0	0	0	0	0	0	0	0	0	0	0	0	0	0	0	0	0	0	0	0	0	0	0	0	0	0	265	259	255	290	261	237	159	155	153	34	27	46	64	62	58	62	55	56	46	38	13	11	7	15	9	0	0	0	0	0	0	0	0	0	0	0	0	0	0	0	0	0	0	0	0	0	0	0	0	0	0	0
215.00000465419626	83	0	1343	0	230	1195	73	5509	5316	5074	7450	2245	1553	1379	624	203	172	204	149	285	3	97	109	103	3	57	0	23	17	31	7	0	0	0	0	0	0	0	0	0	0	0	0	0	0	0	0	0	0	0	0	0	0	0	0	0	0	0	269	263	255	296	271	246	183	165	172	39	29	48	70	68	65	75	67	66	57	65	47	30	16	20	15	6	0	0	0	0	0	0	0	0	0	0	0	0	0	0	0	0	0	0	0	0	0	0	0	0	0	0
220.00000610733565	25	0	1280	0	300	1314	119	5804	5583	5345	7769	2510	1750	1571	778	243	199	256	216	356	3	154	186	171	7	140	0	44	43	52	22	0	0	0	0	1	0	0	0	0	0	0	0	0	0	0	0	0	0	0	0	0	0	0	0	0	0	0	270	270	263	301	281	253	200	184	186	46	38	63	78	80	74	86	85	78	70	80	66	42	38	39	34	28	14	12	8	8	1	1	0	0	0	0	0	0	0	0	0	0	0	0	0	0	0	0	0	0	0	0
225.00000040758857	19	0	1216	0	358	1414	184	6064	5813	5572	8019	2786	1928	1746	930	295	232	316	300	425	7	241	268	242	5	201	0	95	79	82	42	0	6	7	10	9	0	1	0	0	0	0	0	0	0	0	0	0	0	0	0	0	0	0	0	0	0	0	276	270	270	312	289	263	213	203	190	53	48	71	93	97	83	93	92	87	89	94	80	64	48	49	39	37	24	22	23	19	10	12	11	2	1	0	0	0	0	0	0	0	0	0	0	0	0	0	0	0	0	0
230.0000093771636	14	0	1145	0	431	1490	245	6295	6038	5782	8266	3093	2082	1922	1082	337	265	372	365	500	4	319	330	320	8	273	2	163	117	121	83	0	27	28	25	26	0	9	2	1	0	0	0	0	0	0	0	0	0	0	0	0	0	0	0	0	0	0	288	279	271	316	299	275	223	214	209	56	48	82	107	108	92	100	100	93	92	105	93	90	76	60	47	56	45	39	30	31	21	22	34	27	18	14	3	0	0	0	0	0	0	0	0	0	0	0	0	0	0	0
235.00000780547126	17	0	1082	0	499	1587	324	6514	6225	5991	8499	3366	2238	2075	1260	376	302	429	440	577	13	399	403	388	7	342	8	232	169	179	112	0	51	42	49	47	0	23	20	13	0	2	0	0	0	0	0	0	0	0	0	0	0	0	0	0	0	0	305	296	277	321	303	279	230	224	217	58	50	84	111	109	100	112	116	104	97	114	98	99	86	86	72	63	60	56	50	53	37	30	51	47	40	32	26	1	0	0	0	0	0	0	0	0	0	0	0	0	0	0
240.0000330469173	4	0	1005	0	575	1690	388	6718	6397	6154	8690	3640	2366	2215	1458	409	335	478	507	645	10	480	473	457	8	409	21	304	228	243	137	0	92	72	83	72	1	40	48	33	15	17	2	0	0	0	0	0	0	0	0	0	0	0	0	0	0	0	313	306	291	330	313	280	239	230	226	73	63	93	116	115	113	143	128	123	116	136	108	131	122	134	115	82	63	63	59	60	51	51	92	88	62	55	49	20	2	0	0	0	0	0	0	0	0	0	0	0	0	0
245.00000163131853	6	0	962	0	626	1834	427	6900	6563	6320	8884	3886	2498	2354	1634	450	358	528	571	701	10	548	549	521	10	486	53	365	290	307	182	0	125	107	106	97	13	68	84	74	39	47	23	0	0	0	0	0	0	0	0	0	0	0	0	0	0	0	315	311	304	344	316	280	240	237	244	76	72	112	136	137	118	147	144	143	123	148	119	143	140	169	159	105	92	78	71	70	61	61	118	119	101	101	92	41	21	0	0	0	0	0	0	0	0	0	0	0	0	0
250.00000126056662	6	0	903	0	693	1978	477	7078	6704	6465	9078	4103	2609	2473	1811	483	397	574	641	771	11	622	626	604	13	557	113	447	351	382	246	1	155	129	144	125	29	99	137	127	70	71	46	0	0	0	0	0	0	0	0	0	0	0	0	0	0	0	322	319	313	357	321	287	240	240	261	79	75	118	151	150	149	149	146	148	142	168	134	155	146	180	173	148	127	116	108	105	77	72	131	124	121	119	113	71	46	28	2	0	0	0	0	0	0	0	0	0	0	0
255.00000959936216	3	0	845	0	753	2158	537	7226	6845	6596	9235	4316	2706	2582	1964	521	429	627	708	820	15	700	689	671	10	607	176	520	407	470	324	15	192	170	186	171	54	127	197	186	123	125	73	0	0	0	0	0	0	0	0	0	0	0	0	0	0	0	333	326	318	365	328	298	241	241	267	88	78	118	156	157	157	189	182	161	147	176	142	162	157	187	179	181	173	152	148	140	111	107	163	156	145	139	120	98	75	61	8	0	0	0	0	0	0	0	0	0	0	0
260.00000490766445	2	0	775	0	826	2327	605	7383	6967	6725	9372	4515	2812	2672	2118	550	465	677	777	881	15	768	746	741	11	671	247	580	468	539	402	35	229	223	242	217	88	165	257	239	175	182	120	0	0	0	1	0	0	0	0	0	0	0	0	0	0	0	342	334	327	369	336	314	254	241	274	95	83	124	163	160	157	193	192	190	187	189	154	175	167	197	192	207	205	197	191	191	144	143	212	203	179	167	156	120	99	83	15	1	0	0	0	0	0	0	0	0	0	0
265.00001128179196	4	0	719	0	881	2503	667	7507	7085	6827	9517	4697	2902	2760	2265	585	498	722	842	934	17	835	810	809	12	749	324	663	536	611	472	64	300	292	312	285	118	215	314	299	230	230	176	0	9	0	2	0	0	0	0	0	0	0	0	0	0	0	351	345	334	385	339	318	261	252	277	96	87	132	165	165	157	193	193	193	193	221	173	197	194	221	201	224	217	210	209	208	176	171	253	242	230	214	192	142	156	114	21	8	8	2	0	0	0	0	0	0	0	0
270.0000046302305	5	0	671	0	932	2711	720	7636	7199	6941	9640	4848	2978	2839	2385	621	522	765	898	994	16	911	865	861	18	805	391	732	602	674	542	113	375	354	376	341	157	275	402	374	291	301	228	8	37	6	6	0	0	0	0	0	0	0	0	0	0	0	356	352	347	394	350	325	267	257	282	98	89	133	173	174	159	193	193	193	193	223	190	209	199	232	231	237	231	227	221	216	195	182	262	259	258	254	241	162	175	175	28	19	30	20	0	0	0	0	0	0	0	0
275.00000169956746	0	0	617	0	987	2877	793	7751	7309	7055	9770	4997	3066	2903	2506	647	544	795	964	1056	17	992	937	923	9	897	461	802	671	749	607	160	438	434	437	411	191	325	474	452	354	384	301	24	70	29	12	0	3	0	0	0	0	0	0	0	0	0	357	357	350	406	364	332	277	267	289	106	97	138	178	175	159	193	193	193	193	225	210	233	220	251	241	253	240	237	235	233	199	182	274	272	271	267	260	199	201	207	39	22	47	40	2	0	0	0	0	0	0	0
280.0000017550384	3	0	585	0	1019	3055	839	7861	7408	7168	9885	5135	3149	2987	2623	675	573	835	1026	1106	34	1058	1000	990	10	958	527	867	721	810	669	202	505	496	511	487	233	379	564	542	436	473	371	51	108	56	21	0	15	2	0	0	0	0	0	0	0	0	358	357	355	408	375	335	288	276	294	106	97	146	187	180	159	193	193	193	193	226	214	244	235	275	273	281	277	259	253	247	200	184	275	273	274	275	273	210	241	243	42	27	69	58	22	0	0	0	0	0	0	0
285.0000026097063	5	0	519	0	1071	3231	891	7955	7520	7267	9996	5257	3225	3061	2731	694	604	881	1084	1164	32	1110	1055	1055	11	1034	593	946	780	883	744	258	570	570	573	550	291	419	627	630	507	535	458	98	164	98	28	0	24	9	0	0	0	0	0	0	0	0	359	358	357	415	382	342	290	284	294	106	99	147	190	186	166	193	193	193	193	229	224	263	262	289	276	303	290	283	279	279	207	187	280	279	276	275	275	219	248	285	51	39	76	74	44	0	0	0	0	0	0	0
290.00003037327343	2	0	490	0	1100	3331	945	8071	7607	7368	10107	5362	3302	3142	2816	731	629	926	1137	1209	42	1173	1111	1107	11	1094	666	1020	847	950	804	323	632	646	638	615	358	487	701	703	601	624	534	137	225	149	36	0	44	23	0	0	0	0	0	0	0	0	374	361	359	419	389	349	307	292	311	108	99	154	197	191	179	213	198	193	193	230	229	269	268	316	311	328	317	307	301	300	255	238	322	300	283	280	279	266	260	298	58	43	90	79	62	0	0	0	0	0	0	0
295.0000056761933	2	0	447	0	1149	3425	981	8161	7708	7458	10223	5470	3388	3221	2907	768	659	960	1193	1267	34	1228	1170	1156	21	1160	726	1092	909	1048	873	408	707	722	714	692	414	545	774	766	667	703	618	190	287	211	47	0	65	43	0	0	0	0	0	0	0	0	385	375	360	422	399	360	335	300	315	121	112	155	198	193	180	220	220	217	196	231	230	274	272	322	316	341	336	336	334	333	296	294	394	385	347	327	298	275	293	310	59	49	104	100	75	14	0	0	0	0	0	0
300.0000102447609	2	0	412	0	1183	3512	1023	8247	7798	7549	10337	5604	3473	3299	3005	796	675	1002	1244	1315	53	1280	1223	1203	7	1216	802	1170	996	1137	940	485	773	802	787	775	478	606	853	841	737	773	696	242	348	277	64	0	89	56	0	0	0	0	0	0	0	0	387	385	380	426	405	380	357	322	323	121	119	177	221	207	182	225	224	221	217	244	231	280	278	323	322	377	361	345	343	339	331	333	438	418	404	397	376	280	335	345	61	56	114	112	80	50	3	3	0	0	0	0
305.0000143831082	4	0	364	0	1233	3612	1046	8329	7894	7634	10443	5714	3557	3373	3094	821	701	1042	1292	1354	37	1330	1267	1246	23	1279	866	1247	1052	1216	1018	585	862	865	879	851	544	683	948	918	802	864	761	310	401	358	74	0	111	84	0	0	0	0	0	0	0	0	392	391	388	445	412	392	378	348	336	123	119	180	226	209	183	225	225	224	223	262	232	283	279	332	330	390	384	382	379	378	343	340	463	463	451	443	417	293	338	386	68	58	126	115	104	63	28	22	14	4	0	0
310.0000014744825	2	0	327	0	1272	3669	1093	8405	7985	7715	10552	5805	3629	3439	3182	851	728	1081	1346	1400	59	1377	1322	1287	19	1328	938	1317	1112	1294	1095	655	938	929	969	920	618	749	1044	1009	900	944	831	386	477	424	89	2	141	109	0	0	0	1	0	0	0	0	392	392	390	454	414	410	398	374	343	131	124	180	233	229	216	232	225	225	225	267	239	284	280	336	330	395	393	394	392	391	379	371	496	483	472	467	462	297	357	401	79	61	140	131	109	73	67	60	48	33	0	0
315.0000072012445	6	0	299	0	1305	3733	1142	8490	8073	7797	10645	5907	3709	3503	3261	880	750	1125	1387	1449	70	1432	1369	1332	13	1381	1016	1370	1177	1354	1188	734	1016	1010	1054	997	689	833	1132	1107	983	1030	916	456	559	509	97	3	162	138	0	0	0	6	3	3	0	0	397	392	392	458	417	416	415	396	356	135	133	193	244	244	238	274	257	240	227	268	245	291	282	337	335	408	404	403	397	395	393	390	535	529	515	499	483	303	361	431	81	67	146	145	115	78	91	90	84	63	14	9
320.0000001699654	1	0	263	0	1344	3790	1181	8561	8157	7878	10739	5986	3763	3596	3350	903	780	1157	1438	1484	63	1484	1411	1375	12	1439	1091	1436	1238	1419	1246	819	1089	1075	1118	1066	746	908	1225	1221	1083	1107	1008	537	641	596	107	12	195	158	0	0	0	23	19	4	0	0	399	399	392	458	423	418	422	414	369	137	135	197	257	259	242	291	287	281	263	281	266	327	326	370	348	409	409	409	409	409	400	394	540	540	538	536	527	386	364	444	92	70	158	152	132	80	111	110	102	96	39	31
325.00002624758736	0	0	255	0	1355	3845	1219	8641	8218	7953	10810	6080	3854	3679	3433	934	808	1194	1496	1539	94	1525	1454	1430	17	1486	1147	1491	1295	1479	1319	898	1162	1140	1176	1146	822	981	1341	1309	1174	1191	1097	618	724	673	122	18	219	181	4	0	0	43	35	14	0	5	405	403	400	460	431	423	428	421	390	141	140	203	260	259	242	291	291	289	287	334	267	329	328	382	380	416	415	411	409	409	409	403	559	556	554	545	538	486	397	452	93	80	180	165	142	86	118	116	114	111	55	40
330.00000331842745	0	0	232	0	1387	3917	1274	8705	8289	8036	10911	6175	3932	3750	3515	964	844	1231	1543	1587	93	1566	1502	1476	7	1542	1199	1537	1361	1547	1386	978	1238	1205	1236	1207	901	1039	1438	1399	1284	1283	1175	690	810	759	138	27	244	202	18	0	0	59	56	26	0	9	408	408	403	468	436	427	439	428	419	151	142	212	275	272	244	292	292	290	289	342	285	333	328	385	386	432	423	417	417	416	409	409	571	567	563	560	556	504	438	475	94	87	184	185	153	98	123	124	121	117	64	63
335.00000567938616	2	0	198	0	1425	4003	1292	8771	8359	8099	10976	6259	4012	3822	3587	987	868	1272	1579	1633	93	1624	1547	1519	25	1606	1240	1589	1412	1610	1450	1062	1322	1284	1302	1289	979	1110	1546	1496	1385	1372	1263	760	877	842	155	36	273	233	39	0	2	79	71	44	0	21	414	408	407	473	450	428	442	438	449	158	143	212	279	274	249	292	292	291	292	344	311	364	349	391	386	470	457	449	440	435	417	417	590	589	578	576	569	506	458	515	95	88	192	188	165	106	149	142	132	124	72	68
340.0000007038179	2	0	177	0	1453	4043	1355	8845	8425	8160	11041	6350	4087	3882	3676	1010	891	1307	1631	1683	113	1670	1596	1566	14	1663	1305	1638	1478	1674	1512	1145	1387	1359	1373	1350	1042	1166	1649	1589	1469	1462	1359	835	934	920	171	46	302	271	56	0	10	106	90	57	0	33	423	418	407	478	455	433	447	444	475	175	164	225	279	278	268	310	301	296	292	348	332	394	388	432	396	478	474	470	468	468	443	437	609	603	600	596	587	537	525	545	101	90	200	201	184	138	155	156	156	152	89	98
345.00000278093324	1	0	162	0	1465	4102	1400	8918	8480	8212	11102	6443	4176	3947	3752	1036	912	1335	1679	1724	150	1721	1647	1609	11	1714	1364	1704	1521	1727	1577	1240	1446	1425	1444	1430	1110	1239	1741	1686	1568	1545	1457	912	1012	997	189	58	331	302	76	0	32	129	109	75	0	45	435	426	418	481	459	440	453	449	486	187	179	256	315	305	281	333	320	316	302	355	336	397	392	450	453	484	480	480	479	478	467	468	661	645	624	616	603	550	611	603	105	91	208	202	190	146	196	177	167	155	104	107
350.0000052804667	3	0	128	0	1498	4212	1432	8974	8532	8273	11160	6533	4227	4016	3839	1066	938	1366	1731	1768	152	1767	1696	1649	12	1756	1400	1761	1601	1801	1641	1314	1505	1490	1513	1491	1189	1295	1833	1787	1654	1655	1532	1016	1091	1076	206	75	366	327	97	0	48	149	130	92	1	62	445	437	425	494	459	447	468	449	502	203	200	282	327	308	283	337	334	336	319	382	338	399	392	452	453	505	490	484	484	484	477	478	675	670	668	661	642	564	644	699	119	97	216	211	200	154	213	207	204	193	126	136
355.0000076613462	4	0	97	0	1527	4291	1484	9038	8584	8341	11220	6611	4308	4076	3903	1097	960	1408	1768	1806	168	1814	1753	1684	15	1801	1458	1822	1657	1860	1712	1394	1594	1554	1598	1541	1264	1352	1922	1874	1737	1735	1627	1102	1192	1154	222	91	397	357	128	0	70	170	160	113	9	79	452	445	439	499	462	451	476	464	504	204	200	285	350	334	308	352	338	338	336	404	351	415	409	470	455	555	544	526	512	505	484	484	690	683	676	676	667	581	652	743	138	100	230	218	203	159	231	228	224	215	129	148
360.0000062965274	2	0	97	0	1528	4325	1506	9096	8643	8406	11300	6682	4375	4132	3966	1124	987	1445	1812	1854	220	1876	1810	1730	17	1842	1501	1867	1705	1932	1788	1467	1655	1615	1664	1612	1324	1411	2017	1972	1823	1824	1711	1198	1286	1244	240	105	422	382	155	0	89	202	193	137	18	97	454	453	445	517	471	458	487	475	508	218	204	285	360	351	341	378	364	359	346	409	352	415	411	470	470	562	561	558	558	558	513	507	703	698	692	692	684	617	670	756	141	118	247	235	212	172	232	232	232	232	144	160
365.0000044515026	4	0	83	0	1546	4337	1559	9147	8708	8457	11372	6765	4429	4193	4047	1159	1020	1488	1851	1892	248	1918	1851	1773	15	1892	1554	1915	1756	1986	1841	1543	1729	1677	1731	1673	1393	1467	2114	2052	1912	1918	1792	1284	1375	1326	248	124	454	411	177	0	112	230	221	171	28	112	457	455	453	524	476	463	508	482	527	230	218	299	375	372	365	420	399	384	362	432	352	415	411	479	475	572	567	565	563	563	550	544	745	736	719	709	698	644	682	778	148	123	253	253	219	177	246	241	239	232	174	173
370.00001974772493	0	0	73	0	1557	4419	1610	9207	8756	8508	11424	6835	4487	4253	4127	1198	1051	1536	1898	1942	277	1959	1902	1820	16	1927	1613	1971	1802	2050	1905	1615	1802	1746	1784	1739	1454	1534	2202	2141	1995	2011	1886	1353	1458	1431	265	145	495	432	203	3	138	253	240	199	51	137	459	459	455	530	482	468	518	503	542	248	230	308	387	380	368	433	431	426	396	450	352	415	411	481	481	586	587	584	579	575	563	558	767	765	762	753	735	684	701	800	153	125	256	253	236	178	261	261	259	250	223	232
375.00000410376003	1	0	60	0	1568	4469	1645	9277	8817	8567	11497	6905	4541	4318	4204	1227	1074	1570	1943	1986	319	2000	1941	1871	17	1973	1660	2014	1849	2103	1953	1678	1873	1814	1841	1816	1531	1600	2293	2231	2074	2093	1964	1438	1555	1536	283	158	519	461	230	11	169	276	267	228	71	157	461	459	459	531	488	479	530	518	549	251	244	329	390	381	369	433	433	432	433	512	357	417	411	482	481	594	594	590	589	588	578	572	801	799	789	771	767	685	759	819	157	125	262	261	253	178	261	261	261	261	240	273
380.0000012914888	4	0	56	0	1570	4528	1687	9339	8868	8624	11552	6974	4595	4382	4269	1257	1099	1597	1982	2030	349	2049	1992	1931	16	2024	1707	2064	1904	2148	2012	1756	1955	1877	1889	1876	1598	1659	2384	2320	2160	2180	2060	1535	1639	1634	306	165	548	489	259	29	198	300	307	251	81	177	468	461	459	536	493	484	550	526	558	261	259	346	404	390	369	436	435	433	433	516	380	443	436	504	485	602	601	599	599	595	588	589	831	817	808	803	798	722	774	885	162	142	273	267	253	196	268	267	264	261	249	287
385.00000526231344	0	0	56	0	1572	4535	1737	9393	8920	8679	11624	7029	4651	4432	4324	1278	1130	1634	2031	2079	401	2092	2036	1972	19	2066	1762	2121	1948	2200	2069	1820	2021	1952	1958	1954	1664	1731	2481	2400	2260	2246	2136	1623	1719	1743	319	179	590	521	277	47	231	327	339	281	107	204	472	469	462	537	504	486	558	547	572	261	259	346	420	411	393	439	437	436	435	520	380	443	438	510	510	605	604	604	602	602	598	592	842	839	836	832	816	746	829	917	176	157	303	292	262	219	287	282	276	270	256	287
390.00000761904664	1	0	58	0	1570	4556	1796	9443	8972	8725	11669	7098	4718	4480	4391	1314	1151	1672	2081	2116	442	2131	2086	2024	22	2117	1796	2162	2001	2246	2127	1898	2086	2017	2029	2021	1729	1791	2565	2476	2336	2349	2227	1707	1812	1841	336	196	619	553	317	68	269	355	364	311	133	229	474	473	470	543	520	491	561	558	578	265	261	349	441	442	440	485	458	445	437	525	414	476	460	515	510	611	606	605	604	604	599	593	843	843	843	843	838	801	879	968	178	163	332	318	267	238	308	307	304	289	264	316
395.00000291737393	4	0	53	0	1580	4574	1852	9494	9011	8761	11733	7157	4770	4542	4462	1341	1177	1715	2116	2162	472	2170	2135	2068	21	2171	1841	2230	2045	2290	2187	1971	2149	2072	2082	2095	1797	1846	2661	2560	2435	2432	2309	1785	1908	1937	352	210	654	600	338	87	303	385	397	330	171	259	476	475	473	552	529	492	564	560	596	269	261	349	444	443	443	519	516	497	455	538	455	522	507	562	537	637	633	623	615	612	601	594	846	846	846	844	843	822	919	1025	189	173	347	338	287	251	353	342	326	310	272	322
400.00001970652426	1	0	47	0	1584	4609	1903	9545	9061	8813	11798	7213	4836	4603	4544	1369	1201	1734	2174	2208	511	2217	2182	2113	19	2233	1891	2286	2089	2338	2245	2045	2201	2144	2155	2150	1875	1910	2759	2668	2528	2523	2399	1870	2002	2035	360	222	685	641	366	114	341	417	426	350	202	292	479	477	474	554	531	494	565	564	604	270	261	349	444	444	444	523	524	523	511	580	472	548	545	610	584	640	640	640	639	639	607	602	850	850	846	846	846	838	967	1068	196	176	363	359	318	256	369	370	357	355	280	323
405.0000082650609	2	0	42	0	1588	4642	1938	9584	9106	8862	11850	7276	4897	4663	4616	1395	1233	1764	2216	2246	555	2265	2235	2166	24	2297	1949	2333	2145	2393	2295	2117	2256	2190	2223	2207	1941	1975	2831	2749	2608	2612	2479	1948	2096	2129	381	242	723	665	395	137	364	450	456	389	236	329	484	480	477	556	532	508	576	565	614	271	261	349	444	444	444	525	524	524	523	616	476	552	548	620	617	666	651	643	640	640	637	638	889	875	859	850	850	840	991	1123	207	186	373	364	338	257	383	375	373	371	288	323
410.0000069369138	0	0	39	0	1601	4670	1977	9632	9143	8904	11903	7328	4947	4726	4682	1441	1269	1794	2257	2284	587	2323	2282	2221	17	2359	1991	2382	2203	2462	2336	2187	2335	2247	2288	2268	2010	2037	2924	2841	2686	2711	2556	2032	2189	2232	395	258	760	701	439	158	397	483	500	433	269	352	488	485	480	559	536	510	595	569	626	279	262	349	444	444	444	528	527	526	525	617	507	579	562	626	623	715	700	681	671	665	640	640	909	908	901	890	871	845	999	1155	216	196	376	375	358	267	384	384	383	383	312	341
415.0000085124378	1	0	43	0	1607	4714	2036	9678	9193	8955	11943	7384	4997	4794	4753	1462	1288	1826	2302	2319	628	2387	2323	2269	18	2407	2053	2444	2249	2530	2388	2244	2394	2303	2355	2315	2081	2105	2996	2924	2769	2803	2643	2123	2273	2334	410	274	791	746	465	179	431	523	533	460	305	388	497	489	486	565	538	512	603	587	648	279	263	351	444	444	444	530	531	530	529	625	552	629	615	670	633	759	744	729	721	714	652	644	911	910	909	909	905	852	1007	1169	224	202	391	390	365	287	389	386	385	384	371	415
420.00000601452194	0	0	27	0	1628	4742	2090	9727	9233	9007	12007	7446	5059	4837	4822	1486	1307	1850	2346	2357	644	2431	2382	2325	20	2468	2102	2508	2312	2581	2449	2307	2470	2363	2410	2367	2144	2168	3076	3003	2877	2877	2722	2205	2357	2441	434	285	825	782	497	200	465	561	569	493	341	412	507	500	489	571	544	514	608	597	667	304	285	374	452	449	446	532	531	531	531	632	574	651	632	698	691	766	765	759	759	759	669	656	914	914	913	912	909	888	1013	1180	226	208	391	391	375	330	423	415	399	389	383	450
425.00000258506293	4	0	31	0	1625	4729	2129	9777	9282	9046	12065	7511	5095	4894	4890	1521	1328	1890	2386	2401	696	2478	2426	2382	15	2538	2160	2559	2361	2647	2502	2373	2535	2428	2474	2425	2218	2230	3184	3091	2954	2969	2796	2290	2444	2556	454	301	856	823	514	224	497	600	608	532	362	451	513	510	499	572	553	519	609	608	682	313	302	393	472	463	451	533	533	532	531	635	580	655	639	707	692	780	768	765	765	765	712	702	961	946	929	918	913	888	1022	1187	230	224	421	397	388	348	448	432	424	423	384	459
430.0000014311533	1	0	32	0	1624	4738	2160	9816	9315	9085	12118	7563	5152	4939	4938	1541	1351	1918	2431	2442	731	2528	2463	2433	18	2584	2226	2622	2421	2697	2562	2443	2597	2499	2536	2497	2278	2288	3262	3175	3031	3040	2866	2373	2562	2640	477	313	890	861	546	251	522	635	654	561	396	480	516	513	511	583	554	527	619	610	688	324	317	403	492	489	478	542	539	540	533	640	601	683	670	742	710	829	815	801	791	783	718	711	993	993	978	960	944	912	1034	1197	230	225	429	425	390	365	484	481	471	446	397	475
435.00000815967405	0	0	22	0	1627	4753	2175	9858	9355	9124	12166	7608	5193	4985	4993	1561	1378	1961	2473	2488	774	2569	2507	2480	26	2638	2280	2681	2468	2764	2628	2506	2663	2563	2602	2547	2349	2358	3353	3260	3103	3119	2938	2444	2666	2747	496	331	931	885	565	276	564	682	689	597	438	531	521	519	516	595	557	541	633	615	691	338	337	432	517	513	499	570	564	549	536	648	635	724	718	796	771	840	838	838	837	823	728	716	996	995	993	992	993	914	1063	1214	232	228	433	431	399	372	508	501	492	487	422	495
440.0000054728616	0	0	33	0	1624	4763	2241	9891	9394	9165	12218	7657	5245	5043	5071	1585	1394	1998	2518	2522	816	2606	2552	2519	20	2685	2346	2737	2517	2813	2679	2572	2725	2632	2668	2618	2414	2424	3436	3338	3204	3203	3020	2531	2744	2865	516	341	962	918	599	307	611	721	726	627	464	574	523	522	520	598	562	544	644	630	706	341	340	443	539	537	534	608	585	571	571	670	641	728	724	819	813	860	847	843	844	834	740	727	1000	999	998	997	995	923	1080	1253	235	230	433	433	425	378	528	524	522	509	443	521
445.0000012832627	0	0	23	0	1639	4769	2292	9933	9440	9210	12270	7707	5291	5097	5135	1612	1425	2029	2566	2555	844	2651	2602	2559	30	2740	2396	2791	2588	2873	2751	2636	2811	2697	2718	2681	2502	2479	3509	3407	3290	3286	3084	2592	2852	2974	533	359	1002	965	629	325	655	765	760	669	499	607	527	523	523	604	570	552	649	639	721	345	340	446	548	547	543	635	633	616	579	691	645	730	724	819	819	911	890	874	863	859	764	752	1037	1036	1015	1003	999	958	1080	1273	242	232	439	433	430	389	545	540	538	529	456	535
450.00000658798376	0	0	28	0	1642	4746	2330	9965	9478	9258	12317	7765	5330	5145	5201	1636	1449	2074	2606	2594	883	2687	2656	2600	24	2796	2463	2847	2645	2933	2821	2702	2886	2771	2784	2748	2545	2539	3595	3480	3369	3360	3150	2677	2931	3079	546	368	1041	994	657	353	698	810	793	715	534	649	532	531	523	605	577	569	656	651	729	345	340	446	554	554	550	647	639	637	623	708	677	774	760	829	819	965	946	929	921	913	812	797	1078	1064	1047	1038	1031	996	1119	1276	244	234	449	441	433	392	546	546	546	546	469	536
455.00000065509255	1	0	28	0	1642	4768	2361	10006	9516	9296	12361	7804	5383	5195	5272	1666	1476	2106	2647	2636	930	2728	2697	2651	30	2848	2527	2902	2701	3008	2882	2763	2955	2836	2872	2813	2627	2606	3676	3563	3446	3451	3222	2756	3009	3170	567	383	1083	1021	692	385	738	851	837	755	565	693	534	532	530	605	583	578	670	652	738	352	348	446	554	554	554	659	652	647	644	755	679	778	766	837	822	969	969	958	946	931	815	800	1091	1091	1090	1077	1062	1009	1173	1302	244	242	468	458	433	416	560	560	552	546	497	575
460.0000037305809	1	0	28	0	1638	4791	2413	10046	9548	9332	12400	7844	5428	5239	5338	1691	1503	2135	2690	2682	957	2791	2748	2693	19	2903	2590	2970	2762	3055	2949	2831	3020	2893	2926	2884	2702	2664	3750	3650	3538	3513	3290	2831	3114	3259	583	411	1125	1046	722	411	775	907	885	814	598	735	538	534	534	613	589	586	701	670	739	352	351	460	570	568	557	663	662	662	650	767	681	781	777	870	839	969	969	958	946	936	844	822	1101	1092	1091	1091	1091	1033	1197	1363	251	244	478	472	441	425	572	571	571	565	507	579
465.0000006417908	0	0	25	0	1646	4820	2468	10089	9586	9366	12439	7896	5481	5287	5393	1719	1532	2177	2730	2720	986	2830	2805	2733	23	2947	2639	3031	2818	3107	3011	2911	3087	2963	2988	2977	2768	2729	3826	3714	3634	3592	3367	2917	3198	3362	600	433	1160	1085	760	443	824	932	920	858	639	776	538	538	536	616	597	592	713	695	751	355	351	460	574	572	565	677	667	666	663	779	682	781	777	877	878	976	972	970	969	963	915	903	1172	1147	1116	1106	1092	1058	1198	1398	267	244	485	483	461	428	604	599	592	572	540	623
470.0000023489276	1	0	23	0	1652	4820	2525	10137	9628	9402	12481	7954	5530	5341	5434	1744	1571	2204	2765	2757	1029	2860	2849	2776	17	2994	2699	3092	2878	3174	3071	2998	3154	3031	3044	3040	2827	2776	3926	3785	3707	3661	3442	3002	3288	3458	628	454	1193	1117	791	477	864	977	971	899	672	812	542	539	538	620	601	595	724	712	775	373	364	473	578	578	567	679	678	677	668	788	716	808	795	883	880	991	981	979	979	977	963	958	1242	1227	1201	1170	1139	1068	1207	1401	271	248	490	487	473	431	615	614	614	606	570	674
475.00000359073755	2	0	21	0	1660	4840	2558	10176	9663	9436	12512	7989	5582	5396	5493	1772	1593	2239	2801	2793	1063	2908	2897	2829	19	3053	2751	3154	2938	3235	3126	3075	3221	3101	3117	3098	2896	2840	4007	3871	3801	3749	3525	3078	3376	3566	646	478	1240	1144	824	503	913	1017	1017	953	715	864	546	543	540	620	605	602	732	717	784	373	364	473	590	581	569	681	681	681	679	789	737	834	821	913	890	1030	1030	1015	1000	991	978	972	1274	1275	1260	1248	1220	1098	1257	1411	271	264	508	492	484	438	618	617	617	616	586	688
480.00000110682464	0	0	32	0	1647	4881	2592	10212	9695	9482	12560	8037	5630	5446	5552	1817	1611	2279	2849	2830	1116	2952	2939	2871	23	3104	2810	3209	3011	3289	3196	3145	3274	3164	3190	3163	2978	2905	4095	3952	3884	3826	3614	3153	3471	3672	667	500	1269	1181	857	524	951	1057	1049	984	754	910	546	546	545	625	607	605	739	732	792	373	364	473	593	583	570	687	687	681	681	804	737	834	830	932	932	1037	1036	1035	1035	1032	991	978	1277	1277	1277	1276	1275	1141	1309	1455	277	269	521	518	487	444	633	633	627	618	614	719
485.0000003260569	1	0	21	0	1655	4924	2643	10252	9725	9514	12611	8078	5686	5487	5603	1840	1641	2306	2893	2860	1149	2997	2995	2925	28	3145	2863	3264	3065	3349	3266	3207	3340	3237	3276	3251	3041	2960	4186	4036	3971	3899	3711	3228	3549	3779	685	521	1303	1217	881	562	989	1085	1095	1023	799	950	553	546	546	629	608	612	748	737	801	380	377	490	594	583	571	689	688	687	687	807	747	844	832	934	935	1049	1039	1038	1038	1038	1013	1006	1312	1295	1282	1278	1277	1184	1350	1520	290	269	530	526	494	461	644	644	642	634	617	744
490.0000011106215	1	0	23	0	1665	4961	2673	10291	9766	9554	12652	8123	5726	5537	5665	1863	1670	2333	2936	2900	1180	3028	3028	2962	35	3194	2924	3323	3126	3401	3304	3275	3397	3290	3345	3320	3093	3011	4276	4117	4073	3998	3787	3306	3625	3865	704	544	1336	1255	920	591	1034	1128	1138	1056	846	995	562	561	546	630	614	612	751	746	815	381	378	490	609	597	573	690	690	690	688	810	779	882	877	968	947	1087	1076	1063	1057	1050	1015	1009	1317	1315	1313	1311	1293	1230	1387	1564	301	272	532	531	519	476	647	645	643	644	629	750
495.0000096580883	1	0	27	0	1668	4956	2723	10324	9805	9578	12694	8159	5781	5594	5711	1889	1704	2369	2973	2940	1220	3081	3093	3005	21	3235	2973	3378	3177	3475	3360	3360	3474	3372	3405	3393	3163	3094	4369	4199	4150	4084	3865	3383	3719	3975	730	563	1370	1283	947	611	1073	1178	1172	1097	891	1040	563	562	562	632	616	615	751	750	832	385	378	492	613	600	587	703	691	691	690	816	780	882	878	986	985	1097	1094	1093	1083	1073	1016	1010	1322	1322	1320	1321	1315	1236	1389	1608	309	286	541	536	527	486	672	668	662	647	642	775
500.00000000748423	0	0	16	0	1669	4955	2763	10365	9850	9609	12734	8210	5822	5645	5774	1914	1727	2389	3022	2959	1252	3135	3131	3047	24	3290	3025	3425	3227	3539	3425	3440	3535	3439	3464	3453	3236	3148	4453	4277	4223	4186	3942	3463	3819	4073	748	583	1404	1315	993	656	1119	1221	1216	1132	931	1081	564	563	563	647	620	615	751	751	834	385	378	492	615	604	589	708	708	708	695	820	784	886	880	987	986	1108	1100	1097	1085	1075	1017	1011	1322	1322	1321	1322	1322	1240	1389	1613	314	301	567	557	533	490	702	694	688	677	644	793
505.00000896050534	0	0	21	0	1664	4962	2793	10400	9884	9650	12783	8246	5872	5698	5828	1939	1749	2421	3062	2999	1289	3188	3168	3086	23	3336	3083	3483	3275	3599	3491	3514	3615	3514	3535	3516	3308	3217	4528	4362	4319	4274	4017	3531	3919	4173	773	599	1431	1352	1022	690	1170	1274	1257	1170	966	1139	568	564	564	648	622	617	751	751	836	393	384	500	617	606	589	708	708	708	708	840	786	892	888	998	990	1146	1136	1124	1116	1107	1039	1033	1343	1337	1324	1322	1322	1248	1408	1614	314	308	583	581	537	495	709	706	705	705	661	800
510.00000331196804	1	0	20	0	1662	4953	2834	10436	9931	9685	12810	8286	5913	5741	5887	1969	1776	2452	3115	3041	1322	3240	3212	3132	25	3396	3145	3533	3329	3664	3551	3590	3694	3582	3610	3582	3380	3285	4609	4442	4393	4347	4098	3611	4010	4261	786	620	1463	1390	1064	716	1217	1322	1306	1225	1010	1178	586	574	565	648	627	621	753	752	861	411	403	513	634	634	623	711	708	708	708	844	786	892	888	998	998	1155	1154	1151	1149	1143	1046	1033	1343	1343	1343	1343	1336	1310	1453	1629	314	314	600	594	557	495	716	716	715	709	679	811
515.0000003996387	0	0	15	0	1672	4976	2882	10472	9957	9715	12855	8316	5960	5784	5940	1988	1806	2480	3154	3074	1353	3297	3261	3172	27	3455	3196	3588	3387	3738	3612	3665	3746	3649	3682	3650	3446	3358	4690	4515	4483	4429	4199	3699	4097	4369	806	635	1495	1422	1102	745	1258	1366	1342	1272	1050	1231	589	587	576	653	631	628	763	752	879	438	430	545	654	644	628	746	737	720	708	848	792	900	896	1007	1002	1160	1160	1155	1156	1151	1069	1057	1356	1346	1343	1343	1343	1310	1503	1672	319	314	600	600	580	524	716	716	716	716	704	846
520.0000068436381	0	0	28	0	1665	5014	2924	10504	9998	9741	12894	8357	6008	5836	5997	2024	1838	2512	3200	3112	1411	3344	3309	3214	22	3498	3254	3651	3441	3813	3687	3749	3820	3695	3746	3715	3512	3419	4775	4597	4562	4515	4292	3783	4179	4467	828	662	1530	1470	1134	776	1299	1405	1395	1316	1106	1270	594	591	587	666	632	635	773	755	900	452	443	562	681	670	658	759	750	748	742	870	831	946	920	1013	1007	1171	1170	1168	1165	1157	1095	1089	1406	1396	1376	1359	1346	1321	1531	1724	326	314	600	600	593	524	733	723	718	716	714	875
525.0000011370338	2	0	17	0	1674	5044	2966	10537	10034	9776	12940	8394	6067	5891	6056	2049	1860	2544	3231	3145	1431	3389	3351	3261	23	3543	3297	3712	3486	3888	3754	3814	3876	3759	3803	3803	3581	3480	4842	4701	4665	4593	4372	3879	4285	4556	850	683	1570	1509	1173	802	1339	1452	1435	1357	1143	1328	606	599	591	674	636	646	782	772	913	454	443	562	695	684	660	782	782	766	749	892	840	962	956	1059	1028	1176	1171	1171	1171	1166	1105	1093	1411	1411	1408	1407	1389	1342	1533	1769	335	318	602	601	600	544	755	755	751	733	716	881
530.0000031635373	0	0	22	0	1666	5029	2995	10584	10075	9812	12987	8436	6113	5935	6125	2079	1892	2582	3289	3174	1476	3432	3396	3297	34	3590	3349	3767	3541	3944	3810	3884	3948	3845	3878	3880	3647	3541	4910	4782	4757	4670	4445	3962	4377	4646	869	704	1603	1536	1210	840	1381	1490	1475	1405	1186	1379	611	606	599	677	646	654	801	785	917	454	443	562	695	684	660	785	785	782	760	903	852	974	968	1081	1070	1184	1182	1181	1181	1178	1143	1134	1439	1426	1412	1411	1410	1348	1539	1771	342	319	602	602	600	554	770	760	759	756	716	893
535.0000010859644	0	0	12	0	1673	4985	3043	10619	10102	9848	13030	8483	6160	5987	6174	2109	1913	2615	3328	3209	1503	3476	3451	3336	22	3631	3389	3823	3591	3996	3868	3962	4021	3930	3945	3942	3718	3602	4994	4852	4834	4755	4524	4028	4471	4742	884	727	1638	1575	1244	871	1425	1534	1516	1450	1226	1430	617	610	607	687	649	662	817	799	919	467	458	577	696	687	675	791	785	784	763	912	856	980	980	1092	1089	1206	1198	1189	1185	1184	1176	1166	1488	1474	1457	1441	1424	1399	1543	1771	343	319	602	602	601	583	791	785	784	771	732	897
540.0000005784591	1	0	12	0	1672	4962	3077	10652	10134	9876	13076	8520	6213	6027	6227	2137	1947	2643	3362	3231	1538	3522	3497	3391	34	3684	3444	3871	3641	4048	3939	4050	4089	3991	4020	4004	3794	3659	5071	4926	4920	4842	4612	4103	4582	4837	899	753	1673	1608	1280	905	1464	1586	1553	1509	1267	1495	621	618	611	695	650	665	828	816	919	467	458	577	718	716	704	803	803	790	763	914	895	1016	1001	1110	1092	1249	1244	1227	1214	1209	1183	1175	1496	1495	1487	1487	1470	1412	1543	1773	343	326	612	602	602	592	805	800	800	793	735	914
545.0000026907496	0	0	15	0	1668	4938	3115	10693	10182	9912	13118	8554	6248	6080	6292	2154	1974	2679	3406	3270	1588	3568	3541	3434	25	3732	3500	3933	3692	4116	3998	4134	4170	4077	4085	4078	3869	3746	5142	5001	5005	4927	4710	4189	4677	4945	914	772	1718	1647	1319	934	1501	1632	1611	1538	1316	1549	634	628	616	701	654	667	836	826	919	467	460	582	719	716	704	833	825	797	763	919	906	1032	1023	1145	1134	1269	1263	1255	1250	1249	1220	1210	1538	1518	1505	1498	1494	1423	1566	1773	343	343	629	615	602	599	845	840	830	804	747	922
550.000002003718	1	0	16	0	1668	4942	3138	10734	10209	9952	13157	8591	6300	6114	6343	2187	1996	2725	3447	3312	1634	3616	3587	3483	23	3784	3563	4014	3749	4177	4045	4214	4256	4138	4159	4157	3949	3817	5216	5078	5082	5019	4797	4272	4765	5023	939	790	1748	1681	1350	963	1561	1667	1663	1586	1380	1602	639	637	630	706	669	673	838	836	935	470	460	582	726	720	706	833	833	820	779	923	907	1032	1028	1150	1150	1281	1274	1273	1273	1271	1243	1229	1564	1556	1548	1539	1516	1468	1632	1794	343	343	643	642	602	600	855	848	848	846	783	947
555.00001426422	2	0	15	0	1675	4992	3187	10770	10236	9993	13197	8625	6349	6160	6405	2214	2022	2761	3493	3355	1659	3654	3635	3522	28	3839	3610	4064	3814	4240	4107	4273	4311	4204	4224	4221	4003	3879	5302	5162	5165	5100	4895	4342	4856	5107	957	806	1783	1709	1388	1000	1611	1708	1718	1617	1417	1661	639	639	637	719	679	676	849	838	949	481	462	582	727	727	726	834	834	833	832	975	907	1032	1028	1152	1152	1314	1305	1295	1286	1280	1257	1245	1572	1570	1570	1567	1557	1503	1712	1863	356	343	645	643	615	602	862	862	861	855	821	1002
560.0000092410035	0	0	10	0	1684	5046	3240	10810	10274	10029	13239	8660	6395	6204	6472	2238	2037	2795	3528	3394	1682	3698	3678	3577	33	3887	3650	4137	3872	4304	4181	4335	4390	4266	4299	4285	4075	3941	5372	5247	5242	5196	4984	4441	4943	5193	981	824	1810	1737	1419	1035	1659	1743	1770	1668	1454	1725	640	641	639	726	682	681	866	845	962	481	468	590	733	730	727	861	858	841	834	999	908	1032	1028	1152	1152	1337	1335	1329	1320	1317	1270	1263	1602	1597	1589	1578	1571	1512	1763	1951	373	343	652	649	641	602	864	864	864	864	835	1037
565.0000013083995	0	0	10	0	1690	5039	3293	10845	10302	10068	13274	8693	6426	6255	6531	2263	2058	2819	3559	3427	1715	3745	3724	3616	31	3938	3690	4190	3916	4379	4255	4421	4449	4328	4361	4368	4122	4011	5445	5318	5331	5272	5065	4522	5036	5290	998	841	1846	1769	1459	1065	1702	1787	1817	1712	1499	1770	643	641	641	726	691	682	869	859	981	490	479	603	738	737	737	862	862	861	861	1013	913	1034	1028	1152	1152	1340	1340	1338	1338	1330	1273	1263	1606	1606	1605	1606	1598	1538	1770	2003	387	351	654	654	644	602	865	864	864	864	842	1041
570.0000063207307	2	0	10	0	1688	5060	3356	10886	10340	10101	13311	8734	6476	6294	6593	2285	2083	2847	3602	3458	1749	3798	3777	3662	28	3996	3732	4251	3957	4450	4324	4503	4521	4395	4433	4427	4186	4086	5527	5392	5421	5350	5146	4607	5122	5375	1025	864	1870	1810	1489	1103	1756	1824	1873	1761	1553	1834	652	644	641	728	697	683	869	869	993	492	479	604	752	750	739	873	872	862	862	1028	937	1060	1042	1154	1152	1341	1341	1340	1340	1339	1311	1301	1629	1617	1605	1606	1606	1559	1784	2024	400	359	660	659	649	604	876	874	872	866	851	1056
575.000000760742	0	0	13	0	1687	5036	3391	10921	10366	10132	13360	8772	6527	6334	6660	2309	2114	2882	3637	3495	1781	3847	3820	3710	33	4045	3784	4313	4009	4516	4389	4571	4592	4470	4512	4480	4250	4153	5605	5470	5493	5434	5235	4702	5220	5485	1043	883	1907	1840	1530	1137	1804	1869	1917	1802	1599	1890	657	654	645	728	708	687	870	870	1002	502	488	611	753	753	752	873	873	873	863	1028	975	1101	1089	1201	1176	1346	1344	1342	1341	1341	1339	1336	1679	1665	1646	1630	1616	1596	1796	2037	402	381	677	660	654	611	879	878	878	878	851	1062
580.0000121192406	1	0	13	0	1687	5008	3428	10947	10393	10169	13402	8819	6568	6390	6705	2338	2138	2918	3668	3549	1828	3903	3857	3765	39	4097	3837	4373	4055	4582	4447	4645	4671	4535	4586	4552	4327	4214	5683	5558	5569	5524	5321	4788	5306	5595	1060	899	1950	1880	1557	1170	1854	1899	1959	1842	1632	1938	663	657	654	735	711	692	871	871	1003	509	502	628	777	773	757	893	892	876	873	1044	979	1112	1104	1229	1219	1351	1348	1348	1348	1347	1341	1337	1684	1684	1684	1677	1660	1597	1816	2047	405	401	718	693	659	630	879	879	879	879	858	1066
585.0000116248035	0	0	10	0	1689	4995	3478	10981	10432	10198	13448	8870	6616	6433	6769	2370	2163	2950	3709	3589	1858	3953	3903	3820	31	4155	3896	4420	4111	4652	4518	4709	4735	4604	4655	4619	4391	4287	5760	5636	5663	5601	5409	4864	5389	5706	1073	914	1978	1914	1591	1195	1915	1926	2006	1885	1683	1993	666	666	658	743	723	695	872	872	1006	509	502	634	785	785	783	908	894	893	884	1053	1017	1158	1146	1259	1240	1374	1359	1352	1349	1349	1346	1340	1684	1684	1684	1684	1684	1601	1839	2075	406	402	729	726	659	633	889	889	885	879	862	1079
590.0000009456464	0	0	17	0	1680	5018	3485	11014	10463	10232	13487	8905	6674	6491	6820	2395	2190	2976	3746	3626	1908	4008	3939	3864	48	4209	3945	4479	4154	4725	4589	4776	4790	4685	4727	4670	4448	4362	5848	5720	5741	5675	5485	4960	5482	5817	1089	935	2017	1948	1637	1224	1977	1970	2052	1928	1721	2045	668	668	666	747	726	699	878	872	1029	537	528	656	786	786	785	930	923	921	896	1075	1046	1190	1183	1310	1284	1414	1399	1387	1378	1373	1351	1348	1696	1690	1684	1684	1684	1645	1869	2105	414	405	735	731	693	637	910	910	902	890	864	1088
595.000002700045	0	0	11	0	1692	5004	3551	11044	10488	10256	13526	8942	6716	6536	6869	2415	2206	3013	3781	3659	1934	4049	3978	3904	31	4253	3978	4542	4221	4799	4639	4852	4872	4762	4797	4737	4526	4432	5940	5811	5827	5773	5571	5032	5569	5934	1119	950	2050	1981	1675	1260	2028	2007	2102	1986	1766	2106	670	668	668	754	726	701	884	879	1046	544	534	665	810	801	788	931	931	930	911	1078	1058	1202	1187	1318	1316	1445	1432	1425	1419	1412	1355	1349	1708	1707	1699	1698	1690	1667	1876	2138	420	405	736	736	726	641	916	912	912	911	882	1114
600.0000015829216	0	0	14	0	1690	5005	3589	11081	10513	10290	13561	8973	6761	6580	6922	2438	2229	3044	3822	3693	1968	4091	4023	3946	37	4300	4031	4593	4274	4865	4702	4906	4943	4832	4864	4818	4587	4502	6022	5892	5926	5861	5659	5114	5663	6016	1140	967	2082	2021	1705	1288	2065	2054	2146	2025	1817	2161	670	670	668	755	727	706	888	884	1068	550	541	678	810	802	790	934	932	932	924	1093	1061	1208	1202	1335	1328	1486	1470	1461	1449	1434	1358	1350	1712	1712	1712	1711	1706	1667	1877	2149	427	409	738	736	730	642	919	920	920	919	896	1126
