>time	Ribosome	coli Pol	coli Pol-P	coli Pol-2.0	coli Pol-P-2.0	gp1	gp1-3.5	gp0.3	gp0.4	gp0.5	gp0.6A	gp0.7	gp1.1	gp1.2	gp1.3	gp1.4	gp1.5	gp1.6	gp1.7	gp1.8	gp2.0	gp2.5	gp2.8	gp3.0	gp3.5	gp3.8	gp4A	gp4.2	gp4.3	gp4.5	gp4.7	gp5.0	gp5.3	gp5.5	gp5.7	gp5.9	gp6.0	gp6.3	gp6.5	gp6.7	gp7	gp7.3	gp7.7	gp8	gp9	gp10A	gp11	gp12	gp13	gp14	gp15	gp16	gp17	gp17.5	gp18	gp18.5	gp19	gp19.5	RNA: gp0.3	RNA: gp0.4	RNA: gp0.5	RNA: gp0.6A	RNA: gp0.7	RNA: gp1	RNA: gp1.1	RNA: gp1.2	RNA: gp1.3	RNA: gp1.4	RNA: gp1.5	RNA: gp1.6	RNA: gp1.7	RNA: gp1.8	RNA: gp2.0	RNA: gp2.5	RNA: gp2.8	RNA: gp3.0	RNA: gp3.5	RNA: gp3.8	RNA: gp4A	RNA: gp4.2	RNA: gp4.3	RNA: gp4.5	RNA: gp4.7	RNA: gp5.0	RNA: gp5.3	RNA: gp5.5	RNA: gp5.7	RNA: gp5.9	RNA: gp6.0	RNA: gp6.3	RNA: gp6.5	RNA: gp6.7	RNA: gp7	RNA: gp7.3	RNA: gp7.7	RNA: gp8	RNA: gp9	RNA: gp10A	RNA: gp11	RNA: gp12	RNA: gp13	RNA: gp14	RNA: gp15	RNA: gp16	RNA: gp17	RNA: gp17.5	RNA: gp18	RNA: gp18.5	RNA: gp19	RNA: gp19.5	NumColiPoly:	4	NumT7Poly	2	NumOfTimePoints:	121	NumOfProteins:	58	NumOfCoding	52
0.008575568566952149	10000	1800	0	0	0	0	0	0	0	0	0	0	0	0	0	0	0	0	0	0	0	0	0	0	0	0	0	0	0	0	0	0	0	0	0	0	0	0	0	0	0	0	0	0	0	0	0	0	0	0	0	0	0	0	0	0	0	0	0	0	0	0	0	0	0	0	0	0	0	0	0	0	0	0	0	0	0	0	0	0	0	0	0	0	0	0	0	0	0	0	0	0	0	0	0	0	0	0	0	0	0	0	0	0	0	0	0	0	0	0
5.004638657106293	10000	1800	0	0	0	0	0	0	0	0	0	0	0	0	0	0	0	0	0	0	0	0	0	0	0	0	0	0	0	0	0	0	0	0	0	0	0	0	0	0	0	0	0	0	0	0	0	0	0	0	0	0	0	0	0	0	0	0	0	0	0	0	0	0	0	0	0	0	0	0	0	0	0	0	0	0	0	0	0	0	0	0	0	0	0	0	0	0	0	0	0	0	0	0	0	0	0	0	0	0	0	0	0	0	0	0	0	0	0	0
10.001708259027906	10000	1794	0	0	0	0	0	0	0	0	0	0	0	0	0	0	0	0	0	0	0	0	0	0	0	0	0	0	0	0	0	0	0	0	0	0	0	0	0	0	0	0	0	0	0	0	0	0	0	0	0	0	0	0	0	0	0	0	0	0	0	0	0	0	0	0	0	0	0	0	0	0	0	0	0	0	0	0	0	0	0	0	0	0	0	0	0	0	0	0	0	0	0	0	0	0	0	0	0	0	0	0	0	0	0	0	0	0	0	0
15.002486715141867	9999	1786	0	0	0	0	0	0	0	0	0	0	0	0	0	0	0	0	0	0	0	0	0	0	0	0	0	0	0	0	0	0	0	0	0	0	0	0	0	0	0	0	0	0	0	0	0	0	0	0	0	0	0	0	0	0	0	0	0	0	0	0	0	0	0	0	0	0	0	0	0	0	0	0	0	0	0	0	0	0	0	0	0	0	0	0	0	0	0	0	0	0	0	0	0	0	0	0	0	0	0	0	0	0	0	0	0	0	0	0
20.001123643613095	9995	1779	0	0	0	0	0	0	0	0	0	0	0	0	0	0	0	0	0	0	0	0	0	0	0	0	0	0	0	0	0	0	0	0	0	0	0	0	0	0	0	0	0	0	0	0	0	0	0	0	0	0	0	0	0	0	0	0	0	0	0	0	0	0	0	0	0	0	0	0	0	0	0	0	0	0	0	0	0	0	0	0	0	0	0	0	0	0	0	0	0	0	0	0	0	0	0	0	0	0	0	0	0	0	0	0	0	0	0	0
25.001584659992982	9985	1774	0	0	0	0	0	1	0	0	0	0	0	0	0	0	0	0	0	0	0	0	0	0	0	0	0	0	0	0	0	0	0	0	0	0	0	0	0	0	0	0	0	0	0	0	0	0	0	0	0	0	0	0	0	0	0	0	2	0	0	0	0	0	0	0	0	0	0	0	0	0	0	0	0	0	0	0	0	0	0	0	0	0	0	0	0	0	0	0	0	0	0	0	0	0	0	0	0	0	0	0	0	0	0	0	0	0	0	0
30.000186978163658	9960	1761	0	0	0	0	0	5	0	0	0	0	0	0	0	0	0	0	0	0	0	0	0	0	0	0	0	0	0	0	0	0	0	0	0	0	0	0	0	0	0	0	0	0	0	0	0	0	0	0	0	0	0	0	0	0	0	0	5	1	0	0	0	0	0	0	0	0	0	0	0	0	0	0	0	0	0	0	0	0	0	0	0	0	0	0	0	0	0	0	0	0	0	0	0	0	0	0	0	0	0	0	0	0	0	0	0	0	0	0
35.0014833680709	9925	1753	0	0	0	0	0	12	4	2	0	0	0	0	0	0	0	0	0	0	0	0	0	0	0	0	0	0	0	0	0	0	0	0	0	0	0	0	0	0	0	0	0	0	0	0	0	0	0	0	0	0	0	0	0	0	0	0	10	3	1	2	0	0	0	0	0	0	0	0	0	0	0	0	0	0	0	0	0	0	0	0	0	0	0	0	0	0	0	0	0	0	0	0	0	0	0	0	0	0	0	0	0	0	0	0	0	0	0	0
40.000129025279755	9881	1744	0	0	0	0	0	32	11	5	6	0	0	0	0	0	0	0	0	0	0	0	0	0	0	0	0	0	0	0	0	0	0	0	0	0	0	0	0	0	0	0	0	0	0	0	0	0	0	0	0	0	0	0	0	0	0	0	19	11	5	4	0	0	0	0	0	0	0	0	0	0	0	0	0	0	0	0	0	0	0	0	0	0	0	0	0	0	0	0	0	0	0	0	0	0	0	0	0	0	0	0	0	0	0	0	0	0	0	0
45.00102199705355	9816	1739	0	0	0	0	0	55	31	15	18	0	0	0	0	0	0	0	0	0	0	0	0	0	0	0	0	0	0	0	0	0	0	0	0	0	0	0	0	0	0	0	0	0	0	0	0	0	0	0	0	0	0	0	0	0	0	0	25	21	10	7	0	0	0	0	0	0	0	0	0	0	0	0	0	0	0	0	0	0	0	0	0	0	0	0	0	0	0	0	0	0	0	0	0	0	0	0	0	0	0	0	0	0	0	0	0	0	0	0
50.000172362388874	9756	1726	0	0	0	0	0	87	61	36	31	0	0	0	0	0	0	0	0	0	0	0	0	0	0	0	0	0	0	0	0	0	0	0	0	0	0	0	0	0	0	0	0	0	0	0	0	0	0	0	0	0	0	0	0	0	0	0	35	24	20	19	0	0	0	0	0	0	0	0	0	0	0	0	0	0	0	0	0	0	0	0	0	0	0	0	0	0	0	0	0	0	0	0	0	0	0	0	0	0	0	0	0	0	0	0	0	0	0	0
55.00031155955581	9667	1720	0	0	0	0	0	123	88	67	65	0	0	0	0	0	0	0	0	0	0	0	0	0	0	0	0	0	0	0	0	0	0	0	0	0	0	0	0	0	0	0	0	0	0	0	0	0	0	0	0	0	0	0	0	0	0	0	47	28	25	28	0	0	0	0	0	0	0	0	0	0	0	0	0	0	0	0	0	0	0	0	0	0	0	0	0	0	0	0	0	0	0	0	0	0	0	0	0	0	0	0	0	0	0	0	0	0	0	0
60.00020531997307	9573	1713	0	0	0	0	0	183	125	101	102	0	0	0	0	0	0	0	0	0	0	0	0	0	0	0	0	0	0	0	0	0	0	0	0	0	0	0	0	0	0	0	0	0	0	0	0	0	0	0	0	0	0	0	0	0	0	0	50	37	34	32	0	0	0	0	0	0	0	0	0	0	0	0	0	0	0	0	0	0	0	0	0	0	0	0	0	0	0	0	0	0	0	0	0	0	0	0	0	0	0	0	0	0	0	0	0	0	0	0
65.00020963866004	9476	1704	1	0	0	0	0	242	175	148	148	0	0	0	0	0	0	0	0	0	0	0	0	0	0	0	0	0	0	0	0	0	0	0	0	0	0	0	0	0	0	0	0	0	0	0	0	0	0	0	0	0	0	0	0	0	0	0	58	49	41	45	7	0	0	0	0	0	0	0	0	0	0	0	0	0	0	0	0	0	0	0	0	0	0	0	0	0	0	0	0	0	0	0	0	0	0	0	0	0	0	0	0	0	0	0	0	0	0	0
70.00008318485939	9393	1697	5	0	0	0	0	319	230	200	216	0	0	0	0	0	0	0	0	0	0	0	0	0	0	0	0	0	0	0	0	0	0	0	0	0	0	0	0	0	0	0	0	0	0	0	0	0	0	0	0	0	0	0	0	0	0	0	63	54	50	51	17	0	0	0	0	0	0	0	0	0	0	0	0	0	0	0	0	0	0	0	0	0	0	0	0	0	0	0	0	0	0	0	0	0	0	0	0	0	0	0	0	0	0	0	0	0	0	0
75.00039919951533	9260	1679	13	0	0	0	0	387	296	247	289	0	0	0	0	0	0	0	0	0	0	0	0	0	0	0	0	0	0	0	0	0	0	0	0	0	0	0	0	0	0	0	0	0	0	0	0	0	0	0	0	0	0	0	0	0	0	0	67	62	57	61	30	0	0	0	0	0	0	0	0	0	0	0	0	0	0	0	0	0	0	0	0	0	0	0	0	0	0	0	0	0	0	0	0	0	0	0	0	0	0	0	0	0	0	0	0	0	0	0
80.00001354996486	9168	1638	39	0	0	0	0	467	377	322	402	0	0	0	0	0	0	0	0	0	0	0	0	0	0	0	0	0	0	0	0	0	0	0	0	0	0	0	0	0	0	0	0	0	0	0	0	0	0	0	0	0	0	0	0	0	0	0	74	66	62	67	48	0	0	0	0	0	0	0	0	0	0	0	0	0	0	0	0	0	0	0	0	0	0	0	0	0	0	0	0	0	0	0	0	0	0	0	0	0	0	0	0	0	0	0	0	0	0	0
85.00015851584755	9004	1601	64	0	0	0	0	545	449	392	504	0	0	0	0	0	0	0	0	0	0	0	0	0	0	0	0	0	0	0	0	0	0	0	0	0	0	0	0	0	0	0	0	0	0	0	0	0	0	0	0	0	0	0	0	0	0	0	82	75	66	75	60	0	0	0	0	0	0	0	0	0	0	0	0	0	0	0	0	0	0	0	0	0	0	0	0	0	0	0	0	0	0	0	0	0	0	0	0	0	0	0	0	0	0	0	0	0	0	0
90.0002249973104	8837	1559	104	0	0	0	0	643	547	480	631	0	0	0	0	0	0	0	0	0	0	0	0	0	0	0	0	0	0	0	0	0	0	0	0	0	0	0	0	0	0	0	0	0	0	0	0	0	0	0	0	0	0	0	0	0	0	0	95	85	76	77	69	0	0	0	0	0	0	0	0	0	0	0	0	0	0	0	0	0	0	0	0	0	0	0	0	0	0	0	0	0	0	0	0	0	0	0	0	0	0	0	0	0	0	0	0	0	0	0
95.0000595037748	8692	1496	153	0	0	0	0	764	651	589	772	0	0	0	0	0	0	0	0	0	0	0	0	0	0	0	0	0	0	0	0	0	0	0	0	0	0	0	0	0	0	0	0	0	0	0	0	0	0	0	0	0	0	0	0	0	0	0	103	92	83	89	75	0	0	0	0	0	0	0	0	0	0	0	0	0	0	0	0	0	0	0	0	0	0	0	0	0	0	0	0	0	0	0	0	0	0	0	0	0	0	0	0	0	0	0	0	0	0	0
100.00004162578449	8512	1437	206	0	0	0	0	880	752	702	938	0	0	0	0	0	0	0	0	0	0	0	0	0	0	0	0	0	0	0	0	0	0	0	0	0	0	0	0	0	0	0	0	0	0	0	0	0	0	0	0	0	0	0	0	0	0	0	111	97	94	98	84	0	0	0	0	0	0	0	0	0	0	0	0	0	0	0	0	0	0	0	0	0	0	0	0	0	0	0	0	0	0	0	0	0	0	0	0	0	0	0	0	0	0	0	0	0	0	0
105.0000001841636	8350	1364	273	0	0	0	0	1011	866	808	1143	1	0	0	0	0	0	0	0	0	0	0	0	0	0	0	0	0	0	0	0	0	0	0	0	0	0	0	0	0	0	0	0	0	0	0	0	0	0	0	0	0	0	0	0	0	0	0	114	104	101	107	90	0	0	0	0	0	0	0	0	0	0	0	0	0	0	0	0	0	0	0	0	0	0	0	0	0	0	0	0	0	0	0	0	0	0	0	0	0	0	0	0	0	0	0	0	0	0	0
110.00003498797905	8154	1289	343	0	0	0	0	1134	990	936	1339	1	0	0	0	0	0	0	0	0	0	0	0	0	0	0	0	0	0	0	0	0	0	0	0	0	0	0	0	0	0	0	0	0	0	0	0	0	0	0	0	0	0	0	0	0	0	0	121	115	104	114	99	0	0	0	0	0	0	0	0	0	0	0	0	0	0	0	0	0	0	0	0	0	0	0	0	0	0	0	0	0	0	0	0	0	0	0	0	0	0	0	0	0	0	0	0	0	0	0
115.00014577816108	7969	1199	429	0	0	0	0	1283	1126	1045	1553	0	0	0	0	0	0	0	0	0	0	0	0	0	0	0	0	0	0	0	0	0	0	0	0	0	0	0	0	0	0	0	0	0	0	0	0	0	0	0	0	0	0	0	0	0	0	0	127	120	114	121	106	0	0	0	0	0	0	0	0	0	0	0	0	0	0	0	0	0	0	0	0	0	0	0	0	0	0	0	0	0	0	0	0	0	0	0	0	0	0	0	0	0	0	0	0	0	0	0
120.00028662552926	7786	1102	517	0	0	0	0	1420	1263	1177	1812	0	0	0	0	0	0	0	0	0	0	0	0	0	0	0	0	0	0	0	0	0	0	0	0	0	0	0	0	0	0	0	0	0	0	0	0	0	0	0	0	0	0	0	0	0	0	0	129	125	118	131	114	0	0	0	0	0	0	0	0	0	0	0	0	0	0	0	0	0	0	0	0	0	0	0	0	0	0	0	0	0	0	0	0	0	0	0	0	0	0	0	0	0	0	0	0	0	0	0
125.0000061240183	7632	989	626	0	0	1	0	1567	1407	1339	2067	0	0	0	0	0	0	0	0	0	0	0	0	0	0	0	0	0	0	0	0	0	0	0	0	0	0	0	0	0	0	0	0	0	0	0	0	0	0	0	0	0	0	0	0	0	0	0	134	131	127	135	123	23	0	0	0	0	0	0	0	0	0	0	0	0	0	0	0	0	0	0	0	0	0	0	0	0	0	0	0	0	0	0	0	0	0	0	0	0	0	0	0	0	0	0	0	0	0	0
130.0001734323185	7463	878	727	0	0	1	0	1719	1552	1481	2330	0	0	0	0	0	0	0	0	0	0	0	0	0	0	0	0	0	0	0	0	0	0	0	0	0	0	0	0	0	0	0	0	0	0	0	0	0	0	0	0	0	0	0	0	0	0	0	135	133	132	140	130	31	1	0	0	0	0	0	0	0	0	0	0	0	0	0	0	0	0	0	0	0	0	0	0	0	0	0	0	0	0	0	0	0	0	0	0	0	0	0	0	0	0	0	0	0	0	0
135.0000425419696	7246	743	855	0	0	4	0	1869	1692	1631	2610	0	3	0	0	0	0	0	0	0	0	0	0	0	0	0	0	0	0	0	0	0	0	0	0	0	0	0	0	0	0	0	0	0	0	0	0	0	0	0	0	0	0	0	0	0	0	0	137	137	135	148	135	64	3	0	0	0	0	0	0	0	0	0	0	0	0	0	0	0	0	0	0	0	0	0	0	0	0	0	0	0	0	0	0	0	0	0	0	0	0	0	0	0	0	0	0	0	0	0
140.00004383883814	6976	616	973	0	0	15	0	2028	1842	1783	2894	0	11	3	0	0	0	0	0	0	0	0	0	0	0	0	0	0	0	0	0	0	0	0	0	0	0	0	0	0	0	0	0	0	0	0	0	0	0	0	0	0	0	0	0	0	0	0	143	137	137	156	148	108	6	3	0	0	0	0	0	0	0	0	0	0	0	0	0	0	0	0	0	0	0	0	0	0	0	0	0	0	0	0	0	0	0	0	0	0	0	0	0	0	0	0	0	0	0	0
145.0000755444916	6758	484	1104	0	0	38	0	2196	2002	1958	3208	0	28	9	0	0	0	0	0	0	0	0	0	0	0	0	0	0	0	0	0	0	0	0	0	0	0	0	0	0	0	0	0	0	0	0	0	0	0	0	0	0	0	0	0	0	0	0	152	142	137	159	152	127	12	8	0	0	0	0	0	0	0	0	0	0	0	0	0	0	0	0	0	0	0	0	0	0	0	0	0	0	0	0	0	0	0	0	0	0	0	0	0	0	0	0	0	0	0	0
150.00001158721145	6520	347	1238	0	0	69	0	2366	2187	2101	3507	2	45	24	0	0	0	0	0	0	0	0	0	0	0	0	0	0	0	0	0	0	0	0	0	0	0	0	0	0	0	0	0	0	0	0	0	0	0	0	0	0	0	0	0	0	0	0	156	151	143	160	159	128	18	13	0	0	0	0	0	0	0	0	0	0	0	0	0	0	0	0	0	0	0	0	0	0	0	0	0	0	0	0	0	0	0	0	0	0	0	0	0	0	0	0	0	0	0	0
155.00007434320875	6280	182	1393	0	0	107	0	2531	2357	2251	3870	2	75	45	0	0	0	0	0	0	0	0	0	0	0	0	0	0	0	0	0	0	0	0	0	0	0	0	0	0	0	0	0	0	0	0	0	0	0	0	0	0	0	0	0	0	0	0	159	154	149	167	159	139	26	18	0	0	0	0	0	0	0	0	0	0	0	0	0	0	0	0	0	0	0	0	0	0	0	0	0	0	0	0	0	0	0	0	0	0	0	0	0	0	0	0	0	0	0	0
160.00003140035793	5964	28	1536	0	0	159	0	2692	2531	2417	4224	10	122	72	0	0	0	0	0	0	0	0	0	0	0	0	0	0	0	0	0	0	0	0	0	0	0	0	0	0	0	0	0	0	0	0	0	0	0	0	0	0	0	0	0	0	0	0	164	159	155	175	161	149	40	33	0	0	0	0	0	0	0	0	0	0	0	0	0	0	0	0	0	0	0	0	0	0	0	0	0	0	0	0	0	0	0	0	0	0	0	0	0	0	0	0	0	0	0	0
165.0000079328461	5674	0	1564	0	0	225	0	2883	2712	2590	4431	157	176	113	3	0	0	0	0	0	0	0	0	0	0	0	0	0	0	0	0	0	0	0	0	0	0	0	0	0	0	0	0	0	0	0	0	0	0	0	0	0	0	0	0	0	0	0	183	171	159	178	175	157	57	49	11	0	0	0	0	0	0	0	0	0	0	0	0	0	0	0	0	0	0	0	0	0	0	0	0	0	0	0	0	0	0	0	0	0	0	0	0	0	0	0	0	0	0	0
170.00001296164558	5316	0	1564	0	0	293	0	3094	2920	2771	4626	315	249	177	7	0	0	0	0	0	0	0	0	0	0	0	0	0	0	0	0	0	0	0	0	0	0	0	0	0	0	0	0	0	0	0	0	0	0	0	0	0	0	0	0	0	0	0	201	183	167	185	177	167	67	62	16	0	0	0	0	0	0	0	0	0	0	0	0	0	0	0	0	0	0	0	0	0	0	0	0	0	0	0	0	0	0	0	0	0	0	0	0	0	0	0	0	0	0	0
175.00004185080618	4996	0	1557	0	0	355	0	3316	3142	2993	4848	510	330	253	20	5	4	0	0	0	0	0	0	0	0	0	0	0	0	0	0	0	0	0	0	0	0	0	0	0	0	0	0	0	0	0	0	0	0	0	0	0	0	0	0	0	0	0	209	190	181	200	181	174	86	77	36	3	3	2	0	0	0	0	0	0	0	0	0	0	0	0	0	0	0	0	0	0	0	0	0	0	0	0	0	0	0	0	0	0	0	0	0	0	0	0	0	0	0	0
180.00000211416426	4629	0	1556	0	2	436	0	3548	3379	3207	5062	692	452	350	37	8	8	2	0	2	0	0	0	0	0	0	0	0	0	0	0	0	0	0	0	0	0	0	0	0	0	0	0	0	0	0	0	0	0	0	0	0	0	0	0	0	0	0	211	204	188	212	184	177	96	90	60	5	4	8	5	3	4	3	0	0	0	0	0	0	0	0	0	0	0	0	0	0	0	0	0	0	0	0	0	0	0	0	0	0	0	0	0	0	0	0	0	0	0	0
185.000024723499	4153	0	1551	0	7	517	0	3785	3617	3398	5326	875	581	463	74	19	18	11	0	14	0	0	0	0	0	0	0	0	0	0	0	0	0	0	0	0	0	0	0	0	0	0	0	0	0	0	0	0	0	0	0	0	0	0	0	0	0	0	215	212	203	222	203	179	109	106	81	10	12	11	13	10	10	7	4	3	2	0	0	0	0	0	0	0	0	0	0	0	0	0	0	0	0	0	0	0	0	0	0	0	0	0	0	0	0	0	0	0	0	0
190.00000388837566	3644	0	1545	0	18	597	0	4022	3849	3646	5572	1058	715	581	110	33	30	26	2	30	2	0	4	0	0	0	0	0	0	0	0	0	0	0	0	0	0	0	0	0	0	0	0	0	0	0	0	0	0	0	0	0	0	0	0	0	0	0	221	218	213	235	214	185	124	119	100	11	12	17	21	19	19	13	14	7	5	7	0	0	0	0	0	0	0	0	0	0	0	0	0	0	0	0	0	0	0	0	0	0	0	0	0	0	0	0	0	0	0	0
195.00001743611713	3017	0	1525	0	46	716	4	4262	4105	3874	5872	1240	862	711	162	43	46	49	16	61	0	4	10	4	0	5	0	0	0	0	0	0	0	0	0	0	0	0	0	0	0	0	0	0	0	0	0	0	0	0	0	0	0	0	0	0	0	0	223	222	217	247	215	195	138	126	114	16	16	22	30	29	28	22	20	18	14	16	3	1	0	0	0	0	0	0	0	0	0	0	0	0	0	0	0	0	0	0	0	0	0	0	0	0	0	0	0	0	0	0
200.00000610684123	2273	0	1497	0	76	798	10	4526	4348	4113	6162	1433	1023	865	238	67	63	75	42	98	2	10	30	20	3	18	0	0	1	0	0	0	0	0	0	0	0	0	0	0	0	0	0	0	0	0	0	0	0	0	0	0	0	0	0	0	0	0	226	225	223	253	221	201	145	137	130	20	18	32	38	33	31	40	38	29	28	21	19	8	4	4	1	0	0	0	0	0	0	0	0	0	0	0	0	0	0	0	0	0	0	0	0	0	0	0	0	0	0	0
205.0000306230037	1517	0	1461	0	118	900	35	4778	4595	4374	6473	1631	1200	1035	334	95	88	119	73	141	0	38	64	47	1	41	0	10	7	5	0	0	0	0	0	0	0	0	0	0	0	0	0	0	0	0	0	0	0	0	0	0	0	0	0	0	0	0	230	226	225	254	245	207	161	149	144	26	19	37	48	48	44	47	47	43	39	35	26	21	13	14	5	0	0	0	0	0	0	0	0	0	0	0	0	0	0	0	0	0	0	0	0	0	0	0	0	0	0	0
210.0000176454107	578	0	1403	0	176	1008	68	5046	4845	4620	6767	1849	1388	1198	441	132	109	158	118	207	2	67	106	86	3	70	0	36	28	26	4	0	0	0	0	0	0	0	0	0	0	0	0	0	0	0	0	0	0	0	0	0	0	0	0	0	0	0	240	228	226	257	251	221	174	162	166	33	23	39	55	57	56	70	66	57	49	50	40	27	20	24	20	5	0	0	0	0	0	0	0	0	0	0	0	0	0	0	0	0	0	0	0	0	0	0	0	0	0	0
215.00000268409698	79	0	1337	0	244	1115	96	5321	5103	4875	7087	2064	1594	1400	572	180	152	200	177	274	2	130	169	145	8	133	0	73	61	60	16	0	0	0	0	0	0	0	0	0	0	0	0	0	0	0	0	0	0	0	0	0	0	0	0	0	0	0	252	240	231	259	253	235	179	172	178	40	35	51	69	65	59	76	74	75	72	63	53	48	38	45	32	12	6	3	1	2	0	0	0	0	0	0	0	0	0	0	0	0	0	0	0	0	0	0	0	0	0	0
220.00000498855584	29	0	1278	0	308	1167	157	5601	5380	5098	7370	2326	1803	1578	707	231	190	258	223	349	2	196	264	216	5	195	0	118	109	115	47	0	6	4	1	4	0	0	0	0	0	0	0	0	0	0	0	0	0	0	0	0	0	0	0	0	0	0	264	249	238	264	256	245	197	182	191	44	42	66	84	81	69	81	81	79	77	89	66	65	52	58	53	27	11	8	8	5	4	5	7	2	0	0	0	0	0	0	0	0	0	0	0	0	0	0	0	0	0	0
225.0000000723733	25	0	1207	0	381	1201	244	5873	5593	5306	7624	2589	1974	1755	888	266	229	321	290	429	7	280	347	306	5	280	2	190	154	171	94	0	11	9	10	10	0	4	4	0	0	0	0	0	0	0	0	0	0	0	0	0	0	0	0	0	0	0	274	263	246	275	258	256	206	193	196	51	45	74	106	101	90	94	87	82	82	98	78	73	62	72	72	60	28	24	25	22	8	9	19	15	10	8	4	0	0	0	0	0	0	0	0	0	0	0	0	0	0	0
230.0000157045825	16	0	1135	0	460	1305	304	6109	5809	5497	7841	2872	2125	1920	1062	310	265	380	378	504	5	356	419	373	10	362	14	263	200	228	143	0	25	25	28	28	0	9	18	8	2	1	0	0	0	0	0	0	0	0	0	0	0	0	0	0	0	0	279	277	261	285	260	264	218	206	211	55	45	77	116	116	113	130	124	110	89	101	93	101	95	95	80	77	56	54	49	47	24	14	29	27	27	24	13	0	0	0	0	0	0	0	0	0	0	0	0	0	0	0
235.00000322641472	11	0	1064	0	530	1413	361	6325	5984	5678	8027	3140	2270	2055	1260	350	295	426	463	575	11	438	493	441	11	439	43	335	256	288	198	0	57	55	58	55	2	17	39	27	10	12	3	0	0	0	0	0	0	0	0	0	0	0	0	0	0	0	280	279	276	300	266	273	226	211	218	64	56	90	119	120	119	143	143	138	117	118	101	112	105	127	118	90	74	72	69	66	46	26	48	40	36	32	28	11	0	0	0	0	0	0	0	0	0	0	0	0	0	0
240.00000002905142	4	0	986	0	615	1508	423	6493	6140	5828	8225	3394	2423	2200	1449	398	327	483	555	645	6	522	561	511	12	507	71	416	321	357	248	0	96	89	101	88	11	36	68	51	23	26	12	0	0	0	0	0	0	0	0	0	0	0	0	0	0	0	286	280	281	314	273	278	239	220	231	73	69	108	137	141	124	157	153	154	140	156	115	127	122	134	129	113	90	87	87	86	57	47	72	66	50	49	43	26	4	0	0	0	0	0	0	0	0	0	0	0	0	0
245.00001490199168	11	0	933	0	672	1599	484	6660	6288	5985	8379	3611	2554	2324	1630	432	368	529	635	724	9	625	640	589	13	570	121	479	375	435	319	0	143	131	148	128	24	67	101	68	47	42	30	0	0	0	0	0	0	0	0	0	0	0	0	0	0	0	293	286	281	320	279	281	252	235	238	77	73	112	159	157	137	166	166	162	154	167	135	133	128	153	151	137	124	110	101	101	84	86	112	93	76	73	66	36	23	4	1	0	0	0	0	0	0	0	0	0	0	0
250.00000200218113	6	0	869	0	737	1706	567	6820	6431	6117	8536	3797	2665	2451	1812	470	406	578	709	791	12	721	715	672	14	648	179	559	438	509	388	7	190	179	203	170	42	101	139	113	81	71	60	0	0	0	0	0	0	0	0	0	0	0	0	0	0	0	296	295	284	322	292	284	261	254	244	82	75	116	168	168	155	184	172	166	161	186	143	146	139	163	159	154	146	145	142	144	100	97	127	124	119	113	94	57	31	26	3	0	0	0	0	0	0	0	0	0	0	0
255.0000058053166	8	0	785	0	816	1820	635	6955	6558	6236	8675	3991	2777	2562	1951	508	439	633	779	863	11	811	793	743	11	734	250	612	498	566	453	17	253	235	258	222	71	138	182	167	122	110	93	0	1	0	0	0	0	0	0	0	0	0	0	0	0	0	298	296	297	329	307	285	272	261	254	88	76	116	173	173	172	201	196	188	171	199	150	152	144	171	164	175	159	155	154	152	116	102	139	140	134	127	124	68	46	34	9	0	0	0	0	0	0	0	0	0	0	0
260.00000015019356	2	0	722	0	876	1998	697	7099	6678	6345	8804	4162	2881	2667	2088	544	470	683	858	927	19	881	877	826	15	823	319	683	554	643	510	43	321	281	314	280	107	193	230	221	166	157	129	0	4	0	1	0	0	0	0	0	0	0	0	0	0	0	311	303	297	342	316	289	280	273	262	89	84	127	178	174	174	223	217	211	193	223	161	174	159	179	173	186	180	179	180	180	120	103	141	142	138	138	137	102	57	58	9	5	3	1	0	0	0	0	0	0	0	0
265.0000052759695	6	0	657	0	946	2181	761	7220	6793	6474	8933	4325	2984	2777	2230	578	503	731	927	989	17	967	963	901	14	894	393	753	616	706	579	88	395	329	376	339	147	235	293	271	209	198	163	5	12	2	1	0	0	0	0	0	0	0	0	0	0	0	315	313	304	346	322	298	291	280	270	97	88	131	191	186	176	225	223	223	206	235	171	189	174	189	182	201	194	191	189	190	130	105	142	142	141	141	140	131	65	73	13	7	6	5	0	0	0	0	0	0	0	0
270.00000194768154	2	0	599	0	1006	2349	826	7340	6912	6580	9062	4457	3079	2870	2345	613	539	775	989	1055	22	1050	1047	990	25	980	447	823	667	771	648	151	461	390	433	422	191	266	355	322	264	248	219	17	27	10	4	0	0	0	0	0	0	0	0	0	0	0	316	316	312	356	331	305	300	290	293	105	93	131	191	191	180	226	225	225	208	238	174	190	174	189	185	212	209	205	201	201	141	118	143	142	142	142	141	140	105	89	19	8	11	10	1	0	0	0	0	0	0	0
275.00000203945905	1	0	552	0	1054	2491	909	7446	7026	6679	9187	4587	3194	2988	2451	650	576	822	1064	1115	37	1134	1120	1066	9	1057	520	893	731	854	712	210	534	450	502	495	246	317	404	370	325	303	267	31	50	27	11	0	4	0	0	0	0	0	0	0	0	0	330	316	315	363	333	310	309	298	309	111	110	156	207	200	194	239	228	226	224	249	175	197	193	227	205	220	214	211	211	212	185	166	208	186	156	146	141	141	149	116	22	14	20	13	5	0	0	0	0	0	0	0
280.00000216389356	4	0	490	0	1119	2671	965	7573	7138	6788	9316	4738	3294	3094	2574	687	603	868	1116	1173	29	1213	1205	1142	21	1136	592	969	803	912	766	274	600	511	568	557	318	366	452	412	372	340	320	55	78	50	14	0	8	2	0	0	0	0	0	0	0	0	350	330	317	366	334	324	326	307	322	115	110	158	224	225	206	244	244	241	231	267	178	200	195	230	229	223	224	223	224	223	209	212	243	228	211	212	179	142	171	177	26	20	31	28	11	0	0	0	0	0	0	0
285.0000044511695	1	0	438	0	1173	2758	1065	7674	7234	6885	9425	4849	3399	3180	2700	722	639	925	1185	1248	38	1296	1277	1212	14	1219	674	1083	867	982	830	352	678	584	624	613	385	417	513	488	416	396	371	93	124	73	20	0	16	6	0	0	0	0	0	0	0	0	359	350	336	369	342	337	344	322	332	129	127	171	228	226	212	266	254	252	243	284	205	235	221	237	232	249	234	226	225	224	223	218	277	275	256	246	230	147	175	209	32	22	35	31	14	0	0	0	0	0	0	0
290.0000027875275	1	0	363	0	1245	2856	1131	7793	7331	6980	9541	4977	3501	3280	2805	761	666	967	1250	1317	41	1378	1343	1287	10	1292	763	1162	937	1050	904	422	750	649	696	691	436	474	582	564	472	437	418	127	180	97	26	0	21	9	0	0	0	0	0	0	0	0	362	358	355	393	349	341	366	337	339	131	127	179	251	242	228	266	265	266	255	291	241	269	257	283	253	268	271	262	255	251	224	225	292	283	277	277	271	199	177	217	38	27	38	34	29	3	0	0	0	0	0	0
295.0000035309782	3	0	328	0	1278	2919	1181	7885	7419	7080	9643	5115	3601	3371	2910	783	699	1015	1304	1386	71	1461	1422	1359	20	1372	839	1223	997	1145	985	509	821	724	767	742	512	534	662	629	545	502	475	178	238	129	38	0	30	18	0	0	0	0	0	0	0	0	373	364	358	409	355	345	386	359	350	133	132	179	252	242	230	282	281	270	264	312	256	289	284	326	306	279	274	273	271	273	234	229	300	299	298	292	285	231	193	222	40	30	52	48	33	12	3	0	0	0	0	0
300.0000003501001	6	0	269	0	1340	2984	1248	7980	7528	7192	9749	5218	3718	3478	3028	820	722	1053	1372	1447	72	1555	1488	1438	17	1446	913	1293	1063	1213	1048	585	890	795	835	820	576	580	742	707	626	561	539	221	293	182	47	0	37	24	0	0	0	0	0	0	0	0	378	373	364	413	363	346	395	384	364	136	132	185	259	249	232	286	284	284	282	322	269	305	300	334	328	303	283	276	276	276	240	231	300	300	300	299	297	236	250	234	40	39	63	53	38	17	18	10	7	3	0	0
305.0000020594706	1	0	226	0	1380	3019	1323	8063	7620	7282	9843	5331	3813	3569	3125	861	750	1096	1445	1505	98	1639	1557	1508	15	1519	992	1372	1147	1297	1117	665	958	866	898	884	643	634	822	783	700	637	611	271	341	244	54	1	51	32	0	0	0	0	0	0	0	0	380	377	372	419	374	354	401	393	373	138	133	185	266	265	256	296	287	286	286	334	280	314	304	347	342	353	335	324	312	304	244	233	300	300	300	300	299	241	263	285	41	40	79	74	48	22	30	30	30	17	0	0
310.000000270225	1	0	169	0	1431	3070	1378	8172	7716	7371	9936	5424	3906	3649	3226	903	780	1134	1513	1557	113	1704	1633	1571	20	1597	1064	1450	1218	1364	1198	727	1027	932	966	958	704	682	893	846	762	707	681	314	393	312	66	5	68	42	0	0	0	6	2	0	0	0	385	381	378	429	377	365	406	401	384	140	133	185	272	271	270	315	315	302	292	337	286	323	318	364	359	384	378	369	359	355	290	277	329	315	304	301	299	244	269	328	55	40	84	85	56	31	44	44	40	34	10	5
315.00000024910304	1	0	134	0	1470	3107	1440	8260	7800	7453	10030	5535	3996	3738	3326	934	817	1180	1571	1608	134	1766	1687	1635	19	1676	1135	1531	1273	1444	1287	819	1093	1016	1034	1015	771	738	967	915	828	776	739	346	453	372	76	8	88	56	0	0	0	17	9	3	0	0	391	387	382	435	385	372	414	406	395	140	133	185	273	273	271	329	330	321	315	366	298	337	335	382	369	404	401	392	388	385	353	354	414	390	350	330	313	255	284	336	64	41	87	86	74	38	55	51	49	44	28	16
320.00000462718305	6	0	113	0	1497	3124	1510	8346	7869	7546	10117	5638	4086	3823	3434	954	838	1210	1637	1664	171	1847	1747	1700	18	1757	1209	1597	1340	1523	1372	904	1172	1093	1116	1099	826	804	1062	998	911	841	796	396	518	438	86	14	106	74	2	0	0	28	20	9	0	3	397	394	385	439	404	376	431	410	407	142	133	185	273	273	271	331	331	329	329	382	305	344	335	383	384	427	415	409	409	408	388	387	468	455	430	415	387	265	286	354	67	54	95	88	85	42	62	57	55	54	34	27
325.0000010645765	0	0	93	0	1524	3154	1578	8428	7943	7622	10209	5740	4176	3893	3531	989	864	1251	1696	1732	201	1906	1814	1762	17	1825	1295	1683	1421	1596	1446	986	1252	1168	1177	1176	896	880	1145	1087	975	903	868	463	578	506	97	19	122	94	4	0	0	43	29	15	0	10	400	397	395	446	415	382	435	428	426	146	141	185	277	276	271	333	333	333	330	390	346	386	377	410	392	442	433	430	430	430	407	408	495	481	471	473	446	309	292	358	69	60	115	111	86	50	76	70	71	66	45	62
330.0000068377792	1	0	76	0	1540	3193	1623	8487	8003	7689	10299	5836	4273	3972	3628	1019	884	1285	1758	1784	237	1975	1888	1814	22	1895	1373	1754	1479	1676	1519	1061	1317	1245	1258	1245	960	955	1245	1145	1061	977	949	530	652	570	105	28	138	117	13	0	1	57	40	24	0	21	410	402	397	455	421	394	448	436	435	155	145	200	294	291	274	333	333	333	332	396	355	396	394	444	431	457	456	454	444	440	422	416	504	501	500	497	484	383	293	363	70	61	121	116	90	54	93	90	81	75	53	69
335.00000247277666	3	0	76	0	1536	3224	1683	8580	8070	7753	10384	5921	4340	4051	3713	1037	913	1323	1808	1842	296	2042	1941	1881	21	1965	1453	1830	1544	1752	1585	1130	1385	1331	1330	1326	1041	1027	1332	1230	1146	1076	1034	608	716	630	121	34	158	134	24	0	7	74	51	31	0	32	415	410	401	459	429	402	459	445	443	156	145	200	297	296	282	337	333	333	333	398	362	402	398	451	452	470	462	461	458	459	435	425	509	505	503	504	503	404	298	365	72	61	126	125	108	60	105	103	96	94	61	70
340.00000122410586	2	0	55	0	1560	3254	1757	8661	8135	7813	10449	6007	4414	4128	3802	1070	933	1350	1864	1904	326	2103	2009	1931	22	2028	1534	1903	1604	1831	1661	1206	1482	1394	1414	1395	1124	1108	1419	1313	1221	1160	1121	669	771	707	133	40	174	152	32	0	14	90	61	46	0	43	420	416	411	465	436	405	462	455	455	172	150	200	297	297	297	345	344	340	335	399	374	421	412	461	452	510	495	482	474	472	459	452	551	539	523	512	508	465	382	366	73	69	132	128	116	76	106	106	106	106	67	71
345.0000022940292	1	0	54	0	1556	3343	1789	8729	8195	7876	10520	6075	4481	4192	3884	1096	956	1377	1908	1948	378	2150	2072	1977	31	2114	1599	1990	1661	1914	1732	1282	1575	1476	1481	1481	1211	1190	1501	1408	1302	1238	1209	726	827	790	143	52	189	170	40	0	25	105	80	60	2	54	425	421	416	473	443	407	470	461	467	177	162	217	307	303	298	368	364	352	340	405	397	452	449	495	473	536	530	527	520	512	470	455	553	553	552	552	537	502	465	437	78	72	149	145	126	88	126	121	112	106	85	96
350.00000708969475	0	0	43	0	1559	3423	1870	8807	8263	7940	10604	6155	4563	4260	3955	1120	978	1410	1956	2003	426	2218	2123	2036	20	2170	1668	2057	1726	1984	1812	1366	1665	1560	1565	1546	1290	1256	1583	1498	1395	1306	1287	784	891	853	158	63	207	197	53	0	35	120	93	77	6	68	437	430	421	478	453	408	471	468	474	179	162	217	314	314	313	374	375	371	367	420	400	455	450	507	506	538	536	536	536	536	478	457	553	553	553	553	553	510	540	526	91	73	152	151	128	97	133	132	127	127	95	111
355.00000011034024	1	0	43	0	1563	3545	1912	8888	8342	8000	10664	6236	4641	4325	4030	1144	1008	1435	2000	2064	473	2272	2175	2097	35	2238	1738	2132	1792	2070	1887	1458	1744	1639	1639	1623	1373	1341	1657	1576	1482	1386	1363	842	974	922	173	75	233	217	62	0	43	139	107	91	15	85	441	438	431	482	457	419	478	471	484	197	184	229	314	314	314	394	387	376	375	440	403	465	460	507	507	558	552	544	539	538	501	491	575	553	553	553	553	514	549	611	110	76	154	152	146	105	151	151	148	133	109	143
360.0000050196122	3	0	36	0	1567	3565	1963	8946	8401	8054	10731	6310	4704	4395	4119	1174	1039	1463	2043	2108	505	2337	2238	2146	32	2292	1822	2200	1867	2140	1953	1555	1821	1708	1710	1715	1454	1410	1735	1657	1565	1464	1446	911	1058	982	189	83	251	234	83	1	64	162	129	110	20	105	450	444	438	495	465	427	500	473	498	202	185	244	340	341	331	397	397	396	377	451	420	477	476	525	512	595	586	571	562	559	539	539	635	621	600	584	554	541	558	630	122	89	161	154	151	105	165	161	159	152	125	149
365.0000037562489	0	0	39	0	1565	3561	2026	9018	8454	8116	10797	6392	4784	4454	4219	1203	1061	1494	2084	2151	555	2386	2288	2200	23	2354	1890	2256	1929	2225	2032	1656	1902	1788	1778	1785	1530	1472	1813	1746	1637	1545	1519	977	1140	1041	208	95	279	248	105	2	79	180	148	132	30	123	453	450	444	500	466	437	519	493	504	202	190	246	346	346	342	427	410	398	380	453	427	481	477	540	538	598	598	596	597	597	560	547	661	656	649	632	617	550	598	639	123	103	187	174	152	125	176	176	172	166	140	177
370.00001710835284	0	0	43	0	1560	3621	2067	9097	8520	8180	10868	6476	4857	4528	4298	1230	1076	1530	2130	2182	607	2437	2347	2262	39	2420	1941	2320	1998	2309	2095	1739	1984	1860	1851	1861	1615	1547	1897	1821	1714	1616	1601	1059	1234	1119	224	106	302	273	122	5	93	199	165	149	40	153	458	455	449	509	470	440	539	504	510	207	191	250	353	353	348	437	430	429	415	475	431	483	477	540	540	609	600	599	600	598	566	560	681	679	664	659	656	574	648	684	126	122	196	190	154	129	197	186	178	177	151	179
375.00000214580444	3	0	33	0	1568	3651	2131	9185	8576	8235	10930	6531	4934	4598	4364	1253	1097	1567	2166	2225	639	2493	2403	2320	21	2470	2019	2389	2063	2378	2186	1828	2056	1930	1915	1940	1690	1636	1989	1906	1796	1700	1675	1150	1316	1209	240	122	326	292	139	9	117	219	184	161	50	177	462	460	454	511	474	448	552	517	511	207	192	250	353	353	348	438	438	438	432	512	433	488	485	549	540	631	632	615	612	607	598	595	707	695	681	679	673	630	672	738	131	123	223	216	175	133	210	208	207	197	156	187
380.0000108909174	1	0	38	0	1558	3692	2163	9243	8639	8295	10999	6600	5001	4662	4429	1284	1125	1605	2216	2273	690	2544	2450	2365	25	2529	2079	2448	2123	2450	2257	1907	2138	2015	2001	2007	1762	1697	2080	1988	1889	1766	1762	1227	1406	1297	259	128	356	312	162	14	129	239	215	183	70	199	465	463	459	515	483	459	563	538	512	207	194	250	353	353	353	446	439	439	438	523	443	502	496	557	550	639	638	636	633	634	612	606	735	735	727	709	693	653	712	764	142	125	226	224	192	133	217	217	215	210	172	200
385.0000051644012	1	0	39	0	1547	3758	2211	9311	8695	8363	11055	6663	5072	4732	4499	1313	1150	1634	2271	2319	737	2598	2510	2421	25	2595	2154	2508	2187	2524	2330	2006	2199	2096	2048	2083	1843	1768	2173	2070	1973	1850	1845	1303	1471	1385	273	141	381	333	183	23	154	265	250	210	89	226	473	466	463	522	487	469	565	548	514	213	205	258	361	359	355	448	448	447	440	531	470	537	524	575	561	643	639	639	638	639	622	610	744	744	744	739	736	677	766	810	147	129	227	226	214	138	221	221	220	217	176	221
390.00000498878904	0	0	30	0	1558	3783	2264	9368	8747	8416	11116	6718	5133	4796	4587	1330	1175	1660	2307	2365	767	2640	2564	2476	31	2654	2213	2573	2253	2609	2399	2097	2281	2170	2120	2149	1912	1837	2257	2151	2069	1940	1928	1371	1572	1450	289	148	407	363	202	33	168	284	278	232	104	251	478	473	466	524	496	481	584	556	532	222	217	281	380	376	362	449	448	448	448	543	510	579	564	614	596	656	652	649	645	644	632	626	755	746	744	744	744	692	804	868	150	136	236	227	222	156	221	221	220	221	212	252
395.0000037287632	2	0	23	0	1564	3853	2316	9432	8795	8466	11176	6789	5202	4858	4662	1353	1195	1690	2344	2407	800	2689	2623	2521	29	2720	2272	2636	2320	2664	2458	2179	2343	2244	2194	2229	1982	1899	2348	2232	2159	2018	2013	1442	1668	1536	306	159	427	395	215	43	194	310	291	258	122	277	494	486	474	529	499	486	599	567	546	224	218	282	389	387	386	459	456	456	448	552	527	600	594	661	638	665	662	662	658	655	640	630	768	769	766	758	746	733	816	923	160	148	246	241	226	178	221	221	220	221	221	286
400.000001163595	1	0	23	0	1570	3868	2358	9491	8851	8514	11226	6850	5267	4923	4747	1369	1219	1723	2380	2445	835	2734	2690	2591	32	2783	2331	2691	2389	2736	2531	2265	2426	2329	2275	2299	2049	1978	2444	2306	2245	2103	2106	1516	1755	1640	316	172	452	422	242	55	219	328	313	280	145	310	500	495	486	536	508	490	609	580	560	241	237	300	390	390	389	488	481	463	456	553	535	608	602	673	663	695	685	677	671	668	645	636	770	769	770	770	770	740	855	948	171	150	267	257	226	194	260	252	241	222	221	287
405.0000175939071	0	0	37	0	1562	3889	2397	9548	8917	8567	11283	6915	5333	4992	4832	1395	1239	1745	2412	2486	875	2799	2755	2628	33	2839	2398	2755	2455	2817	2586	2340	2498	2416	2338	2380	2129	2049	2537	2384	2330	2189	2194	1589	1855	1731	335	183	477	458	261	67	241	360	334	300	166	347	505	501	496	551	511	502	628	604	582	249	244	302	409	409	408	489	488	488	474	565	549	629	623	684	673	747	733	716	708	700	647	640	794	788	782	773	770	748	874	992	174	161	275	271	239	220	278	278	272	266	221	289
410.00000447664013	0	0	23	0	1582	3911	2439	9601	8973	8630	11343	6970	5390	5049	4900	1426	1264	1782	2448	2531	891	2855	2807	2671	29	2895	2448	2812	2518	2885	2656	2420	2590	2494	2402	2434	2195	2118	2620	2474	2402	2273	2269	1675	1942	1836	351	200	498	484	281	86	267	387	353	320	193	375	512	508	502	559	518	510	642	619	596	252	246	314	427	425	415	509	503	490	487	597	557	642	638	712	704	772	771	761	756	750	664	648	794	793	793	794	789	751	886	1017	185	169	281	278	256	225	287	289	289	282	237	294
415.00000051432875	0	0	17	0	1588	3907	2500	9655	9021	8687	11389	7028	5451	5123	4976	1447	1280	1823	2489	2571	933	2899	2869	2719	22	2953	2506	2863	2585	2954	2721	2498	2661	2566	2457	2511	2265	2193	2701	2546	2476	2358	2349	1759	2013	1949	372	214	520	512	304	102	295	410	377	345	207	411	516	515	510	566	522	516	652	630	602	259	247	314	429	429	422	515	515	508	497	597	566	653	651	718	713	787	783	781	775	773	698	686	830	818	801	794	794	751	886	1028	188	171	291	284	271	226	325	323	311	291	255	315
420.0000166704301	1	0	19	0	1593	3924	2536	9703	9063	8730	11440	7080	5528	5192	5038	1481	1303	1848	2528	2604	954	2955	2916	2757	29	3010	2565	2950	2643	3022	2785	2576	2735	2639	2531	2571	2334	2257	2779	2629	2538	2437	2431	1844	2103	2058	391	226	549	551	324	120	326	431	400	369	234	439	525	521	515	571	526	521	661	634	612	259	247	314	431	431	424	524	525	518	515	623	576	662	656	732	727	817	807	798	793	783	699	687	841	840	837	833	814	751	886	1034	189	176	296	295	277	229	335	335	334	329	271	338
425.0000085905099	2	0	19	0	1598	3932	2587	9761	9109	8774	11503	7140	5592	5244	5102	1502	1330	1878	2575	2649	995	3006	2962	2800	32	3092	2620	2994	2698	3084	2846	2644	2812	2711	2612	2647	2405	2325	2856	2690	2623	2519	2527	1942	2193	2180	413	240	574	579	348	137	348	464	427	393	254	464	530	530	518	576	537	528	668	644	620	267	256	324	433	433	424	525	525	524	518	630	579	666	658	734	734	829	829	826	823	809	700	688	841	841	840	841	839	751	896	1038	190	187	304	296	283	233	340	340	339	338	303	379
430.000005835524	0	0	25	0	1595	3958	2634	9808	9163	8830	11550	7189	5647	5304	5164	1521	1355	1909	2616	2691	1043	3066	3015	2846	35	3151	2690	3057	2750	3146	2907	2722	2879	2791	2696	2720	2480	2396	2945	2778	2710	2597	2592	2021	2278	2282	435	254	601	602	375	149	375	498	454	425	278	499	535	531	530	581	540	528	668	652	635	280	275	336	445	445	437	526	525	524	525	640	605	697	685	754	736	847	838	830	828	817	754	740	870	858	844	841	841	756	899	1053	190	188	318	314	295	237	344	345	342	342	329	411
435.0000004967256	0	0	16	0	1606	3957	2686	9865	9204	8878	11609	7238	5710	5353	5233	1550	1375	1936	2651	2728	1065	3117	3055	2899	30	3208	2749	3122	2814	3207	2977	2801	2948	2882	2763	2795	2536	2451	3018	2866	2780	2678	2682	2101	2372	2386	460	274	624	623	398	165	403	533	486	457	305	536	537	536	531	593	555	537	669	654	650	283	277	345	468	460	442	546	541	529	525	646	634	727	721	801	777	858	855	854	850	848	812	807	954	935	896	873	855	801	906	1058	196	190	322	319	296	265	351	351	350	347	338	438
440.0000156600849	0	0	36	0	1589	3949	2746	9914	9248	8928	11659	7308	5772	5403	5297	1573	1394	1975	2700	2774	1119	3175	3103	2947	23	3259	2817	3188	2875	3258	3039	2867	3025	2969	2836	2867	2610	2514	3086	2949	2852	2764	2755	2180	2475	2498	474	289	653	649	421	179	435	571	513	487	329	570	540	539	537	595	562	541	679	654	657	284	277	345	470	470	456	546	546	546	543	646	637	730	727	815	810	863	859	858	857	857	852	846	1002	988	971	956	932	842	937	1059	196	190	325	324	314	282	376	362	355	351	342	443
445.00000648343973	0	0	18	0	1610	3967	2770	9953	9304	8993	11718	7372	5835	5447	5355	1600	1422	2005	2746	2807	1132	3229	3153	2992	38	3323	2889	3256	2934	3325	3101	2948	3096	3034	2903	2945	2682	2594	3179	3036	2930	2840	2835	2245	2568	2585	492	304	688	678	450	195	463	594	537	527	360	600	544	543	539	600	568	547	682	661	662	287	277	345	470	470	464	571	557	546	546	670	645	742	732	815	815	902	884	877	873	867	857	857	1023	1015	1009	1002	983	848	995	1090	196	196	330	328	319	291	393	390	389	373	350	453
450.0000022599308	0	0	21	0	1607	3989	2834	10003	9339	9041	11770	7418	5890	5523	5410	1636	1446	2039	2778	2839	1182	3286	3204	3043	32	3382	2965	3314	2991	3388	3163	3025	3182	3115	2964	3023	2769	2644	3266	3131	3022	2914	2917	2312	2665	2674	508	319	731	713	476	213	490	625	567	558	387	634	547	545	543	601	571	550	690	668	670	300	280	345	471	471	464	572	572	573	561	675	649	746	738	827	827	940	926	915	906	901	875	873	1036	1034	1029	1026	1015	888	1007	1157	208	196	336	335	325	296	422	416	409	394	355	466
455.000008310458	0	0	20	0	1610	3999	2871	10053	9392	9082	11829	7472	5952	5602	5470	1662	1472	2067	2823	2870	1218	3335	3252	3084	30	3443	3025	3377	3060	3471	3230	3117	3254	3195	3044	3101	2851	2720	3346	3214	3078	3012	2982	2390	2750	2776	528	334	768	748	507	230	518	654	594	592	406	667	547	546	545	604	579	556	703	680	689	300	280	345	471	471	464	575	574	573	573	701	668	770	766	840	827	945	943	939	940	940	895	891	1070	1068	1054	1041	1034	957	1016	1181	216	196	344	342	328	298	436	432	426	421	367	473
460.00000020152197	0	0	15	0	1618	3995	2899	10094	9436	9124	11890	7519	6020	5672	5547	1685	1501	2097	2867	2911	1239	3377	3298	3129	39	3494	3084	3447	3131	3534	3288	3202	3334	3261	3119	3182	2939	2789	3426	3308	3163	3093	3079	2474	2829	2859	541	353	799	768	532	257	544	692	627	625	440	705	552	547	547	607	585	563	714	690	709	318	303	365	471	471	470	576	576	575	574	703	676	783	781	867	848	960	952	947	945	945	939	940	1109	1094	1077	1070	1065	999	1086	1189	220	208	349	346	334	316	443	442	441	438	377	477
465.0000038486362	1	0	19	0	1620	3998	2964	10150	9477	9158	11937	7572	6083	5719	5618	1707	1519	2125	2906	2945	1285	3430	3347	3182	28	3552	3142	3509	3188	3582	3365	3285	3415	3327	3194	3253	3011	2870	3511	3380	3247	3176	3165	2566	2919	2968	561	369	823	796	561	279	584	732	659	650	466	751	565	557	547	609	593	568	725	700	715	325	305	372	499	500	489	585	579	576	576	708	683	790	782	875	875	960	959	959	959	959	945	944	1137	1137	1129	1113	1092	1025	1144	1250	224	216	365	360	343	319	461	453	449	444	388	491
470.0000012427775	0	0	10	0	1636	4062	3006	10192	9519	9197	11984	7623	6135	5769	5692	1726	1549	2158	2958	2982	1314	3482	3397	3242	33	3611	3195	3578	3251	3656	3435	3355	3488	3390	3268	3324	3073	2944	3618	3461	3341	3258	3255	2645	2993	3060	576	387	849	832	580	301	627	770	692	686	503	778	568	569	557	609	595	573	730	711	739	341	325	393	508	503	500	618	602	587	584	708	704	818	810	905	880	985	973	968	962	960	956	959	1150	1146	1142	1138	1135	1064	1177	1319	239	220	385	371	346	325	476	476	476	463	399	511
475.00000407945754	1	0	17	0	1627	4109	3038	10239	9565	9235	12037	7674	6192	5834	5765	1761	1580	2181	3001	3026	1369	3522	3448	3288	41	3656	3250	3644	3317	3727	3497	3437	3549	3462	3327	3390	3153	3037	3722	3557	3435	3353	3326	2706	3078	3142	593	402	888	856	613	321	659	805	733	719	529	815	570	569	568	622	601	576	732	720	754	351	341	405	525	526	522	624	621	619	606	723	704	819	815	914	907	1016	1010	1002	990	985	963	962	1164	1164	1161	1156	1145	1115	1230	1363	253	222	386	384	358	330	486	485	483	476	409	511
480.0000033727528	1	0	18	0	1631	4139	3087	10279	9610	9276	12083	7728	6249	5887	5831	1781	1604	2213	3036	3066	1398	3563	3496	3335	41	3717	3296	3714	3384	3790	3568	3516	3633	3538	3399	3463	3227	3099	3795	3642	3530	3440	3416	2795	3174	3225	615	416	918	889	637	347	694	840	766	753	550	853	579	577	572	632	603	576	740	729	777	363	348	424	550	540	526	647	644	633	618	747	709	822	815	914	913	1025	1018	1018	1017	1017	990	986	1178	1168	1164	1164	1164	1136	1248	1411	261	234	387	386	372	338	495	495	495	487	470	563
485.00000224137244	4	0	22	0	1629	4137	3174	10321	9649	9312	12132	7776	6304	5933	5890	1814	1630	2239	3065	3113	1441	3609	3551	3381	23	3779	3344	3769	3442	3868	3635	3602	3707	3608	3485	3534	3332	3160	3872	3727	3610	3524	3496	2883	3256	3334	632	430	956	915	661	381	726	875	808	788	573	891	587	584	577	635	608	578	748	738	783	374	360	425	558	558	547	648	647	647	625	754	720	836	833	930	915	1055	1050	1039	1032	1025	1016	1009	1205	1194	1191	1183	1169	1155	1287	1443	267	239	401	400	385	343	509	505	502	495	473	582
490.0000065784615	0	0	24	0	1627	4151	3202	10378	9692	9375	12193	7821	6353	6003	5949	1838	1653	2276	3101	3147	1488	3651	3600	3426	34	3826	3398	3836	3516	3932	3703	3694	3794	3681	3552	3597	3403	3231	3974	3814	3698	3607	3568	2954	3364	3440	646	447	978	944	691	409	754	915	842	824	599	934	588	588	585	641	608	588	754	748	791	390	391	459	577	572	561	677	665	649	647	787	721	840	834	941	941	1062	1061	1060	1058	1055	1030	1024	1231	1226	1214	1208	1196	1160	1332	1485	269	239	401	401	387	348	520	518	517	512	486	590
495.00000158425473	0	0	22	0	1629	4153	3265	10411	9734	9417	12241	7885	6394	6056	6016	1868	1684	2308	3136	3184	1523	3700	3644	3471	24	3885	3463	3893	3566	3995	3769	3768	3859	3746	3623	3675	3477	3299	4061	3900	3768	3697	3655	3039	3451	3520	662	470	999	969	718	423	795	957	882	860	635	974	593	589	587	650	611	605	771	754	803	395	391	473	609	599	584	700	686	683	672	799	728	840	834	941	941	1068	1062	1062	1062	1062	1058	1053	1254	1244	1233	1232	1226	1171	1338	1533	281	265	418	402	397	362	526	525	525	521	495	627
500.0000106067623	1	0	19	0	1629	4169	3284	10463	9765	9444	12295	7933	6460	6106	6089	1905	1706	2338	3176	3221	1566	3756	3685	3528	36	3944	3518	3958	3631	4063	3831	3836	3934	3813	3707	3747	3555	3362	4156	3973	3859	3777	3747	3116	3549	3623	685	484	1040	999	743	451	834	993	921	901	663	1017	599	597	589	651	611	616	784	769	821	418	410	481	611	602	584	708	708	708	684	824	740	854	842	946	941	1089	1080	1073	1073	1069	1061	1055	1273	1273	1268	1253	1243	1193	1345	1544	289	267	438	430	401	377	529	528	528	528	515	659
505.0000006718208	2	0	10	0	1642	4172	3322	10507	9812	9479	12336	7979	6518	6165	6159	1935	1741	2370	3214	3258	1597	3810	3729	3577	35	3996	3578	4005	3687	4118	3896	3915	4010	3881	3780	3824	3635	3440	4241	4053	3937	3874	3826	3195	3629	3726	706	497	1059	1030	773	486	868	1035	947	933	702	1053	600	599	597	653	625	620	797	782	837	421	412	493	614	605	584	708	708	708	708	856	768	888	884	983	961	1094	1093	1093	1090	1089	1067	1061	1281	1281	1275	1273	1273	1219	1368	1559	291	275	455	445	402	381	560	555	543	530	520	660
510.00000513421503	0	0	4	0	1654	4166	3368	10540	9860	9509	12364	8015	6565	6226	6231	1961	1770	2401	3257	3293	1631	3847	3773	3632	32	4050	3641	4070	3757	4177	3964	3981	4085	3971	3852	3908	3708	3509	4330	4151	4014	3971	3915	3271	3721	3817	721	515	1092	1057	805	505	907	1071	985	973	737	1093	605	601	599	662	634	626	816	788	857	425	421	497	615	605	584	708	708	708	708	858	769	891	884	992	992	1096	1095	1095	1094	1094	1079	1067	1290	1290	1290	1282	1281	1246	1402	1576	295	282	461	457	427	381	573	572	570	562	527	673
515.0000020424371	1	0	13	0	1652	4207	3397	10573	9899	9545	12407	8054	6628	6282	6298	1983	1801	2428	3294	3353	1679	3901	3820	3676	37	4102	3691	4127	3807	4240	4028	4054	4161	4041	3913	3970	3786	3585	4428	4239	4103	4077	4018	3343	3833	3934	739	525	1129	1084	828	525	944	1108	1014	1012	771	1138	607	605	601	665	637	630	820	807	877	425	421	505	629	619	597	708	708	708	708	858	772	891	884	992	992	1120	1106	1096	1095	1095	1090	1077	1290	1290	1290	1290	1290	1265	1416	1614	303	290	483	469	444	391	575	575	575	573	544	691
520.0000012077053	0	0	9	0	1656	4218	3453	10611	9936	9578	12446	8099	6670	6334	6354	2008	1832	2458	3332	3393	1726	3964	3863	3731	27	4158	3756	4186	3868	4301	4089	4138	4227	4133	3987	4047	3851	3637	4505	4330	4183	4172	4089	3431	3925	4033	759	539	1154	1111	862	556	976	1145	1053	1044	805	1186	609	608	605	669	643	633	821	820	882	428	421	505	651	651	652	736	718	708	708	858	780	901	889	992	992	1149	1143	1130	1124	1117	1096	1091	1321	1310	1305	1293	1290	1279	1423	1635	310	295	483	483	458	391	591	585	579	575	561	711
525.0000043089694	0	0	5	0	1654	4229	3475	10640	9983	9615	12503	8139	6726	6381	6417	2040	1861	2492	3377	3439	1772	4021	3904	3790	30	4220	3806	4244	3920	4378	4149	4220	4297	4201	4055	4107	3920	3712	4584	4419	4275	4251	4167	3514	4009	4143	789	562	1186	1135	888	580	1018	1186	1088	1083	833	1231	621	611	609	671	650	636	826	821	886	430	421	505	652	652	652	784	774	743	725	864	806	933	918	1005	1000	1154	1152	1151	1149	1150	1108	1096	1326	1326	1326	1324	1312	1290	1439	1643	311	299	483	483	467	404	597	597	596	593	561	714
530.0000038609443	3	0	20	0	1643	4231	3533	10680	10025	9645	12547	8179	6771	6432	6463	2071	1876	2521	3420	3488	1821	4067	3955	3835	36	4287	3857	4307	3967	4438	4220	4285	4381	4272	4125	4194	3994	3786	4673	4508	4371	4315	4252	3600	4118	4231	810	581	1213	1171	916	611	1050	1218	1124	1119	874	1266	638	624	612	676	652	642	827	825	895	432	423	509	658	658	655	788	786	785	776	906	853	977	963	1040	1011	1159	1158	1157	1156	1155	1112	1099	1328	1328	1327	1326	1326	1299	1471	1670	313	308	503	485	483	408	606	599	597	597	567	726
535.0000121327294	2	0	11	0	1657	4225	3589	10715	10074	9684	12584	8220	6846	6476	6531	2094	1902	2548	3471	3531	1841	4113	4001	3877	28	4338	3920	4355	4031	4502	4283	4364	4459	4352	4191	4254	4062	3869	4768	4597	4446	4414	4327	3681	4205	4346	831	601	1247	1207	950	628	1082	1259	1162	1149	913	1313	642	640	625	684	655	644	837	825	907	445	440	532	659	658	658	797	791	788	787	944	865	992	991	1088	1058	1169	1167	1160	1158	1158	1115	1101	1333	1332	1328	1328	1328	1300	1505	1703	315	311	511	504	483	414	613	613	613	609	585	745
540.0000088526339	0	0	12	0	1666	4250	3622	10756	10109	9720	12620	8272	6897	6523	6587	2132	1932	2581	3518	3576	1866	4160	4050	3926	42	4397	3962	4417	4088	4563	4342	4461	4542	4409	4254	4314	4136	3931	4847	4670	4525	4500	4431	3778	4316	4449	848	619	1282	1239	983	654	1120	1288	1192	1178	953	1362	650	642	640	698	664	647	846	837	926	457	443	534	684	678	662	798	797	797	791	945	888	1010	1001	1102	1101	1182	1171	1169	1168	1169	1130	1115	1351	1348	1339	1333	1331	1311	1508	1748	327	312	515	512	484	422	617	616	615	614	586	756
545.0000013516269	1	0	13	0	1672	4223	3669	10795	10148	9753	12669	8323	6950	6560	6651	2169	1952	2614	3558	3623	1894	4219	4095	3968	33	4449	4026	4478	4150	4630	4403	4539	4612	4472	4334	4388	4199	3997	4938	4759	4607	4585	4520	3861	4392	4530	867	642	1313	1275	1009	681	1159	1324	1231	1223	991	1413	653	649	642	709	668	648	846	845	942	459	443	534	684	678	666	804	799	799	794	951	900	1025	1020	1112	1101	1223	1204	1194	1187	1180	1141	1132	1372	1359	1353	1352	1349	1329	1521	1753	334	312	515	515	504	440	627	628	623	617	607	769
550.0000017667599	2	0	10	0	1674	4225	3732	10850	10189	9788	12705	8369	7011	6608	6712	2201	1981	2647	3592	3659	1926	4264	4148	4023	32	4507	4082	4535	4202	4688	4454	4614	4685	4564	4392	4451	4266	4058	5031	4852	4689	4678	4597	3951	4481	4641	883	654	1340	1303	1035	704	1197	1370	1263	1258	1031	1442	655	652	651	713	673	648	846	845	962	477	466	559	689	679	666	808	807	806	794	953	900	1025	1020	1112	1102	1272	1262	1245	1230	1224	1150	1135	1380	1380	1380	1376	1358	1332	1526	1766	334	317	515	515	512	457	639	639	639	628	614	796
555.0000000288221	0	0	10	0	1675	4217	3780	10889	10240	9825	12753	8407	7055	6651	6771	2226	2013	2677	3634	3697	1965	4316	4197	4071	29	4561	4136	4585	4257	4768	4535	4684	4757	4640	4468	4516	4340	4123	5122	4953	4775	4759	4680	4043	4588	4743	902	675	1378	1328	1067	730	1235	1408	1301	1287	1067	1484	656	655	653	720	677	648	846	846	967	481	466	559	708	699	678	808	808	808	796	953	900	1026	1020	1120	1113	1276	1274	1274	1275	1267	1155	1138	1380	1380	1380	1380	1380	1333	1528	1777	339	323	526	516	515	482	663	658	653	640	619	796
560.0000006550209	1	0	8	0	1672	4226	3817	10933	10288	9869	12795	8447	7114	6702	6838	2251	2036	2707	3677	3749	2010	4367	4244	4122	34	4604	4180	4651	4329	4845	4589	4758	4822	4730	4536	4575	4412	4184	5209	5031	4850	4844	4762	4123	4685	4839	929	694	1416	1357	1092	758	1269	1450	1344	1325	1105	1527	660	656	656	722	682	652	847	847	967	481	466	559	708	699	687	826	815	808	808	968	900	1026	1020	1132	1120	1277	1276	1275	1276	1268	1166	1145	1380	1380	1380	1380	1380	1339	1544	1782	340	323	528	527	515	491	695	687	676	665	635	814
565.0000014921849	0	0	11	0	1677	4247	3843	10972	10319	9903	12839	8495	7160	6747	6904	2274	2060	2741	3712	3783	2045	4411	4291	4174	45	4662	4230	4709	4384	4926	4673	4829	4897	4797	4595	4638	4482	4258	5288	5112	4925	4919	4840	4204	4768	4939	951	715	1446	1382	1123	785	1308	1495	1383	1366	1138	1559	661	660	656	725	689	664	853	847	980	481	466	560	708	699	687	829	830	830	810	973	900	1026	1021	1132	1132	1289	1278	1277	1277	1277	1250	1249	1464	1438	1393	1382	1380	1354	1547	1804	342	327	536	533	518	509	719	718	718	698	639	822
570.0000009348252	1	0	10	0	1676	4226	3898	11025	10357	9950	12882	8534	7214	6789	6971	2300	2083	2774	3756	3807	2089	4453	4339	4231	41	4713	4289	4754	4447	4995	4739	4905	4979	4869	4676	4710	4552	4328	5371	5195	5002	5006	4953	4297	4871	5057	972	734	1486	1411	1164	811	1353	1539	1422	1405	1185	1601	661	661	660	727	702	665	862	850	988	481	466	560	708	699	687	831	831	831	830	982	903	1028	1022	1134	1134	1297	1292	1291	1291	1289	1276	1277	1533	1523	1496	1467	1427	1376	1566	1804	346	340	556	537	527	513	740	734	725	718	674	858
575.0000179477786	1	0	9	0	1673	4226	3953	11069	10398	10004	12938	8574	7270	6847	7029	2331	2108	2810	3790	3844	2126	4508	4379	4274	39	4765	4355	4811	4507	5049	4800	4970	5058	4930	4756	4788	4624	4396	5457	5276	5090	5077	5030	4386	4943	5166	984	748	1512	1442	1193	836	1391	1583	1462	1436	1225	1642	667	663	661	729	710	667	869	859	990	481	466	560	708	699	687	833	833	831	831	998	903	1028	1022	1134	1134	1309	1309	1307	1304	1300	1288	1282	1538	1537	1532	1531	1518	1387	1593	1825	346	341	563	563	534	513	751	751	749	742	709	878
580.0000011464236	0	0	14	0	1666	4247	3996	11096	10441	10033	12980	8622	7317	6904	7074	2357	2129	2851	3845	3890	2175	4558	4429	4324	30	4820	4411	4862	4560	5093	4865	5058	5120	5000	4817	4867	4691	4479	5535	5358	5181	5157	5126	4476	5040	5269	998	768	1540	1465	1229	871	1423	1640	1499	1489	1257	1706	675	667	663	730	715	671	871	870	992	488	468	560	715	715	708	836	835	834	833	1002	903	1028	1022	1134	1134	1313	1313	1310	1310	1309	1301	1294	1547	1541	1540	1539	1537	1423	1610	1853	352	344	564	564	537	515	756	755	753	752	724	908
585.0000063109885	1	0	5	0	1673	4256	4031	11137	10472	10065	13018	8662	7373	6951	7140	2378	2158	2884	3885	3929	2196	4601	4468	4371	36	4860	4465	4915	4623	5153	4912	5139	5200	5079	4882	4946	4751	4561	5642	5446	5260	5257	5211	4542	5123	5357	1029	789	1573	1488	1252	883	1464	1680	1546	1529	1301	1770	684	679	667	734	721	672	871	870	995	493	480	573	715	715	715	866	852	839	836	1006	911	1037	1022	1134	1134	1314	1314	1314	1313	1313	1302	1295	1556	1556	1556	1551	1541	1487	1617	1881	360	346	574	564	561	520	765	762	758	757	725	909
590.0000078180308	0	0	9	0	1664	4264	4055	11181	10520	10120	13056	8705	7419	6990	7187	2402	2179	2924	3927	3965	2247	4640	4514	4418	48	4906	4527	4979	4683	5210	4976	5212	5272	5152	4961	5008	4851	4650	5727	5538	5344	5354	5294	4618	5202	5474	1052	805	1612	1520	1287	913	1506	1710	1588	1570	1339	1827	687	685	678	737	722	684	874	871	1005	513	501	586	730	729	717	867	867	866	857	1011	951	1079	1068	1166	1146	1316	1316	1315	1315	1315	1304	1296	1558	1558	1558	1557	1555	1537	1641	1888	362	352	578	576	564	528	770	770	768	765	740	932
595.0000103219272	2	0	8	0	1667	4274	4091	11225	10554	10158	13099	8762	7462	7038	7245	2423	2198	2952	3958	4006	2280	4696	4564	4470	43	4966	4585	5033	4741	5290	5036	5286	5335	5216	5029	5076	4929	4729	5799	5633	5427	5440	5396	4693	5296	5584	1067	828	1632	1562	1309	938	1547	1748	1632	1606	1373	1865	688	686	685	749	725	685	881	871	1005	515	509	605	754	743	719	872	872	869	867	1043	963	1097	1084	1188	1185	1317	1317	1316	1316	1316	1305	1298	1561	1560	1558	1558	1557	1544	1687	1910	362	360	593	587	565	532	784	777	775	770	758	959
600.0000015172254	0	0	13	0	1660	4293	4143	11275	10588	10200	13135	8810	7508	7089	7315	2446	2224	2983	3988	4050	2334	4743	4605	4509	45	5019	4648	5096	4794	5354	5103	5353	5403	5296	5111	5161	5012	4809	5874	5728	5538	5533	5471	4786	5363	5674	1085	845	1669	1590	1343	975	1595	1790	1666	1644	1417	1916	695	688	687	754	729	690	888	873	1006	517	509	608	769	755	733	874	874	873	872	1047	978	1116	1103	1209	1207	1332	1322	1317	1317	1317	1315	1316	1575	1566	1561	1561	1561	1557	1734	1953	367	361	596	593	576	535	786	786	786	784	767	969
