>time	Ribosome	coli Pol	coli Pol-P	coli Pol-2.0	coli Pol-P-2.0	gp1	gp1-3.5	gp0.3	gp0.4	gp0.5	gp0.6A	gp0.7	gp1.1	gp1.2	gp1.3	gp1.4	gp1.5	gp1.6	gp1.7	gp1.8	gp2.0	gp2.5	gp2.8	gp3.0	gp3.5	gp3.8	gp4A	gp4.2	gp4.3	gp4.5	gp4.7	gp5.0	gp5.3	gp5.5	gp5.7	gp5.9	gp6.0	gp6.3	gp6.5	gp6.7	gp7	gp7.3	gp7.7	gp8	gp9	gp10A	gp11	gp12	gp13	gp14	gp15	gp16	gp17	gp17.5	gp18	gp18.5	gp19	gp19.5
0.004682233288293086	0	0	0	0	0	0	0	0	0	0	0	0	0	0	0	0	0	0	0	0	0	0	0	0	0	0	0	0	0	0	0	0	0	0	0	0	0	0	0	0	0	0	0	0	0	0	0	0	0	0	0	0	0	0	0	0	0	0
5.008658531561305	0	0	0	0	0	0	0	0	0	0	0	0	0	0	0	0	0	0	0	0	0	0	0	0	0	0	0	0	0	0	0	0	0	0	0	0	0	0	0	0	0	0	0	0	0	0	0	0	0	0	0	0	0	0	0	0	0	0
10.000243679034075	0	0	0	0	0	0	0	0	0	0	0	0	0	0	0	0	0	0	0	0	0	0	0	0	0	0	0	0	0	0	0	0	0	0	0	0	0	0	0	0	0	0	0	0	0	0	0	0	0	0	0	0	0	0	0	0	0	0
15.01576201335215	0	0	0	0	0	0	0	0	0	0	0	0	0	0	0	0	0	0	0	0	0	0	0	0	0	0	0	0	0	0	0	0	0	0	0	0	0	0	0	0	0	0	0	0	0	0	0	0	0	0	0	0	0	0	0	0	0	0
20.00020142200853	0	0	0	0	0	0	0	0	0	0	0	0	0	0	0	0	0	0	0	0	0	0	0	0	0	0	0	0	0	0	0	0	0	0	0	0	0	0	0	0	0	0	0	0	0	0	0	0	0	0	0	0	0	0	0	0	0	0
25.000075038545052	0	0	0	0	0	0	0	0	0	0	0	0	0	0	0	0	0	0	0	0	0	0	0	0	0	0	0	0	0	0	0	0	0	0	0	0	0	0	0	0	0	0	0	0	0	0	0	0	0	0	0	0	0	0	0	0	0	0
30.000521787810655	0	0	0	0	0	0	0	234	0	0	0	0	0	0	0	0	0	0	0	0	0	0	0	0	0	0	0	0	0	0	0	0	0	0	0	0	0	0	0	0	0	0	0	0	0	0	0	0	0	0	0	0	0	0	0	0	0	0
35.00085998345606	0	0	0	0	0	0	0	1287	104	0	0	0	0	0	0	0	0	0	0	0	0	0	0	0	0	0	0	0	0	0	0	0	0	0	0	0	0	0	0	0	0	0	0	0	0	0	0	0	0	0	0	0	0	0	0	0	0	0
40.000694528929166	0	0	0	0	0	0	0	3042	572	224	106	0	0	0	0	0	0	0	0	0	0	0	0	0	0	0	0	0	0	0	0	0	0	0	0	0	0	0	0	0	0	0	0	0	0	0	0	0	0	0	0	0	0	0	0	0	0	0
45.00148550769037	0	0	0	0	0	0	0	5499	1456	728	477	0	0	0	0	0	0	0	0	0	0	0	0	0	0	0	0	0	0	0	0	0	0	0	0	0	0	0	0	0	0	0	0	0	0	0	0	0	0	0	0	0	0	0	0	0	0	0
50.00044246936513	0	0	0	0	0	0	0	7839	2756	1512	1272	0	0	0	0	0	0	0	0	0	0	0	0	0	0	0	0	0	0	0	0	0	0	0	0	0	0	0	0	0	0	0	0	0	0	0	0	0	0	0	0	0	0	0	0	0	0	0
55.000140722855264	0	0	0	0	0	0	0	12285	4368	3416	2279	0	0	0	0	0	0	0	0	0	0	0	0	0	0	0	0	0	0	0	0	0	0	0	0	0	0	0	0	0	0	0	0	0	0	0	0	0	0	0	0	0	0	0	0	0	0	0
60.00005256337584	0	0	0	0	0	0	0	19656	6344	5600	4293	0	0	0	0	0	0	0	0	0	0	0	0	0	0	0	0	0	0	0	0	0	0	0	0	0	0	0	0	0	0	0	0	0	0	0	0	0	0	0	0	0	0	0	0	0	0	0
65.00001881198679	0	0	0	0	0	0	0	27495	9152	7896	6148	0	0	0	0	0	0	0	0	0	0	0	0	0	0	0	0	0	0	0	0	0	0	0	0	0	0	0	0	0	0	0	0	0	0	0	0	0	0	0	0	0	0	0	0	0	0	0
70.00070356553249	0	0	0	0	0	0	0	36621	12844	11424	8851	359	0	0	0	0	0	0	0	0	0	0	0	0	0	0	0	0	0	0	0	0	0	0	0	0	0	0	0	0	0	0	0	0	0	0	0	0	0	0	0	0	0	0	0	0	0	0
75.00025219726467	0	0	0	0	0	0	0	46215	16016	15232	12614	2513	0	0	0	0	0	0	0	0	0	0	0	0	0	0	0	0	0	0	0	0	0	0	0	0	0	0	0	0	0	0	0	0	0	0	0	0	0	0	0	0	0	0	0	0	0	0
80.0003283696281	0	0	0	0	0	0	0	54639	21164	19712	16218	8257	0	0	0	0	0	0	0	0	0	0	0	0	0	0	0	0	0	0	0	0	0	0	0	0	0	0	0	0	0	0	0	0	0	0	0	0	0	0	0	0	0	0	0	0	0	0
85.00008139581739	0	0	0	0	0	0	0	63180	26052	24024	20193	19027	0	0	0	0	0	0	0	0	0	0	0	0	0	0	0	0	0	0	0	0	0	0	0	0	0	0	0	0	0	0	0	0	0	0	0	0	0	0	0	0	0	0	0	0	0	0
90.0002095601035	0	0	0	0	0	0	0	76284	30732	29120	25228	31951	0	0	0	0	0	0	0	0	0	0	0	0	0	0	0	0	0	0	0	0	0	0	0	0	0	0	0	0	0	0	0	0	0	0	0	0	0	0	0	0	0	0	0	0	0	0
95.00011534824583	0	0	0	0	0	0	0	88452	35932	34720	30157	47747	0	0	0	0	0	0	0	0	0	0	0	0	0	0	0	0	0	0	0	0	0	0	0	0	0	0	0	0	0	0	0	0	0	0	0	0	0	0	0	0	0	0	0	0	0	0
100.00019371009306	0	0	0	0	0	0	0	102843	40820	41496	35139	65697	0	0	0	0	0	0	0	0	0	0	0	0	0	0	0	0	0	0	0	0	0	0	0	0	0	0	0	0	0	0	0	0	0	0	0	0	0	0	0	0	0	0	0	0	0	0
105.00015562412428	0	0	0	0	0	0	0	117000	45864	47320	41658	88314	0	0	0	0	0	0	0	0	0	0	0	0	0	0	0	0	0	0	0	0	0	0	0	0	0	0	0	0	0	0	0	0	0	0	0	0	0	0	0	0	0	0	0	0	0	0
110.00010637024978	0	0	0	0	0	0	0	130572	51948	53704	47700	113085	0	0	0	0	0	0	0	0	0	0	0	0	0	0	0	0	0	0	0	0	0	0	0	0	0	0	0	0	0	0	0	0	0	0	0	0	0	0	0	0	0	0	0	0	0	0
115.00012665565788	0	0	0	0	0	0	0	147303	59176	60144	54643	140728	0	0	0	0	0	0	0	0	0	0	0	0	0	0	0	0	0	0	0	0	0	0	0	0	0	0	0	0	0	0	0	0	0	0	0	0	0	0	0	0	0	0	0	0	0	0
120.00001120866925	0	0	0	0	0	0	0	163449	66820	67256	62540	175910	0	0	0	0	0	0	0	0	0	0	0	0	0	0	0	0	0	0	0	0	0	0	0	0	0	0	0	0	0	0	0	0	0	0	0	0	0	0	0	0	0	0	0	0	0	0
125.00030454961241	0	0	0	0	0	0	0	181584	74204	75376	69907	215041	0	0	0	0	0	0	0	0	0	0	0	0	0	0	0	0	0	0	0	0	0	0	0	0	0	0	0	0	0	0	0	0	0	0	0	0	0	0	0	0	0	0	0	0	0	0
130.00001900212126	0	0	0	0	0	883	0	200304	81328	83888	78069	254172	0	0	0	0	0	0	0	0	0	0	0	0	0	0	0	0	0	0	0	0	0	0	0	0	0	0	0	0	0	0	0	0	0	0	0	0	0	0	0	0	0	0	0	0	0	0
135.0000406948327	0	0	0	0	0	4415	0	218907	89752	92456	86708	292585	0	0	0	0	0	0	0	0	0	0	0	0	0	0	0	0	0	0	0	0	0	0	0	0	0	0	0	0	0	0	0	0	0	0	0	0	0	0	0	0	0	0	0	0	0	0
140.00017044963144	0	0	0	0	0	15894	0	239733	99320	101472	96619	330639	252	86	0	0	0	0	0	0	0	0	0	0	0	0	0	0	0	0	0	0	0	0	0	0	0	0	0	0	0	0	0	0	0	0	0	0	0	0	0	0	0	0	0	0	0	0
145.00000056941323	0	0	0	0	0	37969	0	261261	109356	111608	106742	372283	630	516	0	0	0	0	0	0	0	0	0	0	0	0	0	0	0	0	0	0	0	0	0	0	0	0	0	0	0	0	0	0	0	0	0	0	0	0	0	0	0	0	0	0	0	0
150.00002220075936	0	0	0	0	0	75055	0	281970	118872	121464	115964	421825	1386	1290	0	0	0	0	0	0	0	0	0	0	0	0	0	0	0	0	0	0	0	0	0	0	0	0	0	0	0	0	0	0	0	0	0	0	0	0	0	0	0	0	0	0	0	0
155.00014959588609	0	0	0	0	0	113907	0	303849	128856	131712	126988	472803	2814	2752	0	0	0	0	0	0	0	0	0	0	0	0	0	0	0	0	0	0	0	0	0	0	0	0	0	0	0	0	0	0	0	0	0	0	0	0	0	0	0	0	0	0	0	0
160.00006439875497	0	0	0	0	0	162472	0	328419	139464	141400	138118	530602	4872	4472	0	0	0	0	0	0	0	0	0	0	0	0	0	0	0	0	0	0	0	0	0	0	0	0	0	0	0	0	0	0	0	0	0	0	0	0	0	0	0	0	0	0	0	0
165.00000949565728	0	0	0	0	0	234878	0	353223	149864	152208	149142	594145	6384	8170	0	0	0	0	0	0	0	0	0	0	0	0	0	0	0	0	0	0	0	0	0	0	0	0	0	0	0	0	0	0	0	0	0	0	0	0	0	0	0	0	0	0	0	0
170.00008464562953	0	0	0	0	0	303752	0	379197	159484	163744	160590	656970	9282	12212	1077	0	0	0	0	0	0	0	0	0	0	0	0	0	0	0	0	0	0	0	0	0	0	0	0	0	0	0	0	0	0	0	0	0	0	0	0	0	0	0	0	0	0	0
175.00001832376367	0	0	0	0	0	385871	0	406224	171860	175168	173787	719795	13188	17544	4667	0	29	0	0	0	0	0	0	0	0	0	0	0	0	0	0	0	0	0	0	0	0	0	0	0	0	0	0	0	0	0	0	0	0	0	0	0	0	0	0	0	0	0
180.00002263918603	0	0	0	0	0	483001	0	435123	183352	187544	186931	793031	17136	24510	11488	306	145	86	0	96	66	0	0	0	0	0	0	0	0	0	0	0	0	0	0	0	0	0	0	0	0	0	0	0	0	0	0	0	0	0	0	0	0	0	0	0	0	0
185.00003372222508	0	0	0	0	0	593376	0	463203	195260	201768	200128	868421	22260	32680	21181	969	406	430	0	528	462	0	0	0	0	0	0	0	0	0	0	0	0	0	0	0	0	0	0	0	0	0	0	0	0	0	0	0	0	0	0	0	0	0	0	0	0	0
190.00000607294692	0	0	0	0	0	685208	0	495612	209456	215824	213643	943093	27426	43000	34464	1530	754	1720	788	1200	1518	0	0	149	0	0	0	0	0	0	0	0	0	0	0	0	0	0	0	0	0	0	0	0	0	0	0	0	0	0	0	0	0	0	0	0	0	0
195.00003586898578	0	0	0	0	0	790285	0	522990	222300	230272	228854	1023150	33222	54868	53491	2652	1247	3354	4531	2832	3300	464	1260	447	152	242	0	0	0	0	0	0	0	0	0	0	0	0	0	0	0	0	0	0	0	0	0	0	0	0	0	0	0	0	0	0	0	0
200.00000669730636	0	0	0	0	0	915671	0	556101	236028	245840	244277	1104643	40068	68284	82929	4080	1653	5074	11032	4848	5610	3712	4200	1937	1064	1210	0	224	210	0	0	0	0	0	0	0	0	0	0	0	0	0	0	0	0	0	0	0	0	0	0	0	0	0	0	0	0	0
205.00000382518485	0	0	0	0	0	1036642	0	586755	251576	261240	260283	1182905	47586	81270	113444	5916	2494	7052	18124	6768	8448	7656	9240	6705	4408	3630	0	560	420	623	0	0	0	0	0	0	0	0	0	0	0	0	0	0	0	0	0	0	0	0	0	0	0	0	0	0	0	0
210.00000306171762	0	0	0	0	0	1163794	0	622206	266500	276976	276342	1265834	55440	96062	150062	7344	3480	12298	25807	9840	12276	16472	16660	14453	11400	9438	0	2688	1260	1780	945	0	0	0	0	0	0	0	0	0	0	0	0	0	0	0	0	0	0	0	0	0	0	0	0	0	0	0
215.00001109876854	0	0	0	0	0	1313021	0	656955	281164	292488	293938	1353430	63462	111800	199963	9333	4553	17716	34081	13728	17820	27608	24220	22499	18544	16940	0	5488	3080	4183	2565	0	118	0	0	53	0	0	0	0	0	0	0	0	0	0	0	0	0	0	0	0	0	0	0	0	0	0
220.0000028862529	0	0	0	0	0	1460482	0	693927	295256	307160	308354	1450719	70770	129086	252018	11832	5539	23220	49841	17808	22704	39672	31780	31141	27816	25047	0	10192	4970	8366	5535	0	944	306	560	371	0	37	0	0	0	0	0	0	0	0	0	0	0	0	0	0	0	0	0	0	0	0
225.00001454119817	0	0	0	0	0	1631784	0	724932	307216	319760	321339	1554470	77322	143448	305509	13974	6583	28810	67374	21120	28248	53128	40740	39485	36024	34364	1132	16464	7770	11926	10395	0	2124	1326	1400	848	0	296	336	0	0	0	0	0	0	0	0	0	0	0	0	0	0	0	0	0	0	0
230.00001540014017	0	0	0	0	0	1798671	0	753129	316108	330176	332787	1654990	83958	155832	371206	16116	7163	33282	86089	24240	32274	68208	51100	47829	43624	43439	5094	22624	11410	16732	15120	0	4838	2652	2450	2067	0	666	1344	445	266	101	0	0	0	0	0	0	0	0	0	0	0	0	0	0	0	0
235.00001354212176	0	0	0	0	0	1995580	0	778986	325208	339808	343334	1757305	89376	167528	439416	17493	8033	37754	102440	27456	36498	88624	60900	61090	52136	51183	16414	29792	15050	22072	20925	0	9440	4998	4550	3551	1200	1332	3276	2225	1463	808	650	0	0	0	0	0	0	0	0	0	0	0	0	0	0	0
240.00000671278653	0	0	0	0	0	2188957	0	800046	334308	348432	352927	1855671	95340	179482	508344	19227	8990	41882	116033	29808	39798	109736	72800	72563	63840	59774	35092	36288	18480	28480	27675	0	12626	8160	6790	5459	3900	2368	5796	5073	3458	2323	2340	0	0	0	0	0	0	0	0	0	0	0	0	0	0	0
245.00000725154152	0	0	0	0	0	2359376	0	821340	342056	356272	362096	1936446	100632	189888	575477	20910	9889	45666	129626	32640	43626	126208	82600	82695	75088	69817	73580	43904	22120	35066	36045	1408	17464	13056	10080	7473	7500	3515	9828	9078	6916	4646	5070	0	0	0	0	0	0	0	0	0	0	0	0	0	0	0
250.00000146344786	0	0	0	0	0	2565998	0	840762	349440	364392	370046	2013272	105126	199692	632917	22797	10788	49880	141052	35376	46926	148016	91280	93870	86032	79497	110936	52640	26530	41118	45630	5632	23128	17442	12600	9964	14700	4921	15204	13350	12901	8686	8710	0	0	0	0	0	0	0	0	0	0	0	0	0	0	0
255.00000495654507	0	0	0	0	0	2765556	0	857844	355940	371784	377042	2081123	109704	209582	684254	24225	11803	54782	153857	37488	51216	165648	98560	102959	95760	88693	148292	60928	31500	47437	53595	17600	29382	23256	16450	12614	24900	6623	20664	18156	20482	13332	14430	0	614	0	0	0	0	0	0	0	0	0	0	0	0	0
260.0000093298759	0	0	0	0	0	2996019	0	872001	362076	378224	384303	2141076	113316	219128	730206	26571	12673	58222	164298	40176	55374	184440	108360	112644	105336	97889	190176	67872	35980	53756	62235	38016	37760	28764	20790	16006	33900	7992	26292	23674	27797	19594	20020	0	2456	345	0	0	0	0	0	0	0	0	0	0	0	0
265.00001278808764	0	0	0	0	0	3232663	0	888264	368212	384720	391352	2195644	117348	227900	774363	28203	13572	61146	175133	42720	59928	203000	118860	121435	113088	106117	229796	75936	41230	60253	72900	78144	44840	36516	24080	19292	48900	9583	31332	28925	35378	24846	27950	3222	7368	1725	392	0	0	0	0	0	0	0	0	0	0	0
270.0000089365044	0	0	0	0	0	3463126	0	900666	373152	391832	397924	2245904	121422	236758	821751	29682	14210	64156	185574	44928	63888	217848	126700	131716	125096	114829	267152	85232	44940	68263	82215	116160	52746	44064	28560	22896	63300	11618	37800	34799	43225	30199	37050	8592	15350	5175	1372	0	0	0	0	0	0	0	0	0	0	0
275.00000105727514	0	0	0	0	0	3695355	0	913653	378196	397152	404708	2291856	125286	245100	869498	31416	15225	67510	194439	47280	67782	234320	136500	141550	135736	123299	308470	93184	49070	74493	92880	161216	60888	50898	33040	26871	77400	13431	42672	39249	49742	37168	44720	21480	25174	13800	1960	0	552	196	0	0	0	0	0	0	0	0
280.00001815019436	0	0	0	0	0	3894913	0	925353	382460	402752	410909	2337808	129486	253098	904680	33048	16211	71896	205077	49824	70950	249632	145740	151235	145920	133221	352052	100464	54670	80990	102600	197120	70800	59160	39270	31005	95700	15429	48216	45746	56658	43127	51870	35442	34998	27945	3920	0	966	392	0	0	0	0	0	0	0	0
285.00000624158884	0	0	0	0	0	4056502	0	936117	387348	407960	416421	2378734	133392	260150	942375	34884	17197	74734	217685	52416	74448	264944	156240	160473	154128	144111	396200	108304	58800	86953	111375	248512	80358	66300	44730	34927	108300	17094	54432	52243	65968	49894	59280	58533	47892	41055	4312	0	1380	1372	0	0	0	0	0	0	0	0
290.0000001622982	0	0	0	0	0	4222506	0	949455	392184	412888	421138	2419301	136626	268320	982583	36465	18067	78260	229505	55200	77946	280024	164360	168817	163856	154275	442612	116368	63560	93806	122175	293568	88264	75888	49350	37630	131400	19055	59892	60164	75544	56156	69940	87531	63549	56235	4900	0	1794	1960	0	0	0	0	0	0	0	0
295.0000032952523	0	0	0	0	0	4367318	0	960453	396812	418656	426862	2462381	139734	274684	1024227	38097	18966	82302	241128	58080	82302	292320	174580	177906	173432	161898	476572	127904	68390	101727	131355	354112	97350	83844	54740	41658	146400	21016	66108	65148	84854	62721	78650	118140	81048	67275	6860	0	3864	2940	0	0	0	0	0	0	0	0
300.0000097126695	0	0	0	0	0	4510364	0	971334	401388	423584	431950	2499358	143682	282510	1064435	39780	19778	86086	253342	61200	85800	307864	182700	187889	183920	172667	515626	135744	73010	107334	139995	413248	105138	92310	60690	45421	176700	23569	71568	71111	93765	68579	87620	156267	99775	84180	8232	0	6210	5880	0	0	0	0	0	0	0	0
305.00000087728796	0	0	0	0	0	4620739	0	981396	405808	428344	436667	2540643	147084	288788	1102848	41208	20735	90042	264571	63360	89166	322480	192640	197276	193040	182468	563736	144928	77700	115166	150795	482240	114106	101184	66500	49184	200700	25863	76860	77697	102277	74841	95290	182580	116046	106260	9408	0	8280	8428	0	0	0	0	0	0	0	0
310.0000001335341	0	0	0	0	0	4736412	0	991692	409656	433216	442126	2576184	150360	296356	1131927	43299	21721	92880	275997	66240	92136	335008	200060	209047	203224	192511	612978	153888	82670	122553	160785	536448	124018	109752	71890	53583	225000	28416	84252	84194	109991	83123	103090	218022	133852	132135	12152	1588	10488	12152	0	0	0	268	89	143	0	0
315.00000548826733	0	0	0	0	0	4856500	0	1000818	414440	437472	446419	2613161	154056	302978	1169263	44778	22504	96234	286635	68784	94908	351944	208600	219328	212648	201223	649768	163408	88130	129050	169830	600512	132278	118218	77630	57452	246900	31265	91056	91670	121296	90193	111020	252927	155956	155940	14112	3176	12834	15876	0	0	0	469	267	143	0	0
320.0000097286976	0	0	0	0	0	4962460	0	1010529	419172	441728	451825	2646548	157668	312180	1203727	46563	23142	99072	298061	70560	98406	367720	216720	229311	220248	207878	695614	171472	92680	136081	181170	669504	139948	124440	83510	62063	273900	33744	98784	98523	132335	97364	121290	286221	178367	185265	15876	5558	15732	19992	2241	0	0	804	356	1001	0	49
325.00000006288394	0	0	0	0	0	5055175	0	1021293	422344	445032	456012	2682807	161322	318114	1230652	48093	24041	102426	309290	73104	101508	384656	222880	237506	229216	216469	731272	178304	97860	142667	190080	727232	148798	133722	90230	66462	300000	36297	106680	106800	142044	105141	132470	319515	199857	208035	18032	7146	18630	22148	5976	0	0	1273	712	1573	0	98
330.0000110609187	0	0	0	0	0	5151422	0	1030068	426244	449232	460199	2716553	164850	324994	1262962	49827	24389	105350	317170	75360	104346	399504	232680	247936	237576	225665	770892	186144	103250	149520	202770	793408	160362	140454	95270	69907	319500	39146	113820	113653	151753	113625	142610	353346	223803	231150	19796	11116	21666	26264	8964	0	1106	2010	1246	2145	0	196
335.0000006639675	0	0	0	0	0	5251201	0	1038024	430040	453152	464227	2747427	168210	331358	1291682	51153	25056	109392	328202	77808	107316	412496	240240	258515	247760	234135	821266	194208	107170	155750	211815	860288	170156	148920	100730	74094	344400	42032	120456	121485	163856	121907	152230	391473	247442	261165	22148	15086	24564	30380	14940	0	1106	2211	1602	2717	0	490
340.0000033797508	0	0	0	0	0	5335086	0	1047033	434044	457352	467619	2774711	171276	337378	1321479	52275	25781	111886	338052	79920	110616	426648	248780	265816	256880	243815	858622	202496	112140	163226	221805	918720	180422	156672	106750	78917	367800	44400	126168	129317	174230	128876	163540	430137	271081	286005	23912	20644	27600	34496	21663	0	2765	2814	2581	3575	0	931
345.00000117115076	0	0	0	0	0	5419854	0	1055925	437840	461664	471117	2800200	174552	343570	1350917	53397	26564	114208	345341	81456	112794	438944	258020	273564	265848	251317	898242	212240	116270	171058	232605	975744	188446	165138	112840	82839	387600	46916	131712	136526	185003	137461	172770	474171	298711	307050	27244	25408	31188	37828	32121	0	5530	3484	3560	4433	586	1078
350.0000022245879	0	0	0	0	0	5503739	0	1063764	441220	466144	475145	2827484	177534	349160	1378201	54672	27202	117132	351251	82752	114840	452168	264320	281759	273904	260755	934466	219968	120960	177822	242865	1035584	200364	173706	117880	86920	411000	49321	138516	143379	195909	145844	182260	511761	325420	337755	30380	33348	35052	41748	42579	0	9401	4355	5073	6149	2930	1519
355.00000510054514	0	0	0	0	0	5594688	0	1071252	444548	468888	478855	2857640	180516	355352	1408357	56304	27869	119540	360313	84768	117216	464232	273000	290252	282720	269830	978614	228144	125510	183340	250425	1105280	209686	182784	123480	91001	435300	52133	146412	151300	206283	153419	191490	557406	350901	372600	32340	44464	37536	46452	49302	0	13272	5695	6319	8437	3516	2156
360.00000141529193	0	0	0	0	0	5670626	0	1077570	448188	472528	482300	2880257	183624	360942	1435641	57120	28565	121690	369769	86640	119064	477224	279300	297404	290320	278300	1012574	234976	129640	189748	258120	1167936	217946	189924	128590	94234	456600	54871	153384	160645	219051	161499	200460	598755	377610	398475	36064	53992	41262	50372	59013	0	19908	6968	7832	11583	6446	2793
365.00000116818967	0	0	0	0	0	5758926	0	1085175	450216	475328	485321	2904669	186102	368080	1464002	58038	29319	124700	378831	88176	121506	487200	286860	305301	299896	284592	1051062	243824	134540	196334	268785	1233408	228212	197166	133840	97838	478200	57572	160692	169723	228893	169781	210730	644400	405854	432975	38024	64314	44712	56056	70218	1318	23779	7906	9523	14014	10548	3381
370.0000004596426	0	0	0	0	0	5833098	0	1092897	454012	479136	489190	2931235	189336	374358	1494517	59415	29957	126764	386711	90144	123816	499032	294420	314539	306888	291126	1080494	252784	139440	203543	278235	1290432	236354	204408	139020	101442	499500	60199	167496	177021	240065	177760	222820	685212	430414	464715	41552	73842	47472	60564	83664	3954	33180	9648	11659	17303	14650	3920
375.0000039040232	0	0	0	0	0	5914334	0	1099800	457080	482664	491893	2956365	192192	380378	1518211	61200	30624	128828	393015	91584	126984	508080	302120	321542	313272	298023	1124076	260176	143010	209862	289575	1360128	245086	211854	144830	105152	524700	62826	174132	184141	252035	186749	232700	728709	454667	496110	44884	82576	52026	64484	101592	10544	48664	11323	12905	21021	20510	4557
380.00000011967154	0	0	0	0	0	5992038	0	1108107	460616	486248	494861	2985085	194586	385796	1549803	62118	31233	130806	398531	93600	129558	520144	306880	328396	319048	305767	1164828	266896	147070	216893	298485	1429824	253936	220116	150360	109922	548700	65379	180516	193130	262143	193617	245180	775428	481990	526470	48608	92104	56166	70952	114291	17134	56959	12596	14952	23309	26956	5880
385.00000205256896	0	0	0	0	0	6053848	0	1113723	463476	489608	497935	3001958	197232	392074	1576369	63087	32045	133214	406214	95568	131934	531048	312480	334058	325280	312543	1189732	274400	151970	222945	308475	1484032	262550	227970	156590	113844	571800	68339	188748	201852	274645	202909	255190	808722	509927	560970	51744	99250	60306	76048	132219	26360	64148	15075	17533	26598	33402	7595
390.0000071496968	0	0	0	0	0	6117424	0	1120275	465972	492408	501115	3024216	199500	398438	1609397	64209	32567	135020	415867	97632	134508	541256	318920	339869	332272	319198	1227654	281568	156240	228730	318060	1540352	270338	235008	162680	117607	591600	71151	196980	209328	285285	211898	267540	850608	530803	589260	53508	108778	63480	82712	148653	34268	77973	16884	19135	30602	43364	9065
395.0000012661581	0	0	0	0	0	6190713	0	1126125	468676	495600	504242	3046474	202272	404458	1633809	64974	33118	137170	423156	99552	136884	552856	324520	346425	338200	327305	1257086	288736	160860	234960	326970	1600192	280722	243780	167930	121211	609900	74037	204204	217872	298186	222099	280670	896790	555056	614100	56840	123070	67206	87024	167328	47448	90692	18492	21360	34606	56256	10094
400.0000001246241	0	0	0	0	0	6261353	0	1131507	471640	498400	507793	3069091	205086	409532	1664683	66504	33814	139492	429854	101472	139656	563760	331240	352534	345496	333355	1288782	296128	164920	240745	336150	1659328	290044	250818	173530	124974	631200	76442	210756	226505	308693	231593	291330	956397	580230	646875	58604	138156	71346	93296	188244	60628	100646	20234	23674	38467	67976	11613
405.00000041695523	0	0	0	0	0	6321397	0	1137474	474500	500920	510496	3091708	207396	415036	1689095	67473	34394	141728	436749	103248	142230	573272	336840	359537	353096	341946	1320478	302624	169680	247865	344115	1706496	299720	260916	177870	129055	656400	79365	217812	234604	319200	239370	303940	1004190	606632	677925	61740	151654	75210	96432	208413	80398	116130	21976	25988	41613	81454	13181
410.00000041873955	0	0	0	0	0	6388505	0	1142622	476528	503608	513040	3117556	209412	422260	1719969	68442	35148	144652	444235	105312	145464	584408	343560	367434	359784	348722	1346514	309232	174790	254451	353160	1767744	308216	269586	182070	133295	677100	82214	225204	241546	330239	248460	316160	1054131	637025	710355	64092	162770	78936	101920	232317	98850	131614	23450	28035	45188	94932	14553
415.0000024001489	0	0	0	0	0	6448549	0	1147419	478920	506240	515584	3133711	212226	427248	1743663	69564	35612	147232	451327	107280	148368	593456	349860	374735	366168	354409	1377644	317520	179270	261482	363960	1832512	317538	277440	187320	137217	694800	84656	233772	249734	344071	257348	324350	1104072	666190	746235	69580	173092	81558	106624	247257	118620	144886	24857	30527	48906	110754	16023
420.0000007673221	0	0	0	0	0	6502412	0	1153620	481104	508592	518552	3148789	213780	431978	1764485	70533	36192	149640	460192	109056	150414	603664	356020	380248	371640	363484	1408208	324128	183820	268869	375570	1898688	326978	285906	192150	140768	715800	86284	242004	258278	360297	264721	334620	1151865	693206	779010	73892	186590	85560	111916	275643	151570	162582	26465	33731	52910	126576	17640
425.0000028694381	0	0	0	0	0	6562456	0	1160172	484068	511560	521785	3172483	216300	436622	1783512	72165	36830	152134	466496	111072	152196	616192	362740	387996	378024	369413	1435942	330288	189420	274387	385560	1946560	337480	294882	198240	144902	740700	88911	248808	266199	371602	272902	345930	1196973	720529	809370	77028	202470	88596	117012	286848	175294	175301	28542	36045	57343	139468	19502
430.000011988897	0	0	0	0	0	6613670	0	1166373	486512	514080	524700	3194382	219366	442212	1808283	73338	37642	155316	473785	113040	154308	625008	370020	393956	384256	376431	1465374	337568	193690	279371	394740	2004288	345032	303450	203560	148347	764100	90983	254856	274298	385168	282093	357500	1236711	748773	843180	78988	215174	91632	120540	299547	199018	190785	30686	39338	61347	152360	21021
435.0000029013909	0	0	0	0	0	6664001	0	1172340	488488	516656	527085	3210896	221844	447286	1836644	74409	38338	157982	483438	114720	156750	635680	375340	401108	391248	382360	1499334	344624	197470	286135	404190	2063424	355534	309978	209020	152216	784800	93647	261996	280261	396473	289466	366730	1292559	783157	880440	82908	227084	95772	125636	312993	224060	209034	33031	42008	65780	167596	22932
440.00000184930093	0	0	0	0	0	6711683	0	1177605	491192	519904	529523	3231718	224238	451500	1861774	75633	39324	160992	491121	116832	159456	648904	381220	407515	397176	387926	1531596	350896	201670	291030	414180	2119040	364384	318036	214340	155820	804600	96274	268380	286313	406448	297849	378820	1334445	813243	915285	85652	239788	99222	131712	327933	259646	229495	35108	44856	71214	191622	24696
445.00000034762587	0	0	0	0	0	6775259	0	1182870	493168	521640	532173	3255771	226674	457176	1885468	77163	40194	163400	500380	118512	162360	661896	386820	414071	403712	396759	1554802	356608	205730	298239	422010	2170432	374060	325584	220010	159318	826500	98901	275268	293789	417620	306535	389480	1382238	841180	958065	90552	251698	103500	138180	350343	283370	247744	36850	47882	75647	204514	26803
450.0000229735761	0	0	0	0	0	6827356	0	1187901	495716	524048	534823	3278747	228690	462938	1907367	78744	41122	166582	508654	120240	165264	675584	393400	420627	409488	404261	1583668	364448	210000	304469	430785	2217600	383972	333132	224140	163134	849900	101713	284424	302867	428925	314615	401570	1431642	872494	992910	93492	265196	105846	142688	369018	308412	269864	38659	50552	80652	222680	28763
455.0000024686556	0	0	0	0	0	6875038	0	1192347	497952	526176	537791	3297415	231336	467410	1933215	80019	41963	169420	516928	121824	167508	689040	399700	428971	416024	410674	1614232	370384	214410	310966	440235	2265472	393412	340578	229180	167321	871200	104784	292404	310877	439432	323200	413660	1478361	900124	1027755	97020	273930	110676	148764	383958	333454	290878	41205	52599	85371	239088	31115
460.0000016872165	0	0	0	0	0	6925369	0	1198665	499928	528584	540282	3313929	233856	472742	1958345	81804	42717	171484	525990	124032	170082	698784	404320	435229	423016	417934	1646494	376992	217700	316395	449145	2321088	403796	347820	235550	171137	893700	107818	299460	317908	453663	332896	425100	1526154	930517	1058805	102900	288222	113988	155036	405621	369040	303597	43014	55536	88517	250222	33369
465.0000070335633	0	0	0	0	0	6987179	0	1203579	502060	531832	542614	3329366	236712	476956	1985270	82875	43326	173634	533082	126192	172392	707600	410480	442381	430768	425315	1678756	383824	222740	321379	457785	2375296	411820	354960	241010	175165	917400	110556	306180	324583	463372	342794	437970	1570725	955998	1092960	105840	302514	117438	160720	419814	396718	327929	45627	59808	93665	259598	35378
470.0000014758194	0	0	0	0	0	7041925	0	1209429	504348	534072	544787	3346957	239400	481256	2011836	84048	44109	175956	539189	128208	175824	720824	415940	448639	438976	433180	1704792	392112	227080	327164	467505	2424576	421142	362916	245840	179458	942900	113257	311976	332593	474544	352490	446940	1609389	987619	1121595	109368	314424	121302	166012	438489	437576	346731	47369	62656	97097	271318	36848
475.0000008965705	0	0	0	0	0	7086958	0	1215162	506324	535976	547437	3367779	241836	486502	2037684	85221	44805	178708	546281	129792	178134	730800	422100	454152	446424	439714	1740450	398720	231910	333661	477495	2483712	429992	370158	251860	182638	964500	115847	319284	340247	487312	360671	459420	1651275	1013714	1154025	112112	331892	123510	170324	455670	470526	363321	48910	65059	101101	293000	38857
480.0000001159913	0	0	0	0	0	7124927	0	1221246	508612	538608	549663	3387883	243978	492006	2062096	86751	45472	181116	555146	131712	180972	742632	427980	461006	451744	448910	1771014	406112	236110	339535	486270	2539328	438252	376380	257670	186613	989700	118511	325332	348168	497287	369458	469430	1684032	1045028	1192320	116032	343008	128340	176204	478827	502158	387653	50987	67551	104962	306478	41013
485.0000065567543	0	0	0	0	0	7180556	0	1226277	510848	541128	551836	3407628	246330	497166	2086149	88281	46110	183352	562041	133248	183480	753768	435120	468307	459040	455565	1804408	413616	240030	347011	497070	2605504	447102	383622	263900	190906	1011000	121508	332892	355288	509523	378043	481260	1731288	1074193	1226130	118776	360476	132066	181496	501237	517974	407008	53064	69865	109824	330504	42630
490.0000005520995	0	0	0	0	0	7228238	0	1230606	512824	544488	554115	3424501	248682	502670	2109484	89403	46806	186104	569527	135072	186054	763744	440580	474118	466184	460768	1833274	419552	244230	355199	507195	2660416	455244	391782	269220	194404	1032600	123469	340284	362764	522025	386729	492830	1779618	1101516	1255110	121520	373180	134274	186004	520659	546970	421386	55141	73603	114686	348670	44933
495.0000154428481	0	0	0	0	0	7279452	0	1235754	515164	547176	556500	3444964	250950	506884	2129229	90780	47763	188942	576028	137232	188760	773720	449400	481270	472568	468391	1857046	425824	247800	361696	516915	2723072	463858	399738	275590	198644	1053900	125578	346332	368905	532798	395819	505050	1837614	1128839	1284090	123676	384296	137586	192080	534852	575966	442953	57218	76718	119834	367422	47040
500.0000038194457	0	0	0	0	0	7321836	0	1241253	517556	549584	558514	3460760	253302	511528	2149333	92565	48546	191694	581741	138960	191466	782072	457380	488124	479560	473715	1885346	431648	252210	366947	525960	2782208	473416	406572	281750	202354	1074000	128427	353808	376114	544901	404707	514930	1883259	1160460	1319280	127792	398588	141864	197960	563238	603644	462861	58692	78943	124839	381486	49294
505.0000050272102	0	0	0	0	0	7365986	0	1245816	519584	551768	560634	3476556	255654	515656	2172668	94146	49242	193672	590212	141264	194238	791584	462980	494382	486856	481580	1921004	437808	255710	373800	534330	2837824	482738	414018	287350	206011	1095600	130610	361200	384480	555541	413595	526890	1931052	1193002	1351710	131908	414468	146418	202468	585648	628686	482216	61171	81168	128557	399652	51058
510.0000000316466	0	0	0	0	0	7403955	0	1250028	521404	553728	562807	3493070	257502	520214	2201747	95421	49880	196080	599865	143568	196812	802720	469140	500789	493240	488598	1949304	444304	260400	380920	542430	2902592	492886	422280	292600	209668	1120800	133237	370188	393736	566447	422483	539370	1984215	1222474	1386555	137004	431142	149454	210308	608805	660318	502124	64320	84461	133562	421334	52920
515.0000074439503	0	0	0	0	0	7459584	0	1253889	523432	555968	565033	3505994	260484	523998	2223287	96645	50518	198316	609124	145632	200046	811072	475020	509133	499472	494406	1982698	451360	264390	385993	551745	2948352	502326	428298	297920	214173	1143600	135975	378336	399877	577752	431674	552500	2037915	1252867	1421745	140140	447816	153042	215600	626733	695904	524797	66799	86686	137852	439500	55027
520.0000068053633	0	0	0	0	0	7498436	0	1259271	526240	558040	567153	3522149	262710	529330	2247340	98022	51388	202014	618580	147600	202422	824296	482720	518073	506464	500819	2010998	458304	269220	392668	559440	3009600	511648	437784	303940	217936	1167600	138602	385560	406552	587195	440966	564330	2088930	1282339	1453485	142492	462108	157734	220304	645408	726218	541387	69546	90246	140998	458838	56693
525.000003392788	0	0	0	0	0	7548767	0	1263600	528268	559888	569114	3534355	264600	533630	2272111	99144	52374	205454	627642	149424	205524	833576	489300	525225	511480	507353	2059108	465808	273560	399254	568485	3065920	518964	443904	309610	221487	1188000	141081	392700	413494	602490	447935	574990	2138334	1309969	1485225	147000	476400	161322	225008	664083	743352	564613	72159	93539	147290	475246	58212
530.0000097576951	0	0	0	0	0	7597332	0	1267227	530036	562296	571340	3549433	266658	538446	2292574	100776	53389	208378	633946	151104	208098	846336	497420	531483	518472	514250	2094200	471520	279090	405840	577530	3115904	528050	451860	314720	225886	1210500	143634	400848	421237	614992	458136	585780	2179146	1337599	1518345	149548	486722	164772	232260	687987	768394	580650	74303	96209	151723	490482	60515
535.0000014493845	0	0	0	0	0	7631769	0	1271907	531648	564368	573566	3565588	268548	542832	2310883	102306	54056	210356	640644	152928	210408	859328	503860	539231	525464	520179	2127028	477344	283920	412693	585765	3173632	536074	459816	319830	229861	1239000	146594	407232	430226	625366	468034	597350	2226939	1367685	1552500	152488	497838	168360	237944	705915	802662	593369	76849	98256	157014	503960	62720
540.0000026065252	0	0	0	0	0	7675919	0	1276002	533832	566720	576004	3579948	271026	546874	2334218	104091	54926	214226	648524	155040	213312	870000	510860	546234	534128	526713	2160988	483840	288260	419101	596430	3229248	544806	468588	324870	233200	1262400	149332	413784	439304	638001	475407	608920	2269899	1398999	1587690	155624	506572	173190	244216	726831	836930	609406	78993	101193	161876	526814	65611
545.0000113541829	0	0	0	0	0	7709473	0	1280799	535912	568792	578442	3597539	273420	551690	2353963	105621	55999	217236	654828	156864	216282	884848	518700	553237	541120	532521	2194948	490336	292320	426310	603720	3286272	554718	476544	330050	237016	1284000	152403	421512	447403	650237	485608	619710	2316618	1433997	1620120	159544	521658	177468	249508	752976	867244	635397	81338	104931	167024	543808	68012
550.0000106334593	0	0	0	0	0	7746559	0	1285479	537940	571200	580138	3611899	275394	555990	2379452	107100	56608	219730	664284	158928	219186	895056	525140	560091	548416	539660	2227776	497056	296450	433163	613575	3341184	564158	484092	335230	241256	1305300	155141	429240	454345	660345	493486	632060	2365485	1455180	1650135	162092	535156	181884	255976	770904	893604	653646	83616	108135	171028	566662	70119
555.0000030000231	0	0	0	0	0	7791592	0	1290627	540020	573048	582099	3626259	277536	560548	2402787	108630	57478	222826	672558	161088	222420	906192	533260	567541	554496	546920	2258906	505904	301420	438770	624510	3401024	574896	492354	340620	245390	1327200	157657	437724	461465	674310	501061	642330	2406834	1482503	1683600	166012	553418	185472	262052	791073	945006	673554	86363	111339	177892	585414	72520
560.0000041670451	0	0	0	0	0	7829561	0	1295775	541580	574840	584537	3642055	279132	565192	2423609	109803	58232	226180	680635	163008	225588	919648	540540	576779	561640	553212	2283244	512736	305830	444911	632880	3452416	583746	500004	345240	249630	1350300	160432	443856	470276	684817	510555	653120	2455164	1513203	1714995	169344	573268	189474	268324	809748	983228	695674	88775	114899	182039	606510	73941
565.0000004733193	0	0	0	0	0	7867530	0	1301274	543868	577304	586445	3660005	280770	570438	2444790	111384	58986	229104	687333	164496	228096	929624	547400	583037	571520	560351	2318336	520240	310030	452654	642600	3508736	590354	506022	349930	254241	1375500	162985	451668	478286	696654	519241	664430	2498124	1541140	1740525	173460	586766	193614	273420	831411	1016178	715029	91187	117302	187330	623504	76195
570.0000031068314	0	0	0	0	0	7912563	0	1305603	545792	579040	588936	3671493	282870	573964	2466330	112251	59711	230910	696001	166368	231000	938672	554120	590338	578208	568821	2355692	527408	314020	458795	652185	3568576	600620	513162	354830	258269	1402200	165575	459480	486474	706230	527321	675090	2542695	1569998	1773645	178360	605822	197202	280476	850086	1053082	736596	93197	122464	192049	634052	78204
575.0000029153601	0	0	0	0	0	7951415	0	1310049	548184	581280	591109	3684776	284508	578436	2487870	113577	60233	233576	703684	168192	233244	952360	560980	598533	585808	575960	2386822	533568	318220	463779	660960	3621376	610650	521424	359310	262085	1427700	168313	468048	493416	716471	536007	685360	2593173	1602847	1805730	181888	626466	201618	287532	868761	1082078	764246	95542	126113	197769	659836	80703
580.0000004671041	0	0	0	0	0	7986735	0	1314027	550420	583352	593070	3701290	287196	581790	2504025	114903	60958	235984	710973	170928	235554	963728	567420	605834	596144	581889	2410594	539952	322630	469030	669600	3665024	620090	528972	364770	265848	1448100	171051	476196	502405	727111	543380	697060	2637207	1636310	1838160	186004	646316	206310	293804	894159	1113710	779177	98356	130385	202917	680346	83300
585.0000013468394	0	0	0	0	0	8019406	0	1317771	552500	585144	594607	3718163	289380	586004	2525924	116127	61799	238306	721217	172608	238392	976720	572880	611645	606480	588786	2440592	547232	326410	473569	679320	3716416	628586	535296	368970	269452	1471800	173419	484764	510504	736687	552975	706420	2680704	1666396	1873695	188748	660608	210864	300664	914328	1157204	796873	99897	134390	209495	704372	86142
590.000008242102	0	0	0	0	0	8055609	0	1321866	554528	587496	596939	3731087	291606	589960	2546387	117810	62553	241402	729491	174528	241296	987624	580300	618350	613320	595562	2484174	555632	331450	479710	686880	3772736	637318	543966	374990	273109	1494600	176120	492072	519493	748790	562065	719940	2737626	1687272	1909920	194236	677282	214314	306936	932256	1190154	820652	102510	138573	215215	723124	88494
595.0000051491838	0	0	0	0	0	8082099	0	1326429	556608	589512	598688	3741857	293538	593572	2568645	119238	63365	244412	736780	175632	243738	994584	588140	626247	621376	601612	2510210	563136	335370	486118	696060	3819904	645342	551106	379680	277243	1515000	178710	499968	527770	757967	572165	731250	2779512	1718586	1945110	196000	684428	219006	313012	951678	1217832	840007	105056	142133	221221	745392	90748
600.0000010039626	0	0	0	0	0	8111238	0	1330758	558116	591640	600808	3760884	296184	596496	2585877	120921	64177	247250	744857	177600	246312	1006416	595700	632505	631712	608993	2541906	571424	339220	492348	705375	3872704	654664	557532	384230	280158	1533000	181374	508536	536047	770602	580346	743860	2819787	1748979	1985820	198548	698720	224112	320852	971847	1248146	857150	107066	146227	227513	764144	93051
