>time	Ribosome	coli Pol	coli Pol-P	coli Pol-2.0	coli Pol-P-2.0	gp1	gp1-3.5	gp0.3	gp0.4	gp0.5	gp0.6A	gp0.7	gp1.1	gp1.2	gp1.3	gp1.4	gp1.5	gp1.6	gp1.7	gp1.8	gp2.0	gp2.5	gp2.8	gp3.0	gp3.5	gp3.8	gp4A	gp4.2	gp4.3	gp4.5	gp4.7	gp5.0	gp5.3	gp5.5	gp5.7	gp5.9	gp6.0	gp6.3	gp6.5	gp6.7	gp7	gp7.3	gp7.7	gp8	gp9	gp10A	gp11	gp12	gp13	gp14	gp15	gp16	gp17	gp17.5	gp18	gp18.5	gp19	gp19.5
0.00319800655244675	0	0	0	0	0	0	0	0	0	0	0	0	0	0	0	0	0	0	0	0	0	0	0	0	0	0	0	0	0	0	0	0	0	0	0	0	0	0	0	0	0	0	0	0	0	0	0	0	0	0	0	0	0	0	0	0	0	0
5.005129511638675	0	0	0	0	0	0	0	0	0	0	0	0	0	0	0	0	0	0	0	0	0	0	0	0	0	0	0	0	0	0	0	0	0	0	0	0	0	0	0	0	0	0	0	0	0	0	0	0	0	0	0	0	0	0	0	0	0	0
10.000090915545696	0	0	0	0	0	0	0	0	0	0	0	0	0	0	0	0	0	0	0	0	0	0	0	0	0	0	0	0	0	0	0	0	0	0	0	0	0	0	0	0	0	0	0	0	0	0	0	0	0	0	0	0	0	0	0	0	0	0
15.002822500875256	0	0	0	0	0	0	0	0	0	0	0	0	0	0	0	0	0	0	0	0	0	0	0	0	0	0	0	0	0	0	0	0	0	0	0	0	0	0	0	0	0	0	0	0	0	0	0	0	0	0	0	0	0	0	0	0	0	0
20.00034273786649	0	0	0	0	0	0	0	0	0	0	0	0	0	0	0	0	0	0	0	0	0	0	0	0	0	0	0	0	0	0	0	0	0	0	0	0	0	0	0	0	0	0	0	0	0	0	0	0	0	0	0	0	0	0	0	0	0	0
25.00409000933699	0	0	0	0	0	0	0	0	0	0	0	0	0	0	0	0	0	0	0	0	0	0	0	0	0	0	0	0	0	0	0	0	0	0	0	0	0	0	0	0	0	0	0	0	0	0	0	0	0	0	0	0	0	0	0	0	0	0
30.001751210084258	0	0	0	0	0	0	0	351	52	0	0	0	0	0	0	0	0	0	0	0	0	0	0	0	0	0	0	0	0	0	0	0	0	0	0	0	0	0	0	0	0	0	0	0	0	0	0	0	0	0	0	0	0	0	0	0	0	0
35.00004653630789	0	0	0	0	0	0	0	1521	416	0	0	0	0	0	0	0	0	0	0	0	0	0	0	0	0	0	0	0	0	0	0	0	0	0	0	0	0	0	0	0	0	0	0	0	0	0	0	0	0	0	0	0	0	0	0	0	0	0
40.00047267186543	0	0	0	0	0	0	0	2808	988	392	0	0	0	0	0	0	0	0	0	0	0	0	0	0	0	0	0	0	0	0	0	0	0	0	0	0	0	0	0	0	0	0	0	0	0	0	0	0	0	0	0	0	0	0	0	0	0	0
45.00002742400541	0	0	0	0	0	0	0	4446	1560	840	212	0	0	0	0	0	0	0	0	0	0	0	0	0	0	0	0	0	0	0	0	0	0	0	0	0	0	0	0	0	0	0	0	0	0	0	0	0	0	0	0	0	0	0	0	0	0	0
50.0008451243434	0	0	0	0	0	0	0	7137	2340	1568	1060	0	0	0	0	0	0	0	0	0	0	0	0	0	0	0	0	0	0	0	0	0	0	0	0	0	0	0	0	0	0	0	0	0	0	0	0	0	0	0	0	0	0	0	0	0	0	0
55.00009669993311	0	0	0	0	0	0	0	10062	3588	2744	1961	0	0	0	0	0	0	0	0	0	0	0	0	0	0	0	0	0	0	0	0	0	0	0	0	0	0	0	0	0	0	0	0	0	0	0	0	0	0	0	0	0	0	0	0	0	0	0
60.000642974129164	0	0	0	0	0	0	0	12870	5200	3864	3286	0	0	0	0	0	0	0	0	0	0	0	0	0	0	0	0	0	0	0	0	0	0	0	0	0	0	0	0	0	0	0	0	0	0	0	0	0	0	0	0	0	0	0	0	0	0	0
65.00044842890756	0	0	0	0	0	0	0	18018	7384	5768	5406	0	0	0	0	0	0	0	0	0	0	0	0	0	0	0	0	0	0	0	0	0	0	0	0	0	0	0	0	0	0	0	0	0	0	0	0	0	0	0	0	0	0	0	0	0	0	0
70.00011354023891	0	0	0	0	0	0	0	23049	9464	8008	7261	0	0	0	0	0	0	0	0	0	0	0	0	0	0	0	0	0	0	0	0	0	0	0	0	0	0	0	0	0	0	0	0	0	0	0	0	0	0	0	0	0	0	0	0	0	0	0
75.00003491366705	0	0	0	0	0	0	0	29133	11856	10080	9964	3590	0	0	0	0	0	0	0	0	0	0	0	0	0	0	0	0	0	0	0	0	0	0	0	0	0	0	0	0	0	0	0	0	0	0	0	0	0	0	0	0	0	0	0	0	0	0
80.00001427472013	0	0	0	0	0	0	0	35334	14092	12824	13356	10770	0	0	0	0	0	0	0	0	0	0	0	0	0	0	0	0	0	0	0	0	0	0	0	0	0	0	0	0	0	0	0	0	0	0	0	0	0	0	0	0	0	0	0	0	0	0
85.00040252317166	0	0	0	0	0	0	0	41769	17368	16016	16960	18309	0	0	0	0	0	0	0	0	0	0	0	0	0	0	0	0	0	0	0	0	0	0	0	0	0	0	0	0	0	0	0	0	0	0	0	0	0	0	0	0	0	0	0	0	0	0
90.00020862220927	0	0	0	0	0	0	0	50778	21268	19208	20882	26566	0	0	0	0	0	0	0	0	0	0	0	0	0	0	0	0	0	0	0	0	0	0	0	0	0	0	0	0	0	0	0	0	0	0	0	0	0	0	0	0	0	0	0	0	0	0
95.00001020630123	0	0	0	0	0	0	0	60723	25428	23128	25334	36259	0	0	0	0	0	0	0	0	0	0	0	0	0	0	0	0	0	0	0	0	0	0	0	0	0	0	0	0	0	0	0	0	0	0	0	0	0	0	0	0	0	0	0	0	0	0
100.00052891132792	0	0	0	0	0	0	0	69498	28756	27328	29998	52414	0	0	0	0	0	0	0	0	0	0	0	0	0	0	0	0	0	0	0	0	0	0	0	0	0	0	0	0	0	0	0	0	0	0	0	0	0	0	0	0	0	0	0	0	0	0
105.00000954457404	0	0	0	0	0	0	0	80847	33280	31528	35245	71800	0	0	0	0	0	0	0	0	0	0	0	0	0	0	0	0	0	0	0	0	0	0	0	0	0	0	0	0	0	0	0	0	0	0	0	0	0	0	0	0	0	0	0	0	0	0
110.00017612484497	0	0	0	0	0	0	0	90675	37648	36680	41234	94058	0	0	0	0	0	0	0	0	0	0	0	0	0	0	0	0	0	0	0	0	0	0	0	0	0	0	0	0	0	0	0	0	0	0	0	0	0	0	0	0	0	0	0	0	0	0
115.0000319726931	0	0	0	0	0	0	0	101790	41652	41944	47117	115957	0	0	0	0	0	0	0	0	0	0	0	0	0	0	0	0	0	0	0	0	0	0	0	0	0	0	0	0	0	0	0	0	0	0	0	0	0	0	0	0	0	0	0	0	0	0
120.00000505355123	0	0	0	0	0	0	0	113958	46176	47488	53318	146113	0	0	0	0	0	0	0	0	0	0	0	0	0	0	0	0	0	0	0	0	0	0	0	0	0	0	0	0	0	0	0	0	0	0	0	0	0	0	0	0	0	0	0	0	0	0
125.0001424516807	0	0	0	0	0	0	0	128583	52624	53200	59678	181654	0	0	0	0	0	0	0	0	0	0	0	0	0	0	0	0	0	0	0	0	0	0	0	0	0	0	0	0	0	0	0	0	0	0	0	0	0	0	0	0	0	0	0	0	0	0
130.00015677913046	0	0	0	0	0	0	0	142506	58188	59136	67045	212169	0	0	0	0	0	0	0	0	0	0	0	0	0	0	0	0	0	0	0	0	0	0	0	0	0	0	0	0	0	0	0	0	0	0	0	0	0	0	0	0	0	0	0	0	0	0
135.0002713330899	0	0	0	0	0	7064	0	157716	64532	65632	74147	248069	0	0	0	0	0	0	0	0	0	0	0	0	0	0	0	0	0	0	0	0	0	0	0	0	0	0	0	0	0	0	0	0	0	0	0	0	0	0	0	0	0	0	0	0	0	0
140.00014586446244	0	0	0	0	0	22958	0	172575	71292	73248	82945	290431	252	0	0	0	0	0	0	0	0	0	0	0	0	0	0	0	0	0	0	0	0	0	0	0	0	0	0	0	0	0	0	0	0	0	0	0	0	0	0	0	0	0	0	0	0	0
145.00005012375888	0	0	0	0	0	45916	0	190242	77740	80304	92379	335665	756	86	0	0	0	0	0	0	0	0	0	0	0	0	0	0	0	0	0	0	0	0	0	0	0	0	0	0	0	0	0	0	0	0	0	0	0	0	0	0	0	0	0	0	0	0
150.0000401506351	0	0	0	0	0	74172	0	208143	84500	88088	100912	381258	1974	688	0	0	0	0	0	0	0	0	0	0	0	0	0	0	0	0	0	0	0	0	0	0	0	0	0	0	0	0	0	0	0	0	0	0	0	0	0	0	0	0	0	0	0	0
155.00004475880772	0	0	0	0	0	108609	0	225693	91416	95536	109975	432236	3318	2322	0	0	0	0	0	0	0	0	0	0	0	0	0	0	0	0	0	0	0	0	0	0	0	0	0	0	0	0	0	0	0	0	0	0	0	0	0	0	0	0	0	0	0	0
160.0000150708445	0	0	0	0	0	160706	0	245115	99008	104328	119462	481778	4746	4988	0	0	0	0	0	0	0	0	0	0	0	0	0	0	0	0	0	0	0	0	0	0	0	0	0	0	0	0	0	0	0	0	0	0	0	0	0	0	0	0	0	0	0	0
165.00009692280102	0	0	0	0	0	219867	0	265824	107224	112504	129214	534910	6300	8428	0	0	0	0	0	0	0	0	0	0	0	0	0	0	0	0	0	0	0	0	0	0	0	0	0	0	0	0	0	0	0	0	0	0	0	0	0	0	0	0	0	0	0	0
170.00001973748311	0	0	0	0	0	290507	0	287703	116688	121408	138648	591632	8694	12384	359	0	0	0	0	0	0	0	0	0	0	0	0	0	0	0	0	0	0	0	0	0	0	0	0	0	0	0	0	0	0	0	0	0	0	0	0	0	0	0	0	0	0	0
175.00005213186782	0	0	0	0	0	363796	0	309699	127036	131264	149354	649790	11928	16770	5744	51	29	0	0	0	0	0	0	0	0	0	0	0	0	0	0	0	0	0	0	0	0	0	0	0	0	0	0	0	0	0	0	0	0	0	0	0	0	0	0	0	0	0
180.00000296134274	0	0	0	0	0	443266	0	333918	137280	140224	161862	713692	15708	22274	13283	255	87	172	0	144	66	0	0	0	0	0	0	0	0	0	0	0	0	0	0	0	0	0	0	0	0	0	0	0	0	0	0	0	0	0	0	0	0	0	0	0	0	0
185.00004057613805	0	0	0	0	0	535098	0	357435	147576	150920	174211	771850	20076	30100	28002	612	377	430	0	432	462	0	0	0	0	0	0	0	0	0	0	0	0	0	0	0	0	0	0	0	0	0	0	0	0	0	0	0	0	0	0	0	0	0	0	0	0	0
190.00010810224148	0	0	0	0	0	637526	0	380952	158496	162120	186984	845086	24612	40162	41644	1581	725	1806	985	1248	990	0	140	0	0	0	0	0	0	0	0	0	0	0	0	0	0	0	0	0	0	0	0	0	0	0	0	0	0	0	0	0	0	0	0	0	0	0
195.0000002410653	0	0	0	0	0	751433	0	408213	170768	174104	200340	912937	29652	51170	61748	3264	1479	3182	2758	2544	2442	1624	560	447	304	242	0	0	0	0	0	0	0	0	0	0	0	0	0	0	0	0	0	0	0	0	0	0	0	0	0	0	0	0	0	0	0	0
200.00000232405586	0	0	0	0	0	871521	0	436644	182052	186816	215233	984737	35280	62952	81493	4845	2233	5676	6107	4464	4290	3480	2100	1937	1368	1936	0	0	140	0	0	0	0	0	0	0	0	0	0	0	0	0	0	0	0	0	0	0	0	0	0	0	0	0	0	0	0	0
205.0000240661939	0	0	0	0	0	992492	0	463671	194688	199416	229278	1058691	41118	73960	108059	6426	3393	8858	10835	7008	7458	7192	7420	5662	3952	4477	0	336	490	89	0	0	0	0	0	0	0	0	0	0	0	0	0	0	0	0	0	0	0	0	0	0	0	0	0	0	0	0
210.00000964125093	0	0	0	0	0	1141719	0	490932	208104	212520	244118	1135158	48468	84796	142523	8670	4118	13760	20291	9936	11484	16008	13160	11920	8664	10406	0	2912	2310	2225	675	0	0	0	0	0	0	0	0	0	0	0	0	0	0	0	0	0	0	0	0	0	0	0	0	0	0	0
215.00001327329048	0	0	0	0	0	1285648	0	518310	220792	226800	259965	1211984	56490	99072	184526	10659	5452	18748	29944	13200	15312	26912	20580	17433	16112	17545	0	6832	4480	5073	3645	0	0	0	0	0	0	0	0	0	0	0	0	0	0	0	0	0	0	0	0	0	0	0	0	0	0	0
220.00000529783543	0	0	0	0	0	1426045	0	547560	233116	240240	275017	1303529	63126	113348	239094	12954	6583	23908	42158	16944	20460	43616	31220	28012	24320	25410	0	14336	7490	8900	7830	0	0	102	350	159	0	37	0	0	0	0	0	0	0	0	0	0	0	0	0	0	0	0	0	0	0	0
225.00000345607864	0	0	0	0	0	1577038	0	577161	243100	251216	288214	1396869	69594	127194	290431	14790	7627	28552	60479	20736	25806	61944	45360	42018	33440	37389	0	22960	11550	13884	13500	0	2360	1224	1050	795	0	74	0	0	0	0	0	0	0	0	0	0	0	0	0	0	0	0	0	0	0	0
230.0000003586044	0	0	0	0	0	1733329	0	598923	252824	260344	298549	1494517	75138	138546	355769	16626	8613	33540	76830	24192	30228	84680	57960	55428	44992	47916	7924	30800	15680	20648	20790	0	5546	4488	3290	2703	0	444	420	445	133	101	0	0	0	0	0	0	0	0	0	0	0	0	0	0	0	0
235.00000638756603	0	0	0	0	0	1915227	0	619866	260520	269136	308619	1586780	80472	149038	420748	18564	9483	38356	91802	27312	34122	107416	69300	66901	56544	58685	22074	38528	20370	28035	29025	0	10266	7854	5740	3763	600	888	1596	1246	798	606	260	0	0	0	0	0	0	0	0	0	0	0	0	0	0	0
240.00002291527437	0	0	0	0	0	2108604	0	636246	268268	276976	318053	1684428	84798	158498	485009	20145	10527	43086	107759	31104	38874	129688	80220	78523	68096	70664	45280	47264	24850	34354	39690	0	15458	12036	8120	6201	2400	1665	3612	2581	2394	2323	1430	0	0	0	0	0	0	0	0	0	0	0	0	0	0	0
245.000002363222	0	0	0	0	0	2295800	0	652392	274924	285208	325844	1769870	89922	167786	543167	21930	11397	47644	120367	34704	43098	145696	89180	89251	78128	80707	76410	56672	29960	41207	48600	0	19824	17238	11060	8851	10500	2109	5712	4717	5453	4343	3120	0	0	0	0	0	0	0	0	0	0	0	0	0	0	0
250.00000752391824	0	0	0	0	0	2501539	0	669123	281580	291760	334059	1843465	94626	177160	590914	23562	12151	51084	136127	37248	48048	167736	100240	101022	89680	91839	110936	67760	34650	48327	59940	2816	27612	22440	15960	11872	21300	3034	7140	6408	8379	6464	6370	0	0	0	0	0	0	0	0	0	0	0	0	0	0	0
255.00002473655456	0	0	0	0	0	2704629	0	683397	288184	298032	341267	1912393	98952	185072	638661	24939	13021	54782	150114	40656	51282	185832	109340	111452	101992	101156	166404	78400	38990	54824	68445	17600	35400	29784	20370	15582	31800	4070	10164	7921	11438	8686	9620	0	307	0	0	0	0	0	0	0	0	0	0	0	0	0
260.0000039619703	0	0	0	0	0	2925379	0	698256	294476	304080	348475	1973423	102816	192382	678151	26775	13717	58910	162919	43296	55176	205552	122080	123670	114608	112288	208288	89040	44450	61588	80055	57024	44604	38148	26390	19822	45600	5698	13188	10591	14231	10605	11830	0	2763	0	392	0	0	0	0	0	0	0	0	0	0	0
265.0000059920621	0	0	0	0	0	3143480	0	712296	299988	310240	355259	2026914	106470	200122	723744	28203	14413	62436	176512	46800	59532	223416	133000	135590	125400	124025	255832	99232	50890	67818	87345	88704	52510	46104	31290	23532	60900	6993	16968	14151	18354	13837	14820	1611	6754	690	980	0	0	0	0	0	0	0	0	0	0	0
270.0000039089334	0	0	0	0	0	3365113	0	726687	306072	316008	361301	2072866	110460	207776	763234	29988	15370	66822	188135	49920	63888	241744	142660	146169	136496	131890	304508	108864	56560	74849	97605	132352	60888	53754	36330	27401	80700	9065	21168	17889	24472	18180	20930	4833	15964	3105	1960	0	0	0	0	0	0	0	0	0	0	0
275.00000115257967	0	0	0	0	0	3580565	0	738855	310856	322336	367979	2129947	114450	212764	807750	31620	16269	70520	200940	53280	67914	262392	152320	156301	146680	142175	353750	119280	61950	82681	109215	180224	68676	60690	41440	30846	98700	11174	25620	23407	29792	22119	27300	13425	24560	5865	2940	0	414	0	0	0	0	0	0	0	0	0
280.0000069896464	0	0	0	0	0	3772176	0	751842	316108	328216	374710	2173386	117600	219042	848676	33201	16849	75078	212957	55584	71676	279328	163100	168519	158688	150403	403558	131152	67480	90602	120285	233728	78824	68238	46480	34556	117300	13653	31080	27501	36309	27775	33280	26850	30393	10695	4508	0	1656	784	0	0	0	0	0	0	0	0
285.0000002900199	0	0	0	0	0	3916988	0	762489	320476	333032	380116	2224364	120960	226266	888525	34782	17777	78432	226944	58752	74910	298120	172340	178055	168568	160688	442612	141008	73850	97277	132975	298496	88382	76398	51450	39326	133200	15688	37296	32930	43491	33128	39130	39201	40217	22770	5880	0	2760	1764	0	0	0	0	0	0	0	0
290.0000018997549	0	0	0	0	0	4075045	0	775476	324376	337904	385522	2260623	124530	231426	923707	36975	18386	82474	240143	61152	78738	316448	183680	189081	178600	171457	488458	149296	78890	105020	143640	359040	98176	84354	57190	43725	151500	18056	44016	38181	51737	39693	45760	53700	53111	33120	6860	0	4554	3332	0	0	0	0	0	0	0	0
295.0000015134288	0	0	0	0	0	4219857	0	785187	328536	343000	391299	2300472	127680	237446	957453	38097	19575	85398	251175	63744	82764	331760	192500	199362	189848	181984	533738	158144	84700	112051	154035	417472	107616	93840	62650	47382	170700	20461	50736	44144	59584	46965	54080	67125	68154	47610	7840	0	6900	7056	0	0	0	0	0	0	0	0
300.00000202897706	0	0	0	0	0	4354073	0	794079	332488	346640	395539	2346783	130956	243208	989404	39525	20068	88924	261813	66240	85800	349624	200340	210537	198968	192027	579584	165536	88690	119616	163620	480832	118236	102816	67760	52629	192600	23162	56616	50819	70623	55247	62010	82698	83504	67275	12348	794	9246	9604	0	0	0	0	0	0	0	0
305.0000128847413	0	0	0	0	0	4470629	0	803088	335816	350728	400415	2383042	133812	248196	1023150	40902	20677	92106	272254	68016	89826	364936	209440	219477	207784	201949	630524	176624	93380	124422	173880	524480	129210	110466	74060	56233	217800	25937	63084	57049	82061	62519	70980	107400	103152	84525	14896	2382	11178	13524	0	0	0	67	0	0	0	0
310.00000648132703	0	0	0	0	0	4586302	0	811044	339508	354088	404708	2423968	137340	255678	1053665	42687	21460	96578	286241	70416	93456	377696	217140	230652	219184	211024	679766	187040	97370	131097	183330	596992	138296	117606	78330	60049	242400	29082	70056	64881	92435	70902	81640	132639	118502	103845	18620	3970	14076	16464	0	0	0	201	0	0	0	0
315.00000490566003	0	0	0	0	0	4694028	0	819702	343044	357896	409160	2462740	140868	262300	1086693	43860	22156	100190	294121	73056	96426	392776	226240	240635	227848	223245	730706	196896	101990	137060	193455	661056	149152	126378	83090	63759	262500	31524	76440	73069	103873	79487	90740	156804	133852	123510	20580	7940	18078	20384	0	0	0	670	712	0	0	0
320.0000032819007	0	0	0	0	0	4809701	0	827073	346216	362208	413082	2493255	143724	269008	1114336	45135	23026	102770	305153	75264	99660	407160	233940	250171	238336	233167	765798	206528	106330	143468	202095	727936	158356	134436	89040	68741	289500	34188	82152	80456	114646	87567	100490	185802	153500	146280	24108	10322	20286	24696	3735	0	0	1340	1068	429	0	49
325.00000196725586	0	0	0	0	0	4935087	0	835848	349596	365960	417004	2525565	146748	274684	1143774	46665	23780	106640	316382	77232	102432	419456	241920	258515	247304	242242	812776	216496	113260	151389	212220	796224	167206	141066	93730	73087	318000	37074	89040	88021	125020	94334	109720	219633	168850	168705	26068	15086	23184	28028	7470	0	0	2278	1602	1573	0	392
330.0000033408108	0	0	0	0	0	5035749	0	842985	352872	368536	420555	2558234	149352	280962	1172494	47685	24331	109736	326232	79584	106722	435232	249620	269392	256120	250107	856924	224672	118790	159399	221265	866624	177000	149430	98770	77009	341700	39368	96432	95052	136192	100697	119600	257223	191261	188370	28812	22232	27876	32732	11952	0	553	3015	2848	2860	0	784
335.0000060234219	0	0	0	0	0	5118751	0	850473	356512	372008	424477	2580851	152670	285606	1201214	48654	24940	113176	336279	81408	110484	449152	256760	277885	265240	259545	895412	232624	124530	165540	231120	929984	185614	157386	104580	81090	363300	42032	103404	101816	145901	108070	129610	293739	215821	215625	31360	27790	31188	39004	18675	0	2212	4422	3916	5148	0	1274
340.0000053878374	0	0	0	0	0	5231775	0	857142	359892	375704	427869	2609571	155274	290680	1231729	50133	25694	116100	346523	83376	112728	460288	265720	286378	273752	265595	932768	240352	129850	174262	242460	986304	196234	165240	111090	84959	383100	44474	110124	109470	156408	115544	138190	335625	240381	240810	33712	33348	34638	44492	29133	0	7189	6030	5785	7293	0	2107
345.000000252955	0	0	0	0	0	5325373	0	863577	363272	379680	431420	2636855	157668	295582	1264398	51306	26245	119196	356964	85344	115830	473744	273140	294126	281656	272734	970124	247632	134400	180848	253260	1043328	207090	173910	116830	89358	403800	47397	116928	118370	167048	124230	148330	364623	263713	267375	36260	43670	38778	48608	37350	0	12719	7169	8455	9867	0	3136
350.0000065740468	0	0	0	0	0	5398662	0	870831	365820	382536	435183	2655882	159936	301602	1289528	52326	26941	121862	366420	87696	118800	486968	278880	301427	290776	280599	1011442	255920	138880	187701	263655	1103168	217238	181662	122150	93174	427800	50246	124740	125846	178220	133320	157560	407046	291957	293940	39984	54786	42918	52920	53784	0	19908	8643	10324	13299	586	3969
355.00000927081936	0	0	0	0	0	5482547	0	876564	369096	386288	438628	2686038	162498	307192	1314658	53652	27666	124184	373709	89376	121770	499496	285600	308728	298680	287980	1051062	263872	142870	193753	273780	1160192	226088	189618	126980	96990	449700	53317	132468	133322	188461	141602	166660	449469	314675	317400	42532	64314	47196	57036	67230	0	29309	10117	12460	15158	3516	4802
360.0000013613241	0	0	0	0	0	5575262	0	884169	371800	389256	442550	2713322	164934	311406	1339788	55080	28188	126076	382771	91920	125202	508776	294560	315731	305976	295966	1082758	271936	146370	200339	283770	1232704	233522	199002	132090	100912	473100	55870	138852	141243	198702	150692	177450	489207	342612	343620	45080	72254	51060	62132	80676	0	39816	12060	13884	18733	8790	6076
365.0000299768847	0	0	0	0	0	5637072	0	889551	373724	391496	444988	2737734	167076	316824	1367072	56661	28710	129430	392030	93648	127842	521304	302120	324224	314488	304073	1115020	279104	150080	206836	292545	1291136	244732	206958	136990	104145	499800	58904	146076	148096	208145	159277	188500	531093	364716	377775	46648	88134	54372	68404	94869	2636	55853	14070	16198	21879	14064	7105
370.0000009822996	0	0	0	0	0	5695350	0	896220	376584	393512	448009	2759274	169848	320780	1392920	57579	29609	132612	400304	95856	130020	532208	308840	331376	323456	312180	1152942	286048	153930	212176	301590	1360128	253700	215322	141960	107908	524400	61457	152376	154504	218386	167862	199550	567072	384671	403305	49784	99250	58926	74676	112050	6590	69678	16080	18601	25311	21682	8085
375.00000092582246	0	0	0	0	0	5770405	0	902187	378664	395584	450553	2779737	172242	325166	1415537	58548	30247	136310	411730	97344	133122	544272	316540	338528	327864	318230	1186902	293776	157150	219207	311985	1425600	263022	222462	147210	111459	546300	64343	159180	161624	230755	176447	211770	604662	404933	429870	52920	110366	62514	79968	126243	11862	84609	18291	22072	28743	29886	9310
380.00001164835703	0	0	0	0	0	5848109	0	909090	380744	398440	453256	2796969	175392	329380	1436359	59568	30827	139320	421383	99072	135564	555408	324240	344041	334856	324159	1222560	300160	161630	225437	319950	1494592	271636	228990	152530	115487	569100	66748	165900	168922	240464	183214	223080	639030	428879	462990	56056	122276	67620	85260	145665	23724	100646	20033	24386	32175	41606	11074
385.0000004644611	0	0	0	0	0	5920515	0	914004	383760	401128	456277	2822817	177660	334368	1456104	60945	31378	142158	429263	101520	137610	568864	332360	351044	342912	331177	1257086	305984	165270	231311	327645	1562880	280014	235824	157780	119462	593100	69523	172284	176487	250971	189577	232310	679842	453132	496455	61152	132598	71484	91728	163593	39540	115024	21708	27056	36465	58014	12642
390.00000982017394	0	0	0	0	0	5989389	0	920205	386048	403032	458927	2840408	179592	340646	1480157	62475	32016	145512	437931	103392	140910	580232	340200	359835	351424	337227	1287084	311472	169610	237185	335205	1627648	287920	241740	161420	122907	611400	71632	179508	184141	261079	198667	241670	722802	479841	530955	65268	145302	75762	96040	180027	56674	131061	23718	30082	41327	74422	14014
395.0000002611577	0	0	0	0	0	6056497	0	926991	388440	405440	461683	2866256	181734	345032	1504569	63342	32538	148178	445811	105552	143682	592064	347200	366242	357656	344729	1321044	319424	173180	243237	344790	1687488	296888	247860	166460	126511	629700	73815	185892	191528	269990	206040	249990	758244	505322	568560	68796	158800	80592	102508	202437	84352	142674	25996	32307	45188	89072	15582
400.00000114344186	0	0	0	0	0	6114775	0	931905	390416	407624	464121	2882411	183750	350020	1525391	64260	33031	150758	454085	107472	146652	605520	354760	373990	364648	351868	1355004	325136	176890	250268	354510	1750848	305620	255204	171010	130327	651600	75887	192696	198025	281428	213514	259090	803889	535101	606165	72128	175474	85284	108192	227088	101486	160923	28073	35066	48191	107238	17150
405.00000026309334	0	0	0	0	0	6185415	0	937872	392444	410424	467354	2903951	185976	353288	1547649	65076	33553	153338	463541	109296	148962	616424	361620	381589	372552	359854	1386700	333088	181440	257121	364365	1812800	315060	263772	176120	134567	671400	77885	199584	204344	292866	220584	269750	854367	559354	643770	76244	186590	89148	114268	251739	119938	173642	30351	38537	54054	125990	18767
410.00000174589576	0	0	0	0	0	6245459	0	943020	395304	413448	469580	2920465	188118	358276	1569189	66147	34191	156004	471224	111216	151602	628720	367500	387698	379392	367840	1426886	341712	185500	263618	372735	1878272	323202	273564	181580	138171	693300	80623	205128	211820	302974	226341	279630	904845	589133	682065	79772	206440	93426	118580	266679	144980	188573	31423	42097	57200	139468	20531
415.0000231822453	0	0	0	0	0	6309035	0	948636	397332	416024	472389	2937338	190512	363866	1594678	67626	34655	159014	482453	113328	154638	639392	376320	394403	386840	376310	1466506	348768	190890	270827	382995	1940224	331580	281520	185920	140874	714900	83435	212184	217338	311752	233714	289900	945657	612465	717600	82712	215968	98118	123676	287595	163432	210140	33299	44945	61061	156462	22393
420.00001208761165	0	0	0	0	0	6368196	0	954954	399308	418040	474774	2960314	192696	368682	1617654	69003	35351	161336	492894	115536	157410	653776	384300	402598	396264	383086	1503296	356720	194460	277680	392580	1990208	341020	289374	190890	144955	735600	85914	219576	225259	325052	242804	302120	990765	639788	749685	86632	230260	103776	131908	307764	192428	226730	35443	47437	64350	174628	24010
425.0000115567445	0	0	0	0	0	6432655	0	960219	402324	419888	477742	2976110	194880	373068	1642066	70278	36134	163916	500577	117024	159852	664448	390740	410793	403560	391072	1537822	364336	198940	283465	403110	2033856	350814	295086	196280	149619	761100	88541	226716	233536	334362	249470	311610	1038558	667418	784875	90160	240582	108192	135828	324198	212198	247191	37989	49840	69212	194552	26068
430.0000070005537	0	0	0	0	0	6475922	0	964548	404040	421904	479756	2987957	197232	377798	1663965	71451	37091	166582	507275	118848	163284	678600	398720	419137	410856	398090	1580272	373296	203000	289428	412965	2088768	360254	302124	201390	153806	783600	91020	233688	241724	346332	257146	321100	1073463	695969	818685	94276	254874	113022	142884	339885	239876	257698	40133	51887	73359	211546	27685
435.0000016859563	0	0	0	0	0	6523604	0	970047	406536	424648	482035	3004471	199416	381410	1683710	73185	37642	169248	514761	120912	165924	690896	407540	427183	417240	404987	1610270	382592	207760	294768	420660	2140160	370874	310386	206430	158947	804600	93536	240576	248132	357637	264822	332800	1121793	722678	852495	97216	267578	117714	148372	359307	267554	273735	43282	55269	79222	229712	29204
440.00000590127894	0	0	0	0	0	6571286	0	974493	408668	426888	484897	3023139	200928	385280	1707045	74409	38251	171656	520868	123072	168564	702032	413420	434037	424840	413094	1641966	390432	212800	301354	428085	2192960	379724	317118	212310	163346	828300	95941	248220	255341	368942	272700	341900	1165290	746317	883890	99960	281076	122406	155820	383958	293914	287560	45091	58562	82797	247292	31164
445.00000654824373	0	0	0	0	0	6615436	0	979992	410072	429352	487176	3041089	203490	389752	1733611	75480	38831	174580	526581	124512	171270	715256	421820	442381	431528	420233	1665738	399280	217140	308474	437535	2245056	389164	324564	217280	166950	848700	98272	255948	263173	377986	281992	351000	1209324	770877	921840	102508	296162	126270	162876	406368	321592	308021	47436	62211	88088	268388	33418
450.00000047763695	0	0	0	0	0	6661352	0	986076	412412	431032	489137	3057244	205674	394826	1752997	76755	39614	176816	534855	126000	174042	726160	429240	450129	439736	427977	1697434	406336	221410	314882	446445	2303488	395300	331296	222600	170978	873600	100973	261912	269403	387429	291284	359970	1244766	796358	951165	105644	311248	130548	168952	427284	354542	327376	49982	65860	93236	285382	35623
455.00000476811914	0	0	0	0	0	6711683	0	991809	414232	432544	491204	3076630	207900	399384	1772742	77928	40194	179224	544705	128496	176286	734744	435400	458920	448400	434511	1726300	413840	225470	322002	456300	2365440	403914	339864	227500	174741	897900	103267	269220	276078	396872	297142	372190	1285041	822760	983940	109956	322364	135378	176204	449694	383538	346731	52796	68441	98098	303548	37681
460.0000213168111	0	0	0	0	0	6759365	0	996138	416312	434448	493801	3090631	210084	403426	1795000	78795	40774	181202	551797	130272	179652	747040	442960	467115	457672	440803	1761392	421344	230440	326808	466290	2425280	413354	349248	233730	179405	921600	105302	276360	283109	406448	305121	381030	1329075	844250	1014300	113092	335068	140346	183456	467622	416488	369404	55275	70933	103532	321128	39004
465.0000004262098	0	0	0	0	0	6803515	0	1001286	418184	436352	495921	3107504	211932	407640	1812950	80172	41151	184384	562238	132000	182160	760496	450240	472628	465728	448668	1799314	428848	235550	332415	476145	2474560	421850	358938	239960	183751	941700	107596	282492	290674	418418	313605	390780	1370424	868196	1046385	115444	357300	144900	188552	494514	445484	390418	57687	73870	109824	340466	41552
470.0000039044823	0	0	0	0	0	6852963	0	1005264	420420	438592	498041	3124377	214368	411338	1834490	81243	41789	186706	568739	133728	184602	769776	456400	479929	473176	455444	1836670	435120	239540	337844	483840	2541440	430700	367200	245000	188097	960300	110704	289380	298773	428260	321180	402870	1408014	893677	1078125	120148	374768	148902	193844	513936	485024	412538	60032	77163	114400	354530	43463
475.0000007567008	0	0	0	0	0	6891815	0	1010061	422292	440944	500479	3140532	216174	415380	1853158	82365	42456	189544	577998	135264	187176	780912	462980	487528	482296	463551	1881384	442848	243810	344163	490590	2592128	439314	374544	249760	192443	977700	113146	296436	305893	440629	329563	414050	1455270	920079	1108140	123676	391442	153180	200116	541575	523246	432999	62779	80189	119977	372696	45570
480.00000473511363	0	0	0	0	0	6930667	0	1014975	424268	443184	502652	3154174	217644	420282	1871826	83436	43268	192124	585878	137088	190014	793904	468300	494084	489440	469843	1914212	451136	248640	349236	498285	2658304	447456	380664	254170	196206	1000500	115736	303324	312746	453929	337542	426270	1502526	943411	1136430	126616	404146	157734	206976	570708	557514	456225	65794	83838	125697	389690	47628
485.00000958280583	0	0	0	0	0	6980115	0	1018953	426192	445088	504719	3168534	219576	424410	1891930	84813	43761	193930	593167	138768	192786	806664	475440	500342	495976	475530	1947606	459088	252910	355110	505710	2708288	454654	388416	258790	199810	1021200	117993	310632	320133	465766	345117	439530	1540653	967664	1169205	130144	415262	161460	213052	595359	590464	480557	68742	87131	131417	410200	50029
490.0000058568682	0	0	0	0	0	7019850	0	1022112	428480	447104	506574	3182894	221340	427420	1910598	86190	44718	196080	601244	140160	195426	817800	482580	507792	502056	481701	1974774	469280	257320	360272	514215	2765312	462678	396882	263550	203202	1041900	120916	317772	327342	476406	354409	453310	1586298	999285	1207845	133868	428760	165600	219324	614781	618142	508207	71355	90780	136708	430124	51793
495.0000057228904	0	0	0	0	0	7068415	0	1027377	430040	449960	508535	3195100	223524	431892	1927471	87312	45211	198660	608533	141984	197802	831256	490140	514646	509960	489445	2005904	477680	261870	366769	524745	2808960	471646	405450	267890	207442	1063200	123099	325164	334996	486913	363095	461500	1619592	1024459	1238895	136220	439082	170844	225400	639432	645820	530327	73365	94429	141713	454150	54341
500.0000005750767	0	0	0	0	0	7119629	0	1030185	431860	451808	510867	3209819	225246	437224	1944703	88536	46023	201326	616019	143232	199782	842624	497280	521053	514520	495979	2038732	484848	266210	371575	532980	2870912	479906	413508	272720	211099	1084200	125467	332808	342027	501676	370973	472290	1661478	1051475	1267530	141120	458932	177054	231476	661842	689314	549129	75978	97633	146146	482278	56693
505.0000053558428	0	0	0	0	0	7171726	0	1034280	433628	454440	512934	3224179	227472	442470	1965884	89607	46400	204078	623899	145488	202092	854920	504980	529397	521816	503602	2069296	492352	271040	377983	542295	2934272	488402	420546	277690	215286	1106700	127983	339108	349236	511917	379558	484510	1703364	1080333	1297200	145432	475606	180918	237944	684999	731490	575120	78658	100570	152867	504546	59290
510.00000030614416	0	0	0	0	0	7207046	0	1039545	435396	456120	515319	3237821	229362	446770	1985988	90780	47038	206744	632764	147120	205524	868376	511980	536251	529264	511709	2108916	498736	275660	384035	551340	2994112	496190	426054	282450	219314	1124700	130684	345492	356356	522956	386830	492570	1745250	1109191	1326870	147980	492280	185334	244216	716373	780256	601664	81539	104397	158730	533260	61299
515.0000030056649	0	0	0	0	0	7248547	0	1043640	437892	458528	517916	3256130	231252	451500	2006092	91545	47647	209410	638871	149424	208098	880440	518000	544446	535040	518001	2140046	505792	279370	389642	559845	3053952	505276	432684	288750	222971	1143300	133015	352548	364989	533729	396021	501930	1790895	1135593	1360335	150724	508954	189612	249900	736542	817160	630420	84822	107423	162877	557872	63504
520.0000060951196	0	0	0	0	0	7287399	0	1048905	439660	460656	519665	3264028	233940	455628	2026555	92514	48372	211732	647933	151296	210738	893432	524440	550853	541728	524535	2170044	512288	284270	394715	570510	3103936	513418	440640	294140	227317	1163700	135642	358848	373266	544369	404505	512850	1844595	1162609	1385865	155036	525628	194580	257740	760446	854064	652540	87435	111606	168883	579554	65660
525.0000015510584	0	0	0	0	0	7336847	0	1053351	441532	462840	521626	3279465	235998	459240	2044505	93738	49097	214656	656010	153600	213246	903640	530040	557856	552064	531311	2198910	518000	289030	401924	579960	3159552	522150	449412	299110	231080	1184400	138306	364644	379674	555009	412181	521690	1883259	1189011	1412430	160524	543890	198858	264796	778374	904148	674107	90048	114721	175175	598892	68453
530.0000007417026	0	0	0	0	0	7380997	0	1058499	443196	464576	523375	3293825	237972	464314	2066045	94554	49822	216634	665072	155328	215886	913848	538580	564561	562248	537482	2237964	524832	293370	408955	588600	3219392	529348	456756	304990	234631	1203000	141118	371364	386794	567378	418948	532090	1934274	1214185	1441755	164640	556594	204102	271852	811989	945006	691803	93264	118459	182182	619402	71295
535.0000054768017	0	0	0	0	0	7407487	0	1061775	445016	466760	525389	3309980	240198	468528	2087226	95727	50663	220762	674725	157392	218064	926144	545860	573501	569544	544258	2275886	531888	298060	414028	599670	3265856	538434	462876	310310	239030	1221900	143597	379596	394715	578151	427432	542230	1975623	1242122	1469355	166992	574856	207276	277536	838134	991136	713370	96346	121841	188188	641670	74186
540.0000015544051	0	0	0	0	0	7450754	0	1065402	446472	468608	526979	3321827	242298	471538	2106612	96492	51475	222998	681226	159216	220770	936816	550900	579163	575168	551639	2307582	540736	302050	420080	608040	3305984	548110	470628	314510	242793	1241100	145965	387156	401479	589190	436825	551720	2020731	1266068	1506270	170716	595500	211830	283024	864279	1039902	733278	98959	125668	194480	663352	76097
545.0000270597997	0	0	0	0	0	7489606	0	1069029	448188	470120	528887	3339418	244440	474892	2123485	97563	52084	226438	687333	160944	223146	948184	558740	586315	581248	559020	2334750	548576	306600	426755	616950	3366528	558140	478380	319620	246874	1260900	148185	394716	409311	602091	446117	562380	2067987	1290014	1538355	174048	607410	215418	287728	886689	1079442	755951	102108	129139	200200	683276	78400
550.0000014188471	0	0	0	0	0	7525809	0	1072539	449904	471800	530848	3355573	246414	478246	2143230	98991	52896	228330	695607	163152	225654	956536	564900	592424	588392	565312	2373804	556640	312200	432273	627615	3428480	566282	485316	323890	250743	1291800	150775	402696	417054	612598	453591	573170	2107188	1313039	1575960	177576	618526	219006	294588	911340	1111074	787472	104788	132877	206492	708474	80752
555.000001474033	0	0	0	0	0	7565544	0	1077687	451880	473648	533180	3364189	248052	482804	2165129	100113	53592	230652	704866	165120	228492	968136	570640	599129	596448	570757	2408896	564592	315980	437969	636120	3490432	574660	492660	329070	255672	1314300	153365	409752	426577	623238	460964	583440	2154444	1341283	1612875	181692	638376	222870	302624	930762	1146660	807933	107334	136437	212355	728398	82859
560.0000261805535	0	0	0	0	0	7610577	0	1082016	453700	475048	535512	3383216	249522	487104	2184874	101235	54288	233404	712943	166992	230868	978808	577640	605983	604504	577412	2450780	570528	319760	443754	646515	3545344	582212	499188	334110	259329	1334100	155992	416808	433608	635474	469347	592930	2201700	1365229	1652895	185416	659020	227838	308896	953172	1178292	822311	110349	141154	219505	747736	85309
565.0000005604271	0	0	0	0	0	7641482	0	1086930	455624	477064	537102	3395781	251286	491146	2208209	102510	54955	237016	721414	168816	234234	991568	585200	612241	611952	583341	2481344	579824	323960	449984	655155	3605184	590590	506022	338450	263198	1360500	158397	424284	440283	647710	477528	602030	2241438	1393473	1691535	188748	675694	232530	315756	976329	1212560	846090	112895	145070	226369	770590	87955
570.0000060524509	0	0	0	0	0	7670621	0	1090674	457496	478800	539169	3412654	253008	495532	2230108	103428	55680	239338	729491	170496	237468	1001080	591500	619691	620008	590480	2513040	586768	327950	456303	663660	3657280	598260	513978	343490	266749	1384200	161542	431844	447136	657020	486921	612560	2290305	1414963	1721550	194040	690780	237912	322616	1001727	1246828	868763	115173	149164	231374	797546	90356
575.0000162789383	0	0	0	0	0	7707707	0	1095588	459368	480536	541236	3424142	254856	498972	2254161	104142	56144	242090	736780	172608	239250	1013840	597800	627439	626696	597498	2547566	594048	331870	463957	673380	3717120	606402	522138	348460	269929	1410300	164243	437724	455680	666330	497526	623610	2330580	1439216	1754325	197568	702690	242742	328692	1018161	1267916	888118	117987	153703	236951	818642	92659
580.0000024750361	0	0	0	0	0	7752740	0	1098747	461032	482216	543356	3436348	256788	503358	2273906	105621	56521	245100	745251	174144	241494	1025440	604240	632952	636728	605605	2574168	601104	337260	470098	680940	3783296	615134	529380	353150	274487	1435500	166907	445536	461999	677236	505000	634530	2375688	1468074	1786065	199920	722540	247572	335748	1034595	1300866	912450	119997	156551	243672	846770	95207
585.0000010624568	0	0	0	0	0	7792475	0	1103544	463164	484064	545317	3449272	258216	506798	2295805	106743	57043	246648	751555	176160	243936	1036576	610120	640849	642048	612502	2610392	607040	341110	476328	689850	3842432	625754	537234	358260	278515	1457400	169756	453096	469742	688408	512676	647920	2417037	1492020	1822290	202860	736832	250608	341824	1057752	1346996	932358	122275	159755	251108	874312	97510
590.0000086636254	0	0	0	0	0	7837508	0	1107054	465296	486472	546960	3462555	260106	510324	2315191	107304	57739	249572	761011	178272	246378	1047712	616700	648001	649192	619157	2640956	613760	345100	482202	697545	3884672	634722	546822	363860	282596	1481400	172753	461160	477663	699713	520958	659360	2461071	1522720	1860240	206780	745566	255300	348096	1082403	1385218	958902	125357	163493	257400	889548	99911
595.000002607713	0	0	0	0	0	7869296	0	1111500	466908	487704	549398	3479069	261114	514796	2338526	108375	58435	251550	767118	179760	248688	1057224	624120	657239	656184	626054	2671520	619360	349930	487987	708210	3937472	642038	554064	369110	286677	1506900	175232	468720	486563	710353	528533	670800	2501883	1550657	1894740	211680	758270	260682	353976	1101078	1428712	989317	127769	166875	263120	909472	102067
600.0000155453304	0	0	0	0	0	7908148	0	1114542	468520	489048	550988	3492711	263382	518150	2358630	109446	59450	253872	773028	181488	251526	1064416	631820	663199	663024	634524	2699254	626976	354550	494573	716850	4006464	651832	562326	374640	290758	1526100	177785	475188	494840	723387	537219	680810	2550213	1580129	1925445	215600	775738	265926	359660	1125729	1476160	1008672	130516	170613	270985	923536	105154
