>time	Ribosome	coli Pol	coli Pol-P	coli Pol-2.0	coli Pol-P-2.0	gp1	gp1-3.5	gp0.3	gp0.4	gp0.5	gp0.6A	gp0.7	gp1.1	gp1.2	gp1.3	gp1.4	gp1.5	gp1.6	gp1.7	gp1.8	gp2.0	gp2.5	gp2.8	gp3.0	gp3.5	gp3.8	gp4A	gp4.2	gp4.3	gp4.5	gp4.7	gp5.0	gp5.3	gp5.5	gp5.7	gp5.9	gp6.0	gp6.3	gp6.5	gp6.7	gp7	gp7.3	gp7.7	gp8	gp9	gp10A	gp11	gp12	gp13	gp14	gp15	gp16	gp17	gp17.5	gp18	gp18.5	gp19	gp19.5	RNA: gp0.3	RNA: gp0.4	RNA: gp0.5	RNA: gp0.6A	RNA: gp0.7	RNA: gp1	RNA: gp1.1	RNA: gp1.2	RNA: gp1.3	RNA: gp1.4	RNA: gp1.5	RNA: gp1.6	RNA: gp1.7	RNA: gp1.8	RNA: gp2.0	RNA: gp2.5	RNA: gp2.8	RNA: gp3.0	RNA: gp3.5	RNA: gp3.8	RNA: gp4A	RNA: gp4.2	RNA: gp4.3	RNA: gp4.5	RNA: gp4.7	RNA: gp5.0	RNA: gp5.3	RNA: gp5.5	RNA: gp5.7	RNA: gp5.9	RNA: gp6.0	RNA: gp6.3	RNA: gp6.5	RNA: gp6.7	RNA: gp7	RNA: gp7.3	RNA: gp7.7	RNA: gp8	RNA: gp9	RNA: gp10A	RNA: gp11	RNA: gp12	RNA: gp13	RNA: gp14	RNA: gp15	RNA: gp16	RNA: gp17	RNA: gp17.5	RNA: gp18	RNA: gp18.5	RNA: gp19	RNA: gp19.5	NumColiPoly:	4	NumT7Poly	2	NumOfTimePoints:	121	NumOfProteins:	58	NumOfCoding	52
0.00319800655244675	10000	1800	0	0	0	0	0	0	0	0	0	0	0	0	0	0	0	0	0	0	0	0	0	0	0	0	0	0	0	0	0	0	0	0	0	0	0	0	0	0	0	0	0	0	0	0	0	0	0	0	0	0	0	0	0	0	0	0	0	0	0	0	0	0	0	0	0	0	0	0	0	0	0	0	0	0	0	0	0	0	0	0	0	0	0	0	0	0	0	0	0	0	0	0	0	0	0	0	0	0	0	0	0	0	0	0	0	0	0	0
5.005129511638675	10000	1800	0	0	0	0	0	0	0	0	0	0	0	0	0	0	0	0	0	0	0	0	0	0	0	0	0	0	0	0	0	0	0	0	0	0	0	0	0	0	0	0	0	0	0	0	0	0	0	0	0	0	0	0	0	0	0	0	0	0	0	0	0	0	0	0	0	0	0	0	0	0	0	0	0	0	0	0	0	0	0	0	0	0	0	0	0	0	0	0	0	0	0	0	0	0	0	0	0	0	0	0	0	0	0	0	0	0	0	0
10.000090915545696	10000	1795	0	0	0	0	0	0	0	0	0	0	0	0	0	0	0	0	0	0	0	0	0	0	0	0	0	0	0	0	0	0	0	0	0	0	0	0	0	0	0	0	0	0	0	0	0	0	0	0	0	0	0	0	0	0	0	0	0	0	0	0	0	0	0	0	0	0	0	0	0	0	0	0	0	0	0	0	0	0	0	0	0	0	0	0	0	0	0	0	0	0	0	0	0	0	0	0	0	0	0	0	0	0	0	0	0	0	0	0
15.002822500875256	10000	1789	0	0	0	0	0	0	0	0	0	0	0	0	0	0	0	0	0	0	0	0	0	0	0	0	0	0	0	0	0	0	0	0	0	0	0	0	0	0	0	0	0	0	0	0	0	0	0	0	0	0	0	0	0	0	0	0	0	0	0	0	0	0	0	0	0	0	0	0	0	0	0	0	0	0	0	0	0	0	0	0	0	0	0	0	0	0	0	0	0	0	0	0	0	0	0	0	0	0	0	0	0	0	0	0	0	0	0	0
20.00034273786649	9997	1784	0	0	0	0	0	0	0	0	0	0	0	0	0	0	0	0	0	0	0	0	0	0	0	0	0	0	0	0	0	0	0	0	0	0	0	0	0	0	0	0	0	0	0	0	0	0	0	0	0	0	0	0	0	0	0	0	0	0	0	0	0	0	0	0	0	0	0	0	0	0	0	0	0	0	0	0	0	0	0	0	0	0	0	0	0	0	0	0	0	0	0	0	0	0	0	0	0	0	0	0	0	0	0	0	0	0	0	0
25.00409000933699	9985	1778	0	0	0	0	0	0	0	0	0	0	0	0	0	0	0	0	0	0	0	0	0	0	0	0	0	0	0	0	0	0	0	0	0	0	0	0	0	0	0	0	0	0	0	0	0	0	0	0	0	0	0	0	0	0	0	0	0	0	0	0	0	0	0	0	0	0	0	0	0	0	0	0	0	0	0	0	0	0	0	0	0	0	0	0	0	0	0	0	0	0	0	0	0	0	0	0	0	0	0	0	0	0	0	0	0	0	0	0
30.001751210084258	9967	1773	0	0	0	0	0	3	1	0	0	0	0	0	0	0	0	0	0	0	0	0	0	0	0	0	0	0	0	0	0	0	0	0	0	0	0	0	0	0	0	0	0	0	0	0	0	0	0	0	0	0	0	0	0	0	0	0	6	1	0	0	0	0	0	0	0	0	0	0	0	0	0	0	0	0	0	0	0	0	0	0	0	0	0	0	0	0	0	0	0	0	0	0	0	0	0	0	0	0	0	0	0	0	0	0	0	0	0	0
35.00004653630789	9947	1768	0	0	0	0	0	13	8	0	0	0	0	0	0	0	0	0	0	0	0	0	0	0	0	0	0	0	0	0	0	0	0	0	0	0	0	0	0	0	0	0	0	0	0	0	0	0	0	0	0	0	0	0	0	0	0	0	9	7	0	0	0	0	0	0	0	0	0	0	0	0	0	0	0	0	0	0	0	0	0	0	0	0	0	0	0	0	0	0	0	0	0	0	0	0	0	0	0	0	0	0	0	0	0	0	0	0	0	0
40.00047267186543	9917	1762	0	0	0	0	0	24	19	7	0	0	0	0	0	0	0	0	0	0	0	0	0	0	0	0	0	0	0	0	0	0	0	0	0	0	0	0	0	0	0	0	0	0	0	0	0	0	0	0	0	0	0	0	0	0	0	0	13	8	5	1	0	0	0	0	0	0	0	0	0	0	0	0	0	0	0	0	0	0	0	0	0	0	0	0	0	0	0	0	0	0	0	0	0	0	0	0	0	0	0	0	0	0	0	0	0	0	0	0
45.00002742400541	9885	1753	0	0	0	0	0	38	30	15	4	0	0	0	0	0	0	0	0	0	0	0	0	0	0	0	0	0	0	0	0	0	0	0	0	0	0	0	0	0	0	0	0	0	0	0	0	0	0	0	0	0	0	0	0	0	0	0	14	9	8	8	0	0	0	0	0	0	0	0	0	0	0	0	0	0	0	0	0	0	0	0	0	0	0	0	0	0	0	0	0	0	0	0	0	0	0	0	0	0	0	0	0	0	0	0	0	0	0	0
50.0008451243434	9840	1752	0	0	0	0	0	61	45	28	20	0	0	0	0	0	0	0	0	0	0	0	0	0	0	0	0	0	0	0	0	0	0	0	0	0	0	0	0	0	0	0	0	0	0	0	0	0	0	0	0	0	0	0	0	0	0	0	20	18	11	12	0	0	0	0	0	0	0	0	0	0	0	0	0	0	0	0	0	0	0	0	0	0	0	0	0	0	0	0	0	0	0	0	0	0	0	0	0	0	0	0	0	0	0	0	0	0	0	0
55.00009669993311	9780	1741	0	0	0	0	0	86	69	49	37	0	0	0	0	0	0	0	0	0	0	0	0	0	0	0	0	0	0	0	0	0	0	0	0	0	0	0	0	0	0	0	0	0	0	0	0	0	0	0	0	0	0	0	0	0	0	0	29	19	16	15	0	0	0	0	0	0	0	0	0	0	0	0	0	0	0	0	0	0	0	0	0	0	0	0	0	0	0	0	0	0	0	0	0	0	0	0	0	0	0	0	0	0	0	0	0	0	0	0
60.000642974129164	9705	1737	0	0	0	0	0	110	100	69	62	0	0	0	0	0	0	0	0	0	0	0	0	0	0	0	0	0	0	0	0	0	0	0	0	0	0	0	0	0	0	0	0	0	0	0	0	0	0	0	0	0	0	0	0	0	0	0	31	27	21	23	0	0	0	0	0	0	0	0	0	0	0	0	0	0	0	0	0	0	0	0	0	0	0	0	0	0	0	0	0	0	0	0	0	0	0	0	0	0	0	0	0	0	0	0	0	0	0	0
65.00044842890756	9646	1725	0	0	0	0	0	154	142	103	102	0	0	0	0	0	0	0	0	0	0	0	0	0	0	0	0	0	0	0	0	0	0	0	0	0	0	0	0	0	0	0	0	0	0	0	0	0	0	0	0	0	0	0	0	0	0	0	35	31	29	28	0	0	0	0	0	0	0	0	0	0	0	0	0	0	0	0	0	0	0	0	0	0	0	0	0	0	0	0	0	0	0	0	0	0	0	0	0	0	0	0	0	0	0	0	0	0	0	0
70.00011354023891	9577	1712	0	0	0	0	0	197	182	143	137	0	0	0	0	0	0	0	0	0	0	0	0	0	0	0	0	0	0	0	0	0	0	0	0	0	0	0	0	0	0	0	0	0	0	0	0	0	0	0	0	0	0	0	0	0	0	0	44	35	31	36	4	0	0	0	0	0	0	0	0	0	0	0	0	0	0	0	0	0	0	0	0	0	0	0	0	0	0	0	0	0	0	0	0	0	0	0	0	0	0	0	0	0	0	0	0	0	0	0
75.00003491366705	9471	1698	10	0	0	0	0	249	228	180	198	0	0	0	0	0	0	0	0	0	0	0	0	0	0	0	0	0	0	0	0	0	0	0	0	0	0	0	0	0	0	0	0	0	0	0	0	0	0	0	0	0	0	0	0	0	0	0	49	40	38	46	33	0	0	0	0	0	0	0	0	0	0	0	0	0	0	0	0	0	0	0	0	0	0	0	0	0	0	0	0	0	0	0	0	0	0	0	0	0	0	0	0	0	0	0	0	0	0	0
80.00001427472013	9368	1666	29	0	0	0	0	302	271	229	281	1	0	0	0	0	0	0	0	0	0	0	0	0	0	0	0	0	0	0	0	0	0	0	0	0	0	0	0	0	0	0	0	0	0	0	0	0	0	0	0	0	0	0	0	0	0	0	59	47	42	50	39	0	0	0	0	0	0	0	0	0	0	0	0	0	0	0	0	0	0	0	0	0	0	0	0	0	0	0	0	0	0	0	0	0	0	0	0	0	0	0	0	0	0	0	0	0	0	0
85.00040252317166	9229	1637	51	0	0	0	0	357	334	286	371	0	0	0	0	0	0	0	0	0	0	0	0	0	0	0	0	0	0	0	0	0	0	0	0	0	0	0	0	0	0	0	0	0	0	0	0	0	0	0	0	0	0	0	0	0	0	0	65	52	48	61	47	0	0	0	0	0	0	0	0	0	0	0	0	0	0	0	0	0	0	0	0	0	0	0	0	0	0	0	0	0	0	0	0	0	0	0	0	0	0	0	0	0	0	0	0	0	0	0
90.00020862220927	9115	1609	74	0	0	0	0	434	409	343	468	0	0	0	0	0	0	0	0	0	0	0	0	0	0	0	0	0	0	0	0	0	0	0	0	0	0	0	0	0	0	0	0	0	0	0	0	0	0	0	0	0	0	0	0	0	0	0	70	60	52	68	55	0	0	0	0	0	0	0	0	0	0	0	0	0	0	0	0	0	0	0	0	0	0	0	0	0	0	0	0	0	0	0	0	0	0	0	0	0	0	0	0	0	0	0	0	0	0	0
95.00001020630123	8997	1571	100	0	0	0	0	519	489	413	579	0	0	0	0	0	0	0	0	0	0	0	0	0	0	0	0	0	0	0	0	0	0	0	0	0	0	0	0	0	0	0	0	0	0	0	0	0	0	0	0	0	0	0	0	0	0	0	71	63	62	78	59	0	0	0	0	0	0	0	0	0	0	0	0	0	0	0	0	0	0	0	0	0	0	0	0	0	0	0	0	0	0	0	0	0	0	0	0	0	0	0	0	0	0	0	0	0	0	0
100.00052891132792	8822	1517	145	0	0	0	0	594	553	488	712	0	0	0	0	0	0	0	0	0	0	0	0	0	0	0	0	0	0	0	0	0	0	0	0	0	0	0	0	0	0	0	0	0	0	0	0	0	0	0	0	0	0	0	0	0	0	0	78	69	68	82	70	0	0	0	0	0	0	0	0	0	0	0	0	0	0	0	0	0	0	0	0	0	0	0	0	0	0	0	0	0	0	0	0	0	0	0	0	0	0	0	0	0	0	0	0	0	0	0
105.00000954457404	8691	1459	196	0	0	0	0	691	640	563	865	0	0	0	0	0	0	0	0	0	0	0	0	0	0	0	0	0	0	0	0	0	0	0	0	0	0	0	0	0	0	0	0	0	0	0	0	0	0	0	0	0	0	0	0	0	0	0	80	76	74	92	79	0	0	0	0	0	0	0	0	0	0	0	0	0	0	0	0	0	0	0	0	0	0	0	0	0	0	0	0	0	0	0	0	0	0	0	0	0	0	0	0	0	0	0	0	0	0	0
110.00017612484497	8522	1385	254	0	0	0	0	775	724	655	1040	0	0	0	0	0	0	0	0	0	0	0	0	0	0	0	0	0	0	0	0	0	0	0	0	0	0	0	0	0	0	0	0	0	0	0	0	0	0	0	0	0	0	0	0	0	0	0	82	79	77	96	85	0	0	0	0	0	0	0	0	0	0	0	0	0	0	0	0	0	0	0	0	0	0	0	0	0	0	0	0	0	0	0	0	0	0	0	0	0	0	0	0	0	0	0	0	0	0	0
115.0000319726931	8335	1320	315	0	0	0	0	870	801	749	1212	0	0	0	0	0	0	0	0	0	0	0	0	0	0	0	0	0	0	0	0	0	0	0	0	0	0	0	0	0	0	0	0	0	0	0	0	0	0	0	0	0	0	0	0	0	0	0	95	84	81	103	94	0	0	0	0	0	0	0	0	0	0	0	0	0	0	0	0	0	0	0	0	0	0	0	0	0	0	0	0	0	0	0	0	0	0	0	0	0	0	0	0	0	0	0	0	0	0	0
120.00000505355123	8129	1232	395	0	0	0	0	974	888	848	1412	1	0	0	0	0	0	0	0	0	0	0	0	0	0	0	0	0	0	0	0	0	0	0	0	0	0	0	0	0	0	0	0	0	0	0	0	0	0	0	0	0	0	0	0	0	0	0	102	94	83	106	103	0	0	0	0	0	0	0	0	0	0	0	0	0	0	0	0	0	0	0	0	0	0	0	0	0	0	0	0	0	0	0	0	0	0	0	0	0	0	0	0	0	0	0	0	0	0	0
125.0001424516807	7967	1129	493	0	0	0	0	1099	1012	950	1631	1	0	0	0	0	0	0	0	0	0	0	0	0	0	0	0	0	0	0	0	0	0	0	0	0	0	0	0	0	0	0	0	0	0	0	0	0	0	0	0	0	0	0	0	0	0	0	103	100	94	113	106	0	0	0	0	0	0	0	0	0	0	0	0	0	0	0	0	0	0	0	0	0	0	0	0	0	0	0	0	0	0	0	0	0	0	0	0	0	0	0	0	0	0	0	0	0	0	0
130.00015677913046	7721	1040	576	0	0	0	0	1218	1119	1056	1856	0	0	0	0	0	0	0	0	0	0	0	0	0	0	0	0	0	0	0	0	0	0	0	0	0	0	0	0	0	0	0	0	0	0	0	0	0	0	0	0	0	0	0	0	0	0	0	115	104	101	124	110	11	0	0	0	0	0	0	0	0	0	0	0	0	0	0	0	0	0	0	0	0	0	0	0	0	0	0	0	0	0	0	0	0	0	0	0	0	0	0	0	0	0	0	0	0	0	0
135.0002713330899	7489	933	671	0	0	3	0	1348	1241	1172	2090	0	0	0	0	0	0	0	0	0	0	0	0	0	0	0	0	0	0	0	0	0	0	0	0	0	0	0	0	0	0	0	0	0	0	0	0	0	0	0	0	0	0	0	0	0	0	0	121	115	105	129	116	86	0	0	0	0	0	0	0	0	0	0	0	0	0	0	0	0	0	0	0	0	0	0	0	0	0	0	0	0	0	0	0	0	0	0	0	0	0	0	0	0	0	0	0	0	0	0
140.00014586446244	7266	808	783	0	0	13	0	1475	1371	1308	2374	0	6	0	0	0	0	0	0	0	0	0	0	0	0	0	0	0	0	0	0	0	0	0	0	0	0	0	0	0	0	0	0	0	0	0	0	0	0	0	0	0	0	0	0	0	0	0	123	117	112	138	124	111	6	0	0	0	0	0	0	0	0	0	0	0	0	0	0	0	0	0	0	0	0	0	0	0	0	0	0	0	0	0	0	0	0	0	0	0	0	0	0	0	0	0	0	0	0	0
145.00005012375888	7060	679	905	0	0	30	0	1626	1495	1434	2678	0	18	1	0	0	0	0	0	0	0	0	0	0	0	0	0	0	0	0	0	0	0	0	0	0	0	0	0	0	0	0	0	0	0	0	0	0	0	0	0	0	0	0	0	0	0	0	125	120	119	145	132	122	18	5	0	0	0	0	0	0	0	0	0	0	0	0	0	0	0	0	0	0	0	0	0	0	0	0	0	0	0	0	0	0	0	0	0	0	0	0	0	0	0	0	0	0	0	0
150.0000401506351	6813	554	1022	0	0	52	0	1779	1625	1573	2966	0	47	8	0	0	0	0	0	0	0	0	0	0	0	0	0	0	0	0	0	0	0	0	0	0	0	0	0	0	0	0	0	0	0	0	0	0	0	0	0	0	0	0	0	0	0	0	127	125	122	150	137	129	21	15	0	0	0	0	0	0	0	0	0	0	0	0	0	0	0	0	0	0	0	0	0	0	0	0	0	0	0	0	0	0	0	0	0	0	0	0	0	0	0	0	0	0	0	0
155.00004475880772	6518	412	1160	0	0	82	0	1929	1758	1706	3278	1	79	27	0	0	0	0	0	0	0	0	0	0	0	0	0	0	0	0	0	0	0	0	0	0	0	0	0	0	0	0	0	0	0	0	0	0	0	0	0	0	0	0	0	0	0	0	131	127	125	160	144	135	28	26	0	0	0	0	0	0	0	0	0	0	0	0	0	0	0	0	0	0	0	0	0	0	0	0	0	0	0	0	0	0	0	0	0	0	0	0	0	0	0	0	0	0	0	0
160.0000150708445	6290	274	1291	0	0	132	0	2095	1904	1863	3594	2	113	58	0	0	0	0	0	0	0	0	0	0	0	0	0	0	0	0	0	0	0	0	0	0	0	0	0	0	0	0	0	0	0	0	0	0	0	0	0	0	0	0	0	0	0	0	155	134	127	162	153	139	40	34	0	0	0	0	0	0	0	0	0	0	0	0	0	0	0	0	0	0	0	0	0	0	0	0	0	0	0	0	0	0	0	0	0	0	0	0	0	0	0	0	0	0	0	0
165.00009692280102	5991	130	1430	0	0	191	0	2272	2062	2009	3922	6	150	98	0	0	0	0	0	0	0	0	0	0	0	0	0	0	0	0	0	0	0	0	0	0	0	0	0	0	0	0	0	0	0	0	0	0	0	0	0	0	0	0	0	0	0	0	162	152	130	164	161	148	44	42	0	0	0	0	0	0	0	0	0	0	0	0	0	0	0	0	0	0	0	0	0	0	0	0	0	0	0	0	0	0	0	0	0	0	0	0	0	0	0	0	0	0	0	0
170.00001973748311	5694	1	1561	0	0	254	0	2459	2244	2168	4233	31	207	144	1	0	0	0	0	0	0	0	0	0	0	0	0	0	0	0	0	0	0	0	0	0	0	0	0	0	0	0	0	0	0	0	0	0	0	0	0	0	0	0	0	0	0	0	167	155	140	168	162	160	52	44	13	0	0	0	0	0	0	0	0	0	0	0	0	0	0	0	0	0	0	0	0	0	0	0	0	0	0	0	0	0	0	0	0	0	0	0	0	0	0	0	0	0	0	0
175.00005213186782	5335	0	1562	0	0	323	0	2647	2443	2344	4443	185	284	195	16	1	1	0	0	0	0	0	0	0	0	0	0	0	0	0	0	0	0	0	0	0	0	0	0	0	0	0	0	0	0	0	0	0	0	0	0	0	0	0	0	0	0	0	174	165	152	186	170	168	65	51	46	2	1	2	1	0	0	0	0	0	0	0	0	0	0	0	0	0	0	0	0	0	0	0	0	0	0	0	0	0	0	0	0	0	0	0	0	0	0	0	0	0	0	0
180.00000296134274	4950	0	1562	0	1	395	0	2854	2640	2504	4683	359	374	259	37	5	3	2	0	3	0	0	0	0	0	0	0	0	0	0	0	0	0	0	0	0	0	0	0	0	0	0	0	0	0	0	0	0	0	0	0	0	0	0	0	0	0	0	179	170	162	197	173	176	84	67	55	3	1	3	4	3	3	3	0	0	0	0	0	0	0	0	0	0	0	0	0	0	0	0	0	0	0	0	0	0	0	0	0	0	0	0	0	0	0	0	0	0	0	0
185.00004057613805	4513	0	1559	0	7	484	0	3055	2838	2695	4924	513	478	350	78	12	13	5	0	9	0	0	0	0	0	0	0	0	0	0	0	0	0	0	0	0	0	0	0	0	0	0	0	0	0	0	0	0	0	0	0	0	0	0	0	0	0	0	189	185	171	206	181	186	98	92	68	8	8	10	8	7	4	7	2	3	0	0	0	0	0	0	0	0	0	0	0	0	0	0	0	0	0	0	0	0	0	0	0	0	0	0	0	0	0	0	0	0	0	0
190.00010810224148	3993	0	1543	0	15	570	0	3256	3048	2895	5169	713	586	467	116	31	25	21	5	26	0	0	1	0	0	0	0	0	0	0	0	0	0	0	0	0	0	0	0	0	0	0	0	0	0	0	0	0	0	0	0	0	0	0	0	0	0	0	191	187	181	215	192	192	106	103	87	19	12	16	14	17	14	12	8	9	6	3	0	0	0	0	0	0	0	0	0	0	0	0	0	0	0	0	0	0	0	0	0	0	0	0	0	0	0	0	0	0	0	0
195.0000002410653	3318	0	1518	0	37	656	2	3489	3284	3109	5424	899	706	595	172	64	51	37	14	53	0	7	4	3	0	2	0	0	0	0	0	0	0	0	0	0	0	0	0	0	0	0	0	0	0	0	0	0	0	0	0	0	0	0	0	0	0	0	191	189	187	225	206	195	115	109	96	27	24	25	29	24	22	29	25	18	9	13	4	0	0	0	0	0	0	0	0	0	0	0	0	0	0	0	0	0	0	0	0	0	0	0	0	0	0	0	0	0	0	0
200.00000232405586	2621	0	1485	0	64	757	8	3732	3501	3336	5707	1097	840	732	227	95	77	66	31	93	1	15	15	13	1	16	0	0	2	0	0	0	0	0	0	0	0	0	0	0	0	0	0	0	0	0	0	0	0	0	0	0	0	0	0	0	0	0	213	195	189	232	221	205	121	115	102	28	27	30	37	39	30	37	32	33	24	25	19	7	2	1	2	0	0	0	0	0	0	0	0	0	0	0	0	0	0	0	0	0	0	0	0	0	0	0	0	0	0	0
205.0000240661939	1695	0	1445	0	111	853	25	3963	3744	3561	5979	1296	979	860	301	126	117	103	55	146	2	31	53	38	1	37	0	3	7	1	0	0	0	0	0	0	0	0	0	0	0	0	0	0	0	0	0	0	0	0	0	0	0	0	0	0	0	0	223	215	193	235	226	210	140	120	133	29	28	43	49	47	43	51	44	39	37	45	35	20	17	17	10	0	0	0	0	0	0	0	0	0	0	0	0	0	0	0	0	0	0	0	0	0	0	0	0	0	0	0
210.00000964125093	811	0	1391	0	172	958	53	4196	4002	3795	6270	1498	1154	986	397	170	142	160	103	207	2	69	94	80	3	86	0	26	33	25	5	0	0	0	0	0	0	0	0	0	0	0	0	0	0	0	0	0	0	0	0	0	0	0	0	0	0	0	223	219	211	246	235	216	150	137	148	34	29	55	61	56	57	68	64	58	45	53	50	34	25	27	24	16	0	0	0	0	0	0	0	0	0	0	0	0	0	0	0	0	0	0	0	0	0	0	0	0	0	0
215.00001327329048	107	0	1342	0	229	1047	102	4430	4246	4050	6582	1699	1345	1152	514	209	188	218	152	275	3	116	147	117	1	145	0	61	64	57	27	0	0	0	0	0	0	0	0	0	0	0	0	0	0	0	0	0	0	0	0	0	0	0	0	0	0	0	225	224	218	264	238	221	159	151	163	39	34	59	76	69	67	80	76	68	62	71	58	44	35	38	37	38	4	1	1	0	0	0	0	0	0	0	0	0	0	0	0	0	0	0	0	0	0	0	0	0	0	0
220.00000529783543	26	0	1272	0	307	1138	145	4680	4483	4290	6880	1940	1503	1318	666	254	227	278	214	353	3	188	223	188	6	210	0	128	107	100	58	0	0	1	5	3	0	1	0	0	0	0	0	0	0	0	0	0	0	0	0	0	0	0	0	0	0	0	228	226	224	270	251	240	167	160	173	44	41	65	81	82	80	100	91	85	79	94	82	68	55	57	50	50	25	19	20	14	5	3	3	2	0	0	0	0	0	0	0	0	0	0	0	0	0	0	0	0	0	0
225.00000345607864	21	0	1201	0	384	1225	205	4933	4675	4486	7135	2194	1657	1479	809	290	263	332	307	432	7	267	324	282	5	309	0	205	165	156	100	0	20	12	15	15	0	2	0	0	0	0	0	0	0	0	0	0	0	0	0	0	0	0	0	0	0	0	231	229	227	272	258	249	180	169	175	52	45	76	93	94	85	109	105	102	91	111	101	90	83	89	67	66	45	40	40	36	22	11	10	8	6	4	2	0	0	0	0	0	0	0	0	0	0	0	0	0	0	0
230.0000003586044	14	0	1134	0	450	1298	267	5119	4862	4649	7335	2461	1789	1611	991	326	297	390	390	504	8	365	414	372	14	396	14	275	224	232	154	0	47	44	47	51	0	12	5	5	1	1	0	0	0	0	0	0	0	0	0	0	0	0	0	0	0	0	237	232	228	280	265	256	189	180	175	58	54	89	107	107	97	114	113	107	104	136	107	112	102	111	108	75	62	54	55	54	36	24	32	25	14	10	9	0	0	0	0	0	0	0	0	0	0	0	0	0	0	0
235.00000638756603	9	0	1078	0	508	1396	339	5298	5010	4806	7531	2712	1916	1733	1172	364	327	446	466	569	9	463	495	449	15	485	39	344	291	315	215	0	87	77	82	71	2	24	19	14	6	6	2	0	0	0	0	0	0	0	0	0	0	0	0	0	0	0	246	239	233	284	267	265	199	189	187	62	57	93	119	120	109	135	135	119	110	140	115	130	123	132	124	108	77	71	68	69	41	27	40	44	36	30	22	7	0	0	0	0	0	0	0	0	0	0	0	0	0	0
240.00002291527437	8	0	1006	0	583	1515	414	5438	5159	4946	7722	2971	2019	1843	1351	395	363	501	547	648	6	559	573	527	12	584	80	422	355	386	294	0	131	118	116	117	8	45	43	29	18	23	11	0	0	0	0	0	0	0	0	0	0	0	0	0	0	0	252	246	239	288	273	271	204	201	204	63	60	99	128	133	118	148	147	134	126	151	124	134	128	147	144	137	118	108	96	96	51	32	44	45	45	43	40	20	12	0	0	0	0	0	0	0	0	0	0	0	0	0
245.000002363222	4	0	947	0	642	1634	476	5576	5287	5093	7877	3201	2141	1951	1513	430	393	554	611	723	11	628	637	599	7	667	135	506	428	463	360	0	168	169	158	167	35	57	68	53	41	43	24	0	0	0	0	0	0	0	0	0	0	0	0	0	0	0	254	251	246	294	279	274	205	205	213	64	62	100	137	136	125	167	161	149	143	168	129	134	128	150	149	155	146	138	134	138	65	33	45	45	45	43	43	37	21	9	0	0	0	0	0	0	0	0	0	0	0	0
250.00000752391824	10	0	868	0	722	1777	551	5719	5415	5210	8040	3398	2253	2060	1646	462	419	594	691	776	6	723	716	678	10	759	196	605	495	543	444	4	234	220	228	224	71	82	85	72	63	64	49	0	0	0	0	0	0	0	0	0	0	0	0	0	0	0	268	257	251	305	282	275	206	206	219	64	62	105	143	144	133	170	170	166	156	187	145	151	140	154	150	168	161	153	153	156	94	76	76	64	48	45	45	42	28	19	6	0	0	0	0	0	0	0	0	0	0	0
255.00002473655456	3	0	822	0	766	1903	618	5841	5542	5322	8183	3583	2356	2152	1779	489	449	637	762	847	11	801	781	748	23	836	294	700	557	616	507	25	300	292	291	294	106	110	121	89	86	86	74	0	1	0	0	0	0	0	0	0	0	0	0	0	0	0	278	268	259	310	286	280	213	206	229	74	63	109	151	150	141	184	174	171	169	206	175	192	181	173	156	179	177	177	178	178	100	80	95	95	86	77	63	43	56	32	7	0	0	0	0	0	0	0	0	0	0	0
260.0000039619703	9	0	778	0	812	2060	708	5968	5663	5430	8326	3746	2448	2237	1889	525	473	685	827	902	24	886	872	830	15	928	368	795	635	692	593	81	378	374	377	374	152	154	157	119	107	105	91	0	9	0	2	0	0	0	0	0	0	0	0	0	0	0	288	279	268	319	290	281	216	209	240	76	64	111	155	155	149	188	187	185	178	210	186	226	224	228	201	184	181	179	180	180	132	113	125	112	99	99	95	48	64	71	10	4	1	0	0	0	0	0	0	0	0	0
265.0000059920621	10	0	704	0	889	2198	777	6088	5769	5540	8461	3888	2535	2327	2016	553	497	726	896	975	13	963	950	910	10	1025	452	886	727	762	647	126	445	452	447	444	203	189	202	159	138	137	114	3	22	2	5	0	0	0	0	0	0	0	0	0	0	0	290	288	279	333	300	288	218	215	247	82	78	127	164	162	158	198	195	188	185	228	202	237	233	237	228	195	189	186	181	183	134	118	138	136	134	125	110	78	81	90	15	7	8	4	0	0	0	0	0	0	0	0
270.0000039089334	4	0	653	0	943	2371	845	6211	5886	5643	8577	4014	2630	2416	2126	588	530	777	955	1040	25	1042	1019	981	19	1090	538	972	808	841	723	188	516	527	519	517	269	245	252	201	184	180	161	9	52	9	10	0	0	0	0	0	0	0	0	0	0	0	294	293	286	341	305	293	231	217	257	91	83	131	176	178	161	205	204	203	191	232	203	239	234	248	242	233	212	199	199	196	167	159	164	154	139	138	135	96	101	110	16	9	20	16	1	0	0	0	0	0	0	0
275.00000115257967	5	0	587	0	1003	2513	913	6315	5978	5756	8703	4173	2725	2474	2250	620	561	820	1020	1110	26	1131	1088	1049	15	1175	625	1065	885	929	809	256	582	595	592	582	329	302	305	263	224	219	210	25	80	17	15	0	3	0	0	0	0	0	0	0	0	0	295	294	290	348	311	298	239	228	259	95	86	141	189	189	177	220	206	205	204	256	204	249	246	277	265	265	261	247	239	239	193	196	221	197	181	168	152	118	124	136	22	15	31	26	4	0	0	0	0	0	0	0
280.0000069896464	5	0	529	0	1056	2654	978	6426	6079	5861	8830	4294	2800	2547	2364	651	581	873	1081	1158	30	1204	1165	1131	18	1243	713	1171	964	1018	891	332	668	669	664	652	391	369	370	309	273	275	256	50	99	31	23	0	12	4	0	0	0	0	0	0	0	0	302	296	294	354	321	303	246	235	261	95	87	141	198	194	188	238	229	221	208	258	206	252	246	283	280	285	283	273	272	274	224	211	242	238	227	221	195	139	159	179	32	17	45	41	16	0	0	0	0	0	0	0
285.0000002900199	4	0	480	0	1102	2743	1030	6517	6163	5947	8932	4436	2880	2631	2475	682	613	912	1152	1224	33	1285	1231	1195	29	1328	782	1259	1055	1093	985	424	749	749	735	742	444	424	444	370	327	328	301	73	131	66	30	0	20	9	0	0	0	0	0	0	0	0	306	305	294	358	326	317	261	246	265	101	99	153	200	200	192	249	249	239	231	276	212	254	248	283	283	311	294	287	285	285	269	262	272	254	239	240	238	147	180	211	39	22	54	48	26	0	0	0	0	0	0	0
290.0000018997549	6	0	426	0	1157	2846	1100	6628	6238	6034	9038	4533	2965	2691	2573	725	634	959	1219	1274	36	1364	1312	1269	20	1417	863	1333	1127	1180	1064	510	832	827	817	825	505	488	524	429	389	393	352	100	173	96	35	0	33	17	0	0	0	0	0	0	0	0	308	306	304	363	340	325	276	253	274	104	99	161	221	220	202	255	254	251	249	301	220	264	263	296	283	329	326	322	314	307	284	282	315	313	297	278	253	164	188	241	50	30	74	64	42	2	0	0	0	0	0	0
295.0000015134288	4	0	375	0	1209	2905	1173	6711	6318	6125	9147	4644	3040	2761	2667	747	675	993	1275	1328	45	1430	1375	1338	17	1504	943	1412	1210	1259	1141	593	912	920	895	894	569	553	604	496	448	465	416	125	222	138	40	0	50	36	0	0	0	0	0	0	0	0	310	309	306	372	347	333	294	271	277	110	102	161	229	227	213	274	261	255	254	313	227	269	264	302	300	334	335	333	330	327	306	295	326	318	315	315	311	170	200	245	52	35	81	75	49	11	2	0	0	0	0	0
300.00000202897706	3	0	335	0	1247	2969	1238	6787	6394	6190	9228	4772	3118	2828	2756	775	692	1034	1329	1380	53	1507	1431	1413	9	1587	1024	1478	1267	1344	1212	683	1002	1008	968	993	642	626	674	571	531	547	477	154	272	195	63	1	67	49	0	0	0	0	0	0	0	0	310	310	308	375	354	344	315	288	289	110	108	166	232	230	217	279	276	274	257	318	241	282	276	314	302	339	336	335	335	334	327	328	365	348	330	326	319	217	207	264	54	40	90	81	67	23	10	6	4	2	0	0
305.0000128847413	2	0	280	0	1302	3023	1281	6864	6458	6263	9322	4871	3186	2886	2850	802	713	1071	1382	1417	59	1573	1496	1473	20	1669	1114	1577	1334	1398	1288	745	1095	1083	1058	1061	726	701	751	641	617	619	546	200	336	245	76	3	81	69	0	0	0	1	0	0	0	0	310	310	310	377	357	355	331	302	302	117	116	174	246	241	222	281	281	280	279	338	250	298	281	316	313	356	354	347	342	339	335	334	381	380	370	367	349	292	226	274	59	43	97	94	79	34	25	21	13	9	0	0
310.00000648132703	4	0	251	0	1334	3053	1346	6932	6529	6323	9408	4980	3270	2973	2935	837	740	1123	1453	1467	82	1628	1551	1548	23	1744	1201	1670	1391	1473	1358	848	1172	1153	1119	1133	808	786	834	729	695	702	628	247	386	301	95	5	102	84	0	0	0	3	0	0	0	0	318	312	310	378	358	358	342	309	312	117	116	186	252	246	225	284	285	281	281	348	304	362	342	353	326	363	359	357	357	356	342	341	385	383	383	383	380	306	271	279	59	43	102	101	83	52	38	37	35	25	3	3
315.00000490566003	2	0	225	0	1366	3109	1399	7006	6597	6391	9495	5085	3354	3050	3027	860	764	1165	1493	1522	95	1693	1616	1615	17	1845	1291	1758	1457	1540	1433	939	1264	1239	1187	1203	875	852	910	821	781	787	698	292	436	358	105	10	131	104	0	0	0	10	8	0	0	0	327	321	312	378	363	360	348	329	322	118	116	188	257	247	234	293	293	289	285	349	337	403	393	418	396	385	378	373	366	363	356	356	412	397	394	387	384	338	284	326	61	58	121	103	94	64	65	49	43	42	13	16
320.0000032819007	4	0	172	0	1419	3182	1450	7069	6658	6468	9575	5164	3422	3128	3104	885	794	1195	1549	1568	91	1755	1671	1679	27	1927	1353	1844	1519	1612	1497	1034	1342	1318	1272	1297	965	924	978	904	862	867	773	346	500	424	123	13	147	126	5	0	0	20	12	3	0	1	336	329	320	384	366	362	354	331	340	118	116	193	262	252	236	302	302	291	293	362	340	405	403	450	440	397	387	381	380	380	367	362	418	416	414	412	396	345	320	353	72	59	133	130	102	72	80	74	66	62	35	37
325.00000196725586	1	0	165	0	1436	3261	1518	7144	6723	6535	9656	5247	3494	3194	3186	915	820	1240	1606	1609	116	1808	1728	1735	19	2002	1436	1933	1618	1701	1572	1131	1417	1383	1339	1379	1060	1002	1060	989	940	934	844	409	550	489	133	19	168	143	10	0	0	34	18	11	0	8	341	338	330	393	373	364	360	336	364	118	116	194	264	253	236	304	304	303	303	371	344	418	406	451	449	463	431	412	400	397	371	365	422	421	419	419	415	388	368	393	73	61	140	135	103	82	97	92	89	81	45	57
330.0000033408108	1	0	136	0	1463	3351	1575	7205	6786	6581	9724	5337	3556	3267	3266	935	839	1276	1656	1658	154	1876	1783	1808	18	2067	1514	2006	1697	1791	1639	1231	1500	1465	1411	1453	1139	1064	1148	1068	1024	997	920	479	623	546	147	28	202	167	16	0	1	45	32	20	0	16	352	345	337	405	375	370	368	350	370	118	116	194	278	276	252	307	307	304	304	380	354	422	418	467	465	505	484	475	465	461	402	394	456	446	428	423	421	404	423	458	83	71	150	144	126	91	123	117	109	101	66	76
335.0000060234219	3	0	107	0	1493	3415	1619	7269	6856	6643	9800	5398	3635	3321	3346	954	860	1316	1707	1696	181	1936	1834	1865	29	2145	1582	2077	1779	1860	1712	1321	1573	1543	1494	1530	1211	1136	1231	1144	1097	1070	997	547	703	625	160	35	226	199	25	0	4	66	44	36	0	26	356	354	344	413	377	376	381	364	377	121	117	196	285	285	273	340	322	309	306	382	358	427	421	472	466	517	516	516	511	501	441	435	486	473	458	455	443	419	451	498	91	72	169	159	137	103	133	132	129	124	89	110
340.0000053878374	0	0	108	0	1490	3488	1674	7326	6921	6709	9865	5477	3697	3380	3431	983	886	1350	1759	1737	218	1984	1898	1922	26	2195	1648	2146	1855	1958	1796	1401	1663	1620	1587	1603	1277	1202	1311	1230	1176	1144	1063	625	783	698	172	42	251	227	39	0	13	90	65	51	0	43	361	356	355	422	377	376	391	376	384	130	122	202	295	291	278	351	347	337	308	382	360	428	423	475	472	536	523	518	517	517	485	486	541	525	509	485	468	423	459	536	107	83	181	174	146	106	151	149	143	134	102	123
345.000000252955	1	0	101	0	1499	3506	1731	7381	6986	6780	9932	5553	3754	3437	3522	1006	905	1386	1812	1778	256	2042	1951	1974	17	2254	1714	2211	1920	2032	1876	1482	1755	1705	1669	1686	1346	1281	1392	1330	1256	1230	1141	679	859	775	185	55	281	248	50	0	23	107	95	69	0	64	369	365	356	430	377	380	397	386	392	136	123	204	300	291	279	357	353	354	332	390	367	437	433	476	475	540	538	537	536	536	514	517	600	582	564	544	525	448	495	543	111	92	193	185	163	113	172	170	162	152	116	141
350.0000065740468	1	0	71	0	1528	3554	1770	7443	7035	6831	10003	5606	3808	3507	3592	1026	929	1417	1860	1827	272	2099	1992	2023	27	2319	1787	2285	1984	2109	1953	1567	1841	1781	1745	1758	1426	1358	1485	1414	1340	1320	1212	758	951	852	204	69	311	270	72	0	36	129	116	93	1	81	374	369	365	431	391	385	412	397	403	157	153	233	308	295	281	359	357	357	355	430	371	445	436	483	477	550	547	543	543	542	531	526	608	604	603	599	577	487	505	590	113	97	201	196	174	130	180	181	181	175	123	154
355.00000927081936	0	0	74	0	1526	3576	1832	7492	7098	6898	10071	5687	3869	3572	3662	1052	954	1444	1897	1862	319	2153	2040	2072	17	2380	1857	2356	2041	2177	2028	1648	1916	1859	1814	1830	1499	1441	1577	1498	1417	1402	1282	837	1025	920	217	81	342	291	90	0	53	151	140	106	6	98	381	375	370	443	401	395	421	403	416	166	155	239	326	308	282	362	362	360	359	440	385	463	462	515	494	554	553	552	552	551	537	530	608	607	608	608	604	551	518	596	123	105	207	202	185	135	187	185	184	183	127	154
360.0000013613241	0	0	60	0	1550	3612	1857	7557	7150	6951	10148	5760	3927	3621	3732	1080	972	1466	1943	1915	347	2193	2104	2119	28	2446	1913	2428	2091	2251	2102	1751	1979	1951	1887	1904	1577	1510	1653	1587	1494	1492	1365	911	1116	996	230	91	370	317	108	0	72	180	156	131	15	124	387	380	374	447	408	412	438	412	436	169	159	246	343	341	343	380	362	362	362	450	396	470	464	520	517	561	558	555	554	553	550	546	628	618	613	609	607	588	564	608	123	107	214	213	195	151	211	209	203	189	132	154
365.0000299768847	1	0	58	0	1559	3602	1935	7603	7187	6991	10196	5826	3978	3684	3808	1111	990	1505	1990	1951	378	2247	2158	2176	10	2513	1970	2492	2144	2324	2167	1834	2074	2029	1957	1965	1666	1592	1739	1664	1565	1577	1450	989	1188	1095	238	111	394	349	127	2	101	210	182	153	24	145	388	387	377	452	422	425	460	421	451	174	170	253	352	353	345	430	427	395	364	455	398	470	464	520	517	580	566	562	561	560	555	551	642	637	635	632	618	604	660	649	125	112	214	214	202	166	214	213	212	212	156	175
370.0000009822996	3	0	49	0	1565	3714	1984	7660	7242	7027	10253	5886	4044	3730	3880	1129	1021	1542	2032	1997	405	2294	2206	2224	25	2580	2037	2554	2199	2384	2234	1932	2150	2111	2028	2036	1748	1661	1814	1736	1642	1662	1535	1056	1253	1169	254	125	427	381	150	5	126	240	209	177	37	165	391	388	382	455	431	430	475	454	460	175	173	264	365	366	347	439	439	434	404	474	399	470	464	520	520	604	605	596	587	579	562	556	650	650	646	644	637	604	699	755	143	117	220	214	214	181	249	243	236	214	196	233
375.00000092582246	2	0	43	0	1575	3822	2023	7711	7282	7064	10301	5943	4101	3781	3943	1148	1043	1585	2090	2028	442	2346	2261	2272	16	2630	2097	2623	2245	2463	2311	2025	2229	2181	2103	2103	1821	1739	1895	1816	1735	1747	1629	1126	1319	1246	270	139	453	408	169	9	153	273	248	201	51	190	395	389	382	459	434	430	485	471	466	182	175	265	375	372	357	442	441	440	439	514	446	524	510	549	521	608	607	607	607	607	585	574	676	672	663	653	650	609	700	807	167	119	226	226	214	186	256	259	251	249	212	264
380.00001164835703	0	0	51	0	1578	3880	2040	7770	7322	7115	10352	5991	4176	3830	4001	1168	1063	1620	2139	2064	476	2394	2316	2309	37	2679	2160	2680	2309	2533	2370	2123	2302	2245	2179	2179	1897	1804	1975	1898	1808	1814	1716	1190	1397	1342	286	154	490	435	195	18	182	299	274	225	71	226	400	394	388	459	436	437	496	483	482	184	175	265	375	376	364	460	449	443	441	537	460	543	535	576	553	613	614	613	612	612	593	580	683	680	678	675	671	625	704	817	171	140	230	229	214	188	273	270	267	259	227	267
385.0000004644611	1	0	43	0	1585	3853	2117	7812	7380	7163	10409	6063	4230	3888	4056	1195	1082	1653	2179	2115	500	2452	2374	2356	12	2737	2221	2732	2361	2599	2427	2220	2373	2312	2254	2254	1977	1879	2051	1983	1887	1877	1787	1266	1476	1439	312	167	518	468	219	30	208	324	304	255	99	258	401	400	395	468	444	443	506	495	496	190	189	282	376	377	364	462	462	462	456	542	465	544	539	595	593	628	617	617	616	614	599	586	699	696	693	683	681	628	710	825	174	158	271	261	227	188	277	277	277	274	236	275
390.00000982017394	0	0	45	0	1583	3863	2157	7865	7424	7197	10459	6112	4276	3961	4123	1225	1104	1692	2223	2154	552	2501	2430	2415	20	2787	2274	2781	2423	2665	2483	2312	2440	2370	2306	2319	2038	1936	2137	2069	1963	1967	1859	1346	1563	1539	333	183	549	490	241	43	237	354	338	289	127	286	405	401	401	476	448	448	511	503	504	192	189	282	395	392	380	462	462	462	462	562	518	600	583	621	601	656	644	639	634	628	603	591	712	709	704	702	697	642	710	834	175	164	286	278	229	188	278	279	278	276	266	306
395.0000002611577	1	0	28	0	1607	3933	2184	7923	7470	7240	10511	6184	4327	4012	4191	1242	1122	1723	2263	2199	570	2552	2480	2458	37	2849	2334	2852	2474	2733	2554	2397	2516	2430	2378	2387	2099	1995	2213	2152	2030	2040	1923	1412	1646	1648	351	200	584	523	271	64	258	388	363	316	152	318	415	409	401	481	452	457	524	510	529	201	190	283	398	394	380	477	477	468	462	567	540	621	616	657	640	697	681	665	659	654	619	596	713	711	711	712	709	676	734	840	176	167	290	288	257	188	280	280	280	279	277	338
400.00000114344186	2	0	30	0	1604	3919	2249	7965	7508	7279	10557	6229	4375	4070	4249	1260	1139	1753	2305	2239	618	2610	2534	2510	20	2908	2394	2903	2527	2812	2626	2487	2590	2502	2443	2459	2172	2051	2294	2225	2116	2114	1993	1497	1743	1757	368	221	618	552	304	77	291	419	394	337	183	350	423	418	408	485	459	461	538	511	563	225	214	295	399	398	398	480	477	477	477	576	565	653	645	683	675	705	700	700	698	696	638	620	733	724	712	713	712	690	780	863	177	168	297	296	278	205	282	282	282	280	278	346
405.00000026309334	1	0	27	0	1609	3959	2299	8016	7547	7329	10618	6289	4428	4108	4311	1276	1157	1783	2353	2277	648	2657	2583	2561	24	2974	2450	2974	2592	2889	2699	2575	2670	2586	2516	2539	2238	2105	2376	2296	2202	2184	2075	1591	1822	1866	389	235	646	583	337	91	314	453	433	378	215	383	428	423	419	492	460	464	549	524	572	227	218	312	429	427	416	501	501	486	478	589	567	658	653	711	699	744	730	717	714	711	643	623	749	745	744	737	722	703	798	922	189	174	301	300	288	217	291	287	285	283	280	351
410.00000174589576	0	0	38	0	1600	3965	2344	8060	7602	7383	10660	6335	4479	4166	4371	1297	1179	1814	2392	2317	697	2710	2625	2602	18	3040	2521	3051	2650	2962	2761	2668	2739	2682	2594	2607	2311	2179	2442	2380	2278	2241	2151	1685	1919	1977	407	260	677	605	357	110	341	469	473	400	238	419	432	430	424	502	460	468	558	545	575	227	218	313	432	432	432	536	518	503	502	612	569	658	654	714	716	785	772	758	754	748	670	662	766	752	750	751	747	705	819	943	200	178	315	313	297	232	310	311	311	292	282	355
415.0000231822453	3	0	37	0	1608	3974	2381	8108	7641	7429	10713	6382	4536	4231	4442	1326	1195	1849	2449	2361	735	2756	2688	2647	24	3110	2591	3114	2727	3043	2837	2756	2810	2760	2656	2658	2383	2255	2526	2442	2344	2314	2230	1761	1995	2080	422	272	711	631	385	124	380	497	505	427	267	457	437	436	430	507	471	472	560	555	581	236	234	318	435	433	433	547	543	542	526	626	572	662	654	716	716	810	796	784	783	786	748	738	855	833	795	775	752	714	832	965	203	189	326	316	301	251	341	332	322	311	285	362
420.00001208761165	0	0	30	0	1620	3973	2440	8162	7679	7465	10758	6446	4588	4287	4506	1353	1219	1876	2502	2407	765	2818	2745	2702	28	3166	2656	3185	2778	3120	2908	2827	2890	2837	2727	2735	2452	2322	2614	2531	2444	2404	2324	1845	2084	2173	442	290	752	673	412	146	410	529	533	450	298	490	438	439	436	516	479	477	560	560	593	241	235	332	456	450	437	549	547	548	547	658	572	663	661	720	716	826	824	821	816	814	760	752	886	883	868	856	826	718	833	984	209	198	343	336	314	277	359	351	347	341	301	375
425.0000115567445	2	0	23	0	1620	3977	2490	8207	7737	7498	10814	6490	4640	4338	4574	1378	1246	1906	2541	2438	802	2864	2791	2757	30	3232	2717	3253	2842	3185	2986	2889	2973	2893	2804	2823	2537	2393	2699	2624	2514	2470	2397	1934	2174	2275	460	303	784	693	434	161	447	567	560	484	332	532	444	440	439	520	483	484	566	565	594	241	235	332	460	454	441	553	551	551	548	666	591	678	661	725	725	831	831	830	828	829	767	754	890	889	888	888	882	767	836	990	212	202	353	347	316	285	380	371	370	361	319	407
430.0000070005537	1	0	28	0	1614	3975	2517	8244	7770	7534	10852	6523	4696	4393	4635	1401	1279	1937	2575	2476	860	2925	2848	2813	38	3290	2792	3333	2900	3252	3059	2967	3053	2962	2877	2902	2612	2460	2782	2716	2604	2546	2470	1999	2267	2373	481	321	819	729	455	182	466	599	583	513	361	565	451	448	440	523	492	490	570	565	602	241	235	332	462	462	453	557	555	554	553	676	659	762	755	789	739	832	832	832	832	832	782	772	912	900	892	892	889	811	856	994	214	209	355	354	337	300	398	397	397	380	347	439
435.0000016859563	1	0	20	0	1628	3961	2576	8291	7818	7583	10895	6569	4748	4435	4690	1435	1298	1968	2613	2519	886	2978	2911	2867	22	3347	2845	3416	2968	3312	3116	3040	3143	3043	2949	2999	2682	2528	2864	2788	2689	2622	2560	2089	2354	2471	496	337	853	757	481	203	495	646	621	554	392	596	456	453	448	526	496	499	577	568	611	248	237	332	467	467	465	581	565	560	555	687	667	765	762	833	826	845	840	833	833	833	784	775	922	922	917	912	899	822	878	1011	214	212	366	360	349	303	423	417	413	399	360	454
440.00000590127894	0	0	28	0	1629	3983	2603	8329	7859	7623	10949	6621	4784	4480	4755	1459	1319	1996	2644	2564	925	3026	2953	2913	39	3414	2901	3486	3040	3386	3171	3115	3218	3109	3033	3082	2761	2593	2955	2869	2774	2700	2630	2170	2431	2562	510	354	887	795	514	223	520	673	658	579	422	636	457	457	454	534	507	504	588	575	627	261	253	336	468	468	465	587	586	585	562	692	677	778	773	838	834	862	847	846	846	846	796	790	931	927	926	922	922	857	879	1042	220	214	376	374	354	316	442	440	439	428	385	470
445.00000654824373	0	0	23	0	1639	3989	2649	8376	7886	7667	10992	6671	4845	4532	4829	1480	1339	2030	2673	2594	956	3083	3013	2969	30	3473	2943	3565	3102	3466	3241	3189	3298	3182	3104	3150	2829	2656	3047	2957	2842	2792	2700	2252	2511	2672	523	373	915	831	544	244	557	708	699	616	458	682	461	460	457	540	510	510	596	583	648	262	258	355	487	479	467	588	588	588	580	714	684	784	774	847	846	944	920	886	875	866	844	841	978	961	943	935	927	911	945	1043	224	215	386	383	360	325	451	450	450	440	396	502
450.00000047763695	2	0	22	0	1647	4026	2704	8428	7931	7697	11029	6716	4897	4591	4883	1505	1366	2056	2715	2625	990	3130	3066	3021	32	3537	2999	3628	3163	3538	3307	3272	3350	3248	3180	3226	2912	2729	3118	3027	2913	2884	2769	2318	2594	2757	539	392	946	862	572	269	592	746	740	652	487	727	463	463	460	544	521	520	600	584	662	265	259	357	488	479	467	590	588	588	580	715	684	786	780	854	854	959	957	956	951	946	865	849	998	998	990	978	959	925	1036	1112	225	216	388	387	373	333	469	469	459	450	427	537
455.00000476811914	2	0	19	0	1643	4090	2775	8477	7966	7724	11068	6770	4950	4644	4938	1528	1386	2084	2765	2677	1028	3167	3110	3080	27	3591	3050	3695	3221	3618	3380	3360	3423	3332	3250	3297	2993	2791	3205	3102	2984	2942	2863	2393	2680	2852	561	406	981	899	602	291	627	788	769	686	518	769	471	465	462	547	523	529	620	587	670	284	263	357	489	480	470	592	591	590	589	726	684	786	780	854	854	975	974	964	962	962	922	912	1036	1015	999	998	998	930	1070	1206	239	224	401	388	383	348	479	475	472	469	428	541
460.0000213168111	2	0	9	0	1655	4092	2833	8514	8006	7758	11117	6809	5002	4691	5000	1545	1406	2107	2801	2714	1067	3220	3164	3135	28	3643	3112	3762	3292	3672	3454	3445	3503	3424	3339	3385	3072	2846	3290	3181	3056	3021	2931	2475	2750	2940	577	422	1017	936	626	316	668	825	797	724	548	796	474	474	467	551	525	533	637	606	670	285	263	357	498	497	499	609	594	592	591	732	706	809	796	859	854	983	979	974	976	976	963	961	1116	1103	1074	1040	1013	935	1072	1252	254	224	409	402	388	352	479	479	479	479	431	545
465.0000004262098	2	0	18	0	1642	4079	2874	8558	8042	7792	11157	6856	5046	4740	5050	1572	1419	2144	2854	2750	1118	3278	3216	3172	35	3708	3179	3829	3365	3735	3527	3515	3575	3519	3428	3467	3139	2908	3363	3266	3146	3105	3006	2552	2828	3033	589	450	1050	962	662	338	706	861	830	768	581	848	475	475	474	556	528	544	644	626	676	290	273	369	506	501	499	630	628	615	595	734	708	814	802	859	854	983	983	982	983	983	972	964	1123	1123	1121	1118	1098	937	1080	1260	259	237	412	410	388	353	506	504	492	480	436	545
470.0000039044823	0	0	22	0	1639	4078	2929	8592	8085	7832	11197	6903	5104	4783	5110	1593	1441	2171	2887	2786	1158	3318	3260	3221	25	3764	3245	3885	3422	3796	3584	3610	3650	3600	3500	3549	3201	2992	3445	3357	3220	3180	3099	2622	2911	3125	613	472	1079	989	688	368	746	896	867	800	605	887	485	475	475	560	537	549	653	639	689	301	287	371	512	512	512	638	633	625	596	737	710	817	810	873	854	985	985	985	985	983	972	964	1123	1123	1123	1122	1118	942	1080	1277	260	242	421	419	402	360	508	509	509	507	452	572
475.0000007567008	0	0	17	0	1636	4056	2978	8633	8121	7874	11243	6948	5147	4830	5162	1615	1464	2204	2934	2818	1200	3366	3307	3272	39	3831	3324	3954	3483	3867	3634	3682	3723	3672	3568	3631	3259	3058	3529	3437	3313	3263	3185	2710	2997	3212	631	493	1110	1021	725	397	783	937	901	839	636	930	499	487	475	561	542	554	660	645	689	302	294	393	531	526	514	648	648	646	627	752	711	820	815	891	886	987	987	986	985	985	973	967	1130	1130	1123	1123	1118	967	1087	1277	262	248	433	424	410	371	513	514	510	510	459	580
480.00000473511363	2	0	14	0	1635	4032	3034	8675	8159	7914	11284	6986	5182	4887	5214	1636	1492	2234	2974	2856	1244	3422	3345	3316	31	3883	3382	4028	3552	3924	3691	3776	3792	3732	3631	3702	3335	3128	3611	3514	3413	3342	3279	2798	3073	3294	646	509	1143	1056	764	423	825	982	942	879	665	972	503	503	488	567	545	563	664	646	690	302	294	394	539	539	533	649	649	649	647	792	722	840	836	900	891	988	987	987	987	987	985	984	1151	1142	1131	1130	1125	980	1088	1285	262	259	455	438	420	371	520	520	517	514	508	637
485.00000958280583	0	0	25	0	1620	4068	3081	8709	8196	7948	11323	7026	5228	4935	5270	1663	1509	2255	3011	2891	1301	3477	3396	3358	37	3930	3441	4099	3613	3990	3746	3847	3853	3808	3697	3770	3404	3189	3698	3597	3502	3417	3381	2869	3152	3389	664	523	1170	1087	797	448	869	1026	979	919	700	1021	514	508	503	584	549	575	666	651	697	305	295	396	539	539	539	675	670	657	649	800	728	842	836	915	907	1020	1012	1002	996	991	987	987	1156	1157	1154	1151	1125	980	1090	1289	265	261	462	459	424	375	534	535	535	523	511	657
490.0000058568682	1	0	16	0	1635	4043	3103	8736	8240	7984	11358	7066	5270	4970	5322	1690	1542	2280	3052	2920	1326	3525	3447	3408	39	3981	3489	4190	3676	4048	3809	3928	3921	3891	3765	3834	3473	3268	3783	3678	3582	3509	3487	2954	3255	3501	683	540	1200	1119	823	469	919	1065	1020	956	734	1057	517	515	507	589	551	581	678	661	713	309	300	396	542	542	541	680	679	679	670	809	744	852	837	915	915	1031	1032	1024	1022	1021	997	993	1171	1167	1159	1155	1129	980	1090	1291	265	262	472	466	439	387	541	540	537	535	515	657
495.0000057228904	1	0	23	0	1636	4025	3144	8781	8270	8035	11395	7100	5322	5022	5369	1712	1559	2310	3089	2958	1361	3583	3501	3454	41	4045	3544	4265	3741	4121	3887	3990	3997	3975	3827	3914	3544	3327	3871	3764	3661	3595	3550	3016	3337	3591	695	553	1238	1150	856	490	959	1095	1061	991	775	1109	525	517	515	597	560	583	689	673	735	320	316	423	561	553	544	687	681	680	679	834	796	937	918	958	915	1050	1039	1035	1035	1034	1000	993	1178	1176	1175	1172	1163	1021	1093	1294	265	265	474	474	460	388	553	551	550	541	523	660
500.0000005750767	1	0	19	0	1652	4016	3178	8805	8305	8068	11439	7141	5363	5084	5417	1736	1587	2341	3127	2984	1375	3632	3552	3497	35	4099	3602	4329	3803	4175	3948	4078	4067	4054	3896	3983	3614	3391	3962	3843	3772	3673	3633	3094	3425	3674	720	578	1283	1181	886	523	993	1134	1097	1022	823	1157	528	525	517	600	562	586	703	688	754	322	316	426	575	575	573	691	688	688	683	835	807	946	941	1021	1009	1061	1062	1062	1060	1052	1020	1016	1190	1182	1181	1180	1177	1048	1104	1294	265	265	478	474	468	422	570	568	559	552	531	660
505.0000053558428	1	0	11	0	1659	4024	3213	8840	8339	8115	11478	7181	5416	5145	5476	1757	1600	2373	3167	3031	1403	3685	3607	3553	38	4162	3656	4396	3872	4247	4017	4168	4139	4123	3967	4062	3689	3459	4037	3924	3849	3758	3727	3172	3519	3760	742	599	1311	1214	917	555	1040	1174	1130	1069	861	1210	536	529	525	609	563	588	707	696	764	322	316	426	576	577	575	719	718	704	687	845	813	948	942	1025	1022	1063	1063	1063	1063	1063	1053	1043	1236	1229	1211	1195	1182	1079	1184	1303	265	265	485	481	474	424	584	577	572	571	538	676
510.00000030614416	1	0	23	0	1643	4036	3268	8885	8373	8145	11523	7219	5461	5195	5532	1780	1622	2404	3212	3065	1471	3743	3657	3599	35	4229	3726	4453	3938	4315	4084	4253	4205	4177	4035	4138	3749	3532	4113	4004	3932	3830	3789	3250	3613	3846	755	620	1343	1246	959	592	1088	1217	1173	1110	910	1251	539	539	529	611	571	589	709	707	766	328	317	426	579	579	577	722	721	720	717	866	832	973	959	1029	1026	1157	1123	1094	1078	1066	1063	1063	1264	1253	1236	1235	1227	1120	1231	1382	269	265	489	486	474	441	613	614	613	585	555	686
515.0000030056649	1	0	15	0	1654	4077	3309	8920	8421	8188	11572	7270	5506	5250	5588	1795	1643	2435	3243	3113	1499	3795	3700	3654	33	4281	3781	4516	3991	4378	4147	4338	4282	4242	4125	4207	3811	3595	4197	4101	4013	3921	3861	3335	3699	3943	769	641	1374	1275	986	620	1140	1266	1207	1139	952	1296	542	540	539	620	585	589	709	708	776	328	317	426	582	582	582	728	728	724	721	879	844	987	981	1069	1059	1175	1171	1164	1158	1153	1080	1071	1268	1268	1267	1266	1250	1128	1283	1426	283	265	496	492	483	452	624	619	616	613	571	723
520.0000060951196	0	0	18	0	1658	4115	3349	8965	8455	8226	11605	7292	5570	5298	5645	1814	1668	2462	3289	3152	1535	3851	3746	3697	38	4335	3834	4574	4061	4435	4226	4409	4351	4320	4202	4289	3879	3666	4272	4194	4093	4005	3945	3435	3787	4017	791	662	1410	1315	1018	648	1180	1305	1254	1181	989	1340	546	545	541	626	591	589	709	709	786	347	343	438	582	582	582	732	730	730	727	881	853	994	990	1081	1072	1180	1178	1174	1174	1174	1152	1144	1337	1312	1280	1270	1267	1172	1299	1485	292	266	496	496	488	456	639	638	636	623	589	741
525.0000015510584	0	0	16	0	1657	4096	3420	9003	8491	8265	11642	7335	5619	5340	5695	1838	1693	2496	3330	3200	1574	3895	3786	3744	33	4391	3885	4625	4129	4516	4296	4488	4425	4406	4273	4360	3948	3738	4341	4266	4173	4081	4013	3507	3873	4094	819	685	1441	1351	1042	686	1219	1344	1289	1225	1022	1397	547	546	545	627	599	592	710	710	799	354	344	454	611	607	584	734	733	733	732	890	876	1018	1001	1083	1081	1213	1195	1185	1183	1179	1153	1147	1357	1354	1353	1342	1308	1234	1336	1507	306	279	503	498	493	456	653	653	648	638	610	770
530.0000007417026	1	0	13	0	1666	4081	3491	9047	8523	8296	11675	7375	5666	5399	5755	1854	1718	2519	3376	3236	1605	3939	3847	3789	29	4442	3954	4686	4191	4595	4360	4573	4486	4478	4357	4427	4010	3814	4421	4346	4266	4148	4093	3602	3955	4179	840	701	1479	1387	1087	717	1251	1392	1331	1274	1057	1455	551	548	546	631	605	598	722	711	811	373	372	476	615	615	614	748	735	734	734	898	886	1031	1025	1118	1105	1228	1225	1226	1221	1214	1155	1148	1364	1362	1361	1360	1353	1267	1397	1554	310	284	513	511	496	478	659	659	658	653	629	782
535.0000054768017	1	0	16	0	1666	4092	3530	9075	8558	8335	11713	7420	5719	5448	5814	1877	1747	2567	3425	3279	1638	3992	3899	3849	42	4498	4021	4749	4258	4652	4442	4639	4563	4538	4433	4510	4073	3881	4519	4435	4347	4232	4171	3679	4046	4259	852	724	1502	1416	1122	752	1290	1438	1369	1316	1095	1514	553	551	549	632	611	605	730	714	836	378	374	486	644	634	623	775	774	758	739	900	893	1040	1033	1128	1120	1236	1238	1238	1234	1232	1173	1154	1365	1365	1365	1364	1361	1285	1442	1611	317	300	540	526	499	485	672	665	663	659	647	810
540.0000015544051	1	0	13	0	1664	4137	3581	9106	8586	8368	11743	7453	5769	5483	5868	1892	1775	2593	3458	3317	1681	4038	3935	3887	30	4559	4077	4828	4315	4720	4504	4696	4645	4614	4493	4581	4137	3945	4609	4511	4430	4325	4244	3763	4124	4366	871	750	1535	1444	1157	789	1326	1477	1412	1360	1132	1553	556	554	551	637	613	611	735	729	844	380	374	493	652	642	626	782	781	777	773	929	900	1060	1054	1134	1132	1262	1249	1241	1239	1238	1204	1190	1375	1365	1365	1365	1365	1305	1460	1666	330	301	545	543	511	488	699	694	692	673	652	823
545.0000270597997	0	0	18	0	1659	4136	3610	9137	8619	8395	11779	7502	5820	5522	5915	1913	1796	2633	3489	3353	1722	4087	3991	3935	40	4620	4125	4898	4380	4795	4570	4782	4730	4690	4566	4658	4203	4005	4699	4599	4527	4417	4326	3851	4202	4459	888	765	1561	1468	1187	819	1367	1524	1451	1400	1166	1600	559	556	554	639	622	615	739	735	849	380	374	493	662	661	654	796	782	782	781	958	901	1063	1061	1150	1138	1284	1281	1278	1270	1264	1231	1224	1441	1440	1404	1383	1365	1337	1472	1686	335	306	556	549	526	490	705	705	705	698	662	829
550.0000014188471	0	0	15	0	1659	4150	3650	9167	8652	8425	11816	7547	5867	5561	5970	1941	1824	2655	3531	3399	1760	4123	4035	3976	49	4672	4194	4970	4460	4857	4649	4870	4799	4758	4627	4731	4306	4075	4794	4686	4606	4491	4409	3924	4277	4568	906	779	1587	1503	1220	843	1424	1564	1493	1444	1209	1648	561	561	556	640	626	620	746	737	854	385	374	493	665	665	660	822	813	805	788	962	917	1075	1065	1164	1156	1298	1294	1293	1290	1285	1241	1228	1444	1442	1442	1441	1428	1358	1477	1707	335	313	556	556	544	491	710	706	706	705	688	850
555.000001474033	0	0	9	0	1663	4136	3701	9211	8690	8458	11860	7571	5906	5614	6031	1963	1848	2682	3578	3440	1799	4173	4076	4021	48	4717	4256	5041	4514	4921	4712	4958	4870	4830	4701	4824	4381	4145	4878	4793	4686	4564	4488	4012	4369	4675	927	804	1615	1544	1246	870	1461	1602	1533	1485	1243	1691	565	561	561	643	627	626	750	739	858	400	396	516	672	668	665	832	824	822	815	991	935	1094	1091	1192	1173	1305	1301	1299	1299	1298	1250	1230	1444	1444	1444	1444	1443	1380	1494	1716	336	315	563	561	547	496	719	719	718	711	696	873
560.0000261805535	0	0	10	0	1659	4128	3743	9248	8725	8483	11904	7624	5941	5664	6086	1985	1872	2714	3619	3479	1839	4219	4126	4067	49	4772	4330	5094	4568	4986	4789	5036	4934	4894	4773	4893	4447	4216	4962	4872	4778	4647	4561	4100	4447	4791	946	830	1651	1576	1276	894	1487	1647	1586	1535	1276	1741	565	565	562	647	632	630	762	745	864	410	401	517	689	690	690	836	832	832	832	1004	937	1096	1091	1193	1191	1326	1318	1309	1308	1305	1276	1265	1466	1455	1444	1444	1444	1390	1566	1736	338	334	588	566	556	506	720	719	719	719	697	884
565.0000005604271	0	0	14	0	1650	4124	3818	9290	8762	8519	11934	7659	5983	5711	6151	2010	1895	2756	3662	3517	1899	4274	4180	4109	33	4821	4384	5177	4628	5056	4853	5121	5005	4961	4835	4966	4535	4281	5051	4947	4870	4728	4631	4174	4539	4903	963	851	1685	1611	1307	920	1530	1685	1630	1583	1315	1795	568	567	565	648	635	636	775	753	876	412	401	521	693	694	692	858	858	843	832	1016	963	1128	1114	1200	1193	1348	1337	1332	1331	1327	1292	1280	1500	1501	1487	1468	1452	1390	1584	1816	347	335	602	600	560	511	741	731	726	722	719	912
570.0000060524509	1	0	9	0	1655	4142	3859	9322	8798	8550	11973	7706	6024	5762	6212	2028	1920	2783	3703	3552	1943	4315	4225	4159	47	4880	4440	5239	4685	5127	4916	5195	5070	5039	4907	5033	4614	4366	5141	5024	4940	4821	4712	4265	4609	4990	990	870	1724	1646	1341	946	1571	1719	1676	1618	1361	1844	578	570	566	652	639	649	787	767	883	412	401	521	694	694	692	862	859	859	848	1017	991	1155	1141	1235	1223	1371	1367	1363	1354	1349	1297	1283	1504	1503	1500	1501	1500	1413	1589	1843	364	338	602	602	565	511	743	742	743	742	719	927
575.0000162789383	0	0	12	0	1654	4120	3902	9364	8834	8581	12012	7738	6068	5802	6279	2042	1936	2815	3740	3596	1971	4370	4270	4211	46	4938	4501	5304	4741	5213	4988	5280	5139	5119	4978	5093	4701	4439	5211	5120	5010	4926	4797	4340	4688	5085	1008	885	1759	1677	1363	962	1606	1761	1727	1657	1397	1891	582	577	569	655	640	660	800	781	884	420	403	521	695	695	693	867	864	863	862	1044	1012	1180	1166	1248	1241	1374	1373	1372	1372	1370	1335	1325	1530	1520	1504	1504	1503	1451	1597	1851	367	344	602	602	601	544	743	742	743	743	727	932
580.0000024750361	1	0	11	0	1651	4102	3963	9391	8866	8611	12052	7772	6114	5853	6334	2071	1949	2850	3783	3628	2008	4420	4316	4248	50	5005	4548	5367	4818	5282	5044	5374	5213	5190	5045	5179	4785	4511	5304	5191	5092	5000	4881	4424	4782	5177	1020	910	1794	1713	1385	987	1650	1791	1759	1704	1445	1943	586	582	578	662	640	663	812	797	884	424	415	535	695	695	693	869	868	868	866	1047	1017	1188	1184	1278	1255	1401	1387	1379	1377	1373	1339	1327	1550	1551	1544	1533	1517	1451	1599	1868	367	348	602	602	602	556	759	751	743	743	743	947
585.0000010624568	1	0	8	0	1652	4100	4004	9432	8907	8644	12089	7808	6148	5893	6395	2093	1967	2868	3815	3670	2044	4468	4358	4301	41	5062	4612	5420	4873	5352	5110	5458	5303	5267	5118	5255	4858	4588	5394	5278	5176	5076	4984	4501	4860	5282	1035	928	1816	1744	1416	1022	1686	1825	1795	1756	1492	1990	590	589	582	667	643	677	827	808	889	426	415	535	711	708	694	870	868	869	869	1056	1018	1189	1187	1295	1291	1423	1422	1417	1411	1400	1374	1367	1586	1572	1553	1551	1548	1465	1633	1872	369	356	613	602	602	558	798	796	777	760	743	955
590.0000086636254	0	0	7	0	1656	4104	4046	9462	8948	8687	12120	7845	6193	5934	6449	2104	1991	2902	3863	3714	2077	4516	4405	4349	47	5117	4666	5480	4930	5418	5167	5518	5379	5361	5198	5332	4938	4669	5490	5367	5261	5158	5072	4583	4960	5392	1055	939	1850	1776	1449	1051	1734	1871	1837	1800	1518	2039	590	590	589	670	649	683	838	822	898	428	419	535	711	708	694	870	870	870	869	1062	1024	1191	1187	1296	1294	1441	1432	1426	1424	1423	1385	1379	1603	1601	1602	1587	1569	1470	1681	1900	370	365	613	614	602	568	801	801	800	801	743	955
595.000002607713	0	0	10	0	1660	4102	4099	9500	8979	8709	12166	7891	6217	5986	6514	2125	2015	2925	3894	3745	2108	4557	4458	4411	41	5174	4720	5530	4999	5483	5246	5593	5441	5432	5273	5409	5023	4736	5580	5467	5341	5233	5160	4659	5051	5492	1080	955	1889	1806	1474	1084	1789	1907	1875	1840	1552	2083	591	590	590	678	651	685	848	835	915	444	439	564	724	720	709	871	870	870	870	1064	1028	1193	1187	1296	1295	1477	1469	1455	1448	1442	1423	1415	1650	1636	1620	1607	1603	1472	1686	1949	376	368	629	629	602	568	806	803	803	801	753	955
600.0000155453304	0	0	11	0	1668	4097	4143	9526	9010	8733	12196	7929	6271	6025	6570	2146	2050	2952	3924	3781	2143	4588	4513	4451	37	5244	4769	5598	5065	5557	5310	5691	5524	5513	5352	5486	5087	4805	5657	5560	5439	5319	5237	4749	5147	5581	1100	977	1927	1835	1507	1120	1824	1948	1917	1895	1576	2146	595	592	590	678	654	685	851	847	937	454	447	564	743	741	719	889	889	878	870	1064	1028	1194	1187	1296	1295	1482	1481	1480	1478	1477	1444	1438	1674	1659	1652	1651	1633	1473	1686	1964	384	369	637	629	614	580	812	812	812	807	763	965
