>time	Ribosome	coli Pol	coli Pol-P	coli Pol-2.0	coli Pol-P-2.0	gp1	gp1-3.5	gp0.3	gp0.4	gp0.5	gp0.6A	gp0.7	gp1.1	gp1.2	gp1.3	gp1.4	gp1.5	gp1.6	gp1.7	gp1.8	gp2.0	gp2.5	gp2.8	gp3.0	gp3.5	gp3.8	gp4A	gp4.2	gp4.3	gp4.5	gp4.7	gp5.0	gp5.3	gp5.5	gp5.7	gp5.9	gp6.0	gp6.3	gp6.5	gp6.7	gp7	gp7.3	gp7.7	gp8	gp9	gp10A	gp11	gp12	gp13	gp14	gp15	gp16	gp17	gp17.5	gp18	gp18.5	gp19	gp19.5
0.004893066236696704	0	0	0	0	0	0	0	0	0	0	0	0	0	0	0	0	0	0	0	0	0	0	0	0	0	0	0	0	0	0	0	0	0	0	0	0	0	0	0	0	0	0	0	0	0	0	0	0	0	0	0	0	0	0	0	0	0	0
5.0071113223299735	0	0	0	0	0	0	0	0	0	0	0	0	0	0	0	0	0	0	0	0	0	0	0	0	0	0	0	0	0	0	0	0	0	0	0	0	0	0	0	0	0	0	0	0	0	0	0	0	0	0	0	0	0	0	0	0	0	0
10.002880199782494	0	0	0	0	0	0	0	0	0	0	0	0	0	0	0	0	0	0	0	0	0	0	0	0	0	0	0	0	0	0	0	0	0	0	0	0	0	0	0	0	0	0	0	0	0	0	0	0	0	0	0	0	0	0	0	0	0	0
15.0007302138802	0	0	0	0	0	0	0	0	0	0	0	0	0	0	0	0	0	0	0	0	0	0	0	0	0	0	0	0	0	0	0	0	0	0	0	0	0	0	0	0	0	0	0	0	0	0	0	0	0	0	0	0	0	0	0	0	0	0
20.001929368972313	0	0	0	0	0	0	0	0	0	0	0	0	0	0	0	0	0	0	0	0	0	0	0	0	0	0	0	0	0	0	0	0	0	0	0	0	0	0	0	0	0	0	0	0	0	0	0	0	0	0	0	0	0	0	0	0	0	0
25.001064878544508	0	0	0	0	0	0	0	0	0	0	0	0	0	0	0	0	0	0	0	0	0	0	0	0	0	0	0	0	0	0	0	0	0	0	0	0	0	0	0	0	0	0	0	0	0	0	0	0	0	0	0	0	0	0	0	0	0	0
30.000119914595608	0	0	0	0	0	0	0	468	52	0	0	0	0	0	0	0	0	0	0	0	0	0	0	0	0	0	0	0	0	0	0	0	0	0	0	0	0	0	0	0	0	0	0	0	0	0	0	0	0	0	0	0	0	0	0	0	0	0
35.00023519164015	0	0	0	0	0	0	0	1638	260	56	0	0	0	0	0	0	0	0	0	0	0	0	0	0	0	0	0	0	0	0	0	0	0	0	0	0	0	0	0	0	0	0	0	0	0	0	0	0	0	0	0	0	0	0	0	0	0	0
40.00057362542788	0	0	0	0	0	0	0	3510	1040	336	53	0	0	0	0	0	0	0	0	0	0	0	0	0	0	0	0	0	0	0	0	0	0	0	0	0	0	0	0	0	0	0	0	0	0	0	0	0	0	0	0	0	0	0	0	0	0	0
45.000159390082295	0	0	0	0	0	0	0	6669	2288	952	371	0	0	0	0	0	0	0	0	0	0	0	0	0	0	0	0	0	0	0	0	0	0	0	0	0	0	0	0	0	0	0	0	0	0	0	0	0	0	0	0	0	0	0	0	0	0	0
50.000208564631635	0	0	0	0	0	0	0	11115	3692	2128	1696	0	0	0	0	0	0	0	0	0	0	0	0	0	0	0	0	0	0	0	0	0	0	0	0	0	0	0	0	0	0	0	0	0	0	0	0	0	0	0	0	0	0	0	0	0	0	0
55.00114979761092	0	0	0	0	0	0	0	15210	5564	4144	2915	0	0	0	0	0	0	0	0	0	0	0	0	0	0	0	0	0	0	0	0	0	0	0	0	0	0	0	0	0	0	0	0	0	0	0	0	0	0	0	0	0	0	0	0	0	0	0
60.00029522604583	0	0	0	0	0	0	0	19539	7280	6216	4823	0	0	0	0	0	0	0	0	0	0	0	0	0	0	0	0	0	0	0	0	0	0	0	0	0	0	0	0	0	0	0	0	0	0	0	0	0	0	0	0	0	0	0	0	0	0	0
65.00032736698974	0	0	0	0	0	0	0	25272	10244	8680	7049	0	0	0	0	0	0	0	0	0	0	0	0	0	0	0	0	0	0	0	0	0	0	0	0	0	0	0	0	0	0	0	0	0	0	0	0	0	0	0	0	0	0	0	0	0	0	0
70.00058916986363	0	0	0	0	0	0	0	32526	13468	11704	9487	1436	0	0	0	0	0	0	0	0	0	0	0	0	0	0	0	0	0	0	0	0	0	0	0	0	0	0	0	0	0	0	0	0	0	0	0	0	0	0	0	0	0	0	0	0	0	0
75.00019699555514	0	0	0	0	0	0	0	40599	16068	14728	13409	5385	0	0	0	0	0	0	0	0	0	0	0	0	0	0	0	0	0	0	0	0	0	0	0	0	0	0	0	0	0	0	0	0	0	0	0	0	0	0	0	0	0	0	0	0	0	0
80.0002914957418	0	0	0	0	0	0	0	48438	19344	18312	16642	9334	0	0	0	0	0	0	0	0	0	0	0	0	0	0	0	0	0	0	0	0	0	0	0	0	0	0	0	0	0	0	0	0	0	0	0	0	0	0	0	0	0	0	0	0	0	0
85.00009198586514	0	0	0	0	0	0	0	57213	23296	21784	21200	20822	0	0	0	0	0	0	0	0	0	0	0	0	0	0	0	0	0	0	0	0	0	0	0	0	0	0	0	0	0	0	0	0	0	0	0	0	0	0	0	0	0	0	0	0	0	0
90.00025122936778	0	0	0	0	0	0	0	67626	28652	26320	26182	34464	0	0	0	0	0	0	0	0	0	0	0	0	0	0	0	0	0	0	0	0	0	0	0	0	0	0	0	0	0	0	0	0	0	0	0	0	0	0	0	0	0	0	0	0	0	0
95.0005979849685	0	0	0	0	0	0	0	78858	33176	30912	31535	52055	0	0	0	0	0	0	0	0	0	0	0	0	0	0	0	0	0	0	0	0	0	0	0	0	0	0	0	0	0	0	0	0	0	0	0	0	0	0	0	0	0	0	0	0	0	0
100.0001129474419	0	0	0	0	0	0	0	93015	37908	37016	37736	70005	0	0	0	0	0	0	0	0	0	0	0	0	0	0	0	0	0	0	0	0	0	0	0	0	0	0	0	0	0	0	0	0	0	0	0	0	0	0	0	0	0	0	0	0	0	0
105.0000706609607	0	0	0	0	0	0	0	108459	44460	42448	44308	86519	0	0	0	0	0	0	0	0	0	0	0	0	0	0	0	0	0	0	0	0	0	0	0	0	0	0	0	0	0	0	0	0	0	0	0	0	0	0	0	0	0	0	0	0	0	0
110.00001338321256	0	0	0	0	0	0	0	124020	50388	48776	50562	109136	0	0	0	0	0	0	0	0	0	0	0	0	0	0	0	0	0	0	0	0	0	0	0	0	0	0	0	0	0	0	0	0	0	0	0	0	0	0	0	0	0	0	0	0	0	0
115.0000166487559	0	0	0	0	0	0	0	140400	57772	55384	57929	135343	0	0	0	0	0	0	0	0	0	0	0	0	0	0	0	0	0	0	0	0	0	0	0	0	0	0	0	0	0	0	0	0	0	0	0	0	0	0	0	0	0	0	0	0	0	0
120.00016862505184	0	0	0	0	0	0	0	158535	64272	61656	65614	167294	0	0	0	0	0	0	0	0	0	0	0	0	0	0	0	0	0	0	0	0	0	0	0	0	0	0	0	0	0	0	0	0	0	0	0	0	0	0	0	0	0	0	0	0	0	0
125.0003734782503	0	0	0	0	0	0	0	177840	72072	69776	73670	203194	0	0	0	0	0	0	0	0	0	0	0	0	0	0	0	0	0	0	0	0	0	0	0	0	0	0	0	0	0	0	0	0	0	0	0	0	0	0	0	0	0	0	0	0	0	0
130.0000551237654	0	0	0	0	0	883	0	198198	79664	79016	83581	248428	0	0	0	0	0	0	0	0	0	0	0	0	0	0	0	0	0	0	0	0	0	0	0	0	0	0	0	0	0	0	0	0	0	0	0	0	0	0	0	0	0	0	0	0	0	0
135.00009134778804	0	0	0	0	0	7064	0	217620	87672	86800	93810	290431	42	0	0	0	0	0	0	0	0	0	0	0	0	0	0	0	0	0	0	0	0	0	0	0	0	0	0	0	0	0	0	0	0	0	0	0	0	0	0	0	0	0	0	0	0	0
140.0000044809193	0	0	0	0	0	28256	0	237510	96252	96040	104410	332075	504	0	0	0	0	0	0	0	0	0	0	0	0	0	0	0	0	0	0	0	0	0	0	0	0	0	0	0	0	0	0	0	0	0	0	0	0	0	0	0	0	0	0	0	0	0
145.00000564683765	0	0	0	0	0	53863	0	258570	105872	105672	115328	383053	1050	860	0	0	0	0	0	0	0	0	0	0	0	0	0	0	0	0	0	0	0	0	0	0	0	0	0	0	0	0	0	0	0	0	0	0	0	0	0	0	0	0	0	0	0	0
150.00001590382598	0	0	0	0	0	88300	0	280683	115960	116312	126723	438339	1638	1978	0	0	0	0	0	0	0	0	0	0	0	0	0	0	0	0	0	0	0	0	0	0	0	0	0	0	0	0	0	0	0	0	0	0	0	0	0	0	0	0	0	0	0	0
155.00005606302048	0	0	0	0	0	135982	0	303381	126204	126616	137482	497933	3150	3440	0	0	0	0	0	0	0	0	0	0	0	0	0	0	0	0	0	0	0	0	0	0	0	0	0	0	0	0	0	0	0	0	0	0	0	0	0	0	0	0	0	0	0	0
160.0000241536995	0	0	0	0	0	200441	0	328653	137176	136920	148877	562553	5082	6020	0	0	0	0	0	0	0	0	0	0	0	0	0	0	0	0	0	0	0	0	0	0	0	0	0	0	0	0	0	0	0	0	0	0	0	0	0	0	0	0	0	0	0	0
165.00000634766437	0	0	0	0	0	261368	0	351468	147940	147336	159795	632558	7812	9632	0	0	0	0	0	0	0	0	0	0	0	0	0	0	0	0	0	0	0	0	0	0	0	0	0	0	0	0	0	0	0	0	0	0	0	0	0	0	0	0	0	0	0	0
170.00001548044435	0	0	0	0	0	342604	0	375336	159224	158256	172091	697178	11970	14620	2513	0	0	0	0	0	0	0	0	0	0	0	0	0	0	0	0	0	0	0	0	0	0	0	0	0	0	0	0	0	0	0	0	0	0	0	0	0	0	0	0	0	0	0
175.00000561049177	0	0	0	0	0	413244	0	400725	168896	169176	184811	766465	15624	21500	7180	102	87	172	0	0	0	0	0	0	0	0	0	0	0	0	0	0	0	0	0	0	0	0	0	0	0	0	0	0	0	0	0	0	0	0	0	0	0	0	0	0	0	0
180.00001456661073	0	0	0	0	0	517438	0	428103	180076	179368	198538	837547	19908	30186	13642	561	377	172	0	96	132	0	0	0	0	0	0	0	0	0	0	0	0	0	0	0	0	0	0	0	0	0	0	0	0	0	0	0	0	0	0	0	0	0	0	0	0	0
185.00006725219617	0	0	0	0	0	625164	0	456417	191620	191464	210728	917604	25074	39302	24771	1224	783	946	0	1200	990	0	140	0	0	0	0	0	0	0	0	0	0	0	0	0	0	0	0	0	0	0	0	0	0	0	0	0	0	0	0	0	0	0	0	0	0	0
190.00003106962006	0	0	0	0	0	728475	0	487071	203840	204680	224296	994789	30618	49364	43439	1938	1247	2322	2561	2640	2442	0	140	447	0	0	0	0	0	0	0	0	0	0	0	0	0	0	0	0	0	0	0	0	0	0	0	0	0	0	0	0	0	0	0	0	0	0
195.00004788558724	0	0	0	0	0	843265	0	515268	217828	218848	238023	1072333	37128	60544	64620	2907	1711	3612	7683	4944	5346	232	1680	894	456	726	0	0	0	0	0	0	0	0	0	0	0	0	0	0	0	0	0	0	0	0	0	0	0	0	0	0	0	0	0	0	0	0
200.00002064369085	0	0	0	0	0	969534	0	548496	230880	233240	253181	1150954	44310	73444	89391	4131	2378	5418	13199	6960	7854	4640	4340	4023	1520	2420	0	112	140	0	0	0	0	0	0	0	0	0	0	0	0	0	0	0	0	0	0	0	0	0	0	0	0	0	0	0	0	0
205.0000027422744	0	0	0	0	0	1107282	0	579852	244868	247800	269876	1239268	51786	87032	129958	5457	2958	9288	20685	9312	10692	10904	9800	8791	5472	7381	0	784	700	356	135	0	0	0	0	0	0	0	0	0	0	0	0	0	0	0	0	0	0	0	0	0	0	0	0	0	0	0
210.0000029173373	0	0	0	0	0	1239732	0	613548	261352	263760	285564	1324710	59892	102168	175551	7293	3886	13072	28171	13200	15312	19488	16520	15347	13224	15488	0	3248	3010	2581	1080	0	0	0	0	0	0	0	0	0	0	0	0	0	0	0	0	0	0	0	0	0	0	0	0	0	0	0
215.0000061505983	0	0	0	0	0	1403087	0	648180	275236	278656	300563	1421640	67578	118938	227247	9180	5104	17200	40385	16704	19668	32016	25060	23393	20216	24200	0	8064	5110	6052	2970	0	118	102	280	159	0	0	0	0	0	0	0	0	0	0	0	0	0	0	0	0	0	0	0	0	0	0
220.00001027727635	0	0	0	0	0	1588517	0	679770	287664	290808	314820	1512826	73584	134418	295457	11016	5858	22962	57721	20352	25344	44080	33600	30992	28120	32307	0	15232	8400	10502	7965	0	944	918	770	530	0	37	0	0	0	0	0	0	0	0	0	0	0	0	0	0	0	0	0	0	0	0
225.00000075401383	0	0	0	0	0	1761585	0	707265	298688	302176	327063	1616936	79674	147576	355410	13362	6931	27176	73481	24048	29832	60552	44660	40379	36024	40898	566	22064	12460	16198	13365	0	3068	2550	2100	1113	0	481	420	89	0	0	0	0	0	0	0	0	0	0	0	0	0	0	0	0	0	0
230.0000079567742	0	0	0	0	0	1955845	0	732186	307684	312928	337080	1722841	85764	160218	420030	15300	7946	31304	87862	27360	35046	80504	56420	52150	44992	50457	6792	27216	15750	21894	18765	0	6372	5508	3780	2491	0	1073	1848	1157	532	505	0	0	0	0	0	0	0	0	0	0	0	0	0	0	0	0
235.00000132749884	0	0	0	0	0	2155403	0	752895	316264	322000	347945	1831259	91266	171828	485368	17187	8845	35002	105789	30528	38676	99760	68320	63027	55328	59895	18678	34496	19950	27501	25380	0	10148	9282	5670	3657	1200	1776	3612	3293	1729	1414	650	0	0	0	0	0	0	0	0	0	0	0	0	0	0	0
240.000003555648	0	0	0	0	0	2339067	0	771498	323180	330120	356690	1921727	96180	182406	551065	19992	9918	38958	118397	33648	43296	122264	79520	76139	66728	69938	46412	42448	24080	34443	33750	0	14042	12240	7840	5565	5100	2664	6636	6675	5054	4141	3120	0	0	0	0	0	0	0	0	0	0	0	0	0	0	0
245.00000161437617	0	0	0	0	0	2536859	0	788814	330720	336840	364216	1996040	101010	192812	609582	21675	10933	43172	132384	36480	47190	144768	89600	89102	80104	79739	91692	51072	28350	40495	44145	2112	19942	16524	10500	8003	11100	3737	11340	10858	10108	7676	7020	0	0	0	0	0	0	0	0	0	0	0	0	0	0	0
250.00001224334437	0	0	0	0	0	2762024	0	803673	337584	344344	371477	2063173	105294	203304	665945	23256	11890	46956	144007	39360	51018	162864	100660	99979	92112	89298	132444	59472	32970	47170	52650	9152	26432	22134	13370	10494	18900	5180	15036	14507	15827	11312	11180	0	0	0	0	0	0	0	0	0	0	0	0	0	0	0
255.0000017961511	0	0	0	0	0	2976593	0	820755	343356	349832	378526	2131024	109494	213366	716205	25398	12905	51858	158388	42336	55176	181888	111440	110111	101232	101640	161876	67872	36680	54379	61560	29568	33040	28152	17500	13886	28800	6771	20160	18512	22211	15251	16250	0	921	0	0	0	0	0	0	0	0	0	0	0	0	0
260.0000156549915	0	0	0	0	0	3192928	0	835965	349076	355656	384674	2189182	113778	221278	767542	27081	13543	56330	171784	45744	58938	201376	120680	119498	111568	111078	203194	76384	40670	60698	69525	52800	40828	34374	21560	16854	41400	9435	25536	23318	27930	20503	23790	537	1842	345	196	0	0	0	0	0	0	0	0	0	0	0
265.00002762844906	0	0	0	0	0	3417210	0	850239	354380	360976	390504	2246263	117390	228674	816725	29070	14703	60458	186756	49056	63558	218312	130900	130077	120840	119669	250172	85008	46410	67729	80460	78144	47082	40800	25970	19557	53700	11322	32256	30349	37107	26765	29250	2685	9824	4485	980	0	0	0	0	0	0	0	0	0	0	0
270.0000091301354	0	0	0	0	0	3658269	0	861471	359372	366632	396175	2300472	120960	235210	863395	30396	15370	64242	197591	51696	66396	235016	140280	141252	130720	129833	299414	93408	52080	76273	90720	112640	54516	45900	30450	22949	70800	12987	38556	37291	46284	32522	36400	12888	18727	9315	2156	0	414	0	0	0	0	0	0	0	0	0
275.00000066294473	0	0	0	0	0	3861359	0	874575	364312	373072	402270	2350373	124278	242004	905398	32640	16298	67510	209017	54384	70224	252184	149380	150043	141512	140118	339034	100352	57120	83927	102330	152768	62422	52836	35280	26659	87000	14985	44520	43254	54929	40097	46280	26850	30393	19665	3332	0	1104	196	0	0	0	0	0	0	0	0
280.00000339204644	0	0	0	0	0	4034427	0	888030	368316	377720	407464	2392376	127302	248282	940221	34068	17400	71380	222019	57312	73326	270976	159180	159728	151848	149193	384880	108192	63630	90780	113130	190080	71390	57834	39830	29998	103800	17316	52584	49751	65569	46258	54080	47256	39910	34500	4508	0	1932	1372	0	0	0	0	0	0	0	0
285.0000006497464	0	0	0	0	0	4201314	0	899613	372632	382368	412870	2424686	130830	256194	978634	35853	18415	75164	236597	60240	76890	288144	169400	169860	162032	156695	439216	117936	68600	98167	123795	239360	79886	66300	44800	33814	119700	18907	59052	55714	74347	54035	62790	73032	55567	49680	6468	0	3726	2352	0	0	0	0	0	0	0	0
290.00000613248363	0	0	0	0	0	4327583	0	910611	376896	386792	418647	2466689	133602	262816	1017047	37791	19488	78518	249599	62736	80982	302992	177520	179545	171000	164802	483364	127232	74060	105999	135810	299200	89444	74766	49560	37577	138600	21201	65184	61588	83923	61509	70590	92901	69996	65550	8624	0	6072	3920	0	0	0	0	0	0	0	0
295.0000060042301	0	0	0	0	0	4460033	0	919971	381472	391160	423152	2505820	137046	270384	1055101	38760	20213	83076	260434	65232	84612	319232	187180	189081	180880	174240	525248	136416	79100	113297	148500	360448	99120	83130	54810	41658	157500	22792	71736	66928	93100	67569	79300	118677	89030	87285	10584	0	8004	7448	0	0	0	0	0	0	0	0
300.00000151289396	0	0	0	0	0	4596898	0	928980	384644	395248	427498	2545310	140490	276748	1089924	40290	21083	87806	272648	68160	88506	335240	195580	197872	190000	182710	563170	145376	84840	119883	161055	413952	107026	93024	60200	45845	172800	24827	76356	73069	100282	74841	87880	154119	109292	107640	13328	0	10350	9604	0	0	0	0	0	0	0	0
305.0000007475416	0	0	0	0	0	4719635	0	937521	388544	399840	431632	2572953	143346	283112	1125824	41667	21924	91246	285256	71136	92598	348696	204260	206514	198664	193116	612412	153776	88900	126647	171990	467456	116702	101898	66430	50244	199800	26936	81816	79299	110257	81204	98020	194394	129861	132135	15876	1588	12144	12544	0	0	0	67	0	0	0	0
310.0000012245607	0	0	0	0	0	4833542	0	945594	392080	403480	436508	2603468	146748	288874	1158493	43095	22765	94256	299834	73968	97218	366560	213780	217987	208544	201223	649202	162064	93520	132699	184680	518848	127440	109854	70910	54325	225600	29193	86688	84817	119434	87567	105430	229299	157798	159045	19992	2382	15456	15288	0	0	0	268	445	143	0	0
315.00000013062646	0	0	0	0	0	4938619	0	953901	395772	408184	440854	2638650	150108	295066	1189726	44370	23693	97352	310472	76032	101178	382800	224000	226182	218120	210177	693350	171472	98910	138128	195075	597696	136526	117708	76020	59095	250200	32005	93660	91581	129010	95142	113880	257760	181744	184230	24892	4764	19458	19600	747	0	0	603	801	572	0	49
320.00000089419603	0	0	0	0	0	5033983	0	964314	399516	412720	445200	2663780	152712	301172	1220959	45645	24273	100448	322489	78816	104874	398808	232400	236165	229672	218889	735234	178752	104160	144447	203040	668800	147382	126480	81480	63335	269700	34447	100296	98078	137522	103828	121290	302868	202313	216660	28616	9528	22770	23912	3735	0	0	1005	1246	1573	0	147
325.00000066934683	0	0	0	0	0	5138177	0	971919	402688	415968	448539	2692500	155904	307622	1252551	46308	25114	103802	331551	81696	107976	415512	241780	246744	238336	228690	773722	186144	109060	150499	212490	742016	158710	134946	86240	66939	293100	36741	107100	104308	148561	112716	131170	335088	227487	245640	31752	14292	26634	28420	7470	0	0	1809	2225	2860	0	392
330.00000167609596	0	0	0	0	0	5217647	0	978588	406380	419328	452196	2722656	158802	313986	1281271	47634	25607	106984	342386	84192	110022	431984	250180	256727	248064	237644	809946	193984	113190	158064	224505	808896	167442	143412	91840	71656	318300	39109	113904	111695	158802	121402	141830	365697	250819	275655	35280	19056	30636	34300	13446	0	1659	2613	3115	4147	0	588
335.0000156964578	0	0	0	0	0	5310362	0	985608	409344	422072	455800	2745991	161616	319404	1312145	49215	26274	110080	349872	85776	112926	446368	257320	265965	257336	245993	850132	202496	118160	164828	234225	879296	176646	151572	95830	75101	342600	41588	121128	119972	170506	130088	151840	395232	273844	299115	40376	23820	34776	39592	21663	0	2765	3886	4717	6149	0	882
340.00000050845324	0	0	0	0	0	5390715	0	992979	413192	425432	459987	2775429	163926	323962	1336557	50490	26883	112660	357949	88224	116226	459360	266420	275650	264176	256157	892582	208992	123410	171325	244890	958144	184434	159630	101010	78599	367800	43808	127008	127626	182609	139077	163150	427452	294106	325680	43708	33348	38640	45864	34362	0	8295	4824	6141	8580	0	1372
345.0000013041578	0	0	0	0	0	5466653	0	999765	416104	428792	463273	2800200	166194	328864	1359174	51663	27579	115584	365435	90048	119262	472816	273980	283398	273296	263901	933900	216160	128730	178445	256770	1039808	192694	168096	107870	81673	389400	46398	135828	133144	194845	148571	172380	452154	319894	355695	48216	43670	41952	50176	45567	0	12166	6097	7921	11154	586	1911
350.0000046283781	0	0	0	0	0	5532878	0	1005966	418964	431144	466612	2826766	168798	333852	1387535	52632	28217	117562	375088	91776	122628	484880	281540	289805	281200	271887	966728	225568	134470	186010	266490	1094720	200954	175542	113120	85383	411600	49136	142548	140442	206150	156954	182130	489207	340770	389850	51744	53198	44988	55468	53037	0	19908	7638	9167	13442	2344	2842
355.0000049499835	0	0	0	0	0	5604401	0	1013337	421200	434224	469845	2852255	170898	338410	1415537	54060	28768	119712	380998	93456	125268	499032	290220	297851	289712	279631	1009178	232400	139300	192685	275670	1168640	209214	183396	117600	89570	437400	51948	149100	148274	219317	164832	191750	527334	368400	417795	54096	64314	49266	60564	64989	0	24885	9313	10947	15730	4102	3675
360.00000162281725	0	0	0	0	0	5673275	0	1018134	424216	436912	473078	2880257	173292	343226	1437436	55335	29290	122636	390257	95616	128172	514808	297920	307387	296704	287254	1052194	239680	144970	199271	285255	1224960	219362	192066	124390	93863	459300	54094	156072	155127	230223	172811	203840	569220	392653	445740	55860	83370	52854	64680	86652	1318	37604	11055	14596	19019	10548	4557
365.00000055196506	0	0	0	0	0	5740383	0	1024101	427804	439824	475622	2900361	175770	347526	1458976	57120	29957	124442	395970	97200	130350	527800	304500	313943	303392	294030	1092380	247072	149940	204967	294030	1286912	226796	199002	130340	97679	480300	56721	162792	161179	240996	181497	214110	616476	419055	482310	58016	94486	57270	69188	103086	1318	47558	13266	16643	21736	21096	5488
370.0000013422889	0	0	0	0	0	5802193	0	1030887	430508	443352	478219	2924414	177660	351998	1484824	57987	30479	126334	404835	99168	133188	540792	311920	321393	312968	302984	1133698	254016	155050	210663	303615	1346048	236708	205734	135100	101548	503700	59903	170520	169367	251237	190385	225420	659973	441773	514740	60956	110366	61548	75656	121014	2636	54194	15343	19313	26169	26956	6517
375.00000502018554	0	0	0	0	0	5863120	0	1036503	433004	446320	481187	2943082	179760	355782	1508159	59160	30914	128914	413897	101328	135498	554480	320180	328098	319352	311817	1171620	261856	158900	217338	312795	1394624	244968	214098	140350	105523	526200	62456	178248	176398	262276	196344	235430	700248	465719	540960	64092	119894	64170	80948	138942	14498	72443	16616	22072	30316	37504	8232
380.0000154985655	0	0	0	0	0	5924047	0	1040715	435552	449232	483519	2961391	181986	360598	1535802	59823	31349	130720	422565	103152	138138	565616	327180	335995	326648	319561	1207844	268800	162960	222322	323325	1453760	253818	222768	145740	109127	550800	64750	184632	183785	273847	205131	245960	746430	492735	568560	67816	134186	67620	87612	163593	26360	88480	18894	25009	32890	43950	9947
385.0000042348564	0	0	0	0	0	5971729	0	1045980	438256	451752	487335	2978623	184296	365758	1556624	61098	31929	133214	429066	105024	140778	578376	335580	342551	334248	325732	1249162	274400	167230	228107	333855	1514304	263022	230520	150640	113420	571200	66970	191016	192418	286482	212100	255580	792075	524663	598920	71932	146096	71760	93492	184509	44812	107282	21239	27323	36608	55670	11956
390.00000565853185	0	0	0	0	0	6039720	0	1051596	440180	454832	489826	3000522	186522	371004	1585703	62526	32596	135450	438916	107280	143550	591832	341740	349554	342456	331782	1286518	281120	171990	234337	343305	1575552	270220	237456	155400	117077	595200	70115	197736	200606	299383	220483	266240	839331	552907	633075	75460	160388	75210	100940	206172	64582	123319	22981	31061	40326	65046	13720
395.00000190728866	0	0	0	0	0	6095349	0	1056978	442312	457352	493059	3014523	188916	375820	1610115	63954	33060	137944	446205	109152	145992	601112	347620	356706	349600	338800	1314252	287392	175770	240834	353835	1632576	279188	243882	159600	120734	613800	72483	204708	207815	311087	231088	276120	881754	579616	669300	78204	175474	78660	107996	233064	81716	143227	25125	33286	44473	80282	14945
400.0000027630643	0	0	0	0	0	6148329	0	1062828	443924	459984	496451	3031037	191562	381496	1632373	65331	33814	140868	456055	111024	148830	612016	355180	365050	356440	347270	1354438	294896	179900	246174	361665	1693824	287330	251124	165200	124709	635400	74666	211680	214846	323057	238057	287170	929547	605097	703800	80164	192148	82524	113876	244269	100168	162029	26733	36134	48620	97276	16366
405.0000005599945	0	0	0	0	0	6191596	0	1069029	446212	462672	498995	3051141	194418	386312	1650323	66555	34307	143878	466496	112992	151866	625936	362460	372351	363280	354288	1383304	301168	183960	253027	369090	1751552	296298	257652	170170	128366	654000	77515	219828	223746	334761	244723	298870	976266	629043	734160	83888	205646	86664	119168	271908	117302	180831	28609	38181	52338	113098	18816
410.0000010082967	0	0	0	0	0	6239278	0	1074645	448812	465976	501857	3070527	196770	391214	1671863	67830	34887	146458	476740	114528	154770	636608	369040	378311	371336	360943	1418962	307104	186900	258011	376515	1810688	304558	264180	175770	132606	675300	80105	226968	231400	345933	253207	310050	1019763	656980	766935	88200	217556	90528	126224	287595	143662	202951	30820	41296	54912	133022	20335
415.0000011907137	0	0	0	0	0	6286960	0	1079793	451256	468776	504401	3085964	199752	395170	1696634	68850	35438	149468	485408	116160	157410	645888	373940	385761	379544	367235	1446696	312704	190400	263084	384345	1868416	314706	270198	179060	136263	695400	82806	234360	239232	356307	260681	321360	1063797	684610	806265	93688	230260	95496	131516	300294	173976	216223	32696	45212	58916	154704	22099
420.0000030638921	0	0	0	0	0	6333759	0	1084941	453700	470960	507157	3107504	202314	400158	1719610	69870	35902	151618	491515	118320	159852	657488	380380	392764	386688	374011	1471600	318640	194390	269403	392175	1921920	324028	278052	183820	140503	719100	85544	239064	246975	365484	267044	332540	1113201	711933	839040	97608	246934	100740	137200	321957	200336	230601	34706	48060	66352	176972	24402
425.0000051330756	0	0	0	0	0	6373494	0	1089387	455416	473984	509277	3127249	205044	405146	1740791	70890	36482	153940	500380	120672	162228	671176	386680	399469	394896	380908	1501598	325360	198520	275811	400140	1970496	331934	284682	189140	144531	738900	88578	245952	254362	377986	274417	341900	1157235	736186	875955	100940	264402	106122	140924	343620	241194	253274	36783	51531	71929	191036	26117
430.00000464678186	0	0	0	0	0	6419410	0	1095003	457912	476112	511927	3144840	207270	409102	1764126	71604	37120	156176	506487	122832	164142	684400	393960	407217	401888	387684	1534992	331968	202860	279727	408240	2029632	341138	289986	193200	148241	759000	90687	253848	261927	389557	282396	351260	1197510	767500	908385	104272	277106	109848	146804	365283	272826	274841	39329	54735	75647	210960	28077
435.00000084402507	0	0	0	0	0	6469741	0	1099800	459992	478240	514365	3163149	208950	413488	1782435	72981	37497	159100	513776	124224	166716	697856	401520	415263	408120	395065	1561028	336560	206080	285512	415665	2098624	350106	297330	198100	152110	783600	92944	260820	268780	400197	291183	363610	1242618	794516	944955	109760	293780	113850	154840	388440	307094	295855	42210	58651	80366	229712	29743
440.0000023757337	0	0	0	0	0	6517423	0	1104363	461916	480536	516485	3177509	211638	418304	1800744	74103	38338	161250	521262	126576	169620	710152	407540	423160	415720	401962	1590460	342272	210280	289606	424575	2147904	358956	303858	203350	156032	804900	95497	267372	275188	410970	298758	376480	1286115	820304	976695	112504	308866	117990	160916	404874	333454	310786	44957	63190	85657	243776	31703
445.0000027957656	0	0	0	0	0	6566871	0	1109277	463788	483168	518817	3194382	213486	424668	1816540	75633	38918	163486	527763	128256	172128	722216	413980	430312	423624	408738	1622156	349216	214760	294234	431595	2209152	367452	311100	207830	159742	828000	97828	273840	281685	421477	305828	387660	1322094	846092	1009815	116816	327128	124890	165816	431766	365086	329035	47101	65860	91234	262528	33614
450.0000060479778	0	0	0	0	0	6611021	0	1114191	465504	484960	521414	3212691	215922	430774	1842029	77061	39643	165206	535840	129984	174570	735208	421120	436272	434264	415877	1647626	356160	218050	299129	440640	2258432	375240	319362	212030	163187	852600	100159	280308	288360	432117	313807	397540	1370424	875257	1040520	121520	339832	129306	171500	450441	398036	344519	50183	68797	95095	280694	35280
455.00000403819985	0	0	0	0	0	6661352	0	1118637	467480	487704	523534	3226333	218274	434300	1862492	78387	40426	167614	543720	132048	177342	745648	427980	443275	441560	421564	1681020	361872	221830	305092	449550	2316864	382910	327420	216160	167003	872700	102083	286944	295213	441959	322089	406900	1412310	903808	1073640	125636	350948	133722	178164	476586	428350	367745	53198	71378	100243	305892	36946
460.00000025520035	0	0	0	0	0	6708151	0	1124019	469352	490616	525707	3247514	220458	438514	1883314	79611	40948	170624	552585	134352	180180	756088	434000	449235	446880	428945	1707622	369264	225330	309275	458190	2375296	389872	335172	220640	169865	892200	104673	294588	303045	452865	330371	416910	1450974	933894	1107105	130928	369210	139518	185612	497502	457346	391524	55878	75472	106106	329332	39249
465.00000671587577	0	0	0	0	0	6754950	0	1127880	471640	493024	528357	3260797	222810	442556	1911675	81549	41731	173204	562041	136272	182952	770704	442260	456983	453568	435237	1736488	375872	229460	315505	465750	2422464	397896	340986	225050	172992	909900	107300	301392	310788	463106	338148	427310	1498767	959682	1143330	134064	382708	145728	192276	516924	487660	416962	58759	78320	110682	350428	41013
470.00000146229723	0	0	0	0	0	6813228	0	1131858	473772	495544	530583	3279465	225078	445738	1936805	82773	42340	176902	568345	138240	186120	780216	451500	462943	460560	442981	1763656	381808	233520	319955	473310	2471040	406156	347106	229460	176331	931500	109631	309204	317374	473613	345420	437320	1531524	985470	1183350	137984	399382	150972	198940	539334	527200	438529	62243	81969	114686	376798	43414
475.0000005518271	0	0	0	0	0	6852080	0	1137825	475852	497840	532915	3299210	228060	450898	1960140	84405	43065	179826	577801	140832	189222	792280	458640	470691	468008	449636	1825916	391216	237090	324761	480195	2523136	415360	354552	233450	179723	949500	111777	315336	325473	485317	354712	446420	1572336	1012793	1220955	141904	413674	156354	203448	559503	570694	461202	64990	85707	120549	399652	45913
480.00000008473177	0	0	0	0	0	6897996	0	1141920	478140	500192	535671	3312134	230454	453736	1983475	85884	43645	183180	585681	142992	192258	801096	467320	479631	475000	455807	1867800	396816	242200	330368	487350	2577344	423266	362100	239120	183433	969600	114737	322728	331525	496888	361580	456300	1616907	1037967	1256490	146216	427966	161736	208936	585648	599690	484428	67469	89178	125125	430124	47481
485.00001292006345	0	0	0	0	0	6944795	0	1146132	480428	502096	537844	3330084	232638	459154	2008246	87669	44167	186878	594743	145104	196218	817568	474880	487975	483360	463672	1897798	404208	247100	336420	495450	2626624	430110	368424	243390	187408	987000	117105	329952	338289	505001	368852	466180	1651812	1068360	1297545	150136	443846	165186	214032	610299	641866	508207	70685	92649	132561	451806	48804
490.0000001969042	0	0	0	0	0	6980115	0	1149876	482352	504840	540017	3348034	234948	463712	2032299	89046	44921	189286	603608	147888	199914	827544	484120	496468	489136	471174	1934588	410032	250880	341226	504090	2679424	437426	374442	248150	190853	1005900	119954	336000	345142	513912	376831	476190	1692087	1095069	1330665	153076	461314	170430	219716	633456	681406	525903	73432	96565	138710	474074	50519
495.0000071319068	0	0	0	0	0	7021616	0	1153737	484224	506912	542243	3360599	236712	468356	2054557	90729	45646	191608	613852	150144	203214	838680	492240	504514	497800	478918	1958926	416752	255430	346833	511785	2723776	445450	380562	252980	193450	1029600	122396	344232	352618	524951	383598	487110	1740417	1115331	1366890	156996	474018	174294	226772	653625	727536	548023	75978	99591	143858	493998	52430
500.00000412621	0	0	0	0	0	7058702	0	1157949	486096	508760	544734	3377472	238686	472054	2075020	92055	46458	193930	623702	151872	205524	852136	499380	511666	506768	486541	1989490	424368	258860	353508	522450	2773760	453946	386886	256760	196895	1050000	125134	351540	359560	537719	392991	497900	1781766	1144803	1404495	161308	488310	178020	233436	673047	771030	569037	78256	103685	150007	521540	54341
505.000005250001	0	0	0	0	0	7105501	0	1161927	487916	510776	546695	3393268	241122	476698	2101586	93483	47270	196682	634537	154176	208890	863968	503720	520159	514976	495616	2024016	430528	264320	359204	530955	2811776	463150	392700	261940	201241	1073100	127428	358260	364900	548359	401374	508430	1818819	1176117	1437960	165620	496250	184092	240688	693216	805298	591710	81807	106800	155727	545566	56399
510.000010643566	0	0	0	0	0	7142587	0	1166373	490152	513016	548338	3408705	243474	481170	2121690	94962	47937	199950	643205	155712	211266	876264	510300	526715	521816	504328	2064768	439040	269220	364633	542160	2849792	471410	400758	266980	205004	1090200	130018	364224	372020	557802	409353	519870	1865001	1202826	1468665	168952	512130	187266	246372	714879	839566	618254	84286	110983	162305	563146	58163
515.0000149444741	0	0	0	0	0	7180556	0	1170702	492180	515312	549716	3423065	245196	484610	2141435	96084	48604	201498	650888	157440	214698	885080	518000	534016	528048	512798	2091936	448112	273210	369617	551205	2889920	479788	407796	271740	207972	1109700	132571	369516	378695	567112	418746	530270	1903128	1232298	1502130	172872	524834	191544	251860	741771	863290	635397	87033	113564	168025	592446	60417
520.0000052950699	0	0	0	0	0	7213227	0	1175031	493792	517888	552154	3436707	247590	488824	2160103	97665	49271	204594	658768	158976	217602	899232	523460	541615	534736	518969	2128160	457296	278390	375580	560790	2944128	487930	414120	276990	211258	1128900	134865	376152	386349	579614	427331	539370	1942866	1260542	1538010	175812	542302	195546	258524	773145	921282	661388	89780	118192	173459	616472	61740
525.0000122626687	0	0	0	0	0	7246781	0	1178073	496028	519680	553850	3451785	249606	492608	2185951	98838	49851	206658	667042	160272	219648	914544	531160	550108	541728	527439	2164384	465584	282940	381988	571185	2989888	496780	420648	282030	214650	1144500	136826	382788	394003	588924	434401	550030	1983141	1288479	1569060	179732	562946	199548	264012	803772	952914	680190	92460	121129	178321	646358	63553
530.0000004723947	0	0	0	0	0	7290931	0	1181232	498212	521136	556500	3466504	251580	496908	2207491	100419	50460	209238	671573	162480	221562	924752	537740	556366	550544	533489	2191552	473536	287700	387684	582120	3043392	505748	427686	286860	218784	1168200	139046	389760	401390	600096	441774	561470	2022342	1317951	1602525	182672	577238	204516	271656	829170	1000362	706734	95877	123888	183469	673900	65513
535.0000058709549	0	0	0	0	0	7323602	0	1184859	499876	523152	558938	3485172	253764	500864	2230826	101541	51301	211818	677680	164928	224994	935888	545860	563518	557840	541596	2217588	480480	292250	393202	592515	3094784	514126	433704	292670	223236	1185900	141821	396144	409133	609938	449046	571480	2061006	1344046	1639095	188944	587560	208656	277536	850086	1045174	734937	98356	127804	189189	694996	67816
540.0000056909213	0	0	0	0	0	7356273	0	1187784	501644	524552	561111	3501327	255990	504906	2253443	102561	52171	214312	685954	166848	227766	944936	552860	571713	563768	546678	2249850	487760	297710	398809	600885	3141248	522622	442068	297640	227211	1203900	144337	403200	415363	620711	455813	582660	2102355	1373211	1676010	193256	609792	213486	282828	877725	1088668	764799	101706	131987	195052	721952	70217
545.0000043194433	0	0	0	0	0	7396008	0	1192464	503412	526176	563496	3512097	257418	509980	2281804	103887	52983	217666	693637	168384	230142	956768	558600	577524	570456	554422	2282112	494368	301140	403971	611145	3196864	531472	449820	303450	231557	1227300	147223	410256	422216	632415	464095	593970	2150685	1399920	1708785	197176	623290	218454	287532	903870	1132162	792449	104185	136081	202345	738946	72814
550.0000013223513	0	0	0	0	0	7436626	0	1196208	505492	528024	565510	3526098	259560	514366	2304062	105723	53766	221020	700926	170256	232650	966512	564900	583782	577144	559988	2314940	500752	305340	409934	621540	3255296	538080	458184	307790	235267	1248600	150072	417648	428090	643188	471973	603980	2194719	1425401	1745355	199528	634406	223008	293216	935244	1175656	812357	106731	139997	207779	762386	75117
555.0000020185353	0	0	0	0	0	7474595	0	1199835	507104	530432	566782	3537227	261576	518064	2326320	107559	54375	223256	709397	172080	235356	979272	571760	591828	584136	566764	2348334	507584	310590	416342	631125	3309504	546812	467568	313250	238659	1264800	152884	424872	436545	655025	480558	616590	2224254	1454259	1783305	202272	648698	226872	301448	958401	1215196	832265	108942	143557	213499	778208	77224
560.0000158223496	0	0	0	0	0	7507266	0	1203696	508976	532560	568690	3551228	263382	521332	2347860	109140	55129	226696	717277	174288	238128	988320	575400	598086	591280	574387	2381162	514080	314580	422661	640845	3369344	555072	476034	319130	242793	1285200	155511	431004	443665	666862	490254	627120	2267214	1482196	1819875	205408	659814	232392	308896	981558	1265280	858809	111689	146850	219791	797546	79184
565.0000001216678	0	0	0	0	0	7549650	0	1207791	510640	533960	570333	3565229	265482	526062	2370118	110670	55854	228588	724566	176688	241098	998528	581140	604493	598272	580316	2406632	521136	318710	428802	648540	3427072	565102	485010	324310	246980	1306500	157768	437892	451586	679231	498940	635700	2306415	1509826	1853685	208740	673312	235980	316344	1009944	1323272	882035	113967	151122	227656	830948	81242
570.0000013429407	0	0	0	0	0	7588502	0	1211418	512564	535976	572612	3577794	267624	530792	2390940	112251	56608	231426	733431	178416	243672	1009432	587020	610900	604808	585882	2440592	527968	322910	435299	657045	3477760	574306	492252	329560	251326	1329900	160358	445284	459240	692265	506717	647010	2345079	1531316	1886460	213444	692368	239430	321440	1039077	1369402	900284	116714	155661	233090	849700	83447
575.0000009363745	0	0	0	0	0	7628237	0	1215396	514696	537488	574414	3593231	269472	534662	2409967	113781	57565	233920	742296	180528	246642	1024744	592340	618052	613320	592053	2475118	534912	328300	441084	665955	3534080	582566	499902	334390	255513	1347900	163244	452760	465915	706097	514999	659750	2385354	1557718	1922685	216776	705866	244260	328104	1058499	1408942	921851	120131	158776	239811	872554	85946
580.0000078203786	0	0	0	0	0	7668855	0	1219491	516256	539056	576322	3604360	271866	538532	2427917	115413	58377	237016	752934	182592	249216	1035648	597660	625204	620768	598345	2512474	541856	332780	446335	674055	3593216	590472	506532	339080	259064	1371000	165390	460236	473213	718333	524594	671060	2425629	1588111	1961325	221480	718570	247434	334768	1082403	1459026	945077	123079	161891	244816	899510	88347
585.0000004488222	0	0	0	0	0	7705058	0	1222416	517504	540456	578283	3613694	274134	542918	2449816	117045	59160	240026	760617	184704	252120	1045856	604380	631164	628520	606331	2537944	547904	337330	451230	681480	3658688	597788	513162	343560	262668	1389600	167610	467796	481134	730835	534492	683150	2469126	1613899	1989615	226576	732862	251022	340256	1104813	1497248	966644	126496	165896	251251	930568	90699
590.0000012822021	0	0	0	0	0	7729782	0	1225809	518440	542136	579979	3627695	276066	547562	2464894	117912	59827	241746	767709	186672	254826	1058152	611800	638018	636576	613349	2563980	553280	342650	458083	690930	3714304	606048	520098	348740	266749	1409400	170311	475440	487364	742539	542067	695110	2516382	1643985	2026185	229712	743978	255852	345744	1123488	1530198	988211	129109	170346	256685	956352	92414
595.0000023857474	0	0	0	0	0	7767751	0	1228851	520208	543928	581410	3640978	278460	551174	2481408	119085	60581	244154	774013	188352	257136	1069056	619220	645766	644328	619762	2591148	560448	346780	464224	700785	3764288	614308	527136	353010	269717	1431600	172827	481572	494929	753445	551359	707200	2571693	1677448	2068620	235200	757476	261096	351820	1148139	1573692	1013649	131856	173906	263406	984480	94227
600.0000018662878	0	0	0	0	0	7805720	0	1233063	521716	545776	583159	3657133	280392	555904	2500794	120462	61161	246390	782681	190560	259644	1082512	625940	653514	652080	625570	2618882	567168	351050	470899	711045	3816384	622214	533562	357980	273162	1458600	175158	488964	502672	762888	560449	716690	2624856	1708762	2102775	238532	773356	267720	356720	1178019	1611914	1035216	136211	177466	269841	1012022	97265
