>time	Ribosome	coli Pol	coli Pol-P	coli Pol-2.0	coli Pol-P-2.0	gp1	gp1-3.5	gp0.3	gp0.4	gp0.5	gp0.6A	gp0.7	gp1.1	gp1.2	gp1.3	gp1.4	gp1.5	gp1.6	gp1.7	gp1.8	gp2.0	gp2.5	gp2.8	gp3.0	gp3.5	gp3.8	gp4A	gp4.2	gp4.3	gp4.5	gp4.7	gp5.0	gp5.3	gp5.5	gp5.7	gp5.9	gp6.0	gp6.3	gp6.5	gp6.7	gp7	gp7.3	gp7.7	gp8	gp9	gp10A	gp11	gp12	gp13	gp14	gp15	gp16	gp17	gp17.5	gp18	gp18.5	gp19	gp19.5	RNA: gp0.3	RNA: gp0.4	RNA: gp0.5	RNA: gp0.6A	RNA: gp0.7	RNA: gp1	RNA: gp1.1	RNA: gp1.2	RNA: gp1.3	RNA: gp1.4	RNA: gp1.5	RNA: gp1.6	RNA: gp1.7	RNA: gp1.8	RNA: gp2.0	RNA: gp2.5	RNA: gp2.8	RNA: gp3.0	RNA: gp3.5	RNA: gp3.8	RNA: gp4A	RNA: gp4.2	RNA: gp4.3	RNA: gp4.5	RNA: gp4.7	RNA: gp5.0	RNA: gp5.3	RNA: gp5.5	RNA: gp5.7	RNA: gp5.9	RNA: gp6.0	RNA: gp6.3	RNA: gp6.5	RNA: gp6.7	RNA: gp7	RNA: gp7.3	RNA: gp7.7	RNA: gp8	RNA: gp9	RNA: gp10A	RNA: gp11	RNA: gp12	RNA: gp13	RNA: gp14	RNA: gp15	RNA: gp16	RNA: gp17	RNA: gp17.5	RNA: gp18	RNA: gp18.5	RNA: gp19	RNA: gp19.5	NumColiPoly:	4	NumT7Poly	2	NumOfTimePoints:	121	NumOfProteins:	58	NumOfCoding	52
0.001287572207496569	10000	1800	0	0	0	0	0	0	0	0	0	0	0	0	0	0	0	0	0	0	0	0	0	0	0	0	0	0	0	0	0	0	0	0	0	0	0	0	0	0	0	0	0	0	0	0	0	0	0	0	0	0	0	0	0	0	0	0	0	0	0	0	0	0	0	0	0	0	0	0	0	0	0	0	0	0	0	0	0	0	0	0	0	0	0	0	0	0	0	0	0	0	0	0	0	0	0	0	0	0	0	0	0	0	0	0	0	0	0	0
5.000284648468658	10000	1800	0	0	0	0	0	0	0	0	0	0	0	0	0	0	0	0	0	0	0	0	0	0	0	0	0	0	0	0	0	0	0	0	0	0	0	0	0	0	0	0	0	0	0	0	0	0	0	0	0	0	0	0	0	0	0	0	0	0	0	0	0	0	0	0	0	0	0	0	0	0	0	0	0	0	0	0	0	0	0	0	0	0	0	0	0	0	0	0	0	0	0	0	0	0	0	0	0	0	0	0	0	0	0	0	0	0	0	0
10.001953075225318	10000	1794	0	0	0	0	0	0	0	0	0	0	0	0	0	0	0	0	0	0	0	0	0	0	0	0	0	0	0	0	0	0	0	0	0	0	0	0	0	0	0	0	0	0	0	0	0	0	0	0	0	0	0	0	0	0	0	0	0	0	0	0	0	0	0	0	0	0	0	0	0	0	0	0	0	0	0	0	0	0	0	0	0	0	0	0	0	0	0	0	0	0	0	0	0	0	0	0	0	0	0	0	0	0	0	0	0	0	0	0
15.004376920336487	10000	1788	0	0	0	0	0	0	0	0	0	0	0	0	0	0	0	0	0	0	0	0	0	0	0	0	0	0	0	0	0	0	0	0	0	0	0	0	0	0	0	0	0	0	0	0	0	0	0	0	0	0	0	0	0	0	0	0	0	0	0	0	0	0	0	0	0	0	0	0	0	0	0	0	0	0	0	0	0	0	0	0	0	0	0	0	0	0	0	0	0	0	0	0	0	0	0	0	0	0	0	0	0	0	0	0	0	0	0	0
20.00102198343717	9996	1780	0	0	0	0	0	0	0	0	0	0	0	0	0	0	0	0	0	0	0	0	0	0	0	0	0	0	0	0	0	0	0	0	0	0	0	0	0	0	0	0	0	0	0	0	0	0	0	0	0	0	0	0	0	0	0	0	0	0	0	0	0	0	0	0	0	0	0	0	0	0	0	0	0	0	0	0	0	0	0	0	0	0	0	0	0	0	0	0	0	0	0	0	0	0	0	0	0	0	0	0	0	0	0	0	0	0	0	0
25.004283840712695	9986	1772	0	0	0	0	0	0	0	0	0	0	0	0	0	0	0	0	0	0	0	0	0	0	0	0	0	0	0	0	0	0	0	0	0	0	0	0	0	0	0	0	0	0	0	0	0	0	0	0	0	0	0	0	0	0	0	0	0	0	0	0	0	0	0	0	0	0	0	0	0	0	0	0	0	0	0	0	0	0	0	0	0	0	0	0	0	0	0	0	0	0	0	0	0	0	0	0	0	0	0	0	0	0	0	0	0	0	0	0
30.00002716342417	9963	1764	0	0	0	0	0	4	0	0	0	0	0	0	0	0	0	0	0	0	0	0	0	0	0	0	0	0	0	0	0	0	0	0	0	0	0	0	0	0	0	0	0	0	0	0	0	0	0	0	0	0	0	0	0	0	0	0	5	0	0	0	0	0	0	0	0	0	0	0	0	0	0	0	0	0	0	0	0	0	0	0	0	0	0	0	0	0	0	0	0	0	0	0	0	0	0	0	0	0	0	0	0	0	0	0	0	0	0	0
35.0002222463875	9922	1753	0	0	0	0	0	14	5	0	0	0	0	0	0	0	0	0	0	0	0	0	0	0	0	0	0	0	0	0	0	0	0	0	0	0	0	0	0	0	0	0	0	0	0	0	0	0	0	0	0	0	0	0	0	0	0	0	14	6	0	0	0	0	0	0	0	0	0	0	0	0	0	0	0	0	0	0	0	0	0	0	0	0	0	0	0	0	0	0	0	0	0	0	0	0	0	0	0	0	0	0	0	0	0	0	0	0	0	0
40.000236396869944	9884	1749	0	0	0	0	0	34	16	4	1	0	0	0	0	0	0	0	0	0	0	0	0	0	0	0	0	0	0	0	0	0	0	0	0	0	0	0	0	0	0	0	0	0	0	0	0	0	0	0	0	0	0	0	0	0	0	0	18	9	4	1	0	0	0	0	0	0	0	0	0	0	0	0	0	0	0	0	0	0	0	0	0	0	0	0	0	0	0	0	0	0	0	0	0	0	0	0	0	0	0	0	0	0	0	0	0	0	0	0
45.000437406747594	9831	1739	0	0	0	0	0	58	39	15	10	0	0	0	0	0	0	0	0	0	0	0	0	0	0	0	0	0	0	0	0	0	0	0	0	0	0	0	0	0	0	0	0	0	0	0	0	0	0	0	0	0	0	0	0	0	0	0	27	18	11	6	0	0	0	0	0	0	0	0	0	0	0	0	0	0	0	0	0	0	0	0	0	0	0	0	0	0	0	0	0	0	0	0	0	0	0	0	0	0	0	0	0	0	0	0	0	0	0	0
50.00017479387657	9754	1727	0	0	0	0	0	92	70	36	25	0	0	0	0	0	0	0	0	0	0	0	0	0	0	0	0	0	0	0	0	0	0	0	0	0	0	0	0	0	0	0	0	0	0	0	0	0	0	0	0	0	0	0	0	0	0	0	33	25	22	15	0	0	0	0	0	0	0	0	0	0	0	0	0	0	0	0	0	0	0	0	0	0	0	0	0	0	0	0	0	0	0	0	0	0	0	0	0	0	0	0	0	0	0	0	0	0	0	0
55.000228902492324	9680	1715	0	0	0	0	0	134	103	66	49	0	0	0	0	0	0	0	0	0	0	0	0	0	0	0	0	0	0	0	0	0	0	0	0	0	0	0	0	0	0	0	0	0	0	0	0	0	0	0	0	0	0	0	0	0	0	0	42	31	27	25	0	0	0	0	0	0	0	0	0	0	0	0	0	0	0	0	0	0	0	0	0	0	0	0	0	0	0	0	0	0	0	0	0	0	0	0	0	0	0	0	0	0	0	0	0	0	0	0
60.0000136225957	9596	1705	0	0	0	0	0	198	139	100	76	0	0	0	0	0	0	0	0	0	0	0	0	0	0	0	0	0	0	0	0	0	0	0	0	0	0	0	0	0	0	0	0	0	0	0	0	0	0	0	0	0	0	0	0	0	0	0	56	39	34	33	0	0	0	0	0	0	0	0	0	0	0	0	0	0	0	0	0	0	0	0	0	0	0	0	0	0	0	0	0	0	0	0	0	0	0	0	0	0	0	0	0	0	0	0	0	0	0	0
65.00023479196255	9462	1697	0	0	0	0	0	261	189	139	121	0	0	0	0	0	0	0	0	0	0	0	0	0	0	0	0	0	0	0	0	0	0	0	0	0	0	0	0	0	0	0	0	0	0	0	0	0	0	0	0	0	0	0	0	0	0	0	68	48	44	43	0	0	0	0	0	0	0	0	0	0	0	0	0	0	0	0	0	0	0	0	0	0	0	0	0	0	0	0	0	0	0	0	0	0	0	0	0	0	0	0	0	0	0	0	0	0	0	0
70.0000432289126	9331	1686	2	0	0	0	0	338	241	217	176	0	0	0	0	0	0	0	0	0	0	0	0	0	0	0	0	0	0	0	0	0	0	0	0	0	0	0	0	0	0	0	0	0	0	0	0	0	0	0	0	0	0	0	0	0	0	0	79	60	54	52	11	0	0	0	0	0	0	0	0	0	0	0	0	0	0	0	0	0	0	0	0	0	0	0	0	0	0	0	0	0	0	0	0	0	0	0	0	0	0	0	0	0	0	0	0	0	0	0
75.00042263443959	9178	1667	9	0	0	0	0	424	317	289	249	0	0	0	0	0	0	0	0	0	0	0	0	0	0	0	0	0	0	0	0	0	0	0	0	0	0	0	0	0	0	0	0	0	0	0	0	0	0	0	0	0	0	0	0	0	0	0	84	74	64	62	36	0	0	0	0	0	0	0	0	0	0	0	0	0	0	0	0	0	0	0	0	0	0	0	0	0	0	0	0	0	0	0	0	0	0	0	0	0	0	0	0	0	0	0	0	0	0	0
80.00005822991312	9050	1644	22	0	0	0	0	535	406	369	339	0	0	0	0	0	0	0	0	0	0	0	0	0	0	0	0	0	0	0	0	0	0	0	0	0	0	0	0	0	0	0	0	0	0	0	0	0	0	0	0	0	0	0	0	0	0	0	89	79	78	71	48	0	0	0	0	0	0	0	0	0	0	0	0	0	0	0	0	0	0	0	0	0	0	0	0	0	0	0	0	0	0	0	0	0	0	0	0	0	0	0	0	0	0	0	0	0	0	0
85.00036598629904	8942	1612	47	0	0	0	0	639	515	466	461	0	0	0	0	0	0	0	0	0	0	0	0	0	0	0	0	0	0	0	0	0	0	0	0	0	0	0	0	0	0	0	0	0	0	0	0	0	0	0	0	0	0	0	0	0	0	0	95	85	81	87	66	0	0	0	0	0	0	0	0	0	0	0	0	0	0	0	0	0	0	0	0	0	0	0	0	0	0	0	0	0	0	0	0	0	0	0	0	0	0	0	0	0	0	0	0	0	0	0
90.00031252217947	8767	1566	84	0	0	0	0	749	610	556	597	0	0	0	0	0	0	0	0	0	0	0	0	0	0	0	0	0	0	0	0	0	0	0	0	0	0	0	0	0	0	0	0	0	0	0	0	0	0	0	0	0	0	0	0	0	0	0	102	92	89	96	78	0	0	0	0	0	0	0	0	0	0	0	0	0	0	0	0	0	0	0	0	0	0	0	0	0	0	0	0	0	0	0	0	0	0	0	0	0	0	0	0	0	0	0	0	0	0	0
95.00003730745814	8587	1512	133	0	0	0	0	878	717	660	752	0	0	0	0	0	0	0	0	0	0	0	0	0	0	0	0	0	0	0	0	0	0	0	0	0	0	0	0	0	0	0	0	0	0	0	0	0	0	0	0	0	0	0	0	0	0	0	111	97	95	104	90	0	0	0	0	0	0	0	0	0	0	0	0	0	0	0	0	0	0	0	0	0	0	0	0	0	0	0	0	0	0	0	0	0	0	0	0	0	0	0	0	0	0	0	0	0	0	0
100.00003105091245	8399	1450	185	0	0	0	0	997	821	767	944	0	0	0	0	0	0	0	0	0	0	0	0	0	0	0	0	0	0	0	0	0	0	0	0	0	0	0	0	0	0	0	0	0	0	0	0	0	0	0	0	0	0	0	0	0	0	0	113	103	100	111	97	0	0	0	0	0	0	0	0	0	0	0	0	0	0	0	0	0	0	0	0	0	0	0	0	0	0	0	0	0	0	0	0	0	0	0	0	0	0	0	0	0	0	0	0	0	0	0
105.00003407879029	8235	1379	253	0	0	0	0	1142	939	868	1159	0	0	0	0	0	0	0	0	0	0	0	0	0	0	0	0	0	0	0	0	0	0	0	0	0	0	0	0	0	0	0	0	0	0	0	0	0	0	0	0	0	0	0	0	0	0	0	117	109	105	121	108	0	0	0	0	0	0	0	0	0	0	0	0	0	0	0	0	0	0	0	0	0	0	0	0	0	0	0	0	0	0	0	0	0	0	0	0	0	0	0	0	0	0	0	0	0	0	0
110.00001518978715	8026	1285	340	0	0	0	0	1274	1074	1002	1372	0	0	0	0	0	0	0	0	0	0	0	0	0	0	0	0	0	0	0	0	0	0	0	0	0	0	0	0	0	0	0	0	0	0	0	0	0	0	0	0	0	0	0	0	0	0	0	121	116	112	125	116	0	0	0	0	0	0	0	0	0	0	0	0	0	0	0	0	0	0	0	0	0	0	0	0	0	0	0	0	0	0	0	0	0	0	0	0	0	0	0	0	0	0	0	0	0	0	0
115.00001080691086	7846	1177	442	0	0	0	0	1413	1209	1144	1634	0	0	0	0	0	0	0	0	0	0	0	0	0	0	0	0	0	0	0	0	0	0	0	0	0	0	0	0	0	0	0	0	0	0	0	0	0	0	0	0	0	0	0	0	0	0	0	122	120	118	134	120	0	0	0	0	0	0	0	0	0	0	0	0	0	0	0	0	0	0	0	0	0	0	0	0	0	0	0	0	0	0	0	0	0	0	0	0	0	0	0	0	0	0	0	0	0	0	0
120.0000083566359	7691	1049	557	0	0	0	0	1563	1345	1273	1915	0	0	0	0	0	0	0	0	0	0	0	0	0	0	0	0	0	0	0	0	0	0	0	0	0	0	0	0	0	0	0	0	0	0	0	0	0	0	0	0	0	0	0	0	0	0	0	126	122	120	141	130	0	0	0	0	0	0	0	0	0	0	0	0	0	0	0	0	0	0	0	0	0	0	0	0	0	0	0	0	0	0	0	0	0	0	0	0	0	0	0	0	0	0	0	0	0	0	0
125.00013802928403	7440	931	665	0	0	0	0	1709	1486	1406	2181	0	0	0	0	0	0	0	0	0	0	0	0	0	0	0	0	0	0	0	0	0	0	0	0	0	0	0	0	0	0	0	0	0	0	0	0	0	0	0	0	0	0	0	0	0	0	0	134	126	122	145	134	0	0	0	0	0	0	0	0	0	0	0	0	0	0	0	0	0	0	0	0	0	0	0	0	0	0	0	0	0	0	0	0	0	0	0	0	0	0	0	0	0	0	0	0	0	0	0
130.00002256846867	7230	802	784	0	0	0	0	1856	1645	1543	2486	0	0	0	0	0	0	0	0	0	0	0	0	0	0	0	0	0	0	0	0	0	0	0	0	0	0	0	0	0	0	0	0	0	0	0	0	0	0	0	0	0	0	0	0	0	0	0	142	133	127	149	139	15	0	0	0	0	0	0	0	0	0	0	0	0	0	0	0	0	0	0	0	0	0	0	0	0	0	0	0	0	0	0	0	0	0	0	0	0	0	0	0	0	0	0	0	0	0	0
135.00016421801396	7010	666	910	0	0	2	0	2027	1808	1709	2773	0	0	0	0	0	0	0	0	0	0	0	0	0	0	0	0	0	0	0	0	0	0	0	0	0	0	0	0	0	0	0	0	0	0	0	0	0	0	0	0	0	0	0	0	0	0	0	148	137	134	161	147	102	0	0	0	0	0	0	0	0	0	0	0	0	0	0	0	0	0	0	0	0	0	0	0	0	0	0	0	0	0	0	0	0	0	0	0	0	0	0	0	0	0	0	0	0	0	0
140.0000841165101	6759	518	1055	0	0	7	0	2179	1976	1883	3107	0	2	0	0	0	0	0	0	0	0	0	0	0	0	0	0	0	0	0	0	0	0	0	0	0	0	0	0	0	0	0	0	0	0	0	0	0	0	0	0	0	0	0	0	0	0	0	151	144	140	166	149	132	7	0	0	0	0	0	0	0	0	0	0	0	0	0	0	0	0	0	0	0	0	0	0	0	0	0	0	0	0	0	0	0	0	0	0	0	0	0	0	0	0	0	0	0	0	0
145.00006794420102	6512	375	1197	0	0	20	0	2340	2147	2049	3451	1	16	4	0	0	0	0	0	0	0	0	0	0	0	0	0	0	0	0	0	0	0	0	0	0	0	0	0	0	0	0	0	0	0	0	0	0	0	0	0	0	0	0	0	0	0	0	154	153	146	170	160	144	15	7	0	0	0	0	0	0	0	0	0	0	0	0	0	0	0	0	0	0	0	0	0	0	0	0	0	0	0	0	0	0	0	0	0	0	0	0	0	0	0	0	0	0	0	0
150.00000204227263	6240	229	1330	0	0	63	0	2495	2323	2236	3794	2	41	13	0	0	0	0	0	0	0	0	0	0	0	0	0	0	0	0	0	0	0	0	0	0	0	0	0	0	0	0	0	0	0	0	0	0	0	0	0	0	0	0	0	0	0	0	158	154	154	177	165	151	23	16	0	0	0	0	0	0	0	0	0	0	0	0	0	0	0	0	0	0	0	0	0	0	0	0	0	0	0	0	0	0	0	0	0	0	0	0	0	0	0	0	0	0	0	0
155.0000468775398	5908	81	1470	0	0	104	0	2659	2499	2419	4153	6	73	44	0	0	0	0	0	0	0	0	0	0	0	0	0	0	0	0	0	0	0	0	0	0	0	0	0	0	0	0	0	0	0	0	0	0	0	0	0	0	0	0	0	0	0	0	160	156	154	184	170	164	32	29	0	0	0	0	0	0	0	0	0	0	0	0	0	0	0	0	0	0	0	0	0	0	0	0	0	0	0	0	0	0	0	0	0	0	0	0	0	0	0	0	0	0	0	0
160.00001058780015	5580	0	1548	0	0	145	0	2842	2673	2591	4448	107	128	85	0	0	0	0	0	0	0	0	0	0	0	0	0	0	0	0	0	0	0	0	0	0	0	0	0	0	0	0	0	0	0	0	0	0	0	0	0	0	0	0	0	0	0	0	178	163	155	187	174	167	51	39	0	0	0	0	0	0	0	0	0	0	0	0	0	0	0	0	0	0	0	0	0	0	0	0	0	0	0	0	0	0	0	0	0	0	0	0	0	0	0	0	0	0	0	0
165.0000480477435	5242	0	1543	0	0	203	0	3044	2850	2773	4647	286	198	138	0	0	0	0	0	0	0	0	0	0	0	0	0	0	0	0	0	0	0	0	0	0	0	0	0	0	0	0	0	0	0	0	0	0	0	0	0	0	0	0	0	0	0	0	186	176	161	190	181	173	66	57	0	0	0	0	0	0	0	0	0	0	0	0	0	0	0	0	0	0	0	0	0	0	0	0	0	0	0	0	0	0	0	0	0	0	0	0	0	0	0	0	0	0	0	0
170.00006110287046	4958	0	1540	0	0	306	0	3275	3037	2976	4868	464	287	206	3	0	0	0	0	0	0	0	0	0	0	0	0	0	0	0	0	0	0	0	0	0	0	0	0	0	0	0	0	0	0	0	0	0	0	0	0	0	0	0	0	0	0	0	190	183	172	197	186	179	77	75	19	1	0	0	0	0	0	0	0	0	0	0	0	0	0	0	0	0	0	0	0	0	0	0	0	0	0	0	0	0	0	0	0	0	0	0	0	0	0	0	0	0	0	0
175.00000249267836	4615	0	1540	0	0	390	0	3497	3260	3184	5126	649	381	292	19	3	3	0	0	0	0	0	0	0	0	0	0	0	0	0	0	0	0	0	0	0	0	0	0	0	0	0	0	0	0	0	0	0	0	0	0	0	0	0	0	0	0	0	194	192	184	211	190	186	87	83	63	5	3	6	1	0	0	0	0	0	0	0	0	0	0	0	0	0	0	0	0	0	0	0	0	0	0	0	0	0	0	0	0	0	0	0	0	0	0	0	0	0	0	0
180.00003014375034	4153	0	1545	0	0	486	0	3716	3473	3382	5376	841	494	394	55	12	13	6	0	3	0	0	0	0	0	0	0	0	0	0	0	0	0	0	0	0	0	0	0	0	0	0	0	0	0	0	0	0	0	0	0	0	0	0	0	0	0	0	205	195	191	218	196	195	100	89	83	11	6	11	13	5	7	3	0	0	0	0	0	0	0	0	0	0	0	0	0	0	0	0	0	0	0	0	0	0	0	0	0	0	0	0	0	0	0	0	0	0	0	0
185.00003076892037	3626	0	1525	0	16	584	0	3944	3704	3605	5636	1064	630	492	87	22	29	18	0	15	0	0	0	0	0	0	0	0	0	0	0	0	0	0	0	0	0	0	0	0	0	0	0	0	0	0	0	0	0	0	0	0	0	0	0	0	0	0	210	203	199	226	207	205	119	104	98	13	13	14	17	16	13	7	6	2	0	0	0	0	0	0	0	0	0	0	0	0	0	0	0	0	0	0	0	0	0	0	0	0	0	0	0	0	0	0	0	0	0	0
190.00000115297271	2995	0	1500	0	40	697	0	4190	3935	3828	5895	1254	791	625	135	43	51	38	11	42	0	0	1	0	0	0	0	0	0	0	0	0	0	0	0	0	0	0	0	0	0	0	0	0	0	0	0	0	0	0	0	0	0	0	0	0	0	0	217	212	203	233	217	213	144	130	109	18	14	27	30	26	27	9	10	12	9	1	0	0	0	0	0	0	0	0	0	0	0	0	0	0	0	0	0	0	0	0	0	0	0	0	0	0	0	0	0	0	0	0
195.00002087057965	2365	0	1468	0	77	816	1	4447	4178	4062	6171	1459	959	786	213	68	71	76	31	86	3	3	8	4	1	2	0	0	0	0	0	0	0	0	0	0	0	0	0	0	0	0	0	0	0	0	0	0	0	0	0	0	0	0	0	0	0	0	230	218	206	239	217	217	156	148	127	19	14	29	41	43	39	39	22	15	10	8	5	0	0	0	0	0	0	0	0	0	0	0	0	0	0	0	0	0	0	0	0	0	0	0	0	0	0	0	0	0	0	0
200.0000342778472	1565	0	1429	0	122	936	13	4728	4420	4298	6471	1666	1143	952	304	101	94	113	58	149	4	12	22	22	0	8	0	0	0	0	0	0	0	0	0	0	0	0	0	0	0	0	0	0	0	0	0	0	0	0	0	0	0	0	0	0	0	0	237	233	214	245	227	219	165	160	153	32	24	37	53	49	44	51	44	38	28	23	13	6	2	1	0	0	0	0	0	0	0	0	0	0	0	0	0	0	0	0	0	0	0	0	0	0	0	0	0	0	0	0
205.00001648426644	684	0	1366	0	180	1046	20	4981	4706	4540	6782	1877	1328	1152	413	147	139	157	108	218	3	31	58	48	3	22	0	5	5	1	0	0	0	0	0	0	0	0	0	0	0	0	0	0	0	0	0	0	0	0	0	0	0	0	0	0	0	0	242	239	229	259	240	222	175	168	172	37	33	48	67	63	56	57	50	49	44	51	43	15	8	7	2	0	0	0	0	0	0	0	0	0	0	0	0	0	0	0	0	0	0	0	0	0	0	0	0	0	0	0
210.000026215751	102	0	1294	0	249	1151	57	5266	4977	4813	7087	2121	1543	1339	533	190	179	219	166	302	3	90	122	105	5	79	0	27	24	12	0	0	0	0	0	0	0	0	0	0	0	0	0	0	0	0	0	0	0	0	0	0	0	0	0	0	0	0	254	245	239	271	243	233	185	181	181	45	37	56	76	75	70	79	67	58	55	60	58	35	28	24	14	6	1	0	0	0	0	0	0	0	0	0	0	0	0	0	0	0	0	0	0	0	0	0	0	0	0	0
215.0000100525694	38	0	1210	0	340	1261	99	5534	5247	5084	7399	2355	1744	1534	672	236	219	275	233	382	4	141	187	161	6	152	0	64	60	41	12	0	0	0	0	0	0	0	0	0	0	0	0	0	0	0	0	0	0	0	0	0	0	0	0	0	0	0	261	255	243	276	250	241	198	187	189	48	46	72	89	88	80	99	85	77	67	72	70	57	53	56	33	31	6	6	4	4	0	0	0	0	0	0	0	0	0	0	0	0	0	0	0	0	0	0	0	0	0	0
220.0000142236775	16	0	1160	0	407	1348	159	5808	5477	5296	7647	2612	1938	1713	817	286	258	340	313	459	3	209	268	232	6	227	0	123	111	94	32	0	2	2	2	1	0	0	0	0	0	0	0	0	0	0	0	0	0	0	0	0	0	0	0	0	0	0	272	256	246	281	259	247	218	197	204	49	50	82	109	113	89	108	95	97	95	101	81	77	73	85	73	56	23	24	18	16	4	5	1	0	0	0	0	0	0	0	0	0	0	0	0	0	0	0	0	0	0	0
225.00002830885722	15	0	1101	0	475	1432	224	6021	5674	5492	7880	2857	2093	1883	1006	320	299	406	394	544	6	312	350	311	11	288	2	189	172	164	71	0	13	9	8	10	0	4	1	1	0	0	0	0	0	0	0	0	0	0	0	0	0	0	0	0	0	0	278	268	256	290	273	253	227	215	222	53	50	89	118	119	109	119	112	107	106	122	101	86	80	99	99	76	50	42	42	34	17	21	14	11	7	4	2	0	0	0	0	0	0	0	0	0	0	0	0	0	0	0
230.00000392580554	13	0	1026	0	561	1523	295	6225	5852	5668	8073	3106	2239	2044	1206	360	332	461	472	631	9	417	422	397	8	381	12	248	233	228	136	0	27	29	32	35	0	12	11	5	0	0	0	0	0	0	0	0	0	0	0	0	0	0	0	0	0	0	286	282	272	302	277	263	231	228	233	59	51	91	129	130	127	143	135	132	111	134	113	94	84	106	103	112	90	71	66	62	34	30	32	33	24	17	11	1	0	0	0	0	0	0	0	0	0	0	0	0	0	0
235.00000783037473	13	0	954	0	631	1646	369	6399	6033	5836	8259	3366	2384	2182	1421	390	364	519	565	705	7	494	507	458	9	459	31	309	295	296	190	0	67	57	70	66	0	37	27	19	6	3	3	0	0	0	0	0	0	0	0	0	0	0	0	0	0	0	295	286	283	316	283	271	242	232	238	71	55	96	130	133	130	157	153	150	119	141	117	105	96	110	109	127	116	108	101	99	56	46	59	51	39	36	31	7	0	0	0	0	0	0	0	0	0	0	0	0	0	0
240.00000049742124	7	0	869	0	718	1814	421	6582	6198	5998	8427	3597	2488	2316	1608	426	389	565	648	771	3	573	588	526	10	547	78	381	332	369	251	0	125	115	109	110	6	61	49	32	23	15	9	0	0	0	0	0	0	0	0	0	0	0	0	0	0	0	296	293	287	325	294	278	251	240	247	72	63	105	141	142	136	162	163	161	154	173	127	128	120	131	112	130	127	128	127	126	83	74	85	73	57	58	51	18	7	1	0	0	0	0	0	0	0	0	0	0	0	0
245.00002910085112	13	0	818	0	770	1957	482	6735	6338	6161	8610	3794	2618	2435	1759	467	418	618	728	844	19	667	656	600	22	624	150	450	393	426	305	0	191	177	174	164	20	99	81	59	38	41	28	0	0	0	0	0	0	0	0	0	0	0	0	0	0	0	303	297	292	333	298	285	263	250	256	77	68	113	152	150	137	168	167	163	161	191	130	138	129	137	130	139	135	131	130	129	95	86	113	105	89	88	71	38	18	9	0	0	0	0	0	0	0	0	0	0	0	0
250.0000016411231	6	0	741	0	848	2066	571	6887	6478	6306	8786	3976	2741	2548	1914	499	445	664	797	916	14	743	738	693	16	716	218	506	461	490	364	3	260	227	230	219	50	148	128	102	66	69	46	0	0	0	0	0	0	0	0	0	0	0	0	0	0	0	319	304	297	340	303	290	273	263	264	79	70	115	160	161	160	175	174	171	169	198	144	139	131	157	140	147	140	137	140	140	125	121	151	134	111	111	107	52	48	33	4	0	0	0	0	0	0	0	0	0	0	0
255.00001565094155	5	0	701	0	902	2222	653	7040	6601	6425	8933	4125	2847	2678	2043	527	473	725	866	995	24	809	824	760	13	809	287	594	523	563	422	23	319	281	291	274	87	201	177	150	106	110	81	0	0	0	0	0	0	0	0	0	0	0	0	0	0	0	329	321	307	343	308	295	281	271	286	81	70	116	160	161	161	199	199	188	174	213	184	186	178	186	162	162	161	156	150	146	137	138	184	177	159	151	131	56	57	77	12	0	0	0	0	0	0	0	0	0	0	0
260.000006567942	3	0	627	0	975	2389	714	7186	6747	6541	9064	4280	2944	2793	2191	557	505	782	952	1068	16	890	906	824	14	891	365	668	564	628	480	57	378	344	344	329	145	256	245	218	151	169	115	1	7	0	1	0	0	0	0	0	0	0	0	0	0	0	336	332	322	355	320	300	295	276	291	86	74	120	163	164	163	205	203	202	200	232	192	193	183	202	182	176	166	166	166	166	146	142	195	192	187	186	177	73	61	84	16	6	4	0	0	0	0	0	0	0	0	0
265.0000033158141	6	0	569	0	1029	2535	776	7307	6874	6632	9204	4436	3047	2887	2295	595	530	829	1017	1122	18	959	989	888	20	980	438	724	639	698	539	107	421	404	404	389	203	304	315	280	208	227	155	2	16	3	5	0	0	0	0	0	0	0	0	0	0	0	343	337	330	371	333	304	305	293	295	88	80	129	168	169	168	208	208	209	207	250	201	199	190	217	210	209	194	192	185	181	164	161	218	206	196	194	192	119	90	98	18	12	11	6	0	0	0	0	0	0	0	0
270.0000014548072	5	0	514	0	1080	2661	859	7439	6985	6748	9321	4561	3154	2992	2413	623	561	870	1071	1173	26	1035	1071	964	14	1056	521	820	699	769	622	176	480	467	463	453	265	364	376	345	277	293	206	7	36	10	10	0	0	0	0	0	0	0	0	0	0	0	354	347	337	383	343	310	320	306	300	88	80	131	182	184	175	217	216	209	209	256	219	215	215	225	217	229	222	218	209	208	183	179	239	236	226	222	204	157	123	132	21	17	30	20	0	0	0	0	0	0	0	0
275.00000318308605	5	0	475	0	1120	2783	931	7553	7097	6856	9447	4693	3256	3094	2540	649	590	911	1131	1238	30	1110	1147	1029	14	1131	598	902	767	837	694	248	537	525	527	505	317	422	466	422	344	353	271	30	61	31	15	0	4	0	0	0	0	0	0	0	0	0	360	353	348	391	347	324	332	321	310	97	84	132	194	193	182	225	219	218	218	265	234	241	235	258	242	266	254	246	238	231	206	198	268	265	249	243	237	197	177	164	29	19	47	38	8	0	0	0	0	0	0	0
280.00000000259047	5	0	431	0	1170	2903	996	7676	7195	6969	9568	4820	3361	3195	2680	685	616	945	1185	1293	38	1187	1221	1095	12	1209	686	973	839	914	765	329	606	584	587	572	366	480	534	486	409	419	337	52	92	58	27	0	15	3	0	0	0	0	0	0	0	0	364	359	354	398	353	337	345	332	327	112	104	156	202	199	182	230	228	225	221	280	246	257	242	266	265	270	268	269	265	266	217	203	274	271	270	270	267	215	239	224	40	23	57	50	22	0	0	0	0	0	0	0
285.0000017929458	3	0	392	0	1209	3038	1065	7788	7285	7077	9676	4944	3449	3285	2782	729	651	986	1247	1340	45	1244	1283	1157	14	1287	779	1042	908	977	832	401	685	656	662	634	429	547	613	558	493	491	405	85	124	86	31	0	28	16	0	0	0	0	0	0	0	0	372	365	361	401	358	351	357	344	340	114	104	160	218	210	186	234	231	230	231	291	256	267	260	285	270	294	284	270	269	269	243	231	287	277	275	274	275	233	251	289	53	35	61	58	41	0	0	0	0	0	0	0
290.00000866257744	3	0	353	0	1255	3113	1123	7875	7379	7177	9800	5061	3553	3387	2891	765	677	1029	1320	1383	45	1303	1338	1216	14	1350	859	1103	967	1064	904	463	762	724	742	709	492	592	695	653	561	569	465	126	165	126	41	0	35	26	0	0	0	0	0	0	0	0	372	372	364	408	371	358	366	351	346	125	125	184	229	223	195	237	234	234	234	298	261	271	260	291	292	318	319	310	303	296	261	257	320	313	302	288	277	244	264	311	66	38	74	74	53	3	0	0	0	0	0	0
295.0000029171459	2	0	311	0	1292	3156	1184	7967	7464	7265	9902	5163	3648	3483	2995	799	702	1067	1378	1439	64	1362	1392	1284	16	1423	951	1209	1042	1135	975	525	830	795	806	786	562	653	768	725	644	644	529	183	221	179	55	0	47	42	0	0	0	0	0	0	0	0	376	375	375	413	383	367	385	357	364	140	129	188	253	250	237	269	248	238	235	303	286	330	318	339	300	326	321	320	321	321	301	296	373	360	343	326	311	271	266	327	69	47	83	77	59	14	0	0	0	0	0	0
300.0000011707732	2	0	253	0	1355	3214	1228	8061	7571	7365	10005	5260	3728	3563	3097	830	734	1117	1436	1490	67	1428	1438	1351	20	1490	1028	1278	1104	1208	1048	595	902	873	883	854	623	711	851	804	723	712	589	241	300	231	69	0	70	57	0	0	0	0	0	0	0	0	383	377	375	423	391	376	406	378	385	148	144	202	263	263	259	295	295	282	243	312	297	343	334	366	362	349	347	336	330	327	319	321	410	403	384	374	361	273	268	334	72	61	94	86	72	23	4	3	1	1	0	0
305.0000164245188	1	0	237	0	1375	3247	1283	8137	7649	7438	10091	5362	3814	3656	3196	868	758	1167	1485	1543	108	1489	1496	1407	15	1560	1110	1356	1187	1280	1122	673	990	942	947	930	698	777	927	879	793	782	652	305	359	295	91	1	83	71	0	0	0	0	0	0	0	0	384	384	377	424	400	383	412	398	391	149	145	206	280	279	266	317	319	305	266	334	303	354	352	376	369	367	353	353	353	352	335	330	422	419	416	414	399	287	290	345	74	67	128	113	79	32	13	7	5	3	0	0
310.00000271309824	4	0	188	0	1423	3298	1322	8211	7715	7528	10183	5468	3865	3740	3297	893	785	1204	1552	1599	107	1552	1558	1472	21	1634	1195	1427	1260	1365	1200	757	1050	1013	1026	990	771	850	1010	963	867	858	739	382	425	373	101	4	95	90	0	0	0	0	0	0	0	0	388	387	385	429	407	385	420	412	398	149	147	210	286	280	267	327	328	322	316	380	310	358	355	391	390	419	409	389	375	368	352	351	452	443	431	424	416	337	314	371	76	70	143	136	88	44	26	23	20	13	1	2
315.00000645144956	2	0	168	0	1441	3348	1379	8298	7802	7599	10275	5554	3955	3816	3389	921	819	1239	1602	1657	137	1612	1610	1535	14	1699	1281	1494	1335	1440	1262	843	1125	1081	1089	1062	837	914	1088	1042	942	952	795	449	501	438	121	10	117	109	0	0	0	2	2	0	0	0	395	389	387	436	413	387	429	417	408	154	147	213	293	294	292	332	330	327	327	403	335	373	362	401	393	439	436	437	434	425	381	369	463	457	452	453	442	408	382	403	79	72	162	149	107	63	37	32	27	27	4	9
320.0000003788554	3	0	129	0	1469	3395	1426	8374	7859	7667	10354	5658	4048	3880	3495	962	843	1268	1658	1702	167	1673	1688	1604	20	1775	1365	1567	1395	1514	1321	940	1197	1151	1157	1141	907	987	1167	1119	1019	1050	863	516	574	525	133	12	142	136	2	0	0	7	4	2	0	2	406	398	389	441	416	391	438	422	413	161	152	218	297	297	296	365	355	336	332	411	356	398	392	411	402	463	456	448	445	442	420	404	490	480	474	467	456	427	475	465	84	74	166	163	137	77	70	59	46	37	17	18
325.00000638633105	0	0	108	0	1500	3520	1463	8451	7929	7737	10443	5760	4122	3960	3579	980	865	1308	1725	1743	184	1737	1745	1667	21	1836	1435	1640	1468	1582	1392	1018	1286	1225	1226	1190	978	1040	1250	1212	1106	1127	931	591	641	601	146	15	174	160	6	0	0	19	9	7	0	3	416	406	399	444	419	400	443	426	437	162	152	219	305	305	299	367	366	365	340	420	377	423	421	442	437	468	466	465	463	462	431	416	518	514	505	491	479	432	513	568	95	78	174	169	150	87	87	85	79	69	27	36
330.000002512797	1	0	99	0	1518	3565	1544	8520	7994	7808	10519	5862	4185	4026	3646	1010	888	1345	1780	1791	215	1803	1787	1716	14	1903	1504	1706	1524	1646	1472	1113	1351	1304	1310	1253	1044	1118	1342	1292	1186	1198	1027	647	708	659	164	26	208	184	19	0	0	36	20	16	0	9	426	418	408	455	426	401	447	435	457	168	164	231	310	308	301	372	372	370	348	431	381	433	428	466	454	481	477	471	467	467	434	422	520	520	520	520	513	445	523	614	111	82	179	178	163	98	111	107	106	94	44	57
335.000006320874	0	0	79	0	1532	3643	1593	8585	8064	7859	10583	5944	4262	4096	3746	1027	922	1390	1838	1850	252	1858	1845	1770	25	1951	1570	1776	1594	1709	1540	1201	1427	1388	1386	1328	1114	1187	1413	1372	1264	1270	1109	730	784	735	179	31	233	209	35	0	1	42	34	23	0	20	437	431	418	464	428	402	448	443	471	178	167	234	321	322	304	378	376	374	372	466	383	433	428	469	469	516	496	480	478	478	439	434	533	533	528	521	520	457	531	640	122	84	183	182	171	114	121	119	119	114	76	83
340.0000094829194	3	0	67	0	1541	3706	1652	8652	8129	7919	10664	6031	4324	4163	3834	1058	948	1426	1884	1896	286	1916	1912	1830	24	2011	1650	1849	1648	1787	1597	1269	1490	1462	1442	1406	1184	1251	1498	1449	1351	1343	1184	805	860	811	187	44	255	233	50	0	4	62	53	35	0	29	452	444	430	474	431	404	449	448	476	180	167	234	323	323	309	382	380	378	378	468	384	433	428	469	469	532	522	514	516	515	475	478	580	564	543	535	533	471	531	659	123	104	185	183	177	147	138	136	133	120	101	118
345.0000039506247	1	0	73	0	1534	3715	1718	8736	8186	7983	10728	6103	4397	4219	3917	1090	967	1457	1938	1942	351	1971	1967	1887	17	2083	1713	1918	1715	1870	1669	1343	1573	1517	1520	1490	1261	1309	1575	1525	1440	1417	1265	885	944	899	209	51	276	263	65	0	12	77	68	47	0	44	456	456	444	489	437	406	457	448	481	187	182	242	323	323	318	396	385	382	382	477	393	443	428	469	469	547	550	548	540	535	504	500	612	602	592	581	561	513	545	663	128	112	213	206	182	157	181	161	146	137	118	154
350.0000144100253	2	0	50	0	1551	3763	1750	8793	8256	8048	10791	6172	4464	4287	4001	1120	989	1491	1986	1985	376	2028	2015	1947	21	2156	1777	1982	1773	1924	1737	1428	1649	1589	1588	1556	1327	1386	1644	1605	1505	1494	1343	970	1029	986	221	68	300	288	84	0	23	98	81	63	1	59	458	457	457	502	447	414	466	455	482	189	186	260	349	347	324	401	400	399	384	482	420	467	450	474	469	553	552	551	551	551	531	526	646	641	621	612	603	527	604	678	129	113	218	218	183	169	209	205	197	180	126	173
355.0000008259577	1	0	51	0	1556	3857	1798	8879	8318	8104	10851	6243	4522	4355	4093	1145	1017	1522	2038	2029	411	2098	2073	2007	19	2227	1855	2035	1824	1987	1807	1509	1728	1686	1661	1639	1396	1465	1721	1673	1580	1580	1414	1041	1116	1074	236	80	320	313	104	0	33	125	98	81	3	78	463	461	457	512	449	422	477	464	494	209	199	261	351	350	336	410	402	401	400	502	429	478	455	480	469	554	554	554	554	554	538	529	647	647	647	647	639	530	619	747	139	114	219	218	201	174	240	227	217	210	142	197
360.00000407229726	1	0	42	0	1565	3922	1835	8938	8374	8167	10909	6315	4591	4428	4158	1162	1035	1556	2080	2083	443	2146	2131	2068	20	2297	1906	2089	1886	2066	1868	1592	1797	1769	1736	1716	1462	1534	1807	1757	1656	1651	1496	1121	1197	1182	255	94	345	337	120	0	47	153	127	101	8	107	466	464	463	513	460	429	484	474	513	213	206	281	375	366	341	423	422	417	403	507	451	521	514	551	514	554	554	554	554	554	553	550	669	661	649	647	646	534	620	775	154	115	226	223	218	180	250	248	248	241	173	214
365.0000077133422	0	0	43	0	1568	3969	1883	9003	8433	8222	10968	6395	4647	4495	4218	1188	1056	1587	2125	2133	474	2196	2185	2116	25	2367	1968	2156	1947	2138	1934	1666	1869	1824	1802	1776	1538	1591	1893	1839	1738	1740	1577	1202	1284	1283	268	111	377	356	145	0	66	192	157	128	16	129	466	466	465	519	470	445	497	479	522	219	207	281	377	369	355	426	423	423	415	507	467	540	533	563	558	554	554	554	554	554	554	554	677	670	668	669	657	617	629	783	158	133	230	226	218	186	261	261	255	249	220	279
370.00000737145774	1	0	36	0	1562	4026	1941	9043	8478	8276	11022	6465	4720	4546	4290	1215	1080	1624	2169	2178	528	2252	2226	2165	11	2432	2030	2214	2001	2187	1991	1756	1933	1890	1882	1839	1618	1656	1979	1912	1840	1815	1650	1275	1363	1381	287	132	404	378	179	2	85	215	193	162	21	161	474	469	466	522	486	462	514	487	523	219	207	281	377	369	357	438	438	435	418	522	468	541	535	564	558	595	575	562	557	555	554	554	689	686	682	680	671	636	641	784	160	149	258	250	225	187	261	261	262	262	245	309
375.0000050602877	2	0	30	0	1565	4053	1986	9096	8529	8338	11070	6529	4797	4607	4357	1236	1104	1666	2208	2214	559	2301	2280	2216	23	2487	2100	2291	2079	2265	2063	1836	2009	1956	1938	1910	1696	1721	2073	1990	1919	1904	1728	1348	1435	1473	306	143	418	408	201	14	103	246	227	192	40	192	475	474	470	524	496	471	537	502	526	228	225	292	378	369	357	446	441	438	438	532	468	542	536	580	575	645	640	628	609	599	560	556	690	690	689	689	685	659	642	795	163	160	285	272	227	204	274	275	272	263	251	321
380.00000130243444	1	0	44	0	1552	4079	2025	9153	8571	8410	11138	6595	4856	4667	4423	1268	1133	1694	2251	2267	622	2353	2321	2264	21	2547	2173	2360	2149	2328	2123	1914	2071	2025	1997	1967	1773	1776	2153	2084	1997	1981	1817	1426	1510	1563	324	158	450	435	233	25	127	277	258	225	57	221	483	477	475	531	507	485	556	524	530	234	226	302	389	379	358	447	447	447	440	549	468	542	538	584	581	651	649	650	649	650	593	581	712	706	694	690	690	663	671	797	164	160	289	286	247	210	281	281	278	276	261	337
385.0000155098168	2	0	37	0	1561	4075	2076	9209	8619	8466	11203	6663	4917	4724	4495	1299	1149	1732	2295	2308	656	2409	2386	2307	23	2595	2231	2414	2213	2390	2190	1992	2141	2109	2052	2034	1839	1838	2246	2175	2080	2068	1914	1490	1592	1663	337	171	484	460	254	33	158	308	299	256	81	250	498	486	479	533	513	501	576	551	540	234	226	304	393	382	358	447	447	447	447	561	469	542	538	584	583	669	658	652	652	652	615	605	742	734	718	711	705	669	713	822	164	160	300	294	273	220	299	296	289	281	271	353
390.0000072549683	1	0	37	0	1561	4118	2116	9268	8675	8528	11249	6731	4981	4782	4558	1325	1179	1759	2339	2356	706	2460	2421	2357	24	2662	2286	2471	2265	2465	2265	2081	2206	2195	2126	2109	1890	1908	2319	2245	2169	2139	1994	1554	1682	1754	356	188	515	495	284	49	193	344	334	290	99	287	508	499	486	540	514	511	595	572	548	234	227	309	408	405	400	452	447	447	447	562	470	542	538	585	583	683	681	680	676	671	630	620	745	742	742	743	732	689	757	876	176	164	304	302	286	224	310	303	301	299	277	359
395.00000501475466	0	0	32	0	1567	4164	2139	9314	8718	8579	11294	6793	5049	4862	4632	1348	1198	1787	2398	2402	739	2505	2478	2411	20	2716	2346	2539	2311	2511	2315	2160	2278	2261	2201	2183	1968	1974	2411	2319	2233	2217	2082	1647	1755	1846	371	201	548	528	307	65	226	377	375	327	125	324	511	510	500	546	519	517	611	588	555	248	248	319	415	414	409	499	481	459	447	567	507	586	573	606	588	691	690	686	686	683	663	656	799	784	762	749	743	704	810	919	191	164	305	305	292	229	319	317	318	310	287	368
400.0000006707344	0	0	32	0	1570	4212	2181	9363	8769	8632	11359	6851	5106	4920	4702	1372	1214	1820	2439	2441	785	2553	2537	2461	21	2784	2394	2610	2372	2571	2373	2231	2349	2326	2259	2253	2025	2050	2498	2407	2311	2288	2156	1725	1824	1920	391	228	588	562	332	85	256	416	399	367	156	354	517	514	511	561	521	522	622	610	580	253	248	332	438	436	418	499	500	499	493	587	551	632	628	659	631	694	693	693	692	691	670	661	808	806	802	802	783	716	826	979	199	175	315	305	300	238	332	332	321	318	291	376
405.0000090182035	1	0	24	0	1583	4220	2221	9411	8826	8676	11418	6909	5172	4983	4765	1394	1234	1865	2472	2472	814	2616	2579	2510	24	2846	2452	2682	2433	2627	2435	2312	2420	2399	2334	2320	2084	2107	2572	2488	2397	2362	2215	1798	1905	2007	413	248	623	587	357	103	288	449	428	384	187	389	523	518	513	571	525	525	629	621	600	254	248	332	442	442	432	519	505	499	500	627	569	654	650	686	679	702	696	696	695	694	692	688	828	816	810	811	806	745	837	1007	218	192	333	322	304	280	339	335	334	333	306	381
410.0000003758964	0	0	31	0	1584	4215	2262	9467	8873	8732	11464	6974	5237	5061	4829	1418	1255	1895	2517	2522	854	2661	2623	2565	19	2896	2511	2745	2496	2691	2506	2396	2494	2474	2408	2392	2158	2186	2646	2559	2477	2449	2298	1879	1986	2108	436	261	646	620	393	125	317	479	457	415	231	424	527	527	519	576	535	536	630	627	620	255	248	334	443	443	433	524	524	522	510	629	577	662	652	689	683	743	727	715	710	704	695	695	853	853	844	828	816	789	837	1008	221	198	346	344	305	292	364	357	351	343	308	401
415.0000038736774	0	0	18	0	1604	4213	2299	9512	8934	8774	11503	7026	5298	5117	4911	1447	1271	1925	2562	2562	884	2706	2672	2600	21	2971	2565	2822	2558	2747	2569	2457	2556	2540	2477	2463	2233	2259	2734	2624	2554	2541	2366	1962	2065	2195	452	279	680	653	411	158	358	502	483	450	257	463	534	531	527	581	536	541	647	631	640	274	259	339	447	447	437	530	526	524	524	655	581	663	655	701	685	796	784	761	749	742	705	699	857	857	856	853	853	794	876	1012	221	214	371	356	321	299	412	406	394	365	334	422
420.00000058027894	0	0	27	0	1597	4243	2351	9564	8971	8826	11563	7084	5358	5185	4987	1472	1291	1959	2593	2613	935	2758	2718	2647	23	3030	2627	2879	2608	2809	2639	2535	2618	2603	2550	2534	2306	2325	2810	2697	2619	2619	2433	2025	2162	2296	471	298	714	694	441	172	394	528	517	474	285	494	539	534	531	587	546	544	653	639	656	278	265	351	458	448	437	534	534	534	527	659	599	686	680	737	717	801	799	798	791	781	714	703	857	857	856	857	857	811	929	1052	226	218	384	373	344	299	422	420	420	416	347	452
425.0000088346036	0	0	33	0	1598	4281	2404	9620	9021	8874	11611	7143	5414	5244	5045	1497	1318	1995	2641	2649	982	2807	2760	2694	26	3111	2685	2949	2669	2870	2706	2611	2687	2661	2636	2605	2366	2384	2898	2759	2700	2687	2520	2109	2237	2407	487	323	744	721	473	191	432	570	556	505	313	539	548	541	535	594	552	552	659	654	667	291	281	353	467	459	450	536	536	536	534	670	602	687	681	740	738	805	803	801	795	785	738	732	867	857	857	857	857	843	937	1117	237	221	398	385	361	304	427	427	427	425	372	458
430.00000053819844	1	0	14	0	1623	4297	2446	9672	9069	8917	11651	7200	5462	5302	5116	1518	1344	2023	2680	2693	987	2853	2823	2744	20	3173	2748	3018	2731	2930	2761	2689	2758	2732	2692	2685	2436	2432	2975	2840	2770	2748	2595	2182	2316	2521	508	341	783	741	510	213	461	606	597	547	348	578	549	549	543	596	566	558	671	658	681	296	290	379	494	487	472	561	545	536	536	678	606	692	684	740	740	839	826	817	809	806	767	753	902	899	890	875	858	857	951	1127	245	224	409	403	375	306	437	435	430	427	418	506
435.0000063692181	2	0	24	0	1617	4339	2494	9718	9114	8963	11702	7261	5510	5358	5172	1535	1363	2059	2722	2741	1030	2905	2866	2793	36	3243	2817	3086	2787	2992	2830	2755	2823	2797	2762	2764	2510	2497	3034	2921	2848	2812	2675	2245	2412	2612	529	360	819	781	532	233	497	631	643	570	376	634	551	550	549	607	573	563	683	670	685	296	290	379	496	496	490	576	568	569	552	684	623	710	695	745	740	860	860	854	846	838	809	799	946	933	919	906	898	857	987	1139	247	231	409	409	386	312	441	439	438	436	427	539
440.00000388131633	1	0	23	0	1614	4375	2524	9773	9155	9009	11753	7312	5561	5417	5230	1563	1387	2088	2769	2790	1073	2949	2928	2836	32	3304	2871	3140	2854	3064	2890	2831	2892	2863	2819	2829	2577	2577	3115	3001	2904	2896	2756	2328	2502	2713	552	381	860	825	560	259	526	664	675	625	401	676	554	554	550	611	578	573	683	681	694	305	297	381	499	499	496	602	590	585	571	712	642	729	725	783	762	862	862	862	861	861	825	819	971	971	959	949	932	861	1012	1182	250	244	437	414	400	317	451	449	442	442	428	545
445.0000029405998	0	0	22	0	1622	4412	2578	9817	9201	9055	11791	7365	5616	5481	5289	1587	1410	2114	2813	2828	1107	3007	2980	2890	18	3351	2913	3191	2903	3130	2946	2906	2969	2939	2899	2907	2648	2646	3212	3085	2979	2968	2831	2399	2599	2799	565	404	894	859	597	289	558	690	706	669	429	724	555	555	554	612	582	581	695	682	705	308	297	383	506	506	501	602	602	601	587	722	642	731	725	785	784	862	862	862	862	862	860	858	1014	1004	994	976	971	868	1014	1224	256	247	446	440	408	323	466	462	455	451	435	547
450.0000005244731	1	0	24	0	1620	4418	2609	9851	9238	9091	11844	7407	5676	5535	5353	1605	1431	2137	2852	2874	1143	3051	3036	2940	27	3413	2962	3253	2969	3192	3008	2961	3020	3009	2973	2964	2731	2704	3297	3157	3066	3052	2917	2474	2692	2887	585	425	932	896	622	325	601	728	739	710	468	772	559	557	556	618	590	588	711	690	716	312	298	384	507	507	501	606	606	602	600	750	645	739	725	785	785	885	872	863	863	863	860	862	1040	1040	1032	1017	1003	901	1014	1228	260	249	446	446	414	327	468	468	468	468	444	565
455.0000032878646	1	0	18	0	1623	4436	2642	9906	9273	9124	11896	7463	5722	5574	5415	1625	1455	2160	2904	2914	1179	3094	3084	2996	36	3476	3016	3309	3019	3256	3072	3028	3092	3088	3048	3034	2788	2785	3376	3240	3138	3149	2990	2552	2769	2992	606	439	981	922	654	347	637	767	783	753	505	810	566	563	557	620	595	592	717	703	720	316	307	398	522	516	502	606	606	606	605	759	661	760	745	797	796	912	910	899	891	886	863	863	1041	1041	1041	1040	1040	943	1043	1229	260	255	449	446	440	394	469	469	469	469	452	582
460.00000274025496	0	0	16	0	1626	4408	2718	9949	9308	9172	11946	7519	5779	5629	5470	1649	1482	2194	2941	2950	1215	3139	3128	3050	16	3537	3075	3373	3078	3313	3134	3104	3163	3150	3117	3113	2858	2839	3453	3320	3225	3212	3054	2648	2853	3075	628	461	1015	957	681	369	675	806	814	788	548	861	569	568	563	622	598	599	727	715	730	316	308	400	524	524	513	606	606	606	606	765	708	804	788	832	811	917	915	914	912	912	890	880	1053	1045	1044	1041	1041	947	1098	1250	260	259	459	459	445	407	506	486	473	469	452	585
465.0000023185777	1	0	23	0	1619	4435	2757	9988	9355	9214	11983	7571	5842	5688	5526	1679	1508	2238	2986	2984	1256	3188	3172	3092	29	3588	3135	3439	3127	3376	3192	3168	3232	3210	3188	3184	2927	2910	3544	3395	3301	3298	3145	2728	2931	3163	648	478	1049	997	712	401	712	853	854	823	578	919	571	570	568	628	609	599	737	726	743	320	308	402	529	527	515	617	618	611	606	766	740	841	834	878	856	930	919	917	917	916	911	899	1077	1076	1061	1053	1045	983	1102	1316	270	260	461	459	446	414	565	556	549	510	468	614
470.00000364285523	1	0	20	0	1623	4442	2811	10030	9393	9262	12021	7618	5901	5747	5587	1701	1537	2264	3024	3015	1289	3234	3216	3142	27	3652	3187	3509	3199	3440	3242	3236	3303	3273	3255	3252	3002	2978	3629	3488	3381	3388	3228	2798	3015	3261	666	500	1083	1031	741	423	744	885	878	852	615	965	579	574	571	633	612	606	748	728	753	320	308	402	530	528	515	617	618	618	618	771	765	874	871	925	902	947	936	931	931	930	916	910	1092	1090	1077	1077	1072	1009	1121	1326	280	260	465	465	459	431	572	573	568	566	473	624
475.0000044166015	0	0	12	0	1629	4445	2856	10086	9433	9309	12062	7668	5956	5799	5655	1725	1559	2293	3065	3058	1333	3286	3265	3184	26	3706	3243	3582	3249	3509	3299	3305	3390	3316	3326	3319	3078	3055	3702	3574	3458	3471	3320	2868	3108	3358	687	523	1113	1071	774	453	783	916	925	878	662	995	587	582	575	636	615	612	756	730	757	320	308	402	533	530	518	622	619	618	618	782	765	875	873	937	934	986	967	958	951	946	926	920	1104	1104	1095	1093	1089	1010	1164	1344	284	264	471	465	459	436	577	576	575	575	510	643
480.00000578919327	2	0	20	0	1622	4495	2908	10136	9479	9360	12098	7709	6002	5857	5715	1751	1584	2324	3102	3104	1388	3340	3312	3230	30	3760	3307	3641	3306	3568	3353	3383	3449	3380	3399	3379	3143	3117	3790	3642	3550	3542	3412	2949	3185	3446	708	552	1145	1109	813	482	816	949	956	927	700	1041	589	588	583	641	619	623	767	732	769	324	310	402	533	531	518	622	622	622	621	789	771	878	873	938	938	1033	1012	1001	991	982	939	928	1107	1106	1106	1104	1104	1011	1166	1385	289	269	474	472	464	436	588	589	589	577	560	710
485.00000261956717	0	0	17	0	1627	4501	2971	10184	9520	9393	12143	7766	6055	5900	5774	1777	1613	2349	3149	3150	1414	3370	3352	3274	24	3822	3362	3706	3363	3628	3418	3449	3517	3438	3452	3451	3210	3184	3874	3723	3637	3621	3503	3018	3265	3539	730	573	1179	1154	852	505	858	991	998	961	735	1084	596	591	585	648	620	626	774	741	778	327	310	402	533	531	519	625	623	622	622	790	774	885	881	938	938	1072	1070	1058	1046	1036	984	973	1149	1135	1117	1109	1105	1056	1171	1397	296	284	497	484	465	450	598	596	596	590	562	722
490.00000877471035	0	0	13	0	1633	4520	2984	10228	9566	9432	12185	7824	6108	5959	5829	1795	1629	2386	3187	3177	1444	3415	3397	3323	34	3881	3415	3769	3434	3695	3490	3516	3599	3506	3534	3522	3278	3255	3958	3807	3717	3685	3589	3090	3341	3632	755	593	1208	1184	878	541	904	1029	1029	1009	767	1134	597	596	592	650	623	633	780	756	785	333	311	402	534	531	519	629	627	627	623	794	778	896	892	957	945	1078	1076	1075	1075	1074	1030	1016	1194	1184	1165	1151	1130	1094	1190	1401	296	288	509	503	473	458	609	599	599	597	562	727
495.00000836351114	1	0	16	0	1636	4521	3015	10269	9603	9473	12225	7873	6162	6009	5887	1819	1651	2417	3219	3209	1486	3461	3437	3360	32	3933	3474	3826	3498	3753	3547	3583	3671	3565	3616	3595	3347	3323	4037	3888	3791	3758	3663	3181	3439	3732	773	609	1256	1218	917	570	939	1066	1065	1042	811	1185	603	597	597	661	631	643	784	762	793	347	329	423	539	531	519	630	629	629	626	798	778	897	893	964	961	1082	1081	1081	1081	1081	1052	1046	1227	1223	1208	1195	1177	1108	1243	1419	296	288	515	511	483	460	634	626	627	613	595	750
500.0000041020762	0	0	22	0	1630	4548	3072	10317	9637	9518	12271	7920	6217	6062	5943	1852	1679	2452	3247	3246	1530	3503	3478	3403	19	3985	3530	3894	3562	3818	3614	3647	3730	3643	3670	3659	3408	3384	4124	3971	3861	3841	3732	3256	3541	3832	796	628	1295	1251	953	596	981	1106	1109	1078	849	1224	608	605	598	662	635	650	801	781	808	369	364	458	545	531	519	630	630	630	628	801	778	897	895	967	964	1094	1084	1084	1082	1082	1056	1048	1242	1239	1239	1231	1219	1142	1279	1471	299	296	535	519	504	462	642	643	642	637	595	769
505.00000575390567	1	0	12	0	1646	4567	3112	10361	9688	9549	12319	7973	6258	6115	6001	1873	1703	2485	3281	3276	1551	3546	3518	3453	29	4026	3585	3958	3619	3892	3695	3720	3810	3708	3740	3727	3481	3458	4205	4050	3938	3921	3799	3326	3621	3937	822	646	1325	1281	989	623	1017	1143	1153	1114	886	1277	610	609	606	667	639	657	816	792	818	373	365	461	594	574	540	630	630	630	628	803	783	900	896	968	964	1109	1108	1099	1097	1094	1057	1048	1243	1242	1241	1242	1240	1171	1285	1512	313	296	537	536	512	466	643	643	643	643	618	795
510.000008505499	1	0	8	0	1653	4602	3151	10401	9726	9584	12360	8025	6295	6159	6070	1896	1724	2517	3346	3320	1574	3582	3557	3486	32	4070	3652	4029	3672	3960	3794	3806	3876	3784	3796	3795	3539	3529	4280	4134	4034	4010	3863	3389	3710	4030	850	661	1361	1323	1020	658	1049	1191	1193	1154	922	1323	618	613	609	672	646	660	831	812	835	387	377	474	602	588	565	663	645	631	630	809	783	902	896	969	969	1114	1113	1111	1111	1110	1095	1087	1270	1257	1243	1243	1242	1186	1310	1531	321	300	539	538	519	469	646	645	644	643	641	818
515.0000082553114	0	0	12	0	1652	4594	3203	10451	9768	9620	12405	8063	6353	6230	6124	1922	1755	2542	3390	3372	1620	3629	3606	3524	29	4108	3723	4083	3738	4026	3856	3880	3948	3860	3860	3865	3609	3598	4365	4201	4112	4075	3949	3461	3808	4126	864	683	1392	1357	1059	698	1101	1230	1236	1188	968	1379	622	619	614	674	649	668	845	829	850	395	390	495	613	597	567	676	673	670	650	814	783	903	898	972	972	1116	1116	1114	1114	1114	1111	1107	1305	1292	1284	1272	1255	1231	1355	1547	325	306	546	540	536	472	651	647	647	646	641	834
520.000003332459	1	0	15	0	1648	4616	3237	10493	9822	9657	12451	8124	6423	6288	6179	1942	1784	2577	3421	3414	1662	3679	3641	3562	33	4158	3780	4147	3803	4093	3924	3965	4022	3916	3917	3930	3682	3676	4457	4288	4186	4152	4014	3534	3896	4216	888	703	1429	1400	1094	721	1146	1266	1269	1233	1013	1422	625	625	619	682	655	672	851	844	864	402	393	496	616	598	567	676	676	676	676	857	783	903	898	972	972	1122	1120	1117	1117	1116	1114	1114	1320	1320	1317	1309	1293	1240	1409	1593	335	320	564	549	539	491	654	654	651	651	644	842
525.0000047924318	1	0	10	0	1661	4633	3292	10535	9848	9701	12496	8175	6472	6341	6241	1966	1811	2609	3455	3454	1676	3722	3690	3604	22	4208	3841	4212	3852	4146	3991	4032	4092	3988	3986	3986	3759	3751	4530	4371	4290	4232	4100	3618	3984	4297	910	717	1461	1445	1121	750	1183	1305	1299	1272	1051	1480	627	625	625	686	661	677	856	850	882	414	400	496	616	598	567	676	676	676	676	862	807	938	924	987	972	1127	1124	1122	1122	1122	1117	1117	1325	1321	1320	1320	1320	1272	1437	1646	346	325	569	567	541	498	661	659	659	655	647	852
530.0000030240805	1	0	19	0	1652	4667	3330	10580	9891	9739	12536	8220	6520	6400	6304	1990	1833	2636	3495	3482	1713	3777	3729	3645	29	4262	3901	4272	3898	4208	4048	4102	4160	4058	4050	4057	3810	3816	4625	4451	4362	4307	4187	3685	4094	4388	930	745	1499	1473	1150	779	1225	1346	1338	1322	1096	1531	631	628	625	691	662	681	857	855	890	423	414	510	630	603	567	676	676	676	676	862	821	952	949	1025	1010	1132	1131	1127	1128	1127	1123	1119	1328	1328	1328	1327	1321	1300	1467	1694	351	333	577	571	549	504	686	684	672	661	651	858
535.0000096807652	1	0	14	0	1665	4669	3366	10619	9923	9778	12587	8264	6581	6449	6365	2020	1859	2666	3528	3512	1738	3831	3756	3679	27	4310	3946	4325	3964	4274	4107	4179	4232	4129	4118	4124	3880	3883	4713	4532	4437	4398	4273	3756	4185	4475	950	764	1530	1512	1195	809	1272	1374	1380	1358	1142	1575	640	636	628	692	668	682	857	857	904	435	427	534	663	639	606	683	676	676	676	865	822	953	949	1025	1025	1135	1133	1132	1132	1132	1128	1125	1331	1332	1328	1328	1328	1318	1492	1719	362	336	583	577	567	514	693	692	690	690	658	865
540.0000021143327	1	0	16	0	1672	4693	3401	10672	9955	9822	12632	8313	6626	6503	6419	2041	1887	2700	3565	3555	1780	3872	3805	3724	35	4360	3999	4368	4022	4327	4167	4254	4303	4207	4188	4208	3961	3947	4801	4593	4533	4485	4349	3839	4254	4576	973	774	1560	1538	1226	835	1316	1408	1428	1406	1188	1639	643	641	637	695	672	685	861	857	935	438	428	535	670	662	647	725	706	690	677	866	845	977	963	1028	1025	1172	1161	1148	1140	1136	1132	1132	1343	1341	1337	1332	1332	1322	1522	1754	371	337	586	584	570	515	708	702	697	692	668	875
545.0000061138859	2	0	13	0	1680	4718	3439	10693	9986	9874	12674	8355	6678	6549	6464	2068	1906	2727	3601	3595	1815	3924	3835	3764	33	4420	4064	4435	4094	4390	4233	4320	4373	4269	4259	4278	4021	4012	4881	4677	4616	4563	4444	3916	4344	4690	998	790	1597	1575	1262	863	1368	1455	1471	1450	1239	1693	645	643	641	706	675	686	874	859	953	445	431	535	673	663	651	763	751	716	691	869	866	1005	1003	1076	1053	1189	1187	1184	1178	1174	1142	1135	1353	1353	1350	1349	1341	1327	1528	1790	374	343	591	587	578	526	710	710	710	710	686	903
550.0000035260538	1	0	12	0	1680	4682	3502	10737	10022	9922	12727	8400	6727	6584	6516	2097	1935	2750	3645	3631	1842	3968	3879	3805	25	4478	4110	4494	4142	4446	4299	4395	4440	4325	4331	4355	4089	4084	4948	4750	4701	4657	4535	3988	4433	4784	1020	805	1627	1617	1288	890	1418	1500	1513	1491	1269	1752	645	645	643	709	682	692	883	865	970	451	440	546	680	668	652	767	765	762	750	912	867	1006	1004	1083	1079	1191	1187	1188	1188	1188	1160	1154	1374	1372	1359	1353	1353	1334	1534	1799	380	362	600	596	585	555	710	710	710	710	688	906
555.0000006540868	1	0	13	0	1677	4675	3528	10780	10056	9961	12776	8441	6784	6635	6586	2123	1963	2778	3682	3679	1893	4002	3926	3855	32	4538	4157	4539	4204	4502	4367	4481	4499	4398	4386	4414	4168	4152	5014	4835	4782	4743	4609	4068	4520	4882	1040	823	1667	1659	1314	928	1476	1542	1558	1518	1325	1800	650	647	645	710	689	698	894	875	973	451	441	549	700	700	687	770	767	767	766	961	876	1010	1004	1084	1084	1221	1204	1196	1191	1191	1160	1154	1375	1374	1374	1374	1373	1335	1541	1814	382	372	624	622	588	567	745	732	722	710	692	908
560.0000031546538	0	0	12	0	1676	4662	3570	10831	10088	9999	12825	8488	6831	6691	6649	2158	1996	2800	3713	3728	1929	4040	3970	3899	34	4601	4210	4607	4268	4572	4431	4558	4559	4460	4451	4471	4221	4213	5091	4923	4854	4813	4702	4153	4614	4961	1061	843	1689	1694	1352	952	1511	1594	1599	1568	1375	1853	652	650	647	712	692	700	911	891	979	457	442	549	703	703	694	806	792	776	767	967	896	1029	1012	1087	1084	1253	1247	1235	1228	1221	1191	1186	1395	1383	1377	1377	1374	1338	1542	1823	383	379	639	639	596	571	773	763	760	743	702	923
565.0000042237002	1	0	13	0	1674	4642	3613	10866	10118	10025	12867	8521	6908	6755	6706	2186	2020	2830	3748	3770	1969	4092	4015	3946	31	4656	4266	4671	4299	4631	4489	4641	4641	4522	4518	4542	4285	4270	5159	5000	4930	4886	4799	4230	4706	5081	1086	862	1731	1731	1383	976	1556	1617	1642	1611	1410	1898	656	655	650	716	694	702	914	904	979	462	453	551	704	704	702	822	809	806	800	983	939	1078	1054	1105	1091	1260	1258	1256	1255	1253	1205	1198	1422	1422	1412	1400	1384	1362	1545	1827	384	381	650	646	617	582	780	780	780	773	706	928
570.0000055423802	0	0	12	0	1672	4622	3637	10902	10158	10054	12917	8560	6961	6809	6756	2217	2042	2862	3790	3806	2011	4137	4059	3987	34	4710	4309	4736	4369	4684	4536	4711	4716	4594	4591	4609	4357	4345	5229	5075	5018	4976	4890	4321	4814	5183	1115	886	1771	1761	1418	1011	1597	1660	1677	1657	1452	1940	660	657	655	718	697	705	919	916	979	469	456	566	719	719	707	822	822	822	812	1011	943	1083	1067	1134	1125	1261	1260	1260	1260	1260	1210	1203	1433	1429	1429	1423	1422	1364	1553	1827	385	383	656	653	636	586	788	781	780	780	736	943
575.0000007846329	2	0	15	0	1664	4635	3669	10945	10196	10096	12949	8597	7014	6860	6805	2245	2075	2896	3836	3842	2061	4187	4117	4035	32	4761	4365	4793	4429	4750	4596	4791	4789	4664	4670	4691	4451	4423	5311	5132	5084	5056	4959	4401	4910	5282	1147	919	1808	1796	1448	1051	1635	1696	1719	1693	1489	2006	663	661	657	721	705	713	927	922	981	469	463	571	723	723	723	844	829	826	822	1031	975	1111	1095	1168	1138	1271	1265	1261	1261	1261	1214	1208	1437	1437	1435	1433	1429	1391	1553	1835	385	384	664	662	648	593	805	805	800	788	740	961
580.0000046002011	1	0	16	0	1665	4626	3696	10976	10232	10128	12986	8642	7066	6910	6854	2273	2097	2934	3868	3878	2110	4236	4162	4084	38	4816	4415	4857	4479	4806	4653	4843	4867	4737	4729	4771	4526	4499	5396	5220	5161	5134	5033	4463	5010	5401	1167	943	1837	1828	1477	1080	1685	1738	1763	1744	1529	2074	669	667	661	724	709	713	931	924	990	471	463	577	736	735	726	851	850	846	831	1037	983	1128	1122	1208	1190	1303	1289	1280	1273	1272	1216	1209	1437	1437	1437	1437	1437	1423	1569	1835	388	385	671	667	653	596	810	809	809	805	760	995
585.0000012645708	3	0	8	0	1676	4624	3746	11016	10271	10164	13034	8683	7118	6959	6904	2299	2129	2955	3906	3914	2131	4279	4220	4126	36	4863	4457	4909	4528	4874	4713	4906	4947	4802	4808	4849	4580	4580	5475	5312	5229	5205	5110	4533	5086	5506	1195	969	1873	1868	1515	1106	1735	1784	1813	1783	1579	2120	672	670	667	730	711	715	932	931	1010	478	466	582	741	740	727	851	850	851	850	1057	983	1128	1122	1209	1209	1326	1313	1309	1298	1288	1222	1209	1437	1437	1437	1437	1437	1431	1632	1847	388	385	675	672	662	615	820	819	815	810	795	1015
590.0000045515828	0	0	10	0	1675	4652	3798	11048	10301	10203	13062	8731	7165	7012	6962	2322	2151	2985	3951	3961	2171	4330	4266	4169	37	4914	4526	4985	4596	4943	4765	4988	5001	4877	4870	4918	4645	4651	5556	5390	5304	5274	5196	4612	5183	5599	1216	986	1902	1896	1537	1132	1777	1826	1858	1816	1615	2169	674	674	671	736	711	720	935	932	1017	479	470	589	746	740	727	851	850	851	851	1066	985	1132	1128	1210	1209	1370	1353	1339	1322	1307	1222	1209	1441	1437	1437	1437	1437	1437	1641	1912	393	388	687	680	667	624	834	830	823	821	801	1038
595.0000028580586	0	0	12	0	1674	4662	3828	11088	10342	10233	13105	8766	7218	7050	7038	2344	2175	3018	3992	3998	2208	4382	4308	4221	44	4971	4569	5055	4664	5003	4841	5058	5079	4953	4940	4986	4711	4697	5623	5464	5385	5349	5260	4682	5281	5691	1238	1010	1932	1933	1573	1169	1820	1866	1908	1870	1651	2235	675	674	674	741	716	721	944	933	1027	480	470	590	749	740	727	851	850	851	851	1073	985	1132	1128	1217	1217	1395	1395	1379	1358	1342	1242	1225	1443	1441	1441	1441	1437	1437	1646	1930	406	388	693	691	673	652	854	851	846	836	804	1042
600.0000082960062	1	0	9	0	1675	4645	3871	11123	10376	10274	13141	8806	7264	7095	7107	2370	2197	3052	4024	4025	2236	4427	4353	4273	39	5042	4619	5115	4722	5055	4905	5143	5134	5019	4994	5058	4774	4782	5700	5529	5466	5425	5335	4761	5351	5798	1251	1039	1965	1978	1601	1199	1873	1909	1940	1911	1686	2289	676	676	674	743	718	727	947	939	1030	493	486	600	749	740	727	851	850	851	851	1077	985	1132	1128	1219	1218	1398	1396	1395	1382	1371	1271	1259	1474	1471	1459	1448	1441	1437	1684	1942	408	392	696	694	679	657	861	857	856	855	808	1047
