>time	Ribosome	coli Pol	coli Pol-P	coli Pol-2.0	coli Pol-P-2.0	gp1	gp1-3.5	gp0.3	gp0.4	gp0.5	gp0.6A	gp0.7	gp1.1	gp1.2	gp1.3	gp1.4	gp1.5	gp1.6	gp1.7	gp1.8	gp2.0	gp2.5	gp2.8	gp3.0	gp3.5	gp3.8	gp4A	gp4.2	gp4.3	gp4.5	gp4.7	gp5.0	gp5.3	gp5.5	gp5.7	gp5.9	gp6.0	gp6.3	gp6.5	gp6.7	gp7	gp7.3	gp7.7	gp8	gp9	gp10A	gp11	gp12	gp13	gp14	gp15	gp16	gp17	gp17.5	gp18	gp18.5	gp19	gp19.5
0.004205812972509886	0	0	0	0	0	0	0	0	0	0	0	0	0	0	0	0	0	0	0	0	0	0	0	0	0	0	0	0	0	0	0	0	0	0	0	0	0	0	0	0	0	0	0	0	0	0	0	0	0	0	0	0	0	0	0	0	0	0
5.004087544419208	0	0	0	0	0	0	0	0	0	0	0	0	0	0	0	0	0	0	0	0	0	0	0	0	0	0	0	0	0	0	0	0	0	0	0	0	0	0	0	0	0	0	0	0	0	0	0	0	0	0	0	0	0	0	0	0	0	0
10.004251244398162	0	0	0	0	0	0	0	0	0	0	0	0	0	0	0	0	0	0	0	0	0	0	0	0	0	0	0	0	0	0	0	0	0	0	0	0	0	0	0	0	0	0	0	0	0	0	0	0	0	0	0	0	0	0	0	0	0	0
15.005299200027006	0	0	0	0	0	0	0	0	0	0	0	0	0	0	0	0	0	0	0	0	0	0	0	0	0	0	0	0	0	0	0	0	0	0	0	0	0	0	0	0	0	0	0	0	0	0	0	0	0	0	0	0	0	0	0	0	0	0
20.00017114925501	0	0	0	0	0	0	0	0	0	0	0	0	0	0	0	0	0	0	0	0	0	0	0	0	0	0	0	0	0	0	0	0	0	0	0	0	0	0	0	0	0	0	0	0	0	0	0	0	0	0	0	0	0	0	0	0	0	0
25.008154160782603	0	0	0	0	0	0	0	117	0	0	0	0	0	0	0	0	0	0	0	0	0	0	0	0	0	0	0	0	0	0	0	0	0	0	0	0	0	0	0	0	0	0	0	0	0	0	0	0	0	0	0	0	0	0	0	0	0	0
30.000627350008283	0	0	0	0	0	0	0	819	104	0	0	0	0	0	0	0	0	0	0	0	0	0	0	0	0	0	0	0	0	0	0	0	0	0	0	0	0	0	0	0	0	0	0	0	0	0	0	0	0	0	0	0	0	0	0	0	0	0
35.00071619475654	0	0	0	0	0	0	0	2106	416	168	0	0	0	0	0	0	0	0	0	0	0	0	0	0	0	0	0	0	0	0	0	0	0	0	0	0	0	0	0	0	0	0	0	0	0	0	0	0	0	0	0	0	0	0	0	0	0	0
40.00072270772534	0	0	0	0	0	0	0	4329	1404	448	212	0	0	0	0	0	0	0	0	0	0	0	0	0	0	0	0	0	0	0	0	0	0	0	0	0	0	0	0	0	0	0	0	0	0	0	0	0	0	0	0	0	0	0	0	0	0	0
45.001132416899075	0	0	0	0	0	0	0	7722	2392	1288	795	0	0	0	0	0	0	0	0	0	0	0	0	0	0	0	0	0	0	0	0	0	0	0	0	0	0	0	0	0	0	0	0	0	0	0	0	0	0	0	0	0	0	0	0	0	0	0
50.0000911485801	0	0	0	0	0	0	0	12402	3952	2688	1855	0	0	0	0	0	0	0	0	0	0	0	0	0	0	0	0	0	0	0	0	0	0	0	0	0	0	0	0	0	0	0	0	0	0	0	0	0	0	0	0	0	0	0	0	0	0	0
55.00050381566819	0	0	0	0	0	0	0	17316	5876	4424	3498	0	0	0	0	0	0	0	0	0	0	0	0	0	0	0	0	0	0	0	0	0	0	0	0	0	0	0	0	0	0	0	0	0	0	0	0	0	0	0	0	0	0	0	0	0	0	0
60.000245375481335	0	0	0	0	0	0	0	23283	8164	6216	5618	0	0	0	0	0	0	0	0	0	0	0	0	0	0	0	0	0	0	0	0	0	0	0	0	0	0	0	0	0	0	0	0	0	0	0	0	0	0	0	0	0	0	0	0	0	0	0
65.00011627258996	0	0	0	0	0	0	0	30654	11440	9352	7791	0	0	0	0	0	0	0	0	0	0	0	0	0	0	0	0	0	0	0	0	0	0	0	0	0	0	0	0	0	0	0	0	0	0	0	0	0	0	0	0	0	0	0	0	0	0	0
70.00002882709416	0	0	0	0	0	0	0	39663	14404	12208	10865	718	0	0	0	0	0	0	0	0	0	0	0	0	0	0	0	0	0	0	0	0	0	0	0	0	0	0	0	0	0	0	0	0	0	0	0	0	0	0	0	0	0	0	0	0	0	0
75.00011202337312	0	0	0	0	0	0	0	47853	18408	15680	14469	4667	0	0	0	0	0	0	0	0	0	0	0	0	0	0	0	0	0	0	0	0	0	0	0	0	0	0	0	0	0	0	0	0	0	0	0	0	0	0	0	0	0	0	0	0	0	0
80.00005975220114	0	0	0	0	0	0	0	59436	22204	20328	18974	10770	0	0	0	0	0	0	0	0	0	0	0	0	0	0	0	0	0	0	0	0	0	0	0	0	0	0	0	0	0	0	0	0	0	0	0	0	0	0	0	0	0	0	0	0	0	0
85.00004428221864	0	0	0	0	0	0	0	70902	28028	25368	23797	20104	0	0	0	0	0	0	0	0	0	0	0	0	0	0	0	0	0	0	0	0	0	0	0	0	0	0	0	0	0	0	0	0	0	0	0	0	0	0	0	0	0	0	0	0	0	0
90.00029813376428	0	0	0	0	0	0	0	84942	34008	31640	28991	35900	0	0	0	0	0	0	0	0	0	0	0	0	0	0	0	0	0	0	0	0	0	0	0	0	0	0	0	0	0	0	0	0	0	0	0	0	0	0	0	0	0	0	0	0	0	0
95.00001045258651	0	0	0	0	0	0	0	98046	40092	38024	36146	56004	0	0	0	0	0	0	0	0	0	0	0	0	0	0	0	0	0	0	0	0	0	0	0	0	0	0	0	0	0	0	0	0	0	0	0	0	0	0	0	0	0	0	0	0	0	0
100.00004661745555	0	0	0	0	0	0	0	112905	46228	44352	42824	79339	0	0	0	0	0	0	0	0	0	0	0	0	0	0	0	0	0	0	0	0	0	0	0	0	0	0	0	0	0	0	0	0	0	0	0	0	0	0	0	0	0	0	0	0	0	0
105.00005268684012	0	0	0	0	0	0	0	127764	52676	50904	50350	103033	0	0	0	0	0	0	0	0	0	0	0	0	0	0	0	0	0	0	0	0	0	0	0	0	0	0	0	0	0	0	0	0	0	0	0	0	0	0	0	0	0	0	0	0	0	0
110.00013953935749	0	0	0	0	0	0	0	144612	60528	57848	57982	126009	0	0	0	0	0	0	0	0	0	0	0	0	0	0	0	0	0	0	0	0	0	0	0	0	0	0	0	0	0	0	0	0	0	0	0	0	0	0	0	0	0	0	0	0	0	0
115.00020407679963	0	0	0	0	0	0	0	159939	67132	64736	66250	158319	0	0	0	0	0	0	0	0	0	0	0	0	0	0	0	0	0	0	0	0	0	0	0	0	0	0	0	0	0	0	0	0	0	0	0	0	0	0	0	0	0	0	0	0	0	0
120.00010882886082	0	0	0	0	0	0	0	178893	74880	71904	74094	192065	0	0	0	0	0	0	0	0	0	0	0	0	0	0	0	0	0	0	0	0	0	0	0	0	0	0	0	0	0	0	0	0	0	0	0	0	0	0	0	0	0	0	0	0	0	0
125.00003597819965	0	0	0	0	0	0	0	196794	82108	79800	83475	232991	0	0	0	0	0	0	0	0	0	0	0	0	0	0	0	0	0	0	0	0	0	0	0	0	0	0	0	0	0	0	0	0	0	0	0	0	0	0	0	0	0	0	0	0	0	0
130.00012372858066	0	0	0	0	0	3532	0	218205	90376	88480	92856	281456	0	0	0	0	0	0	0	0	0	0	0	0	0	0	0	0	0	0	0	0	0	0	0	0	0	0	0	0	0	0	0	0	0	0	0	0	0	0	0	0	0	0	0	0	0	0
135.0000004794084	0	0	0	0	0	13245	0	238446	99268	97944	102290	324895	84	0	0	0	0	0	0	0	0	0	0	0	0	0	0	0	0	0	0	0	0	0	0	0	0	0	0	0	0	0	0	0	0	0	0	0	0	0	0	0	0	0	0	0	0	0
140.00013379377296	0	0	0	0	0	38852	0	260325	108836	107072	112943	377668	378	0	0	0	0	0	0	0	0	0	0	0	0	0	0	0	0	0	0	0	0	0	0	0	0	0	0	0	0	0	0	0	0	0	0	0	0	0	0	0	0	0	0	0	0	0
145.00004591619535	0	0	0	0	0	64459	0	281385	118560	116536	124444	435108	966	688	0	0	0	0	0	0	0	0	0	0	0	0	0	0	0	0	0	0	0	0	0	0	0	0	0	0	0	0	0	0	0	0	0	0	0	0	0	0	0	0	0	0	0	0
150.0000157135107	0	0	0	0	0	106843	0	303147	128336	127904	136263	491471	2058	1806	0	0	0	0	0	0	0	0	0	0	0	0	0	0	0	0	0	0	0	0	0	0	0	0	0	0	0	0	0	0	0	0	0	0	0	0	0	0	0	0	0	0	0	0
155.00008295183372	0	0	0	0	0	157174	0	327132	139152	137928	147446	558245	3570	3698	0	0	0	0	0	0	0	0	0	0	0	0	0	0	0	0	0	0	0	0	0	0	0	0	0	0	0	0	0	0	0	0	0	0	0	0	0	0	0	0	0	0	0	0
160.00002113804112	0	0	0	0	0	217218	0	351117	148564	149800	159742	611736	5418	6708	0	0	0	0	0	0	0	0	0	0	0	0	0	0	0	0	0	0	0	0	0	0	0	0	0	0	0	0	0	0	0	0	0	0	0	0	0	0	0	0	0	0	0	0
165.00005540249919	0	0	0	0	0	276379	0	376506	158964	160440	172038	683895	7686	11094	359	0	0	0	0	0	0	0	0	0	0	0	0	0	0	0	0	0	0	0	0	0	0	0	0	0	0	0	0	0	0	0	0	0	0	0	0	0	0	0	0	0	0	0
170.0000032078762	0	0	0	0	0	354966	0	401661	169624	171864	185341	747797	11172	15738	2513	0	0	0	0	0	0	0	0	0	0	0	0	0	0	0	0	0	0	0	0	0	0	0	0	0	0	0	0	0	0	0	0	0	0	0	0	0	0	0	0	0	0	0
175.00005149987103	0	0	0	0	0	430904	0	424827	181272	183904	198061	819597	15666	23736	6462	204	145	0	0	0	0	0	0	0	0	0	0	0	0	0	0	0	0	0	0	0	0	0	0	0	0	0	0	0	0	0	0	0	0	0	0	0	0	0	0	0	0	0
180.0000081545525	0	0	0	0	0	540396	0	449865	192660	196112	211735	897141	20790	31476	14360	408	319	430	0	576	396	0	0	0	0	0	0	0	0	0	0	0	0	0	0	0	0	0	0	0	0	0	0	0	0	0	0	0	0	0	0	0	0	0	0	0	0	0
185.00003538776724	0	0	0	0	0	641941	0	476775	204672	209328	224667	985455	27006	41968	25489	1071	551	946	1576	1344	1650	0	0	0	0	0	0	0	0	0	0	0	0	0	0	0	0	0	0	0	0	0	0	0	0	0	0	0	0	0	0	0	0	0	0	0	0	0
190.00001094624767	0	0	0	0	0	757614	0	504504	217100	222152	240090	1070897	33852	54610	42362	1479	957	2236	5122	2736	3828	232	280	298	0	0	0	0	0	0	0	0	0	0	0	0	0	0	0	0	0	0	0	0	0	0	0	0	0	0	0	0	0	0	0	0	0	0
195.00000075094536	0	0	0	0	0	864457	0	532467	229216	235312	253605	1144851	40194	68026	64261	2448	1450	4128	10441	5040	6930	1392	1960	745	304	0	0	0	0	0	0	0	0	0	0	0	0	0	0	0	0	0	0	0	0	0	0	0	0	0	0	0	0	0	0	0	0	0
200.00000493921274	0	0	0	0	0	1003088	0	563238	241280	247576	269134	1233524	46998	81356	96212	3315	1972	6794	18912	7296	10692	6264	5040	4470	1976	1815	0	112	70	0	0	0	0	0	0	0	0	0	0	0	0	0	0	0	0	0	0	0	0	0	0	0	0	0	0	0	0	0
205.00000131448607	0	0	0	0	0	1139953	0	598455	255372	261632	283974	1319684	54054	96062	129599	5049	2842	11008	28762	10752	14586	13688	13440	8493	6232	5808	0	1120	840	979	0	0	0	0	0	0	0	0	0	0	0	0	0	0	0	0	0	0	0	0	0	0	0	0	0	0	0	0
210.00000360099634	0	0	0	0	0	1285648	0	630396	269776	276024	298920	1416614	62118	112316	169807	6528	3393	15824	42946	14688	20196	29232	22400	17731	12920	12100	0	4592	2450	3026	1215	0	0	0	0	0	0	0	0	0	0	0	0	0	0	0	0	0	0	0	0	0	0	0	0	0	0	0
215.000041883111	0	0	0	0	0	1430460	0	664560	284284	290528	313495	1512826	70098	127366	221144	8109	4234	20382	58903	18480	25542	44776	31080	29055	22648	20207	0	10192	5530	7832	4590	0	236	0	0	0	0	0	0	0	0	0	0	0	0	0	0	0	0	0	0	0	0	0	0	0	0	0
220.00001961338543	0	0	0	0	0	1613241	0	694395	295724	303296	327169	1615500	77490	143362	277507	9537	4872	24854	79391	21792	30756	63104	43400	40677	33896	30613	0	17248	9100	12905	11610	0	590	102	280	265	0	37	0	0	0	0	0	0	0	0	0	0	0	0	0	0	0	0	0	0	0	0
225.00000823671857	0	0	0	0	0	1776596	0	722592	306592	314776	339147	1713507	84294	157466	338178	11883	5510	28294	97121	24576	34782	80040	54460	51107	42712	39688	566	24080	12950	19135	18765	0	2832	1224	1540	1060	0	222	336	178	0	0	0	0	0	0	0	0	0	0	0	0	0	0	0	0	0	0
230.00002036311486	0	0	0	0	0	1948781	0	746343	316212	325584	350489	1810437	90594	171570	406747	14535	6612	32422	110123	27984	38544	98600	65940	61537	53504	48763	4528	31136	16520	25810	27405	0	6372	3672	3150	2438	300	703	924	356	399	101	130	0	0	0	0	0	0	0	0	0	0	0	0	0	0	0
235.00000037185956	0	0	0	0	0	2128913	0	770328	324636	334936	361407	1903777	95970	183696	471726	16626	7598	37668	123913	31968	42438	118784	76860	72116	64600	57596	24904	38752	19600	30972	35370	0	10620	6834	5740	4717	900	1813	3108	1602	1197	909	390	0	0	0	0	0	0	0	0	0	0	0	0	0	0	0
240.00000183198318	0	0	0	0	0	2319641	0	786942	332332	343056	370152	1986706	101724	196252	528807	18615	8642	42828	140067	35136	46398	138504	85680	83440	75696	68728	47544	47376	23870	36579	42660	0	15930	10710	9030	6943	3600	2886	6468	4361	3591	3030	1560	0	0	0	0	0	0	0	0	0	0	0	0	0	0	0
245.0000030363186	0	0	0	0	0	2532444	0	805077	339820	351400	377625	2071071	106428	207518	585888	20451	9599	47300	155236	38256	50556	154744	96180	91784	84968	76835	82070	55552	27790	42987	52110	704	23364	16014	12040	9805	9300	4144	10500	8722	8379	5959	4420	0	0	0	0	0	0	0	0	0	0	0	0	0	0	0
250.00000686930713	0	0	0	0	0	2760258	0	822393	346944	357784	386264	2142512	110964	219472	640097	22134	10440	51256	168435	41856	55044	171912	106400	102959	93784	85184	128482	62496	31850	50107	61695	5632	29854	22032	15890	12614	18900	5291	14784	12994	12901	10807	10010	0	0	0	0	0	0	0	0	0	0	0	0	0	0	0
255.0000072547656	0	0	0	0	0	2983657	0	839943	353340	364560	393260	2211440	116214	227986	686049	23766	11339	55728	180255	45312	59400	189080	115500	111899	103056	93412	170366	69888	36890	56337	71955	22528	36934	28560	18760	15211	30300	6771	18480	18156	19950	14544	15730	0	307	0	0	0	0	0	0	0	0	0	0	0	0	0
260.000017642393	0	0	0	0	0	3199109	0	854685	359372	371560	401157	2264931	120372	238994	728770	25602	12441	60372	194833	48576	63690	209728	126840	124117	114152	103939	213948	76832	40740	62567	80730	54912	44486	34578	23940	18073	42900	8140	22344	21805	26201	20200	21320	0	2149	345	392	0	0	0	0	0	0	0	0	0	0	0
265.00001292783463	0	0	0	0	0	3428689	0	868023	366080	377496	406828	2321653	125286	247766	774004	27183	13224	65102	211381	51696	67386	227592	138600	134696	126008	111683	254134	84560	45360	69865	90450	90816	53218	41514	29120	21889	55500	9509	25956	26077	32718	24745	28470	2148	7061	2415	980	0	0	0	0	0	0	0	0	0	0	0
270.00000023822525	0	0	0	0	0	3647673	0	882180	371540	384160	413612	2375503	129906	256796	818520	28560	14210	69230	227535	55248	70950	244296	148540	145275	135584	121968	296018	94864	48860	75828	99360	142208	61596	48552	33810	24698	73500	11137	30324	30883	39900	29896	34320	9666	14429	7245	1568	0	0	0	0	0	0	0	0	0	0	0
275.00000877102667	0	0	0	0	0	3845465	0	895518	377780	389480	419389	2426122	134820	267116	866626	30396	14964	73358	240734	58320	74910	261464	159740	156748	146984	132374	338468	101808	53830	82414	111645	188672	70800	55794	38360	28461	93900	13172	35448	36668	47215	34946	39780	20943	23332	11385	2156	0	414	392	0	0	0	0	0	0	0	0
280.00000366207956	0	0	0	0	0	4022948	0	909324	382668	394744	425590	2475664	138978	276576	901449	32283	16095	76282	255706	60528	78540	279560	170660	168072	157472	142901	383748	110992	59290	89356	119610	229504	81184	62322	43330	32383	115500	15022	41160	42008	53732	39895	45370	41349	39910	16905	3528	0	1104	1960	0	0	0	0	0	0	0	0
285.00000065953736	0	0	0	0	0	4194250	0	921492	388856	399672	430731	2521975	143724	286122	947042	34272	16791	80324	268314	62784	81906	297888	179900	178502	169176	150887	419972	119280	64960	98345	129870	280896	89444	69870	48510	35828	131100	16946	47460	48238	62111	45450	51870	67125	58637	24840	4900	0	1518	2548	0	0	0	0	0	0	0	0
290.0000176632207	0	0	0	0	0	4324051	0	932841	393848	404600	436720	2567568	147252	293174	984737	36057	17835	84280	279937	65856	85800	314360	190400	189230	178904	160567	459026	128912	70000	106533	142830	337216	98530	78132	54040	40227	149700	19129	54096	54468	72219	50904	61360	89679	68768	37260	6272	0	2346	3332	0	0	0	0	0	0	0	0
295.000011936225	0	0	0	0	0	4460033	0	944424	398580	408968	441331	2605263	151116	299968	1026022	37842	18473	89010	290969	68784	89100	331992	200480	198617	190608	170368	498080	138992	75530	114187	155520	385088	107498	85374	59920	44043	165900	20979	60144	60520	80465	58479	70590	115455	81048	51060	8428	0	3312	5096	0	0	0	0	0	0	0	0
300.00000063326024	0	0	0	0	0	4565110	0	952965	404248	413840	446896	2645112	154308	308568	1066230	39780	19256	93568	300425	72000	92994	346608	210700	208898	199880	180290	539398	148848	81340	121930	169695	444928	118000	92004	64540	47700	182700	22903	66696	67462	90174	65145	78130	141768	99161	69345	10584	0	5382	6272	0	0	0	0	0	0	0	0
305.0000004201738	0	0	0	0	0	4679900	0	962793	408720	418656	451825	2680653	157332	315878	1099976	41004	20184	97352	311851	75264	96162	364704	220220	218434	209152	187913	581282	158368	87220	130563	182520	504064	126496	100164	68740	51039	197700	25012	72072	73336	97356	70801	85800	167544	110827	92805	13132	2382	7176	9016	0	0	0	67	0	0	0	0
310.0000081013435	0	0	0	0	0	4802637	0	970983	412204	423024	456330	2717271	161406	322758	1137312	42738	21112	100362	322095	77856	99330	381176	230160	227821	219184	196141	622600	167888	92890	139641	194940	553344	136054	108222	74690	55173	216000	27158	77868	79833	107464	78881	94770	195468	127712	110055	15484	3176	8970	12544	0	0	0	268	89	143	0	0
315.0000054580082	0	0	0	0	0	4915661	0	978822	416520	426328	460782	2749222	164262	329896	1174648	44115	22011	104404	334506	80112	103224	395328	239120	236612	228000	205579	674106	177408	98140	146405	206685	616000	146674	116994	80570	59042	233700	29082	83160	85885	117439	84840	102960	223929	143369	132480	18032	7940	11592	15092	1494	0	0	536	445	715	0	0
320.00000069613185	0	0	0	0	0	5010142	0	989586	420056	430864	465075	2780455	167706	336346	1209471	45798	22852	106984	346917	82608	106590	414352	248220	246446	238184	215259	717688	185024	102340	153614	217215	677248	157412	128112	87570	62964	276000	31080	89460	91136	127015	93021	112320	258297	161482	154905	20384	11910	14490	17836	6723	0	0	804	979	1144	0	49
325.0000012041498	0	0	0	0	0	5109038	0	998712	423748	435120	469633	2817073	170646	344086	1242140	47430	23751	110596	354600	85152	110484	426880	256060	255684	248672	221914	764100	192976	107030	160378	228690	736384	169802	137496	93590	68052	304200	33522	95088	96832	134197	100798	123110	289443	178981	182505	22736	16674	16836	22148	9711	0	0	1005	1602	1716	0	147
330.0000012333442	0	0	0	0	0	5212349	0	1006902	428064	439600	474350	2849024	174342	351310	1268347	48960	24563	113950	366617	88128	113520	443120	265860	265816	257336	231231	803720	202608	111300	166875	240165	801152	180776	146370	99400	73193	328800	36223	102732	104130	144438	108070	131170	321663	194024	203550	23716	22232	19320	26068	11952	0	0	1541	1958	2002	0	294
335.0000003076123	0	0	0	0	0	5306830	0	1016964	431912	444080	478961	2878462	177408	358362	1304965	50337	25404	116788	375876	90624	116820	458896	275100	276842	266456	238733	849000	210784	116410	174796	250830	863808	190806	155040	106400	77168	353400	38406	109536	110716	154945	115746	139620	361401	212137	221145	26264	26996	21942	30576	18675	0	2212	2278	2581	2431	0	784
340.00000386805607	0	0	0	0	0	5390715	0	1025973	436228	447384	482671	2910413	180096	365328	1335480	51255	25984	119884	387696	92880	120318	475136	284760	286676	276032	247324	893714	218848	120820	182272	262575	936320	200954	164220	112070	80507	376500	41107	118020	118014	165319	123826	147940	398454	228408	239430	27244	34936	24978	33908	25398	0	3318	2747	3560	3575	0	1225
345.0000074449447	0	0	0	0	0	5480781	0	1032642	439868	450968	487017	2938415	182700	371262	1366354	52479	26796	122464	395773	95088	123618	493696	293580	294424	284088	254826	929938	228816	126700	190015	273645	1002496	210984	171870	117040	84164	401400	43993	124152	124778	177954	132108	160420	431211	248363	256335	31556	43670	27738	39592	33615	0	6083	3551	4094	5148	0	1764
350.0000013399698	0	0	0	0	0	5569081	0	1041300	442780	454440	491416	2966417	184884	377712	1398664	54009	27463	125216	405426	97200	126522	509704	301280	302321	292144	262086	970690	237664	131180	196334	282285	1070080	220542	179418	123130	88669	425700	46546	133644	133500	190456	140794	173160	458598	269853	282900	33712	50816	30222	45080	39591	0	9954	4422	5429	6292	1172	2254
355.0000059137612	0	0	0	0	0	5637072	0	1049022	446368	457744	494808	2991547	187194	383560	1423794	55743	28101	128054	415867	99216	130020	525016	309540	311112	300960	270435	1010310	244272	136010	203187	293625	1141184	229864	187680	127890	92856	445200	48988	141288	142044	202692	148369	185250	502632	290422	306360	35476	62726	33672	48608	48555	0	13272	5695	7120	8151	2930	3136
360.00000151218626	0	0	0	0	0	5708595	0	1054521	449904	460992	498200	3015959	189294	390010	1451078	56814	28797	130892	425126	101136	133122	540792	317660	318562	310688	277453	1059552	254016	140560	208883	301860	1210880	239304	195738	133910	97626	468000	51874	148176	150499	214662	157257	197470	529482	312219	328095	39004	75430	36018	52528	59013	0	17696	6901	8900	10439	6446	4067
365.000013849155	0	0	0	0	0	5785416	0	1061073	452608	463736	502069	3041807	191646	396116	1481234	58242	29551	134160	434188	103344	135960	556104	324940	326012	319200	285197	1095210	261520	144480	214757	310635	1277056	248154	202980	139160	101760	489300	55352	155484	156818	226366	162206	208780	569757	339235	354315	43120	81782	38916	56840	73953	3954	27650	8174	10324	13156	8790	5096
370.00001203003217	0	0	0	0	0	5847226	0	1068093	455832	466704	505514	3067296	193830	402996	1507800	59976	30218	137600	441871	105984	138732	566544	332920	334952	327712	292820	1139358	269248	149590	220364	319815	1346048	257240	210936	143080	106000	513000	58238	163800	164294	239533	170084	219700	605736	363488	385710	46648	91310	43746	62328	91881	6590	39263	9179	12015	16588	14064	6076
375.0000085870786	0	0	0	0	0	5923164	0	1073826	458692	469392	509277	3090272	196224	408414	1533289	61557	30740	141212	449948	108144	141174	579072	339640	342998	336832	299475	1175582	278096	154000	226950	329940	1391104	266326	218688	149100	109604	533400	60976	170604	171414	251503	179174	231530	647622	393574	416415	50764	100044	47472	67228	112050	14498	45899	10586	13884	18447	21682	6811
380.00000994044274	0	0	0	0	0	5993804	0	1081548	461500	471968	512934	3112171	198282	412886	1560932	62679	31349	144394	456843	110064	143946	589744	345100	350746	344432	307219	1225390	285824	158970	233625	340740	1450240	275176	225930	154560	113420	552000	63899	178668	180314	262276	187658	244920	699711	422739	441600	54488	108778	51474	72520	130725	23724	52535	11926	16287	21736	26370	7742
385.00000329868357	0	0	0	0	0	6059146	0	1088100	463684	474600	516432	3135865	201096	418562	1592165	63546	32277	147576	463147	112368	146454	602272	351820	357451	351120	312785	1260482	294336	163660	240567	351000	1505152	281430	232254	160020	116547	572100	66045	185976	188235	271852	196142	257140	749652	450062	477480	61152	120688	54510	78400	148653	34268	65807	13333	19224	25025	36918	8869
390.00000404908934	0	0	0	0	0	6140382	0	1093716	466856	477176	519824	3157764	203532	423722	1619808	64872	32944	150414	475361	114336	149292	611784	358260	363858	358872	321376	1293310	301168	169960	247509	362475	1560768	288982	239700	165200	121317	595200	68117	193536	195355	282492	204424	267020	792612	476771	511290	63112	129422	58374	84672	162846	40858	76867	14874	20915	27456	43364	10290
395.00001075351474	0	0	0	0	0	6201309	0	1099566	469456	479640	522315	3180740	206136	428710	1644579	65994	33930	153080	482256	116592	151338	621760	364280	370563	366472	328273	1333496	309456	174300	254540	372330	1621312	300310	247044	170870	126140	613200	70966	201348	201852	292733	212201	278720	835035	499489	549930	66640	141332	62100	88984	179280	47448	88480	16616	22962	29601	50982	11221
400.00000389328926	0	0	0	0	0	6248991	0	1105416	472212	482104	525919	3204075	208362	431806	1666478	67473	34510	155144	491515	119424	154572	631504	371140	376374	373160	335170	1365192	315504	178500	261482	382185	1684672	309396	255204	177450	130804	635700	73630	210000	210663	304304	221493	290420	877458	532645	584775	70756	154036	65412	93296	189738	63264	100093	18023	24653	33033	62702	12446
405.0000025747409	0	0	0	0	0	6306386	0	1111032	474708	484512	529152	3225615	210840	436966	1686941	68697	35380	157208	498410	120960	156750	644496	377860	382185	380912	340494	1402548	323344	182420	267445	390960	1736768	319072	263364	182840	134461	661200	76775	218652	218673	316407	230381	301990	919344	560889	622035	76636	165152	69138	98392	204678	80398	113918	19966	27056	37180	72078	13671
410.000017166666	0	0	0	0	0	6368196	0	1117584	476892	487592	531537	3247514	213318	441352	1708122	69870	36627	161336	507078	122928	159390	654704	384300	389337	387144	346665	1434810	329840	186270	272518	402165	1795200	329456	272034	188440	138224	683700	79735	226464	225348	330505	241188	313430	970896	589440	655155	81144	173886	72036	103488	226341	106758	122766	21976	29192	40898	83212	15386
415.00000349413887	0	0	0	0	0	6425591	0	1123317	479492	489944	534929	3269772	215838	445222	1728226	71400	37149	163400	513776	125424	162228	662128	389480	394850	393528	353078	1472166	335552	190330	276523	410940	1852928	337598	278868	194320	142093	707100	81918	234612	234693	343140	249571	325780	1019226	615535	692760	84280	185002	76452	108584	242028	137072	136038	24053	31684	44902	98448	16415
420.0000004852976	0	0	0	0	0	6482986	0	1129050	481468	492744	537844	3290235	218484	450640	1752279	72726	37990	166926	521459	127920	164604	673496	395500	401406	400672	360217	1502730	342608	194600	281685	419985	1910656	346920	286314	198520	146174	726300	85248	240660	242347	357371	259570	338000	1066482	641630	724845	88200	203264	79902	115444	261450	156842	152075	25795	34176	49478	108410	17444
425.00001541563614	0	0	0	0	0	6537732	0	1135368	483600	494984	540706	3309262	220626	455886	1768434	74460	38831	169076	531309	129840	167838	682776	402500	408558	405840	367477	1533860	348768	199920	287025	427410	1966976	357304	294474	204890	149990	750000	88208	246792	251959	370139	268256	350350	1102461	668032	758655	92512	216762	84180	121716	280872	185838	164794	28006	37736	52624	120716	18767
430.0000029664806	0	0	0	0	0	6596893	0	1141101	486304	497672	543780	3326853	222978	460100	1791769	75735	39585	172430	544311	131856	171402	693216	409780	415263	412224	374132	1561028	355152	204190	293166	438885	2019072	365210	302022	210910	153223	773400	90946	254352	259613	381976	277245	363090	1147032	699653	791085	95844	233436	89010	127596	307764	205608	178066	30418	40406	58773	133022	20580
435.0000070185167	0	0	0	0	0	6657820	0	1146132	488124	499688	546218	3350547	225456	464228	1811873	77010	40107	175268	550812	133968	173844	705048	415800	423160	418760	382965	1593290	361872	209510	300108	448875	2076096	372880	308448	215320	156615	793800	94017	262920	267089	393015	286436	375050	1198584	726055	822480	98784	248522	92736	135044	335403	228014	194656	32696	43699	62491	145328	22295
440.00002659831574	0	0	0	0	0	6709034	0	1151982	490308	501816	548974	3372446	228144	469388	1828028	78285	40948	177676	560071	135504	175824	714792	421260	428971	425752	390225	1619892	368592	213990	305804	457380	2124672	382792	314058	220570	160908	815400	96681	270816	274565	406980	295526	388440	1246377	752764	852150	102116	270754	95910	141512	349596	251738	210693	34572	46814	66495	155876	23569
445.0000063060953	0	0	0	0	0	6762014	0	1156077	493012	504000	551200	3387883	230706	474204	1848491	79611	41760	180772	567360	137280	178134	723144	427700	436421	434112	398211	1644230	375760	218750	311055	466560	2174656	391052	321810	224630	165254	842100	99789	277284	282575	418418	304414	399100	1298466	780087	887685	106232	289016	101154	148176	372006	274144	229495	35644	49751	70928	171112	25970
450.0000044136221	0	0	0	0	0	6817643	0	1161927	495456	506128	553161	3407269	232596	478246	1869672	81090	42456	183352	577407	139440	180906	732888	435120	442828	443080	405471	1670266	382704	222880	317018	476145	2242240	398368	328440	228970	169547	862800	102231	285264	289873	430388	313504	411840	1351629	810787	919080	109760	308866	105570	152880	386946	297868	245532	37587	53400	74789	182246	28322
455.00000242307397	0	0	0	0	0	6861793	0	1167192	497692	508592	555652	3430245	235284	482804	1888699	82569	43239	185846	587257	141456	183876	744256	441420	449086	447336	411279	1700830	389648	226660	322803	484515	2297152	408044	335172	234500	173946	886800	104710	292488	297082	440895	321887	423020	1393515	842101	953925	114072	328716	109848	157780	406368	313684	263228	39798	56515	78936	203342	29743
460.00000151942436	0	0	0	0	0	6910358	0	1171404	499096	510720	558514	3450349	237594	489082	1907367	83640	43935	188512	593955	143328	186582	758408	448280	458026	453416	417450	1728564	395472	230090	329567	493560	2350656	415950	342822	239190	177550	908400	107374	299796	305359	453796	329866	434720	1437549	875257	981870	117796	340626	115644	164248	424296	337408	278159	41942	60342	83369	220336	31703
465.00001166908083	0	0	0	0	0	6964221	0	1175499	500864	513352	561641	3467940	239778	493210	1928548	84711	44457	191780	602229	145152	188826	769312	453320	464284	461016	426041	1762524	401856	234710	334729	502605	2408384	425508	348534	245070	181419	923400	109483	307608	314526	466564	339663	444860	1488564	905036	1019475	121520	359682	118128	169736	445212	362450	294749	44555	63190	87373	237330	34055
470.00000352731826	0	0	0	0	0	7008371	0	1180413	502944	515480	563125	3484813	242298	497854	1946857	85935	45269	194618	610897	146928	190674	783696	458780	470542	467552	433059	1794220	408576	238980	339802	511515	2472448	433532	357102	248290	185182	944700	112258	316176	321557	476406	348349	456040	1540653	934201	1059495	126028	372386	123786	175420	457911	395400	308021	46431	65949	93522	254910	36260
475.0000074972907	0	0	0	0	0	7043691	0	1185561	505232	517272	565722	3506353	244692	502670	1971987	87414	46168	197198	619368	148848	193050	793672	463960	478588	475000	438988	1825916	415968	242830	346833	521100	2543552	442028	364242	251580	189475	964500	114848	323568	329389	488642	357742	466440	1593279	969199	1095030	129360	384296	128340	182672	475839	429668	325164	48977	69242	99099	274834	38612
480.00001072213024	0	0	0	0	0	7087841	0	1190358	507260	519344	567736	3521431	247338	506970	1991014	89250	46806	199950	628627	150624	195822	805504	471380	483654	482144	444796	1852518	422240	246330	354487	529470	2594944	448754	370260	256690	192814	986400	117031	330204	337043	498883	367135	477620	1639461	995601	1129875	133476	397000	133308	189924	500490	463936	340095	51188	73336	103961	290656	40474
485.00000087755365	0	0	0	0	0	7129342	0	1194336	509496	521528	570174	3536868	249816	512560	2011836	90372	47560	203820	636901	152400	197736	817336	478380	491551	490504	452903	1877988	427952	250740	360806	538515	2648448	456660	377604	262150	196471	1007400	119991	337092	344252	511385	374609	490230	1689402	1024459	1159200	137004	412086	137586	195020	518418	502158	362768	54203	76006	107393	302962	42826
490.000000183935	0	0	0	0	0	7169077	0	1199484	511836	523768	572506	3553382	252210	516946	2034812	92055	48285	205712	646160	154656	200442	826384	486080	497660	497648	459316	1911382	434224	255500	367659	546075	2699840	464094	385866	266210	200870	1031100	122433	345408	352440	523222	382992	502710	1733436	1050554	1198530	141120	429554	142968	201096	540828	536426	379358	56280	78320	110396	323472	44688
495.0000008650796	0	0	0	0	0	7215876	0	1204749	513500	526008	575421	3570614	253974	521504	2058865	93534	49068	209238	654434	156432	202686	836128	494200	502726	504032	465003	1939682	442064	259350	373622	554715	2759680	471528	392292	271110	204527	1051500	125430	352296	361518	534128	391779	513630	1775322	1078184	1227510	144452	447022	147798	207760	558756	572012	398160	59094	81079	115401	344568	46305
500.00000757297147	0	0	0	0	0	7264441	0	1208844	515736	527800	577488	3584256	255948	525718	2079687	95166	49590	211560	660935	158112	205920	845872	500920	509431	511024	470932	1970246	449680	262850	379407	564030	2816704	480732	400146	275870	208502	1071900	127613	358932	370596	544901	400667	523770	1817745	1107349	1271325	148764	463696	152352	212464	586395	603644	415303	61439	84550	120406	366836	48706
505.00000052652643	0	0	0	0	0	7309474	0	1212354	517348	530040	579767	3598616	257754	529932	2100150	96237	50373	214398	670194	159600	208494	860024	510580	516583	517104	478797	2002508	456848	267260	384747	572400	2863168	490172	407082	280630	212636	1097100	130610	365232	377805	554876	410868	536250	1859631	1133751	1311690	151508	481164	155664	220892	602082	647138	433552	63650	87131	125411	386760	50764
510.000005124584	0	0	0	0	0	7354507	0	1217385	519948	532224	582364	3613335	259980	534576	2122408	97359	51185	217150	677877	161424	210474	872784	517020	524033	524096	485573	2033072	463792	273000	390799	581850	2928640	497370	414426	285460	216293	1118400	132534	372372	386260	568309	418039	547300	1906887	1157697	1349295	154448	492280	159942	225792	629721	681406	450142	66263	90869	129701	405512	52724
515.0000013079145	0	0	0	0	0	7397774	0	1221714	522288	534912	584219	3626618	262332	539478	2139999	98379	51765	220504	683393	163296	211992	881136	523600	531185	529264	492712	2067032	470064	276360	397919	589275	2975104	506692	419934	290010	219844	1140000	135901	378840	393558	580545	425412	558480	1953069	1187169	1393110	158172	512130	164082	234024	654372	728854	470603	68005	93984	135564	427194	55027
520.000002820963	0	0	0	0	0	7437509	0	1227447	524056	537376	586339	3644927	264222	542918	2160462	99807	52577	223170	692849	165792	214434	891344	529760	537443	535040	499246	2092502	477456	280350	403971	598860	3025792	516958	426870	295400	223342	1162500	138676	386652	401479	592781	433997	568750	1989048	1213878	1432095	163268	529598	169050	241472	676035	755214	496041	71020	97099	141141	440086	57134
525.0000080124213	0	0	0	0	0	7475478	0	1232361	526084	539448	588512	3659646	266028	547390	2179130	100980	52925	225750	699350	167616	217008	902480	537320	543850	541272	506264	2121934	484512	284480	410201	609795	3074368	525454	434622	300510	228218	1182300	141007	393708	408243	602623	443390	581490	2035767	1239973	1466940	166404	544684	173466	246176	693216	789482	519267	73164	100748	146003	462940	59192
530.0000131575163	0	0	0	0	0	7513447	0	1236222	528008	541296	590367	3674006	267666	552722	2201747	101847	53534	228330	706442	169536	219450	911992	543620	551002	549024	513161	2158158	489888	288050	415897	619650	3125760	535248	441660	304430	232352	1203300	143301	401352	415452	613795	452884	592280	2080338	1266682	1506270	170716	564534	177468	252448	711144	823750	541940	76246	104575	151866	481692	61495
535.0000129089221	0	0	0	0	0	7548767	0	1240902	530088	543368	592063	3693392	269934	556850	2218620	103224	54230	230738	714716	171264	222420	922896	550620	558899	555864	518606	2188156	495936	292180	421593	628425	3180672	545632	450228	309330	235691	1226400	146150	408156	425242	628026	460661	602810	2117928	1295233	1546290	174832	577238	183126	259112	733554	860654	560742	78390	107868	156442	503960	63700
540.000000581892	0	0	0	0	0	7603513	0	1245582	531804	545216	594183	3707034	272118	561064	2240160	104193	54955	233146	721414	172944	224928	932640	557060	564710	562856	525382	2220418	502768	296800	427556	637065	3232768	553892	459408	314930	239719	1251000	148888	414792	431561	640395	469044	614380	2165184	1321635	1580100	178556	593912	187404	265776	758205	887014	581756	80467	110538	162448	519196	65856
545.0000034069625	0	0	0	0	0	7646780	0	1248507	533520	547568	595932	3723189	274260	564504	2255238	105417	55564	236414	728900	175152	228822	944008	563500	572011	568936	532763	2257774	509488	301140	432629	647055	3288384	562624	467772	320810	243641	1272000	151367	422016	439304	653296	475609	627770	2212977	1352028	1613220	182868	610586	191544	273224	785097	933144	600005	82946	114543	167024	533260	68355
550.0000018615476	0	0	0	0	0	7676802	0	1252368	534976	549640	597840	3733241	276948	570008	2275701	106845	56347	239682	736780	177120	231660	953752	569940	578567	574408	539539	2287206	514864	305270	438859	655965	3346816	570648	474402	326480	247510	1287000	154142	428904	446602	664202	484396	636870	2257011	1377202	1644615	187376	625672	195132	279496	813483	975320	622678	86028	117925	172744	557286	71197
555.000003247227	0	0	0	0	0	7723601	0	1256580	536848	551432	600013	3750832	278796	572846	2296882	108018	57130	242692	746039	178464	233838	964424	577360	584825	580336	546678	2327392	523600	309260	444466	663930	3403840	578672	481848	331310	252545	1308600	156880	435624	453633	674443	492880	646880	2303193	1403911	1674285	191296	643140	199548	285768	834399	1029358	640927	88373	120506	178750	573108	74431
560.0000019315333	0	0	0	0	0	7758038	0	1260441	538356	553952	601815	3760884	280434	576286	2316268	109089	57739	245530	753131	180096	235950	974864	583800	591232	586416	552607	2359088	530320	313530	451319	672975	3451712	585280	490518	336560	256573	1327800	159174	443184	461376	686679	503081	658060	2349912	1441058	1702920	193648	657432	204102	293020	862038	1072852	664706	90986	123710	184327	595376	76489
565.0000008021359	0	0	0	0	0	7799539	0	1264185	539708	555968	603776	3777757	282912	579640	2337808	110721	58435	247680	760420	181824	238194	986464	591920	597639	593712	558536	2388520	538160	317170	457015	680265	3516480	594130	496944	342370	260548	1350300	162060	448308	469653	697585	512070	666640	2407371	1470530	1737765	198352	669342	209760	299488	879966	1116346	685720	93197	126647	189618	612370	79086
570.0000008391902	0	0	0	0	0	7835742	0	1267812	541372	557984	606267	3792835	284886	583510	2361143	112200	59189	250432	767709	183792	240240	996672	597940	604791	600856	565191	2417952	543984	320740	462889	689715	3572800	601446	505002	347480	264417	1371600	164243	455112	477129	709555	521261	678340	2461071	1500002	1781235	202076	676488	214176	306936	895653	1146660	705628	95877	130741	194909	634638	81438
575.0000084472905	0	0	0	0	0	7862232	0	1270269	542672	559552	608758	3805400	287196	587896	2380529	113271	59711	253184	775195	185232	242880	1007808	603400	610304	606936	569910	2464364	551712	323890	470276	697950	3627712	612302	514080	352240	268498	1395900	166722	462420	484605	719796	528735	689260	2505642	1532544	1811250	206780	692368	220386	311640	918063	1205970	730513	99763	133856	201916	652804	83937
580.0000010354914	0	0	0	0	0	7911680	0	1274715	544804	562016	610878	3821555	289086	591766	2400274	114087	60291	255506	781893	187104	245190	1018480	611100	614476	613168	577654	2497758	558992	327390	474904	705375	3678400	621152	522342	357840	272473	1416900	169312	469980	492081	733894	536209	700310	2546991	1560788	1846440	211092	709042	225768	317520	941967	1246828	752633	102644	137238	207064	667454	85652
585.0000080293098	0	0	0	0	0	7950532	0	1277874	546520	564088	612839	3833402	291102	596066	2421455	115209	61132	257398	789379	188976	247698	1029384	617960	622671	620768	584067	2526624	567056	331310	481312	713610	3744576	627406	528258	361690	275865	1437000	171828	477120	499557	746529	544592	710450	2589414	1590260	1882665	215012	728098	230322	322224	968859	1291640	778071	105391	141154	212927	687964	88543
590.0000065524098	0	0	0	0	0	7984086	0	1281735	548132	566496	615012	3842018	293328	600366	2437251	116433	61770	259720	798047	190800	249942	1037736	624820	627439	628824	590843	2560018	574336	335650	487275	722520	3796672	635194	535704	366730	280158	1459800	174492	483756	506232	757834	552874	719940	2624856	1616969	1917855	219716	735244	234462	330064	995004	1344360	800744	108674	144981	219076	709060	90748
595.0000014691909	0	0	0	0	0	8027353	0	1284894	549536	568288	617503	3856019	296142	604322	2463099	117759	62553	262042	804154	192432	252714	1049336	630280	632207	636576	597135	2591148	580272	339570	493505	731025	3843136	644398	541212	371070	283974	1482000	176342	492072	514242	769006	561762	731250	2664057	1644599	1947180	224616	747948	240120	336728	1016667	1375992	826182	110952	148007	225082	737774	93247
600.0000040049113	0	0	0	0	0	8063556	0	1289106	551460	569856	619464	3867507	298578	608278	2481049	119085	63249	264880	811640	193728	254826	1057224	637140	638316	643264	602822	2623410	586432	343910	499290	741150	3900160	652658	549678	376460	288426	1509300	179043	499212	521718	780444	569539	741520	2707554	1674992	1986510	229712	760652	245226	345744	1042812	1419486	847196	113297	152813	229944	760042	95648
