>time	Ribosome	coli Pol	coli Pol-P	coli Pol-2.0	coli Pol-P-2.0	gp1	gp1-3.5	gp0.3	gp0.4	gp0.5	gp0.6A	gp0.7	gp1.1	gp1.2	gp1.3	gp1.4	gp1.5	gp1.6	gp1.7	gp1.8	gp2.0	gp2.5	gp2.8	gp3.0	gp3.5	gp3.8	gp4A	gp4.2	gp4.3	gp4.5	gp4.7	gp5.0	gp5.3	gp5.5	gp5.7	gp5.9	gp6.0	gp6.3	gp6.5	gp6.7	gp7	gp7.3	gp7.7	gp8	gp9	gp10A	gp11	gp12	gp13	gp14	gp15	gp16	gp17	gp17.5	gp18	gp18.5	gp19	gp19.5
0.003620787881350824	0	0	0	0	0	0	0	0	0	0	0	0	0	0	0	0	0	0	0	0	0	0	0	0	0	0	0	0	0	0	0	0	0	0	0	0	0	0	0	0	0	0	0	0	0	0	0	0	0	0	0	0	0	0	0	0	0	0
5.00358125316181	0	0	0	0	0	0	0	0	0	0	0	0	0	0	0	0	0	0	0	0	0	0	0	0	0	0	0	0	0	0	0	0	0	0	0	0	0	0	0	0	0	0	0	0	0	0	0	0	0	0	0	0	0	0	0	0	0	0
10.001332366809931	0	0	0	0	0	0	0	0	0	0	0	0	0	0	0	0	0	0	0	0	0	0	0	0	0	0	0	0	0	0	0	0	0	0	0	0	0	0	0	0	0	0	0	0	0	0	0	0	0	0	0	0	0	0	0	0	0	0
15.000388406417668	0	0	0	0	0	0	0	0	0	0	0	0	0	0	0	0	0	0	0	0	0	0	0	0	0	0	0	0	0	0	0	0	0	0	0	0	0	0	0	0	0	0	0	0	0	0	0	0	0	0	0	0	0	0	0	0	0	0
20.000761082175078	0	0	0	0	0	0	0	0	0	0	0	0	0	0	0	0	0	0	0	0	0	0	0	0	0	0	0	0	0	0	0	0	0	0	0	0	0	0	0	0	0	0	0	0	0	0	0	0	0	0	0	0	0	0	0	0	0	0
25.000006747466365	0	0	0	0	0	0	0	0	0	0	0	0	0	0	0	0	0	0	0	0	0	0	0	0	0	0	0	0	0	0	0	0	0	0	0	0	0	0	0	0	0	0	0	0	0	0	0	0	0	0	0	0	0	0	0	0	0	0
30.001211189135397	0	0	0	0	0	0	0	1053	104	0	0	0	0	0	0	0	0	0	0	0	0	0	0	0	0	0	0	0	0	0	0	0	0	0	0	0	0	0	0	0	0	0	0	0	0	0	0	0	0	0	0	0	0	0	0	0	0	0
35.00017653946452	0	0	0	0	0	0	0	3978	1092	168	0	0	0	0	0	0	0	0	0	0	0	0	0	0	0	0	0	0	0	0	0	0	0	0	0	0	0	0	0	0	0	0	0	0	0	0	0	0	0	0	0	0	0	0	0	0	0	0
40.00002197253335	0	0	0	0	0	0	0	8307	2236	840	212	0	0	0	0	0	0	0	0	0	0	0	0	0	0	0	0	0	0	0	0	0	0	0	0	0	0	0	0	0	0	0	0	0	0	0	0	0	0	0	0	0	0	0	0	0	0	0
45.000226582473715	0	0	0	0	0	0	0	12870	4316	2184	1325	0	0	0	0	0	0	0	0	0	0	0	0	0	0	0	0	0	0	0	0	0	0	0	0	0	0	0	0	0	0	0	0	0	0	0	0	0	0	0	0	0	0	0	0	0	0	0
50.00002604783184	0	0	0	0	0	0	0	19188	6812	4032	2809	0	0	0	0	0	0	0	0	0	0	0	0	0	0	0	0	0	0	0	0	0	0	0	0	0	0	0	0	0	0	0	0	0	0	0	0	0	0	0	0	0	0	0	0	0	0	0
55.00000480419429	0	0	0	0	0	0	0	26676	9620	6832	4717	0	0	0	0	0	0	0	0	0	0	0	0	0	0	0	0	0	0	0	0	0	0	0	0	0	0	0	0	0	0	0	0	0	0	0	0	0	0	0	0	0	0	0	0	0	0	0
60.00014125129702	0	0	0	0	0	0	0	35685	12740	9968	7685	0	0	0	0	0	0	0	0	0	0	0	0	0	0	0	0	0	0	0	0	0	0	0	0	0	0	0	0	0	0	0	0	0	0	0	0	0	0	0	0	0	0	0	0	0	0	0
65.00040179231488	0	0	0	0	0	0	0	45981	16536	14560	11130	0	0	0	0	0	0	0	0	0	0	0	0	0	0	0	0	0	0	0	0	0	0	0	0	0	0	0	0	0	0	0	0	0	0	0	0	0	0	0	0	0	0	0	0	0	0	0
70.00014460262986	0	0	0	0	0	0	0	58149	20904	18928	14681	2154	0	0	0	0	0	0	0	0	0	0	0	0	0	0	0	0	0	0	0	0	0	0	0	0	0	0	0	0	0	0	0	0	0	0	0	0	0	0	0	0	0	0	0	0	0	0
75.00014019261975	0	0	0	0	0	0	0	72306	27092	24304	19716	9693	0	0	0	0	0	0	0	0	0	0	0	0	0	0	0	0	0	0	0	0	0	0	0	0	0	0	0	0	0	0	0	0	0	0	0	0	0	0	0	0	0	0	0	0	0	0
80.00053737986308	0	0	0	0	0	0	0	87984	33176	31136	25334	22617	0	0	0	0	0	0	0	0	0	0	0	0	0	0	0	0	0	0	0	0	0	0	0	0	0	0	0	0	0	0	0	0	0	0	0	0	0	0	0	0	0	0	0	0	0	0
85.00003544658263	0	0	0	0	0	0	0	105768	40092	38920	31906	33028	0	0	0	0	0	0	0	0	0	0	0	0	0	0	0	0	0	0	0	0	0	0	0	0	0	0	0	0	0	0	0	0	0	0	0	0	0	0	0	0	0	0	0	0	0	0
90.00002983603325	0	0	0	0	0	0	0	125541	47632	47600	39114	52773	0	0	0	0	0	0	0	0	0	0	0	0	0	0	0	0	0	0	0	0	0	0	0	0	0	0	0	0	0	0	0	0	0	0	0	0	0	0	0	0	0	0	0	0	0	0
95.00009698080805	0	0	0	0	0	0	0	143325	57512	55440	47435	74313	0	0	0	0	0	0	0	0	0	0	0	0	0	0	0	0	0	0	0	0	0	0	0	0	0	0	0	0	0	0	0	0	0	0	0	0	0	0	0	0	0	0	0	0	0	0
100.00002670072082	0	0	0	0	0	0	0	166257	67184	64848	56657	102315	0	0	0	0	0	0	0	0	0	0	0	0	0	0	0	0	0	0	0	0	0	0	0	0	0	0	0	0	0	0	0	0	0	0	0	0	0	0	0	0	0	0	0	0	0	0
105.00013738334087	0	0	0	0	0	0	0	189072	76908	75040	66356	137856	0	0	0	0	0	0	0	0	0	0	0	0	0	0	0	0	0	0	0	0	0	0	0	0	0	0	0	0	0	0	0	0	0	0	0	0	0	0	0	0	0	0	0	0	0	0
110.0000202235134	0	0	0	0	0	0	0	215865	87984	87416	76267	179500	0	0	0	0	0	0	0	0	0	0	0	0	0	0	0	0	0	0	0	0	0	0	0	0	0	0	0	0	0	0	0	0	0	0	0	0	0	0	0	0	0	0	0	0	0	0
115.00000416980355	0	0	0	0	0	0	0	242658	99632	99288	88139	222939	0	0	0	0	0	0	0	0	0	0	0	0	0	0	0	0	0	0	0	0	0	0	0	0	0	0	0	0	0	0	0	0	0	0	0	0	0	0	0	0	0	0	0	0	0	0
120.00000146756695	0	0	0	0	0	0	0	272025	111904	112784	100011	271404	0	0	0	0	0	0	0	0	0	0	0	0	0	0	0	0	0	0	0	0	0	0	0	0	0	0	0	0	0	0	0	0	0	0	0	0	0	0	0	0	0	0	0	0	0	0
125.00008996160005	0	0	0	0	0	0	0	301275	124956	125160	113473	323818	0	0	0	0	0	0	0	0	0	0	0	0	0	0	0	0	0	0	0	0	0	0	0	0	0	0	0	0	0	0	0	0	0	0	0	0	0	0	0	0	0	0	0	0	0	0
130.00001725069117	0	0	0	0	0	6181	0	334035	138788	139216	126776	382335	0	0	0	0	0	0	0	0	0	0	0	0	0	0	0	0	0	0	0	0	0	0	0	0	0	0	0	0	0	0	0	0	0	0	0	0	0	0	0	0	0	0	0	0	0	0
135.00002376602666	0	0	0	0	0	22958	0	367029	152828	154616	140503	450186	84	0	0	0	0	0	0	0	0	0	0	0	0	0	0	0	0	0	0	0	0	0	0	0	0	0	0	0	0	0	0	0	0	0	0	0	0	0	0	0	0	0	0	0	0	0
140.00007853525724	0	0	0	0	0	44150	0	399672	167908	169904	155502	523781	756	86	0	0	0	0	0	0	0	0	0	0	0	0	0	0	0	0	0	0	0	0	0	0	0	0	0	0	0	0	0	0	0	0	0	0	0	0	0	0	0	0	0	0	0	0
145.0000050957547	0	0	0	0	0	84768	0	436059	183352	185640	170448	592709	1680	1204	0	0	0	0	0	0	0	0	0	0	0	0	0	0	0	0	0	0	0	0	0	0	0	0	0	0	0	0	0	0	0	0	0	0	0	0	0	0	0	0	0	0	0	0
150.00004007559735	0	0	0	0	0	132450	0	472680	199732	203056	187991	676356	3402	3010	0	0	0	0	0	0	0	0	0	0	0	0	0	0	0	0	0	0	0	0	0	0	0	0	0	0	0	0	0	0	0	0	0	0	0	0	0	0	0	0	0	0	0	0
155.00004097811538	0	0	0	0	0	197792	0	512109	215696	220360	204421	766106	6174	6708	0	0	0	0	0	0	0	0	0	0	0	0	0	0	0	0	0	0	0	0	0	0	0	0	0	0	0	0	0	0	0	0	0	0	0	0	0	0	0	0	0	0	0	0
160.00000652465351	0	0	0	0	0	264017	0	552474	232596	238448	223448	854779	8820	12126	0	0	0	0	0	0	0	0	0	0	0	0	0	0	0	0	0	0	0	0	0	0	0	0	0	0	0	0	0	0	0	0	0	0	0	0	0	0	0	0	0	0	0	0
165.00004626875557	0	0	0	0	0	347902	0	593541	250328	256872	242422	951709	12306	16942	359	0	0	0	0	0	0	0	0	0	0	0	0	0	0	0	0	0	0	0	0	0	0	0	0	0	0	0	0	0	0	0	0	0	0	0	0	0	0	0	0	0	0	0
170.000070695532	0	0	0	0	0	437085	0	636831	269672	275520	261025	1052229	16044	23908	3949	0	29	0	0	0	0	0	0	0	0	0	0	0	0	0	0	0	0	0	0	0	0	0	0	0	0	0	0	0	0	0	0	0	0	0	0	0	0	0	0	0	0	0
175.00001066560944	0	0	0	0	0	556290	0	680823	287976	295736	280635	1151313	21252	32164	14001	255	319	0	0	0	0	0	0	0	0	0	0	0	0	0	0	0	0	0	0	0	0	0	0	0	0	0	0	0	0	0	0	0	0	0	0	0	0	0	0	0	0	0
180.000003745301	0	0	0	0	0	669314	0	724230	307632	316736	301040	1256141	27468	43344	32669	1071	609	344	0	912	594	0	0	0	0	0	0	0	0	0	0	0	0	0	0	0	0	0	0	0	0	0	0	0	0	0	0	0	0	0	0	0	0	0	0	0	0	0
185.00000534595912	0	0	0	0	0	805296	0	771732	327080	338184	320491	1375688	34020	56158	57081	2193	1073	1720	1576	2592	2904	0	0	0	0	0	0	0	0	0	0	0	0	0	0	0	0	0	0	0	0	0	0	0	0	0	0	0	0	0	0	0	0	0	0	0	0	0
190.00000830855222	0	0	0	0	0	964236	0	823446	348088	359800	341532	1503133	42210	69058	89750	3723	2059	4730	7092	5520	6534	232	0	596	0	0	0	0	0	0	0	0	0	0	0	0	0	0	0	0	0	0	0	0	0	0	0	0	0	0	0	0	0	0	0	0	0	0
195.00000269264362	0	0	0	0	0	1127591	0	870948	366756	380856	360718	1622680	49938	84452	123496	5610	2900	8600	16548	9168	11022	4176	0	4321	1368	2057	0	0	0	0	0	0	0	0	0	0	0	0	0	0	0	0	0	0	0	0	0	0	0	0	0	0	0	0	0	0	0	0
200.0000007711253	0	0	0	0	0	1283882	0	918567	383604	398384	376194	1743663	57414	98212	168371	6987	3625	13932	29550	12528	14916	17632	0	12218	7296	7260	0	224	280	178	0	0	0	0	0	0	0	0	0	0	0	0	0	0	0	0	0	0	0	0	0	0	0	0	0	0	0	0
205.00000013396976	0	0	0	0	0	1465780	0	956124	397540	414512	390663	1873980	63798	111886	213246	8619	4524	18232	44719	16272	20460	31088	0	21307	15960	13673	0	2464	910	801	270	0	0	0	0	0	0	0	0	0	0	0	0	0	0	0	0	0	0	0	0	0	0	0	0	0	0	0
210.00000940652248	0	0	0	0	0	1657391	0	991809	411528	428512	404072	2019734	69888	124442	272122	10098	5249	23048	62252	20400	24684	51504	0	31588	25840	22748	0	7280	3500	3204	1485	0	0	0	0	0	0	0	0	0	0	0	0	0	0	0	0	0	0	0	0	0	0	0	0	0	0	0
215.00000178823132	0	0	0	0	0	1891386	0	1024101	423540	441952	417216	2153641	76860	135622	325254	11730	6177	28208	80770	24528	30492	72384	0	42316	38000	33517	0	14000	5810	7654	5130	0	118	102	0	0	0	0	0	0	0	0	0	0	0	0	0	0	0	0	0	0	0	0	0	0	0	0
220.00000501963842	0	0	0	0	0	2105955	0	1049958	435916	453600	428876	2264572	82194	146286	377309	13158	7279	32336	97909	29184	35244	94424	0	55279	49704	44770	0	23408	10990	13617	10935	0	1298	1224	350	530	0	111	0	0	0	0	0	0	0	0	0	0	0	0	0	0	0	0	0	0	0	0
225.0000048818167	0	0	0	0	0	2346131	0	1077687	446732	465360	440006	2349655	87696	158412	429005	14790	8033	36980	114654	32976	41646	112984	0	67199	61712	56023	2830	31472	15820	20203	19170	0	4130	2856	1750	1802	0	370	588	267	0	0	0	0	0	0	0	0	0	0	0	0	0	0	0	0	0	0
230.00000242285492	0	0	0	0	0	2565115	0	1101906	456196	474936	450235	2427917	91896	167872	478547	16065	8845	41194	132975	36432	46728	132472	0	78225	75848	67881	18678	42224	20790	26878	30240	0	8260	7038	4620	3816	0	1258	2184	1602	399	303	0	0	0	0	0	0	0	0	0	0	0	0	0	0	0	0
235.00000162855284	0	0	0	0	0	2819419	0	1125891	464048	484568	459351	2509051	96894	176472	526653	17799	9570	45494	150311	39312	51678	155672	0	90890	87856	77319	53204	52192	25900	34354	39690	0	14632	11730	8890	6837	1500	2553	5796	4717	3591	3131	780	0	0	0	0	0	0	0	0	0	0	0	0	0	0	0
240.00000620617658	0	0	0	0	0	3103745	0	1145664	472264	492632	468043	2585877	101220	184384	573682	19125	10353	49364	164889	42240	56628	180032	0	106684	101232	85910	87164	59360	30030	41385	50085	0	20768	17442	13020	10017	3900	3626	10332	8277	9310	6969	3250	0	0	0	0	0	0	0	0	0	0	0	0	0	0	0
245.00000904650636	0	0	0	0	0	3385422	0	1163097	479284	501312	475887	2646548	105546	192984	620711	20655	11049	52718	179270	44976	61776	203928	0	118753	117496	100188	131312	68880	34650	48772	63045	2112	28202	23766	17290	13303	11700	5254	14868	12371	15428	11817	8580	0	0	0	0	0	0	0	0	0	0	0	0	0	0	0
250.00000279299587	0	0	0	0	0	3673280	0	1179711	486200	508816	483095	2709014	110166	202186	653739	21930	11774	56588	193060	48720	66462	227824	0	131865	132392	112893	195270	76944	39550	56159	74520	10560	36816	32028	22680	17225	25500	6956	19656	16554	22078	16766	13130	0	0	0	0	0	0	0	0	0	0	0	0	0	0	0
255.0000006163473	0	0	0	0	0	3892264	0	1196559	492700	516432	490515	2766454	115836	210442	692152	23511	12325	60200	208032	51216	71148	251024	0	144977	146680	125477	251870	86800	44310	63101	83025	31680	46846	39678	28350	20723	41100	9324	25368	21716	28462	20806	18460	0	1842	0	0	0	0	0	0	0	0	0	0	0	0	0
260.00000319180543	0	0	0	0	0	4078577	0	1213407	498940	523432	496769	2817432	120498	218440	719795	24582	12934	63898	221822	53760	75768	271208	0	156599	160816	137819	301678	97440	49910	71467	93150	68992	54634	47022	33670	24062	54300	12025	30828	27056	36176	26664	26000	1611	8596	690	784	0	0	0	0	0	0	0	0	0	0	0
265.0000011479715	0	0	0	0	0	4243698	0	1226979	504192	528920	502228	2869487	124866	227212	753900	25857	13630	67768	233445	56304	79596	295800	0	169860	173280	148346	346958	107856	55580	79388	105435	118272	62540	54774	39060	27984	76500	14245	36624	32752	46151	33027	32630	5370	18727	5865	1764	0	138	0	0	0	0	0	0	0	0	0
270.00000301513796	0	0	0	0	0	4416766	0	1241136	510224	533848	507263	2913285	128814	233318	783697	27285	14181	71380	249205	59760	84018	321552	0	181929	186656	160204	400162	119280	61810	89623	120285	159808	70328	62016	43470	31853	102300	16280	43344	39694	55993	39895	40950	17184	32849	17595	3332	0	1104	0	0	0	0	0	0	0	0	0
275.00001371225943	0	0	0	0	0	4558929	0	1252836	515320	539056	511715	2952775	133014	240628	819956	28866	14877	74562	262404	61872	88308	340344	0	192508	199728	170731	449970	129920	68390	97544	135810	223872	80712	69462	48510	36093	125700	18574	50064	45657	64904	46864	50310	40812	45743	29325	4508	0	3036	1176	0	0	0	0	0	0	0	0
280.0000032235649	0	0	0	0	0	4690496	0	1262781	519480	543648	516432	2991547	136710	247508	848676	30090	15370	78088	272254	64224	91542	358440	0	201895	209760	179201	509400	142352	74270	105198	150255	282304	93456	77928	55580	40598	147300	21164	55776	52243	74081	54338	61490	67125	56488	44505	6076	0	5520	4312	0	0	0	0	0	0	0	0
285.00000378215873	0	0	0	0	0	4799988	0	1271322	524420	548296	520354	3019908	139986	253958	879191	31722	16182	81270	282301	66192	95238	375840	0	211133	222376	191180	569396	152208	78820	114098	160920	346368	104666	86496	62230	45103	172200	23791	62412	59185	85519	61105	71240	85383	73066	61755	7448	0	8418	8624	0	0	0	0	0	0	0	0
290.0000051775177	0	0	0	0	0	4882107	0	1280799	527696	552272	524488	3047192	143430	259634	906475	32640	16994	83850	291166	68112	99132	395328	0	219179	232560	199166	622034	162288	84490	121307	174150	405504	118944	96084	67900	49025	194700	26751	70560	66038	95627	68781	80470	112233	97012	84180	10192	0	13800	12936	0	0	0	0	0	0	0	0
295.0000063914249	0	0	0	0	0	4973939	0	1289808	531388	556416	528675	3078425	146916	263848	930887	33354	17632	86516	302986	69840	103422	409944	0	227374	241984	207152	670710	171360	90230	128160	186300	467456	128502	105978	71750	54166	221400	29674	78120	73959	105602	76255	89700	152508	124949	111435	12348	0	20010	18620	0	0	0	0	0	0	0	0
300.0000045662823	0	0	0	0	0	5074601	0	1297881	534560	559496	532067	3106068	149898	268406	958889	34374	18212	88580	310275	72000	106854	423400	0	235569	251560	215017	721084	180208	94850	134835	197640	536448	138060	114648	78750	58300	245700	32153	85680	82058	117572	83931	99190	188487	150123	141795	16464	794	26634	25676	0	0	0	0	0	0	0	0
305.0000050210402	0	0	0	0	0	5166433	0	1305720	537992	562856	535459	3130121	153006	274082	987250	35292	18937	90902	319337	74304	110946	442192	0	242572	260376	222519	774288	188048	99890	143023	207225	617408	147618	121890	84630	62911	273900	34928	92652	88555	128079	92415	110630	219096	173762	173535	21168	1588	32982	33320	0	0	0	0	89	0	0	0
310.0000016019085	0	0	0	0	0	5259148	0	1312155	540852	566328	539169	3145558	156240	278296	1010944	36567	19546	93568	329384	76464	114774	457040	0	249724	269496	230384	820700	195552	105000	149787	216810	703296	160008	130968	89950	66886	299100	37740	99960	95497	138054	99990	122850	255075	199243	201135	24892	3176	38364	43904	0	0	0	268	178	0	0	0
315.00000045965817	0	0	0	0	0	5340384	0	1319058	543556	569184	541872	3166380	159810	282854	1034997	37332	19923	96492	337658	78672	117810	470728	0	257770	278768	238007	866546	205072	109970	157174	228285	779328	169448	138210	95900	71391	321900	41181	105840	101994	148295	106959	133380	291591	229329	235290	27244	7940	45954	50764	3735	0	0	871	623	715	0	147
320.0000014229519	0	0	0	0	0	5404843	0	1324791	546156	572544	544734	3183253	162246	287154	1053665	38250	20358	98728	350069	80256	121638	483720	0	264326	288648	246477	912958	211792	114240	163760	239220	856768	177708	146064	100870	75366	342900	44141	114072	109025	159733	115645	143650	332940	258801	268065	30576	13498	52578	62916	17928	0	0	1943	2047	1287	0	245
325.0000002569664	0	0	0	0	0	5479898	0	1330992	548288	575400	547437	3198331	165186	291798	1073410	39576	21083	100878	360707	82032	125202	500424	0	272521	296248	254584	960502	219184	117950	168744	248805	920832	187620	152490	105350	79659	362700	46213	122052	115789	172235	123725	153790	379659	291036	300840	34692	21438	58926	71932	32868	0	0	3484	3026	2717	0	392
330.0000011804515	0	0	0	0	0	5555836	0	1338129	550888	577584	549610	3211614	167916	295410	1090642	40392	21634	102426	368981	83568	128172	514808	0	278481	306280	261239	1002386	226016	122430	174440	257040	998272	195998	160344	111020	83899	389700	48729	128604	121485	183274	131098	164580	429063	323271	331200	38808	28584	67620	81340	57519	0	553	4690	5696	5291	0	735
335.00000179472534	0	0	0	0	0	5617646	0	1345266	552968	579992	552207	3223820	170982	299882	1110387	41565	22098	104834	378634	85632	131604	527568	0	286825	313576	267410	1043704	234864	126210	179691	266490	1077120	206382	167688	114800	86973	416700	51023	134736	128160	192052	138269	173420	481152	346910	367770	43316	41288	75348	94864	92628	0	3318	6432	7654	8437	0	1176
340.00000419867064	0	0	0	0	0	5682105	0	1350063	555620	582736	554539	3232077	173376	304010	1123670	42738	22533	107070	385923	87264	135168	539400	0	293083	320112	273944	1090116	242704	130200	185654	277290	1150336	215822	175032	119280	91001	441900	53132	141204	134034	200431	145743	183300	521964	376075	401235	45864	50816	83904	106036	123255	0	12166	8107	10235	11583	586	1813
345.00000532920313	0	0	0	0	0	5736851	0	1354158	557700	585088	557189	3242488	176064	308482	1142697	43911	23113	109134	394000	88896	138666	548216	0	301874	328776	280962	1126340	250768	133560	190816	285390	1231296	225262	182886	124250	94446	462600	55278	148260	138573	211470	152005	191490	564387	408924	438495	51156	64314	93012	115836	168822	0	25438	10184	12371	15301	1172	2695
350.00000035826895	0	0	0	0	0	5781001	0	1359306	559780	587384	559044	3253976	178794	312610	1154544	44982	23896	111198	403850	90528	141372	560280	0	309473	338808	288101	1158036	256704	137340	195444	292815	1307328	233522	190230	128310	97944	488100	57498	153972	144091	219982	157964	198380	601440	439010	477135	56252	73048	101430	127008	203184	0	39263	12462	15397	19305	2930	4067
355.0000034093424	0	0	0	0	0	5826034	0	1363752	560924	589064	561217	3261874	181104	316480	1169263	45645	24389	113004	410745	92352	145398	576984	0	318711	347472	296208	1199920	265440	141470	200428	300105	1374912	241428	197472	131740	101707	511200	59459	159516	150677	228361	164630	206570	635271	467254	517500	59780	85752	109710	137984	243522	0	50876	15075	18245	25168	9962	5390
360.000001983892	0	0	0	0	0	5874599	0	1367730	562744	590240	562913	3274080	183624	319318	1182187	46665	24882	115326	417837	93648	148500	591136	0	324969	355984	301895	1235012	272272	145740	205056	309555	1452352	249452	203388	136570	104834	534000	61605	165060	156284	239001	171195	213980	676620	501945	560625	63896	99250	117714	151116	301041	5272	66360	18693	21805	30316	21682	6566
365.00000089777416	0	0	0	0	0	5904621	0	1372059	564200	592256	564715	3283055	186438	322758	1196188	47379	25520	116960	425520	95136	151668	605288	0	330482	365104	308429	1268972	280224	149940	212087	317790	1529088	258538	210222	140770	108491	557400	63492	171864	161357	248178	177154	222820	719580	530189	593055	67228	109572	127236	162288	345114	13180	80738	22244	26433	36322	33402	8036
370.00000082322674	0	0	0	0	0	5945239	0	1376037	565968	593824	566305	3292748	188664	326198	1207317	47991	26129	118766	431036	96720	154440	617120	0	336889	373464	315326	1304630	287392	154630	216804	325350	1594560	268096	216954	145880	112201	578100	65527	178248	165985	256291	182608	228800	758781	556591	624105	70560	124658	136068	173852	392175	34268	95669	26264	30438	43186	48052	9947
375.0000027563795	0	0	0	0	0	5979676	0	1380132	567372	595616	568372	3303877	191142	329380	1220241	48858	26651	120658	438916	98256	157674	626632	0	343147	382584	321376	1335760	294784	158270	221432	334935	1656512	276710	223686	150220	116335	598500	67932	184044	170257	264670	187759	236340	793149	582072	656190	73304	136568	144900	186004	446706	65900	119448	30954	34710	49907	59772	12103
380.0000029853784	0	0	0	0	0	6017645	0	1384110	568932	597520	569220	3315006	192990	332562	1230293	49572	27376	123066	444629	99504	161106	637072	0	349107	390032	328515	1371418	300608	162890	227395	342090	1727616	283790	231846	154700	119038	618300	69930	190512	175152	271852	193920	243360	830739	602641	691380	76244	153242	152628	197568	502731	89624	147098	34639	38537	55913	76766	13720
385.00000021480224	0	0	0	0	0	6045901	0	1387269	570232	599032	570439	3322545	195048	336432	1243576	50694	27956	125474	453100	100800	164538	650296	0	354769	396416	334444	1403680	307216	167230	232646	350325	1779008	292050	238272	158830	122642	636300	72261	197064	180136	281029	199071	251030	869940	629043	723120	81536	165946	161322	209916	555021	130482	170877	38659	41741	61776	97862	16268
390.0000111911306	0	0	0	0	0	6066210	0	1390779	572052	600208	571923	3330443	197274	338754	1255423	51408	28420	127280	461177	101712	167838	662592	0	361623	403408	340978	1428584	313264	170660	238698	357210	1836032	300664	244494	163520	126405	659100	74296	203448	186633	288477	204222	259090	905919	652682	759345	85260	181032	168222	222068	609552	184520	201845	42009	45657	69069	115442	18326
395.0000011870272	0	0	0	0	0	6094466	0	1393470	573248	601832	573142	3337623	199416	341678	1266552	52224	28855	129258	467087	103056	171072	671408	0	366391	411768	347633	1455752	319424	173600	243949	365580	1889536	308216	251838	167510	129479	678900	76664	209412	191973	297920	210787	266110	937602	680312	793155	89180	192942	174846	233240	672300	237240	233366	47235	49395	75075	140640	19992
400.00000102863316	0	0	0	0	0	6118307	0	1396278	574548	603512	574520	3344444	201600	344946	1276245	52938	29319	131150	473982	104352	173910	682312	0	370712	421648	353078	1485750	325360	177240	248844	372735	1946560	314706	257244	171990	133083	700800	79069	215208	196868	306299	216342	275210	974118	706407	825930	92904	200882	182574	242060	737289	304458	262675	50719	54201	81653	164080	21854
405.0000008037992	0	0	0	0	0	6143031	0	1398969	575224	604744	575739	3350188	203532	347010	1285220	53550	29812	132440	479695	105840	175890	692984	0	376374	427880	358644	1517446	331408	180740	253027	378135	2002880	321432	263670	177520	136475	723600	81400	221760	201585	313614	222402	283790	1014393	734344	863535	96432	208822	191268	253428	794061	362450	292537	54806	57850	88088	188692	24206
410.0000009862289	0	0	0	0	0	6157159	0	1401309	576472	606144	577223	3356291	205800	350020	1293118	54213	30160	134074	487969	107328	178926	703888	0	380397	436544	363726	1540652	337456	184240	257922	385830	2070464	328394	270810	182630	140185	747600	84249	228564	205857	323589	228866	290290	1064334	765658	899070	100744	218350	198720	265972	850086	419124	315210	58692	61588	93665	219750	26313
415.00000180616047	0	0	0	0	0	6173053	0	1403532	577772	607656	578283	3360599	207522	352858	1304965	54621	30653	135450	494667	108192	182028	711776	0	385314	443992	368082	1565556	342720	186480	263173	391635	2131712	335474	275502	186410	143259	776400	87061	235620	211642	331037	235936	298740	1095480	794516	933915	106036	225496	204240	279496	910593	491614	338989	62645	65771	99671	246120	29204
420.0000003467717	0	0	0	0	0	6182766	0	1406574	579020	608608	579714	3364189	209160	354836	1311786	55641	31146	136998	499198	109392	184734	721520	0	388443	452808	373285	1583102	350112	190400	267890	398115	2195776	343262	282642	191450	145485	795300	89466	241920	217160	340746	241087	304980	1135218	823067	968760	109760	236612	212106	290276	977076	562786	367192	66330	70755	106821	276006	30821
425.00000443367634	0	0	0	0	0	6204841	0	1408446	579644	610064	580668	3368856	211092	357588	1318607	56559	31465	137944	506487	110640	187176	730568	0	393807	457976	378004	1609138	354480	192710	271361	405405	2245056	349280	288354	194880	148135	814800	92315	247884	222945	348194	247652	312260	1167438	859600	1010850	115248	244552	220386	303016	1041318	657682	398713	71489	74315	112398	302962	33075
430.0000009941838	0	0	0	0	0	6221618	0	1410903	580632	611184	581940	3373164	212814	360082	1327582	57783	31958	138890	511215	111792	189882	739152	0	398575	465576	383328	1634042	360640	195790	275099	412425	2299968	356950	294576	199640	150944	836700	94794	254016	227840	357903	253712	320190	1208250	896133	1047765	117796	251698	228942	314776	1102572	769712	430234	75978	78053	120406	330504	35721
435.00000138695066	0	0	0	0	0	6233980	0	1413243	581256	612136	582894	3378190	214242	362404	1339429	58599	32306	140696	519883	113232	193578	751680	0	402747	471656	388168	1654984	366688	199640	279015	420930	2354880	364030	300696	203350	153700	855000	97014	260148	232290	364553	258863	328380	1242618	926833	1094685	122500	260432	237222	329476	1166814	854064	456778	80534	82770	126555	356874	38318
440.0000002352666	0	0	0	0	0	6254289	0	1415466	582400	613200	583954	3383575	215838	364812	1348045	58956	32712	142416	525596	114528	196020	762352	0	407366	479104	392403	1681586	372736	201880	283554	427005	2409088	370520	307122	207270	156668	874200	99382	266028	236473	372001	262802	335790	1268931	958454	1127805	126420	277106	243984	337512	1227321	930508	478345	85559	87754	133133	383830	40621
445.0000056556042	0	0	0	0	0	6271949	0	1417923	583648	614432	584961	3389319	217056	366876	1353789	60027	33176	143706	533476	115344	198462	771632	0	412432	487616	398332	1704792	378224	204750	286758	433215	2469632	377010	314058	210700	159053	892500	101454	271824	241190	379449	268256	344370	1304910	995908	1173000	130732	286634	251988	349272	1287081	1004316	502677	90852	91937	139997	408442	43071
450.0000154752251	0	0	0	0	0	6283428	0	1420380	584792	615384	585968	3393986	218442	368940	1365995	60741	33495	145254	539780	116496	201498	783232	0	416902	495976	404140	1730262	384272	208810	291475	439695	2516800	382438	320586	213570	161332	913500	103489	277536	245907	385035	273508	349830	1340889	1032134	1217160	134848	292192	259992	360640	1355058	1100530	536410	96346	96209	147862	433054	45129
455.00000177979257	0	0	0	0	0	6298439	0	1422954	585520	616000	586975	3399371	220080	371090	1373534	61251	34104	146802	546084	117984	203478	792280	0	421074	502816	407044	1752902	390544	213010	295747	446715	2565376	387748	325176	216860	163664	933600	105561	283584	249467	392616	278457	356070	1384386	1061606	1259940	138964	300926	270066	373184	1423035	1200698	562954	101840	101282	157872	452392	47138
460.00000183981956	0	0	0	0	0	6310801	0	1425879	586456	616952	587982	3405833	221676	373240	1383227	62118	34684	148866	550812	119136	206580	799008	0	425544	509200	411763	1774410	396816	215670	299396	453195	2609728	394592	330378	220640	166367	952500	107781	288624	253294	399133	283406	360750	1412847	1088622	1301340	143080	307278	276552	383376	1493253	1282414	591157	107602	106978	165737	481106	48951
465.000000494993	0	0	0	0	0	6331993	0	1427868	587548	617792	588724	3409064	223272	374702	1392202	62832	35148	151016	557313	120240	209814	807592	0	430312	515128	415635	1791390	402416	217840	303401	459000	2662528	399194	335682	224000	169653	966900	109705	292992	257744	406714	289870	365560	1436475	1123313	1344120	147588	315218	285798	394352	1560483	1378628	618807	112962	111339	173459	506304	51107
470.0000033496925	0	0	0	0	0	6349653	0	1429623	588744	618576	589413	3411218	224826	377024	1396869	63393	35612	152306	563814	121584	212718	815944	0	433888	521816	420596	1808936	408240	219940	307495	463860	2716032	405094	343026	228130	172462	985200	111222	298368	261749	413364	294011	371410	1474065	1158311	1390695	152292	327922	293526	404740	1643400	1470888	645351	119394	115255	180037	542636	54096
475.0000075525048	0	0	0	0	0	6366430	0	1431729	589420	619304	589890	3415526	226380	378572	1403690	63852	36105	153854	569921	122688	215754	826384	0	437762	528048	424226	1829312	410816	222950	310966	469530	2763904	411230	347412	231350	175006	1002000	113257	302820	265576	420014	298859	376220	1496619	1187783	1437960	156996	339832	301668	416892	1722582	1576328	675213	125022	121752	187759	584828	56840
480.0000001948954	0	0	0	0	0	6372611	0	1432899	590200	620480	590844	3419834	227976	380378	1408357	64311	36482	156262	574846	123456	218988	835432	0	441785	534736	427614	1845160	415408	225540	314348	475200	2816000	418782	352818	235620	177815	1024200	114996	309876	268602	425334	304212	381940	1532061	1218790	1486260	162092	347772	309534	427672	1807740	1683086	712817	130784	126914	195910	628192	59290
485.0000006317605	0	0	0	0	0	6389388	0	1434303	591344	621544	591851	3420911	229572	383044	1414819	65178	37062	157466	581741	124464	222156	847264	0	445361	540968	431123	1863838	421904	228340	318353	479115	2872320	423856	358224	239750	180783	1044900	117031	315252	272607	430521	308757	387010	1550856	1247341	1530420	165816	358888	317676	437472	1886922	1784572	744891	137417	131453	203775	658078	62083
490.00000645592587	0	0	0	0	0	6399984	0	1436292	592124	622552	592646	3424142	231126	384936	1421281	65943	37410	158756	588045	125760	225984	855848	0	449086	548568	433785	1889874	425600	231070	321913	483570	2925824	429166	363120	242970	183168	1066200	118881	319368	276879	436107	313100	393380	1576632	1278655	1564230	170716	369210	325818	447860	1959381	1882104	775306	143179	136793	210782	694410	65072
495.00000370218095	0	0	0	0	0	6409697	0	1438281	592956	623504	593335	3427014	232512	386742	1423794	66708	37874	159874	594546	127008	229020	864200	0	453705	557992	439230	1901760	429184	233310	325651	490185	2980736	434476	368934	246610	186136	1081800	120657	324156	279816	442358	316534	398710	1613685	1309969	1606665	174636	375562	332856	457072	2049768	1967774	809039	150147	141332	217789	727226	67130
500.00000995620564	0	0	0	0	0	6418527	0	1440036	593684	623952	594501	3430963	234276	389408	1431333	67422	38396	161336	598289	127776	231924	873016	0	457132	566352	444433	1925532	432768	235620	328410	495585	3039872	440140	374340	249130	188150	1103700	122803	329532	283554	449407	320069	404040	1632480	1342204	1646685	180320	382708	340308	467068	2136420	2078486	841666	156512	147028	227799	758870	69776
505.0000023842142	0	0	0	0	0	6436187	0	1442142	594568	625072	595349	3432758	236124	391472	1438872	67932	38802	162454	604396	128928	235158	882760	0	461006	572280	449273	1945908	437360	238280	332326	501255	3094784	444860	379338	251720	190641	1121700	124542	334992	286669	454727	325321	409890	1654497	1373211	1691880	184436	396206	347898	477260	2219337	2182608	869316	163011	151211	235807	791686	72373
510.0000017638376	0	0	0	0	0	6445900	0	1443546	595244	625744	595985	3436348	238266	392590	1445693	68442	39208	163916	610700	129744	238260	893664	0	464731	579120	454597	1961756	441728	241150	336331	506790	3139840	450052	384744	254730	192867	1139400	126133	339024	290229	460047	329462	414960	1679199	1405446	1738800	190708	406528	355350	488040	2294037	2297274	914109	169845	156729	241956	828018	75019
515.0000021616022	0	0	0	0	0	6458262	0	1444716	595972	626528	596833	3441015	239442	394654	1451078	68850	39556	165292	616807	130704	240834	903408	0	469052	587328	458832	1986094	448784	243670	339179	513000	3189824	455598	388620	258440	195305	1153800	128427	343560	292721	465101	334108	420810	1700142	1434611	1781580	197960	417644	363078	497252	2373219	2411940	946183	175942	161446	251251	854388	76979
520.0000010421785	0	0	0	0	0	6467975	0	1445769	596596	627144	597734	3444605	240618	396460	1460053	69207	40078	167184	623899	131808	244002	912688	0	471287	593104	463672	2001376	453040	246540	342739	517725	3242624	460082	393516	261870	197531	1170600	130092	347340	295569	469357	337643	425490	1735047	1464390	1825395	202860	426378	369978	510972	2441196	2533196	973280	183178	166697	260689	893064	80262
525.0000041092902	0	0	0	0	0	6475039	0	1446471	597012	627536	598317	3447477	241710	398782	1466156	69972	40397	168388	629021	132672	246906	920576	0	476204	599640	467181	2025148	458528	248500	346566	522585	3291904	465628	398922	265930	199227	1189500	132053	352212	298862	473081	341481	430690	1757064	1499081	1864380	207368	435906	379776	517832	2524860	2633364	1007013	190079	171770	271271	926466	83545
530.000015306862	0	0	0	0	0	6483869	0	1448460	597792	627928	598741	3449272	243306	400588	1475131	70737	40948	169850	634537	133632	250074	925912	0	480823	609520	471416	2046090	461216	251370	350393	527040	3354560	470584	404124	269570	201506	1202100	134125	356748	301354	477071	345016	434330	1776933	1536535	1914750	212072	445434	387918	529592	2605536	2753302	1041852	197516	176220	279136	962798	86779
535.0000091723173	0	0	0	0	0	6494465	0	1450215	598260	628768	599377	3452862	244818	401534	1480875	71247	41528	171312	639068	134544	252978	932176	0	483803	616056	474925	2065900	465808	253820	353864	531900	3399616	476130	408714	272650	204209	1222500	135679	360780	304202	481992	348450	439140	1804320	1569077	1962015	216776	454168	398406	538804	2695176	2869286	1082221	204953	180937	286858	996200	89033
540.000000897074	0	0	0	0	0	6508593	0	1451736	598832	629216	600066	3455375	245910	402824	1488773	71808	42195	172688	644387	135600	255024	940064	0	487975	621224	479765	2083446	471296	256200	357691	537300	3448192	481204	412284	276080	206594	1238700	137529	365484	308474	488110	351985	445120	1835466	1601312	2019630	221676	464490	405720	549192	2777346	2994496	1119825	211988	187078	295295	1032532	91924
545.0000020903676	0	0	0	0	0	6520072	0	1452906	599716	629888	600914	3459324	247674	404544	1493799	72471	42630	173806	649312	136608	258852	948416	0	489763	627608	483153	2098162	475664	258930	360628	541485	3489024	486160	416772	278740	208343	1255800	139416	369600	311144	493829	355621	449410	1856946	1626486	2066205	227360	470842	413862	558796	2856528	3106526	1149134	217750	191617	302731	1071208	94815
550.0000048844261	0	0	0	0	0	6528902	0	1454661	600236	630728	601391	3460760	248808	406178	1500979	73134	43007	175526	654828	137376	261756	955144	0	494680	633992	486783	2119670	478912	261030	364722	547830	3546752	491824	421464	281750	210675	1278900	141192	373464	314437	499415	359560	453830	1876278	1656265	2114160	230692	481164	421590	568596	2944674	3235690	1181208	224852	195889	312741	1103438	97461
555.000004364747	0	0	0	0	0	6537732	0	1455597	600808	631288	601868	3462914	250362	407726	1507441	73695	43384	176816	660935	138624	264792	964888	0	497213	643720	490776	2137216	483168	263130	367570	552960	3588992	497370	426054	284900	212901	1294200	142931	377664	317908	504868	362893	458510	1896147	1691263	2153145	235788	486722	428766	580944	3028338	3367490	1220471	232691	199894	321607	1133324	100450
560.0000008977806	0	0	0	0	0	6552743	0	1456884	601328	631960	602504	3465427	251748	408672	1513185	74154	43964	178708	666451	139680	267036	972776	0	500789	651472	495253	2150800	487872	265090	369973	558090	3638976	503742	430644	288190	215074	1312500	144522	381780	321379	509922	367135	462150	1913331	1731787	2199720	242256	497044	436080	590744	3128436	3486110	1253651	239123	205590	328900	1164382	103439
565.0000017214483	0	0	0	0	0	6563339	0	1458054	601744	632352	602981	3466145	253008	410306	1518929	74613	44254	179396	671376	140448	270468	979968	0	504067	657248	499004	2166082	492352	266980	373088	564030	3683328	509524	435438	291620	217883	1329000	146409	385476	325028	513912	371579	465920	1933200	1763101	2244225	246372	504984	443118	602504	3205377	3631090	1285725	247029	208972	336193	1201886	106134
570.0000010251986	0	0	0	0	0	6573935	0	1459341	602056	632912	603935	3467940	254394	411510	1525391	75072	44602	180170	677089	141456	273306	988552	0	506451	665760	502634	2183628	497616	269010	376025	568485	3734016	515896	439824	294770	220268	1349700	148148	390264	329300	519232	375619	470730	1949310	1794415	2289420	250292	510542	449052	614460	3298752	3769480	1313928	255002	213867	342342	1242320	109368
575.0000030778187	0	0	0	0	0	6587180	0	1461213	602576	633640	604518	3469376	255696	413918	1531494	75735	45008	182062	682014	142224	277134	995512	0	510176	673816	504570	2200042	501200	271460	379407	575100	3774848	520616	444108	297850	222812	1368000	150220	394884	333216	524552	378952	476320	1968642	1829413	2324610	256956	517688	457746	624652	3387645	3897326	1346555	262707	217605	349349	1284512	111622
580.0000017699689	0	0	0	0	0	6593361	0	1462266	603044	634256	604942	3472966	257418	415810	1538315	76245	45269	183352	688318	142800	280236	1002936	0	513603	679136	507474	2216456	505344	273770	381632	579420	3828352	524628	448290	300510	225462	1386900	151663	399840	337399	530271	382487	482040	1994955	1862569	2371875	262444	529598	463680	635824	3472803	4039670	1373652	270479	221610	356213	1320258	114023
585.000003849223	0	0	0	0	0	6604840	0	1463670	603460	634816	605260	3476197	258594	417186	1544059	76806	45675	185072	694031	144192	283602	1012216	0	516732	688104	510620	2234568	509152	276220	384658	584685	3867072	529348	452880	302890	227052	1400700	153883	404208	340870	534793	385618	485940	2016435	1897874	2416035	268128	543096	472098	644448	3576636	4166198	1404067	278653	225526	364507	1357762	116718
590.0000011441135	0	0	0	0	0	6615436	0	1464723	603772	635320	605790	3479787	259644	418562	1550162	77469	45965	186448	699350	144912	285978	1017088	0	518967	695096	512798	2251548	512176	278180	387061	589815	3920576	533596	458592	306250	229755	1417800	155215	408156	344074	539714	388446	489710	2036841	1930109	2457435	272832	557388	479136	655228	3675987	4278228	1433929	287028	231044	371800	1390578	119070
595.0000008565592	0	0	0	0	0	6627798	0	1465776	604032	635712	606267	3481941	261030	419766	1556265	78030	46429	187824	703881	145536	289542	1024512	0	521649	703760	516549	2270226	516320	280140	390532	594945	3978304	539496	462366	309820	232193	1432800	156473	412524	347367	543970	392183	494520	2058858	1961423	2504700	277340	564534	483966	664636	3767868	4396848	1464897	295068	235672	379379	1419878	121079
600.0000007844328	0	0	0	0	0	6637511	0	1466829	604344	636104	606797	3485531	262416	420884	1562727	78438	46864	189372	710185	146256	292710	1032168	0	525523	712120	519574	2290036	520464	282450	392846	598860	4036032	543862	466446	312340	234896	1448100	158027	416052	350126	549290	396122	499070	2077653	1993351	2553690	282436	576444	491970	674632	3853773	4524694	1493653	303309	241101	385671	1448006	123186
