>time	Ribosome	coli Pol	coli Pol-P	coli Pol-2.0	coli Pol-P-2.0	gp1	gp1-3.5	gp0.3	gp0.4	gp0.5	gp0.6A	gp0.7	gp1.1	gp1.2	gp1.3	gp1.4	gp1.5	gp1.6	gp1.7	gp1.8	gp2.0	gp2.5	gp2.8	gp3.0	gp3.5	gp3.8	gp4A	gp4.2	gp4.3	gp4.5	gp4.7	gp5.0	gp5.3	gp5.5	gp5.7	gp5.9	gp6.0	gp6.3	gp6.5	gp6.7	gp7	gp7.3	gp7.7	gp8	gp9	gp10A	gp11	gp12	gp13	gp14	gp15	gp16	gp17	gp17.5	gp18	gp18.5	gp19	gp19.5	RNA: gp0.3	RNA: gp0.4	RNA: gp0.5	RNA: gp0.6A	RNA: gp0.7	RNA: gp1	RNA: gp1.1	RNA: gp1.2	RNA: gp1.3	RNA: gp1.4	RNA: gp1.5	RNA: gp1.6	RNA: gp1.7	RNA: gp1.8	RNA: gp2.0	RNA: gp2.5	RNA: gp3.0	RNA: gp3.5	RNA: gp3.8	RNA: gp4A	RNA: gp4.2	RNA: gp4.3	RNA: gp4.5	RNA: gp4.7	RNA: gp5.0	RNA: gp5.3	RNA: gp5.5	RNA: gp5.7	RNA: gp5.9	RNA: gp6.0	RNA: gp6.3	RNA: gp6.5	RNA: gp6.7	RNA: gp7	RNA: gp7.3	RNA: gp7.7	RNA: gp8	RNA: gp9	RNA: gp10A	RNA: gp11	RNA: gp12	RNA: gp13	RNA: gp14	RNA: gp15	RNA: gp16	RNA: gp17	RNA: gp17.5	RNA: gp18	RNA: gp18.5	RNA: gp19	RNA: gp19.5	NumColiPoly:	4	NumT7Poly	2	NumOfTimePoints:	121	NumOfProteins:	58	NumOfCoding	51
0.01666403772813759	10000	1800	0	0	0	0	0	0	0	0	0	0	0	0	0	0	0	0	0	0	0	0	0	0	0	0	0	0	0	0	0	0	0	0	0	0	0	0	0	0	0	0	0	0	0	0	0	0	0	0	0	0	0	0	0	0	0	0	0	0	0	0	0	0	0	0	0	0	0	0	0	0	0	0	0	0	0	0	0	0	0	0	0	0	0	0	0	0	0	0	0	0	0	0	0	0	0	0	0	0	0	0	0	0	0	0	0	0	0
5.011277852679973	10000	1800	0	0	0	0	0	0	0	0	0	0	0	0	0	0	0	0	0	0	0	0	0	0	0	0	0	0	0	0	0	0	0	0	0	0	0	0	0	0	0	0	0	0	0	0	0	0	0	0	0	0	0	0	0	0	0	0	0	0	0	0	0	0	0	0	0	0	0	0	0	0	0	0	0	0	0	0	0	0	0	0	0	0	0	0	0	0	0	0	0	0	0	0	0	0	0	0	0	0	0	0	0	0	0	0	0	0	0
10.014330096564882	10000	1795	0	0	0	0	0	0	0	0	0	0	0	0	0	0	0	0	0	0	0	0	0	0	0	0	0	0	0	0	0	0	0	0	0	0	0	0	0	0	0	0	0	0	0	0	0	0	0	0	0	0	0	0	0	0	0	0	0	0	0	0	0	0	0	0	0	0	0	0	0	0	0	0	0	0	0	0	0	0	0	0	0	0	0	0	0	0	0	0	0	0	0	0	0	0	0	0	0	0	0	0	0	0	0	0	0	0	0
15.001011280355362	9999	1777	0	0	0	0	0	0	0	0	0	0	0	0	0	0	0	0	0	0	0	0	0	0	0	0	0	0	0	0	0	0	0	0	0	0	0	0	0	0	0	0	0	0	0	0	0	0	0	0	0	0	0	0	0	0	0	0	0	0	0	0	0	0	0	0	0	0	0	0	0	0	0	0	0	0	0	0	0	0	0	0	0	0	0	0	0	0	0	0	0	0	0	0	0	0	0	0	0	0	0	0	0	0	0	0	0	0	0
20.000679253903986	9988	1768	0	0	0	0	0	0	0	0	0	0	0	0	0	0	0	0	0	0	0	0	0	0	0	0	0	0	0	0	0	0	0	0	0	0	0	0	0	0	0	0	0	0	0	0	0	0	0	0	0	0	0	0	0	0	0	0	0	0	0	0	0	0	0	0	0	0	0	0	0	0	0	0	0	0	0	0	0	0	0	0	0	0	0	0	0	0	0	0	0	0	0	0	0	0	0	0	0	0	0	0	0	0	0	0	0	0	0
25.000819350507122	9959	1760	0	0	0	0	0	1	0	0	0	0	0	0	0	0	0	0	0	0	0	0	0	0	0	0	0	0	0	0	0	0	0	0	0	0	0	0	0	0	0	0	0	0	0	0	0	0	0	0	0	0	0	0	0	0	0	0	6	0	0	0	0	0	0	0	0	0	0	0	0	0	0	0	0	0	0	0	0	0	0	0	0	0	0	0	0	0	0	0	0	0	0	0	0	0	0	0	0	0	0	0	0	0	0	0	0	0	0
30.000379805457687	9906	1740	0	0	0	0	0	12	4	0	0	0	0	0	0	0	0	0	0	0	0	0	0	0	0	0	0	0	0	0	0	0	0	0	0	0	0	0	0	0	0	0	0	0	0	0	0	0	0	0	0	0	0	0	0	0	0	0	21	6	0	0	0	0	0	0	0	0	0	0	0	0	0	0	0	0	0	0	0	0	0	0	0	0	0	0	0	0	0	0	0	0	0	0	0	0	0	0	0	0	0	0	0	0	0	0	0	0	0
35.00064437983086	9846	1728	0	0	0	0	0	31	25	2	1	0	0	0	0	0	0	0	0	0	0	0	0	0	0	0	0	0	0	0	0	0	0	0	0	0	0	0	0	0	0	0	0	0	0	0	0	0	0	0	0	0	0	0	0	0	0	0	33	16	5	1	0	0	0	0	0	0	0	0	0	0	0	0	0	0	0	0	0	0	0	0	0	0	0	0	0	0	0	0	0	0	0	0	0	0	0	0	0	0	0	0	0	0	0	0	0	0	0
40.00016896999504	9747	1712	0	0	0	0	0	66	45	18	8	0	0	0	0	0	0	0	0	0	0	0	0	0	0	0	0	0	0	0	0	0	0	0	0	0	0	0	0	0	0	0	0	0	0	0	0	0	0	0	0	0	0	0	0	0	0	0	49	30	14	8	0	0	0	0	0	0	0	0	0	0	0	0	0	0	0	0	0	0	0	0	0	0	0	0	0	0	0	0	0	0	0	0	0	0	0	0	0	0	0	0	0	0	0	0	0	0	0
45.000231098583136	9623	1701	0	0	0	0	0	112	91	48	26	0	0	0	0	0	0	0	0	0	0	0	0	0	0	0	0	0	0	0	0	0	0	0	0	0	0	0	0	0	0	0	0	0	0	0	0	0	0	0	0	0	0	0	0	0	0	0	61	39	31	17	0	0	0	0	0	0	0	0	0	0	0	0	0	0	0	0	0	0	0	0	0	0	0	0	0	0	0	0	0	0	0	0	0	0	0	0	0	0	0	0	0	0	0	0	0	0	0
50.00006688406787	9523	1691	0	0	0	0	0	188	157	95	55	0	0	0	0	0	0	0	0	0	0	0	0	0	0	0	0	0	0	0	0	0	0	0	0	0	0	0	0	0	0	0	0	0	0	0	0	0	0	0	0	0	0	0	0	0	0	0	73	52	43	27	0	0	0	0	0	0	0	0	0	0	0	0	0	0	0	0	0	0	0	0	0	0	0	0	0	0	0	0	0	0	0	0	0	0	0	0	0	0	0	0	0	0	0	0	0	0	0
55.00004043480431	9387	1678	0	0	0	0	0	268	228	154	100	0	0	0	0	0	0	0	0	0	0	0	0	0	0	0	0	0	0	0	0	0	0	0	0	0	0	0	0	0	0	0	0	0	0	0	0	0	0	0	0	0	0	0	0	0	0	0	83	67	57	45	0	0	0	0	0	0	0	0	0	0	0	0	0	0	0	0	0	0	0	0	0	0	0	0	0	0	0	0	0	0	0	0	0	0	0	0	0	0	0	0	0	0	0	0	0	0	0
60.000038981505305	9256	1666	0	0	0	0	0	363	312	227	159	0	0	0	0	0	0	0	0	0	0	0	0	0	0	0	0	0	0	0	0	0	0	0	0	0	0	0	0	0	0	0	0	0	0	0	0	0	0	0	0	0	0	0	0	0	0	0	95	78	68	62	0	0	0	0	0	0	0	0	0	0	0	0	0	0	0	0	0	0	0	0	0	0	0	0	0	0	0	0	0	0	0	0	0	0	0	0	0	0	0	0	0	0	0	0	0	0	0
65.00018346975556	9120	1654	0	0	0	0	0	455	400	318	246	0	0	0	0	0	0	0	0	0	0	0	0	0	0	0	0	0	0	0	0	0	0	0	0	0	0	0	0	0	0	0	0	0	0	0	0	0	0	0	0	0	0	0	0	0	0	0	107	86	78	72	4	0	0	0	0	0	0	0	0	0	0	0	0	0	0	0	0	0	0	0	0	0	0	0	0	0	0	0	0	0	0	0	0	0	0	0	0	0	0	0	0	0	0	0	0	0	0
70.00008766067374	8958	1639	7	0	0	0	0	572	498	417	341	0	0	0	0	0	0	0	0	0	0	0	0	0	0	0	0	0	0	0	0	0	0	0	0	0	0	0	0	0	0	0	0	0	0	0	0	0	0	0	0	0	0	0	0	0	0	0	116	97	92	80	46	0	0	0	0	0	0	0	0	0	0	0	0	0	0	0	0	0	0	0	0	0	0	0	0	0	0	0	0	0	0	0	0	0	0	0	0	0	0	0	0	0	0	0	0	0	0
75.00018983539614	8785	1600	27	0	0	0	0	697	622	537	458	0	0	0	0	0	0	0	0	0	0	0	0	0	0	0	0	0	0	0	0	0	0	0	0	0	0	0	0	0	0	0	0	0	0	0	0	0	0	0	0	0	0	0	0	0	0	0	126	106	104	97	74	0	0	0	0	0	0	0	0	0	0	0	0	0	0	0	0	0	0	0	0	0	0	0	0	0	0	0	0	0	0	0	0	0	0	0	0	0	0	0	0	0	0	0	0	0	0
80.00006159942924	8569	1561	55	0	0	0	0	821	744	665	598	0	0	0	0	0	0	0	0	0	0	0	0	0	0	0	0	0	0	0	0	0	0	0	0	0	0	0	0	0	0	0	0	0	0	0	0	0	0	0	0	0	0	0	0	0	0	0	140	124	115	106	87	0	0	0	0	0	0	0	0	0	0	0	0	0	0	0	0	0	0	0	0	0	0	0	0	0	0	0	0	0	0	0	0	0	0	0	0	0	0	0	0	0	0	0	0	0	0
85.00000250781284	8346	1504	97	0	0	0	0	979	891	794	770	0	0	0	0	0	0	0	0	0	0	0	0	0	0	0	0	0	0	0	0	0	0	0	0	0	0	0	0	0	0	0	0	0	0	0	0	0	0	0	0	0	0	0	0	0	0	0	158	134	127	120	97	0	0	0	0	0	0	0	0	0	0	0	0	0	0	0	0	0	0	0	0	0	0	0	0	0	0	0	0	0	0	0	0	0	0	0	0	0	0	0	0	0	0	0	0	0	0
90.00004784699065	8107	1428	157	0	0	0	0	1153	1063	948	973	0	0	0	0	0	0	0	0	0	0	0	0	0	0	0	0	0	0	0	0	0	0	0	0	0	0	0	0	0	0	0	0	0	0	0	0	0	0	0	0	0	0	0	0	0	0	0	169	144	134	130	112	0	0	0	0	0	0	0	0	0	0	0	0	0	0	0	0	0	0	0	0	0	0	0	0	0	0	0	0	0	0	0	0	0	0	0	0	0	0	0	0	0	0	0	0	0	0
95.0002332632991	7834	1352	228	0	0	0	0	1339	1245	1112	1207	0	0	0	0	0	0	0	0	0	0	0	0	0	0	0	0	0	0	0	0	0	0	0	0	0	0	0	0	0	0	0	0	0	0	0	0	0	0	0	0	0	0	0	0	0	0	0	177	162	148	143	125	0	0	0	0	0	0	0	0	0	0	0	0	0	0	0	0	0	0	0	0	0	0	0	0	0	0	0	0	0	0	0	0	0	0	0	0	0	0	0	0	0	0	0	0	0	0
100.0004376523194	7595	1248	316	0	0	0	0	1545	1436	1295	1467	0	0	0	0	0	0	0	0	0	0	0	0	0	0	0	0	0	0	0	0	0	0	0	0	0	0	0	0	0	0	0	0	0	0	0	0	0	0	0	0	0	0	0	0	0	0	0	183	172	162	163	137	0	0	0	0	0	0	0	0	0	0	0	0	0	0	0	0	0	0	0	0	0	0	0	0	0	0	0	0	0	0	0	0	0	0	0	0	0	0	0	0	0	0	0	0	0	0
105.00003700158916	7315	1132	415	0	0	0	0	1757	1622	1464	1769	0	0	0	0	0	0	0	0	0	0	0	0	0	0	0	0	0	0	0	0	0	0	0	0	0	0	0	0	0	0	0	0	0	0	0	0	0	0	0	0	0	0	0	0	0	0	0	201	179	170	172	150	0	0	0	0	0	0	0	0	0	0	0	0	0	0	0	0	0	0	0	0	0	0	0	0	0	0	0	0	0	0	0	0	0	0	0	0	0	0	0	0	0	0	0	0	0	0
110.00004128105684	6985	1015	521	0	0	0	0	1981	1843	1665	2066	0	0	0	0	0	0	0	0	0	0	0	0	0	0	0	0	0	0	0	0	0	0	0	0	0	0	0	0	0	0	0	0	0	0	0	0	0	0	0	0	0	0	0	0	0	0	0	220	192	176	180	158	0	0	0	0	0	0	0	0	0	0	0	0	0	0	0	0	0	0	0	0	0	0	0	0	0	0	0	0	0	0	0	0	0	0	0	0	0	0	0	0	0	0	0	0	0	0
115.00000947714314	6728	872	660	0	0	0	0	2227	2094	1897	2415	1	0	0	0	0	0	0	0	0	0	0	0	0	0	0	0	0	0	0	0	0	0	0	0	0	0	0	0	0	0	0	0	0	0	0	0	0	0	0	0	0	0	0	0	0	0	0	228	210	193	186	173	0	0	0	0	0	0	0	0	0	0	0	0	0	0	0	0	0	0	0	0	0	0	0	0	0	0	0	0	0	0	0	0	0	0	0	0	0	0	0	0	0	0	0	0	0	0
120.00010285055733	6367	706	812	0	0	0	0	2475	2343	2114	2783	3	0	0	0	0	0	0	0	0	0	0	0	0	0	0	0	0	0	0	0	0	0	0	0	0	0	0	0	0	0	0	0	0	0	0	0	0	0	0	0	0	0	0	0	0	0	0	233	220	212	204	181	0	0	0	0	0	0	0	0	0	0	0	0	0	0	0	0	0	0	0	0	0	0	0	0	0	0	0	0	0	0	0	0	0	0	0	0	0	0	0	0	0	0	0	0	0	0
125.00007171713754	6024	532	973	0	0	0	0	2741	2619	2389	3197	0	0	0	0	0	0	0	0	0	0	0	0	0	0	0	0	0	0	0	0	0	0	0	0	0	0	0	0	0	0	0	0	0	0	0	0	0	0	0	0	0	0	0	0	0	0	0	237	231	224	225	196	13	0	0	0	0	0	0	0	0	0	0	0	0	0	0	0	0	0	0	0	0	0	0	0	0	0	0	0	0	0	0	0	0	0	0	0	0	0	0	0	0	0	0	0	0	0
130.00001101087403	5722	358	1136	0	0	3	0	3019	2880	2643	3638	2	0	0	0	0	0	0	0	0	0	0	0	0	0	0	0	0	0	0	0	0	0	0	0	0	0	0	0	0	0	0	0	0	0	0	0	0	0	0	0	0	0	0	0	0	0	0	244	233	231	233	216	121	0	0	0	0	0	0	0	0	0	0	0	0	0	0	0	0	0	0	0	0	0	0	0	0	0	0	0	0	0	0	0	0	0	0	0	0	0	0	0	0	0	0	0	0	0
135.0000151081393	5336	164	1324	0	0	6	0	3291	3144	2886	4094	3	7	0	0	0	0	0	0	0	0	0	0	0	0	0	0	0	0	0	0	0	0	0	0	0	0	0	0	0	0	0	0	0	0	0	0	0	0	0	0	0	0	0	0	0	0	0	255	241	236	242	228	158	10	0	0	0	0	0	0	0	0	0	0	0	0	0	0	0	0	0	0	0	0	0	0	0	0	0	0	0	0	0	0	0	0	0	0	0	0	0	0	0	0	0	0	0	0
140.00000731487273	5027	1	1480	0	0	20	0	3604	3417	3147	4543	53	31	2	0	0	0	0	0	0	0	0	0	0	0	0	0	0	0	0	0	0	0	0	0	0	0	0	0	0	0	0	0	0	0	0	0	0	0	0	0	0	0	0	0	0	0	0	262	252	236	246	236	179	17	12	0	0	0	0	0	0	0	0	0	0	0	0	0	0	0	0	0	0	0	0	0	0	0	0	0	0	0	0	0	0	0	0	0	0	0	0	0	0	0	0	0	0	0
145.00000221317507	4572	0	1468	0	0	58	0	3885	3715	3444	4832	269	64	24	0	0	0	0	0	0	0	0	0	0	0	0	0	0	0	0	0	0	0	0	0	0	0	0	0	0	0	0	0	0	0	0	0	0	0	0	0	0	0	0	0	0	0	0	268	260	249	254	244	188	33	24	0	0	0	0	0	0	0	0	0	0	0	0	0	0	0	0	0	0	0	0	0	0	0	0	0	0	0	0	0	0	0	0	0	0	0	0	0	0	0	0	0	0	0
150.00000569205665	4126	0	1457	0	0	94	0	4182	4009	3731	5127	527	115	57	0	0	0	0	0	0	0	0	0	0	0	0	0	0	0	0	0	0	0	0	0	0	0	0	0	0	0	0	0	0	0	0	0	0	0	0	0	0	0	0	0	0	0	0	286	267	262	267	249	198	51	39	0	0	0	0	0	0	0	0	0	0	0	0	0	0	0	0	0	0	0	0	0	0	0	0	0	0	0	0	0	0	0	0	0	0	0	0	0	0	0	0	0	0	0
155.0000199024302	3773	0	1451	0	0	161	0	4509	4342	4051	5427	776	183	115	0	0	0	0	0	0	0	0	0	0	0	0	0	0	0	0	0	0	0	0	0	0	0	0	0	0	0	0	0	0	0	0	0	0	0	0	0	0	0	0	0	0	0	0	304	279	268	275	258	216	64	56	0	0	0	0	0	0	0	0	0	0	0	0	0	0	0	0	0	0	0	0	0	0	0	0	0	0	0	0	0	0	0	0	0	0	0	0	0	0	0	0	0	0	0
160.00002039562145	3224	0	1444	0	0	230	0	4847	4664	4348	5740	1036	266	183	0	0	0	0	0	0	0	0	0	0	0	0	0	0	0	0	0	0	0	0	0	0	0	0	0	0	0	0	0	0	0	0	0	0	0	0	0	0	0	0	0	0	0	0	323	298	282	283	271	224	80	70	0	0	0	0	0	0	0	0	0	0	0	0	0	0	0	0	0	0	0	0	0	0	0	0	0	0	0	0	0	0	0	0	0	0	0	0	0	0	0	0	0	0	0
165.00000575562012	2747	0	1442	0	0	328	0	5202	5015	4642	6097	1312	365	276	1	0	0	0	0	0	0	0	0	0	0	0	0	0	0	0	0	0	0	0	0	0	0	0	0	0	0	0	0	0	0	0	0	0	0	0	0	0	0	0	0	0	0	0	336	324	300	302	279	238	89	84	17	0	0	0	0	0	0	0	0	0	0	0	0	0	0	0	0	0	0	0	0	0	0	0	0	0	0	0	0	0	0	0	0	0	0	0	0	0	0	0	0	0	0
170.00000961392576	2147	0	1447	0	0	400	0	5532	5391	5010	6441	1593	491	381	14	1	2	0	0	0	0	0	0	0	0	0	0	0	0	0	0	0	0	0	0	0	0	0	0	0	0	0	0	0	0	0	0	0	0	0	0	0	0	0	0	0	0	0	349	331	321	318	283	248	117	98	84	6	3	1	0	0	0	0	0	0	0	0	0	0	0	0	0	0	0	0	0	0	0	0	0	0	0	0	0	0	0	0	0	0	0	0	0	0	0	0	0	0	0
175.00000377027283	1585	0	1449	0	0	522	0	5922	5789	5365	6836	1885	634	504	47	16	13	1	0	4	0	0	0	0	0	0	0	0	0	0	0	0	0	0	0	0	0	0	0	0	0	0	0	0	0	0	0	0	0	0	0	0	0	0	0	0	0	0	355	343	330	334	298	259	136	125	107	15	10	12	11	8	4	1	0	0	0	0	0	0	0	0	0	0	0	0	0	0	0	0	0	0	0	0	0	0	0	0	0	0	0	0	0	0	0	0	0	0	0
180.00001311852475	900	0	1448	0	8	643	0	6308	6174	5759	7209	2178	787	660	105	36	42	20	0	22	1	0	0	0	0	0	0	0	0	0	0	0	0	0	0	0	0	0	0	0	0	0	0	0	0	0	0	0	0	0	0	0	0	0	0	0	0	0	357	352	346	344	323	265	152	143	126	23	19	25	31	24	14	13	1	0	0	0	0	0	0	0	0	0	0	0	0	0	0	0	0	0	0	0	0	0	0	0	0	0	0	0	0	0	0	0	0	0	0
185.0000053831063	229	0	1425	0	40	759	0	6725	6542	6155	7588	2482	978	824	186	71	65	52	9	59	0	0	0	0	0	0	0	0	0	0	0	0	0	0	0	0	0	0	0	0	0	0	0	0	0	0	0	0	0	0	0	0	0	0	0	0	0	0	359	356	351	352	341	275	171	158	153	29	24	36	47	41	37	27	12	12	10	0	0	0	0	0	0	0	0	0	0	0	0	0	0	0	0	0	0	0	0	0	0	0	0	0	0	0	0	0	0	0	0
190.0000129066393	39	0	1381	0	88	896	2	7109	6942	6562	7985	2790	1183	1010	291	110	102	103	47	122	1	7	0	5	0	4	0	0	0	0	0	0	0	0	0	0	0	0	0	0	0	0	0	0	0	0	0	0	0	0	0	0	0	0	0	0	0	0	364	360	356	363	342	281	185	171	173	41	35	58	72	69	58	56	30	24	30	2	1	0	0	0	0	0	0	0	0	0	0	0	0	0	0	0	0	0	0	0	0	0	0	0	0	0	0	0	0	0	0
195.00000984527665	15	0	1313	0	158	1006	16	7503	7283	6900	8357	3085	1362	1195	405	150	134	158	94	189	0	29	0	28	1	34	0	0	0	0	0	0	0	0	0	0	0	0	0	0	0	0	0	0	0	0	0	0	0	0	0	0	0	0	0	0	0	0	373	365	360	374	350	284	214	194	182	45	40	70	102	96	85	80	54	41	58	30	19	14	13	3	0	0	0	0	0	0	0	0	0	0	0	0	0	0	0	0	0	0	0	0	0	0	0	0	0	0	0
200.0000161166724	9	0	1239	0	232	1148	45	7858	7576	7202	8649	3429	1547	1366	542	193	165	216	173	262	2	70	0	70	0	70	0	4	7	3	0	0	0	0	0	0	0	0	0	0	0	0	0	0	0	0	0	0	0	0	0	0	0	0	0	0	0	0	387	375	355	369	347	290	236	217	193	51	46	87	109	105	108	121	85	65	90	59	45	39	36	18	0	0	0	0	0	0	0	0	0	0	0	0	0	0	0	0	0	0	0	0	0	0	0	0	0	0	0
205.00000468317867	9	0	1172	0	307	1300	77	8139	7829	7453	8951	3796	1704	1531	702	225	192	272	264	350	1	144	0	109	4	128	0	36	32	26	4	0	0	0	0	0	0	0	0	0	0	0	0	0	0	0	0	0	0	0	0	0	0	0	0	0	0	0	400	381	364	375	338	295	256	233	215	57	53	93	134	129	136	141	123	107	122	82	69	72	84	51	18	1	0	0	0	0	0	0	0	0	0	0	0	0	0	0	0	0	0	0	0	0	0	0	0	0	0
210.00001153444165	5	0	1078	0	397	1449	127	8425	8087	7688	9213	4161	1862	1679	866	271	224	333	356	423	4	214	0	172	0	185	0	72	71	62	29	0	0	0	0	0	0	0	0	0	0	0	0	0	0	0	0	0	0	0	0	0	0	0	0	0	0	0	410	395	382	392	328	305	274	244	223	72	64	104	141	136	144	169	143	135	169	101	91	86	102	98	54	21	16	10	10	0	0	0	0	0	0	0	0	0	0	0	0	0	0	0	0	0	0	0	0	0	0
215.00001960532123	4	0	1018	0	467	1583	196	8661	8324	7906	9450	4495	2038	1816	1037	310	247	403	447	504	11	310	0	249	6	259	0	114	112	121	63	0	0	1	1	6	0	0	0	0	0	0	0	0	0	0	0	0	0	0	0	0	0	0	0	0	0	0	401	388	390	401	329	302	284	246	232	72	67	111	166	156	154	180	171	163	197	132	116	107	125	119	90	58	44	40	34	13	7	8	3	0	0	0	0	0	0	0	0	0	0	0	0	0	0	0	0	0	0
220.0000005953865	4	0	940	0	545	1711	284	8914	8532	8116	9675	4792	2166	1971	1211	347	277	454	530	578	7	400	0	325	5	353	3	173	171	186	112	0	16	16	19	21	0	4	0	0	0	0	0	0	0	0	0	0	0	0	0	0	0	0	0	0	0	0	414	392	394	406	323	301	295	253	246	77	69	115	174	160	162	195	178	180	219	177	183	163	180	148	125	108	96	88	84	29	18	27	20	12	9	4	0	0	0	0	0	0	0	0	0	0	0	0	0	0	0
225.0000046512349	3	0	879	0	617	1862	363	9120	8701	8298	9900	5015	2289	2096	1361	379	303	510	608	656	13	492	0	410	4	443	20	272	229	256	163	0	53	47	53	49	0	12	4	6	0	1	0	0	0	0	0	0	0	0	0	0	0	0	0	0	0	0	408	399	397	406	317	301	316	266	247	81	68	115	183	164	170	201	186	192	227	208	214	201	228	207	164	125	124	122	116	62	50	46	45	32	26	18	0	0	0	0	0	0	0	0	0	0	0	0	0	0	0
230.000004209284	3	0	826	0	679	1997	463	9329	8866	8493	10074	5212	2434	2218	1518	415	336	561	696	723	15	587	0	499	8	555	53	359	301	340	237	0	106	95	98	96	1	36	19	19	6	6	2	0	0	0	0	0	0	0	0	0	0	0	0	0	0	0	409	399	402	416	301	287	324	276	252	86	83	129	187	163	173	213	199	208	249	215	244	240	285	251	195	157	153	151	143	115	123	114	93	69	50	43	12	0	0	0	0	0	0	0	0	0	0	0	0	0	0
235.0000023942431	1	0	765	0	742	2148	528	9502	9027	8650	10251	5401	2558	2334	1653	439	370	601	783	778	16	678	0	566	13	652	97	435	377	442	319	0	160	138	157	139	6	69	48	30	14	18	8	0	0	0	0	0	0	0	0	0	0	0	0	0	0	0	406	398	401	421	298	269	331	288	251	86	83	134	198	169	175	215	206	219	263	224	250	252	300	278	251	216	208	195	175	142	142	167	161	138	120	89	30	17	0	0	0	0	0	0	0	0	0	0	0	0	0
240.00000582343327	3	0	681	0	831	2325	600	9674	9164	8796	10414	5569	2671	2451	1790	466	395	655	854	846	14	759	0	638	13	748	168	542	469	538	432	0	213	207	217	186	25	115	90	69	32	41	17	0	0	0	0	0	0	0	0	0	0	0	0	0	0	0	402	396	407	423	292	268	340	288	249	89	80	133	210	189	201	215	205	223	268	235	259	261	306	285	299	266	261	258	229	158	149	181	179	175	165	154	68	57	27	0	0	0	0	0	0	0	0	0	0	0	0
245.00000579274243	3	0	607	0	902	2558	680	9816	9293	8940	10553	5754	2783	2556	1908	507	427	696	939	898	12	841	0	712	13	833	232	628	543	647	512	4	291	267	289	239	63	166	147	110	63	82	44	0	0	0	0	0	0	0	0	0	0	0	0	0	0	0	395	393	406	421	289	252	344	291	246	85	86	143	219	195	225	250	208	225	273	257	295	289	319	296	321	311	309	294	264	182	164	181	178	182	180	177	121	94	74	7	0	0	0	0	0	0	0	0	0	0	0
250.00000472495736	3	0	551	0	952	2724	747	9951	9417	9082	10689	5891	2888	2658	2023	530	448	748	1005	955	18	915	0	767	12	933	327	734	625	743	604	24	371	356	373	319	120	213	197	166	128	125	78	0	1	0	0	0	0	0	0	0	0	0	0	0	0	0	390	389	405	413	281	247	349	290	235	82	81	140	228	206	230	265	243	250	290	265	301	306	339	323	335	326	325	310	288	231	224	244	226	201	178	180	159	147	124	15	1	0	0	0	0	0	0	0	0	0	0
255.00000092923938	3	0	474	0	1024	2875	798	10082	9550	9207	10825	6027	3003	2741	2149	565	478	791	1082	1017	23	984	0	835	13	1016	430	815	712	833	709	59	452	435	460	396	176	278	261	218	190	178	141	0	8	0	0	0	0	0	0	0	0	0	0	0	0	0	390	392	405	411	271	236	366	285	218	85	80	139	230	202	230	266	250	280	325	269	309	315	354	341	357	330	335	331	313	305	288	313	280	265	240	220	169	206	183	24	9	10	2	0	0	0	0	0	0	0	0
260.00000392586685	1	0	435	0	1064	3010	861	10223	9659	9327	10953	6135	3090	2813	2251	600	495	821	1140	1067	36	1062	0	913	14	1096	538	910	795	927	786	116	540	540	540	471	235	348	335	278	242	232	197	2	24	7	9	0	0	0	0	0	0	0	0	0	0	0	384	387	409	405	266	233	370	296	209	99	94	147	233	205	249	268	245	283	328	283	330	339	371	339	385	362	354	349	328	333	320	373	344	338	303	279	175	235	264	42	16	46	28	0	0	0	0	0	0	0	0
265.0000040039054	3	0	373	0	1132	3112	934	10323	9762	9425	11060	6233	3170	2892	2336	634	522	854	1216	1118	36	1154	0	972	11	1178	632	996	874	1029	866	196	631	625	619	551	321	428	423	358	322	288	247	11	59	21	11	0	3	0	0	0	0	0	0	0	0	0	377	382	408	401	259	235	365	290	215	94	101	153	245	216	251	283	252	284	325	291	333	337	394	384	407	381	372	380	353	354	325	387	370	375	355	344	183	250	307	52	22	78	60	2	0	0	0	0	0	0	0
270.0000048712106	3	0	341	0	1164	3204	997	10417	9843	9508	11161	6317	3249	2959	2421	650	543	887	1280	1166	58	1213	0	1036	14	1255	717	1073	972	1122	941	278	734	703	713	637	391	506	517	451	411	367	311	29	106	54	18	0	9	0	0	0	0	0	0	0	0	0	364	371	404	401	259	226	374	283	204	95	98	159	248	211	253	284	254	306	336	304	352	360	413	382	411	387	391	399	374	357	327	394	375	372	370	374	249	255	330	64	37	121	91	30	0	0	0	0	0	0	0
275.00000526285345	0	0	290	0	1213	3278	1070	10506	9923	9587	11263	6402	3324	3012	2512	676	569	918	1343	1211	60	1284	0	1092	16	1323	798	1154	1049	1216	1042	364	817	796	798	719	476	569	604	536	497	465	400	65	163	85	27	0	29	3	0	0	0	0	0	0	0	0	365	363	403	395	255	222	381	281	202	89	97	155	247	209	253	281	250	309	336	326	378	375	411	397	459	427	416	404	376	375	344	406	386	372	365	377	307	297	340	70	50	156	134	72	0	0	0	0	0	0	0
280.0000010455137	4	0	241	0	1254	3319	1143	10594	10008	9668	11350	6476	3406	3081	2587	694	589	957	1396	1245	71	1349	0	1152	9	1400	881	1229	1128	1312	1136	459	908	870	889	805	566	634	692	614	559	549	478	110	231	154	40	0	50	18	0	0	0	0	0	0	0	0	361	357	388	393	241	211	385	279	199	87	97	148	244	205	253	286	246	311	331	344	406	398	449	412	476	445	443	445	431	381	340	415	401	389	381	378	344	343	379	71	63	191	164	105	0	0	0	0	0	0	0
285.00000416226993	1	0	195	0	1289	3402	1195	10684	10082	9739	11418	6559	3488	3154	2653	719	609	990	1459	1291	96	1412	0	1211	14	1481	966	1318	1225	1397	1212	571	998	950	988	888	647	692	781	698	654	619	561	177	296	219	53	0	84	42	0	0	0	0	0	0	0	0	354	352	385	388	233	203	386	280	192	88	97	148	242	200	253	284	245	313	338	344	406	404	473	457	499	458	458	460	437	386	337	407	390	377	377	387	350	390	429	81	66	214	198	152	12	0	0	0	0	0	0
290.00000155051987	5	0	164	0	1322	3432	1254	10766	10162	9820	11515	6629	3564	3214	2728	748	631	1028	1516	1329	128	1477	0	1268	23	1557	1040	1398	1312	1495	1300	674	1100	1034	1092	974	743	754	862	779	718	703	636	236	358	304	67	0	121	77	0	0	0	0	0	0	0	0	348	348	385	389	228	190	396	281	191	93	114	162	242	197	253	287	240	316	348	342	410	404	469	459	523	472	469	465	452	376	332	400	375	363	366	375	347	407	478	91	65	239	224	185	48	1	0	0	0	0	0
295.000002793109	1	0	133	0	1356	3427	1319	10826	10219	9909	11608	6698	3642	3278	2785	771	646	1053	1571	1379	154	1546	0	1326	18	1621	1119	1482	1396	1602	1385	774	1191	1138	1188	1054	827	818	939	868	807	788	703	285	428	363	83	1	161	108	0	0	0	0	0	0	0	0	356	354	373	389	228	205	421	282	180	93	113	160	268	223	287	281	240	316	347	357	435	432	474	448	570	505	500	500	468	402	360	422	378	356	350	364	369	418	506	104	71	261	247	225	104	31	20	12	2	0	0
300.0000022002146	1	0	106	0	1387	3442	1365	10903	10299	9978	11680	6759	3706	3335	2851	793	673	1087	1624	1414	185	1607	0	1373	18	1692	1198	1564	1479	1714	1487	899	1299	1226	1287	1128	897	875	1014	940	872	867	787	354	516	448	99	2	197	140	0	0	0	2	0	0	0	0	348	352	369	380	226	201	433	294	177	94	111	157	266	226	308	330	243	320	340	356	437	427	476	473	585	533	538	533	497	459	403	470	422	390	373	359	378	467	521	110	76	293	272	252	141	68	58	43	27	0	0
305.0000002898915	0	0	94	0	1407	3443	1421	10968	10353	10054	11756	6810	3797	3404	2930	813	686	1122	1688	1459	217	1677	0	1418	15	1766	1276	1664	1553	1791	1557	1014	1404	1329	1370	1217	983	942	1101	1013	933	933	852	440	614	521	118	7	249	191	0	0	0	6	5	0	0	0	334	348	372	377	220	196	453	307	185	96	112	155	265	222	310	339	285	357	358	354	442	421	480	485	583	524	533	533	501	472	414	488	447	438	418	402	365	507	574	115	90	322	297	278	160	101	105	94	68	11	5
310.0000010712122	2	0	95	0	1417	3472	1444	11029	10418	10115	11836	6846	3864	3462	3004	831	707	1150	1729	1494	249	1721	0	1464	22	1826	1337	1750	1623	1866	1644	1114	1500	1432	1477	1309	1068	1000	1189	1090	990	1004	924	526	717	619	139	12	311	235	0	0	0	20	15	1	0	0	324	334	365	375	210	191	472	324	194	97	122	166	281	229	313	337	283	377	400	349	437	420	480	471	610	547	528	525	489	501	450	521	477	462	443	436	373	545	616	127	95	348	326	322	176	136	133	121	103	42	45
315.0000019350744	3	0	71	0	1448	3479	1510	11101	10472	10182	11894	6896	3943	3522	3063	861	728	1176	1772	1528	283	1779	0	1514	18	1888	1407	1835	1687	1955	1733	1223	1585	1514	1549	1394	1167	1071	1263	1161	1065	1072	991	608	807	700	157	21	366	297	7	0	0	38	33	12	0	3	324	328	349	376	213	190	493	334	197	110	134	178	283	229	314	335	279	380	390	358	443	423	470	471	626	553	524	519	485	488	434	522	497	491	475	465	380	550	670	136	98	369	355	358	210	149	165	148	136	63	64
320.0000005760357	0	0	71	0	1462	3458	1561	11155	10518	10248	11978	6927	4020	3575	3116	877	749	1201	1812	1565	323	1831	0	1554	23	1944	1477	1903	1741	2036	1816	1336	1671	1608	1626	1453	1261	1120	1338	1241	1153	1145	1044	678	891	813	181	31	425	353	13	0	0	65	57	29	0	14	322	325	341	363	218	187	508	350	207	128	160	201	307	246	322	334	276	376	383	363	432	416	481	486	627	551	530	530	486	484	435	530	495	481	476	484	379	553	686	147	107	383	372	398	245	177	188	159	155	70	61
325.00000133064054	4	0	59	0	1483	3399	1615	11201	10574	10300	12032	6973	4120	3634	3164	889	770	1234	1858	1605	349	1896	0	1604	22	2012	1560	1959	1802	2102	1892	1452	1766	1708	1706	1526	1344	1180	1403	1325	1222	1201	1091	759	991	897	202	40	478	413	29	0	3	82	83	44	0	22	316	318	346	364	215	192	509	354	225	134	160	195	328	278	363	357	272	378	381	353	422	402	468	469	628	554	524	521	480	494	446	536	489	480	484	471	395	588	690	148	113	407	396	435	256	226	247	212	185	71	60
330.0000025925444	0	0	51	0	1509	3357	1671	11259	10625	10347	12079	7018	4196	3689	3218	903	798	1258	1901	1649	361	1938	0	1652	18	2068	1627	2033	1848	2175	1953	1539	1846	1789	1778	1592	1488	1247	1488	1379	1301	1264	1172	835	1086	997	222	52	522	474	60	0	13	107	111	65	0	27	307	308	342	354	198	186	520	362	221	141	166	211	330	268	370	385	296	392	381	366	449	421	463	458	649	566	534	542	507	533	472	574	522	491	480	469	457	591	733	150	119	433	414	466	276	253	287	253	230	98	93
335.0000006276881	0	0	55	0	1514	3348	1718	11312	10671	10395	12138	7052	4264	3736	3264	925	826	1282	1944	1685	417	2007	0	1693	21	2133	1691	2101	1915	2257	2031	1645	1934	1860	1849	1657	1587	1305	1564	1455	1371	1322	1239	903	1180	1107	243	66	580	517	88	0	23	139	139	76	0	34	301	313	336	351	196	179	532	357	228	143	165	216	338	277	382	386	321	434	413	396	499	479	527	470	650	568	548	563	534	560	509	608	551	515	498	495	476	619	747	162	115	452	432	499	304	252	297	257	248	121	105
340.0000028532285	4	0	49	0	1530	3368	1745	11342	10702	10437	12181	7104	4347	3791	3319	943	849	1304	1992	1732	461	2062	0	1740	31	2183	1762	2172	1978	2328	2093	1781	1991	1924	1913	1724	1658	1358	1654	1538	1435	1396	1291	956	1265	1206	257	76	655	576	135	0	44	184	171	102	1	46	292	305	335	344	196	174	539	357	239	160	189	243	347	282	389	399	318	438	429	402	512	496	557	544	645	560	538	557	530	572	514	637	573	552	525	515	479	678	775	165	112	467	441	544	333	266	324	278	249	181	175
345.0000016710669	1	0	38	0	1547	3406	1807	11379	10749	10468	12232	7148	4406	3839	3364	962	868	1337	2049	1769	500	2114	0	1771	20	2244	1824	2239	2032	2411	2154	1888	2069	1993	1985	1795	1740	1417	1730	1605	1503	1467	1347	1035	1359	1297	276	92	708	626	179	0	69	226	201	133	5	69	291	302	325	342	190	167	535	361	251	168	192	237	354	289	409	410	330	453	439	400	507	489	559	560	660	553	530	547	517	562	501	627	571	572	556	536	489	721	832	174	125	484	453	585	371	288	352	290	270	199	222
350.0000036145833	1	0	56	0	1530	3408	1852	11410	10793	10505	12271	7180	4477	3881	3405	988	899	1367	2098	1805	560	2167	0	1814	37	2305	1888	2301	2084	2466	2225	1995	2154	2070	2057	1862	1830	1471	1799	1675	1586	1528	1407	1105	1433	1382	294	115	778	665	221	0	88	266	228	171	12	94	290	297	318	337	181	169	555	361	248	174	204	248	353	289	416	424	339	457	442	437	542	507	552	545	739	628	567	575	532	582	528	638	579	559	530	545	524	737	889	187	121	495	470	616	402	318	384	313	284	216	232
355.0000011742269	3	0	49	0	1534	3388	1916	11449	10821	10544	12302	7216	4535	3930	3446	1007	917	1392	2148	1842	604	2220	0	1840	21	2362	1940	2366	2131	2528	2298	2091	2221	2126	2119	1923	1901	1534	1872	1738	1668	1585	1459	1180	1516	1486	316	129	833	713	282	1	113	318	264	206	30	120	278	289	307	335	174	158	558	371	244	179	208	265	381	314	434	431	337	482	453	459	577	566	616	571	765	660	626	637	598	605	537	644	594	578	535	539	541	773	913	198	128	517	485	647	452	342	418	339	312	226	252
360.0000020650844	3	0	34	0	1543	3372	1945	11479	10848	10579	12331	7243	4592	3967	3487	1018	943	1418	2193	1880	629	2257	0	1876	32	2418	1995	2418	2189	2597	2362	2184	2306	2198	2180	1983	1981	1587	1957	1815	1727	1646	1511	1264	1597	1579	337	148	901	767	342	2	151	370	301	240	52	144	278	279	304	334	171	149	552	376	231	176	209	265	420	350	493	469	335	488	459	458	587	570	645	626	765	657	640	653	619	647	579	691	630	591	535	549	550	845	965	203	134	538	500	677	459	386	462	357	335	223	241
365.00000345253187	1	0	26	0	1551	3346	2006	11519	10868	10604	12365	7276	4646	4020	3534	1037	967	1453	2239	1919	663	2305	0	1924	17	2480	2056	2488	2238	2673	2412	2295	2376	2268	2239	2038	2050	1656	2037	1874	1792	1699	1570	1339	1686	1691	354	164	958	814	404	11	190	419	334	267	72	170	272	278	299	328	170	147	550	369	227	173	210	271	439	365	526	508	376	488	463	465	598	578	650	636	797	662	624	651	613	668	616	740	669	632	582	571	586	888	1042	215	140	548	521	709	474	407	523	404	371	220	233
370.0000018552228	1	0	31	0	1542	3328	2030	11552	10898	10639	12396	7301	4698	4054	3576	1057	985	1479	2275	1952	716	2349	0	1960	33	2523	2113	2547	2300	2736	2456	2388	2445	2327	2303	2104	2115	1717	2105	1939	1850	1755	1628	1410	1782	1783	376	179	1007	864	472	29	222	464	375	299	107	196	266	273	298	321	168	146	556	363	218	190	225	284	441	368	540	543	401	554	494	459	583	569	656	651	851	719	671	683	641	677	630	755	672	660	616	612	584	940	1092	226	140	562	544	751	497	399	521	401	367	211	221
375.0000001304393	1	0	28	0	1558	3283	2086	11586	10924	10665	12421	7325	4763	4099	3626	1074	1009	1506	2320	1987	761	2401	0	2000	27	2565	2169	2616	2354	2783	2514	2477	2513	2390	2367	2172	2193	1780	2174	1995	1897	1802	1676	1483	1864	1873	399	198	1050	925	533	43	256	509	414	330	132	216	260	267	289	318	168	138	560	369	223	193	223	275	458	377	554	547	428	587	538	448	568	555	638	635	872	742	706	731	687	680	621	750	675	669	621	622	604	979	1142	239	142	581	563	791	565	410	540	406	352	200	212
380.00000412613326	0	0	33	0	1559	3275	2143	11609	10947	10696	12453	7356	4823	4149	3653	1093	1036	1532	2364	2022	806	2445	0	2031	29	2610	2237	2673	2414	2846	2578	2560	2582	2457	2435	2234	2255	1833	2256	2066	1960	1859	1737	1543	1959	1980	422	224	1099	980	610	76	304	554	447	368	157	241	249	252	285	308	160	131	578	368	236	188	219	265	452	372	569	573	413	602	554	463	580	559	620	620	894	766	711	720	677	669	605	729	651	649	608	623	655	989	1195	249	147	593	573	832	603	447	569	403	357	228	230
385.000000244889	2	0	18	0	1581	3288	2185	11637	10969	10722	12479	7373	4875	4183	3683	1109	1048	1546	2413	2052	842	2500	0	2072	29	2659	2297	2726	2468	2890	2641	2653	2645	2525	2500	2308	2324	1893	2327	2135	2015	1919	1781	1627	2058	2082	446	239	1141	1029	672	119	347	606	485	398	199	264	245	246	282	301	150	129	574	377	226	200	239	279	445	363	571	573	435	623	558	487	607	569	619	602	886	764	719	745	697	719	647	753	656	630	594	605	666	1031	1210	258	150	615	589	863	618	497	630	451	403	306	298
390.000002813394	1	0	23	0	1571	3330	2252	11656	10993	10754	12504	7397	4927	4215	3717	1127	1066	1562	2456	2093	902	2558	0	2111	26	2706	2358	2782	2522	2939	2700	2747	2697	2586	2581	2356	2374	1958	2401	2201	2078	1969	1849	1697	2148	2187	463	262	1209	1086	745	155	392	666	532	434	232	294	244	245	275	294	137	125	578	375	221	202	234	272	460	369	577	571	427	633	579	528	652	632	682	634	877	743	698	744	700	778	696	810	717	664	613	609	657	1071	1255	264	157	624	604	902	662	520	678	498	457	383	385
395.00000612541703	0	0	20	0	1567	3361	2294	11680	11010	10781	12524	7408	4976	4250	3753	1145	1090	1584	2492	2125	945	2621	0	2145	29	2769	2415	2826	2564	3000	2751	2843	2762	2652	2668	2442	2428	2012	2468	2257	2128	2014	1903	1750	2235	2293	474	283	1262	1141	823	197	447	710	575	466	273	329	232	237	273	291	135	128	572	369	215	197	228	266	455	371	599	586	422	635	569	532	648	638	713	686	869	728	685	727	683	797	708	848	744	716	664	660	631	1086	1304	273	162	644	619	945	700	519	700	517	495	438	451
400.0000030843253	0	0	26	0	1559	3367	2344	11702	11020	10808	12547	7429	5041	4288	3796	1160	1109	1609	2527	2146	998	2674	0	2184	42	2825	2468	2884	2628	3066	2810	2916	2833	2706	2721	2493	2509	2077	2542	2316	2178	2069	1951	1813	2321	2399	501	296	1302	1198	898	246	489	762	612	510	302	354	238	235	271	286	134	129	580	365	218	223	255	294	465	370	603	593	432	642	559	541	657	627	704	693	905	734	686	713	667	780	686	833	734	726	682	692	609	1087	1340	283	159	650	637	986	725	543	754	538	494	465	475
405.0000009139281	1	0	22	0	1559	3342	2388	11729	11050	10830	12577	7452	5086	4323	3827	1172	1126	1632	2558	2173	1049	2721	0	2230	43	2865	2520	2946	2682	3114	2870	2995	2892	2766	2779	2537	2577	2134	2609	2381	2250	2127	2003	1884	2417	2509	525	309	1360	1258	966	291	542	829	654	551	351	387	244	238	264	279	130	128	580	365	209	215	246	288	476	374	611	595	433	664	580	565	686	654	719	683	962	787	731	748	691	781	689	834	714	702	663	686	630	1109	1341	285	164	659	655	1024	762	579	812	575	533	458	491
410.0000001769605	0	0	29	0	1550	3273	2449	11751	11076	10847	12597	7468	5129	4358	3861	1192	1148	1656	2598	2195	1095	2779	0	2263	29	2911	2557	3004	2740	3178	2940	3090	2953	2823	2835	2579	2655	2181	2667	2431	2307	2193	2060	1948	2509	2610	546	324	1424	1321	1054	341	590	879	693	588	396	419	237	239	268	272	124	124	578	368	197	208	242	281	488	378	628	609	431	665	574	563	685	670	747	722	979	820	774	793	742	813	713	841	713	700	672	669	687	1148	1368	286	168	665	668	1066	772	580	843	593	579	468	479
415.0000064200748	0	0	13	0	1563	3254	2499	11773	11108	10870	12623	7478	5179	4396	3887	1202	1168	1677	2639	2228	1134	2832	0	2293	28	2947	2603	3056	2787	3249	2998	3172	3021	2874	2888	2629	2728	2245	2734	2481	2370	2241	2112	2007	2617	2734	570	339	1481	1367	1144	394	635	957	746	621	432	461	234	237	271	273	122	122	588	364	194	205	238	274	482	379	645	628	437	669	577	576	699	684	748	729	979	800	772	796	754	843	740	858	724	717	682	675	670	1189	1414	290	164	667	679	1106	802	591	880	610	590	561	548
420.0000062492813	1	0	17	0	1558	3324	2540	11790	11127	10894	12645	7497	5228	4428	3909	1224	1192	1700	2662	2255	1188	2879	0	2327	36	3005	2655	3118	2834	3302	3053	3254	3074	2938	2962	2691	2786	2301	2798	2533	2442	2290	2173	2079	2737	2830	594	353	1532	1424	1216	458	685	1010	798	676	467	494	234	232	261	274	114	125	588	372	188	210	232	269	475	366	646	629	456	688	586	574	713	689	753	746	1019	818	784	792	751	855	749	872	739	734	699	687	660	1198	1459	303	158	666	682	1149	844	583	886	601	597	646	632
425.00000639318984	1	0	12	0	1562	3356	2583	11809	11146	10921	12664	7512	5276	4465	3929	1240	1214	1719	2709	2280	1229	2915	0	2357	33	3042	2709	3166	2893	3353	3110	3337	3148	3007	3026	2758	2844	2349	2863	2584	2492	2340	2221	2144	2825	2933	610	366	1587	1474	1287	521	737	1076	846	720	495	540	230	226	255	269	110	121	593	370	186	227	256	294	477	367	648	631	452	708	599	563	694	687	758	763	1040	839	822	821	769	842	719	848	720	733	716	710	691	1196	1485	318	155	673	694	1183	889	611	932	608	590	671	675
430.0000066240948	1	0	14	0	1560	3284	2648	11824	11160	10946	12682	7527	5322	4490	3950	1261	1231	1740	2745	2305	1276	2955	0	2376	23	3090	2757	3225	2953	3408	3157	3422	3232	3060	3081	2809	2925	2411	2924	2639	2546	2393	2269	2204	2920	3039	634	388	1639	1518	1366	579	775	1139	896	766	527	592	231	230	248	268	108	118	591	356	184	230	269	297	497	391	670	627	439	708	595	553	684	672	742	741	1052	846	824	822	781	835	698	825	688	709	699	707	695	1191	1490	321	162	679	706	1218	906	648	978	622	627	681	689
435.0000018886348	0	0	14	0	1568	3241	2682	11841	11177	10964	12710	7534	5367	4519	3973	1269	1255	1758	2790	2337	1327	2999	0	2414	34	3125	2816	3281	3012	3453	3211	3504	3284	3117	3143	2862	2996	2460	2978	2681	2595	2444	2321	2269	3008	3133	659	400	1704	1568	1445	646	822	1217	944	816	573	644	224	231	249	261	99	120	596	342	185	226	260	304	507	394	672	643	428	707	590	557	688	675	734	729	1071	864	847	825	770	818	675	798	662	683	676	682	680	1233	1495	321	171	706	727	1252	907	663	1033	662	663	677	669
440.00000506878854	1	0	24	0	1559	3177	2733	11860	11195	10983	12728	7548	5411	4548	3996	1287	1274	1788	2824	2363	1383	3046	0	2444	33	3172	2861	3337	3057	3512	3263	3587	3347	3183	3198	2923	3061	2505	3033	2741	2654	2491	2362	2329	3108	3246	684	414	1751	1611	1534	715	878	1295	987	866	620	681	225	226	247	260	99	116	590	338	186	223	254	296	506	405	700	644	441	722	574	569	687	664	715	719	1070	870	847	834	775	812	663	775	646	649	656	654	707	1328	1540	322	172	708	746	1284	907	660	1057	663	677	666	643
445.0000003511049	3	0	9	0	1577	3211	2793	11873	11216	11002	12743	7560	5461	4577	4019	1302	1298	1806	2868	2400	1396	3084	0	2468	37	3212	2908	3383	3116	3569	3317	3675	3410	3247	3250	2987	3146	2566	3078	2790	2705	2548	2415	2387	3192	3330	710	437	1804	1655	1613	792	925	1376	1031	910	680	725	228	231	241	254	107	105	583	329	178	218	250	288	499	395	701	668	436	721	580	578	698	681	729	720	1062	849	847	845	804	846	700	775	629	625	634	622	702	1396	1644	331	168	718	751	1326	903	643	1061	649	674	725	690
450.0000017531174	0	0	15	0	1581	3263	2837	11885	11237	11021	12766	7568	5492	4606	4048	1317	1319	1831	2911	2430	1445	3132	0	2500	41	3254	2948	3429	3165	3628	3371	3774	3468	3313	3293	3030	3208	2610	3128	2836	2762	2589	2455	2442	3279	3429	732	452	1841	1705	1702	863	983	1447	1064	953	725	769	220	231	238	261	108	101	592	320	161	224	255	310	506	391	703	658	452	752	585	580	714	697	745	743	1059	848	844	841	809	956	814	880	718	649	634	606	677	1432	1729	352	163	711	758	1372	903	632	1070	635	656	740	726
455.0000017881394	0	0	14	0	1587	3235	2868	11901	11251	11038	12789	7575	5528	4628	4074	1331	1337	1865	2952	2453	1491	3178	0	2521	50	3293	2994	3489	3210	3680	3434	3845	3529	3368	3350	3089	3265	2676	3175	2877	2817	2629	2508	2503	3376	3554	745	465	1901	1755	1805	924	1030	1517	1107	1011	786	828	219	224	235	257	102	99	590	326	166	215	242	305	517	394	705	654	441	749	601	563	706	693	754	759	1065	843	831	823	793	968	825	935	806	753	721	673	652	1430	1780	367	166	711	764	1407	953	603	1069	620	638	731	730
460.00000082646363	2	0	14	0	1580	3170	2930	11922	11268	11060	12806	7587	5565	4650	4096	1345	1348	1889	2992	2483	1577	3235	0	2555	37	3331	3044	3544	3258	3736	3487	3921	3594	3414	3393	3150	3330	2734	3239	2936	2855	2670	2551	2567	3469	3675	777	482	1950	1804	1914	1008	1089	1588	1153	1054	841	878	221	218	224	257	106	82	595	326	165	203	236	293	514	382	705	645	432	744	592	580	703	691	752	762	1094	857	846	826	798	945	802	922	781	767	777	755	667	1429	1788	376	181	724	777	1442	1019	613	1080	605	609	727	731
465.000004923853	0	0	13	0	1585	3107	2973	11939	11285	11073	12826	7595	5608	4672	4115	1360	1368	1913	3032	2511	1632	3277	0	2581	33	3382	3078	3593	3308	3794	3542	3998	3638	3474	3449	3217	3407	2793	3309	2988	2902	2720	2598	2619	3576	3789	793	498	2003	1867	2018	1078	1150	1667	1188	1110	898	935	224	219	216	250	101	73	589	320	164	202	232	284	511	380	705	638	420	741	581	582	701	697	761	758	1121	862	867	851	817	937	793	901	756	740	744	743	684	1428	1792	377	191	749	789	1472	1085	667	1142	627	606	699	694
470.00000114552984	1	0	11	0	1589	3035	3009	11958	11301	11084	12843	7608	5656	4700	4134	1376	1389	1930	3063	2534	1678	3317	0	2610	45	3424	3128	3642	3353	3846	3589	4080	3702	3513	3509	3282	3468	2856	3364	3052	2964	2775	2639	2678	3679	3911	819	511	2050	1917	2108	1144	1208	1730	1235	1149	959	986	221	220	217	246	99	68	584	312	164	198	226	273	503	380	710	630	411	738	578	590	703	685	744	755	1141	875	901	862	838	923	783	893	725	714	717	718	694	1421	1794	378	186	753	795	1517	1151	723	1223	705	660	673	675
475.00000063749786	0	0	19	0	1578	2946	3055	11984	11325	11098	12865	7615	5707	4724	4155	1387	1411	1946	3102	2555	1752	3370	0	2634	43	3462	3177	3684	3392	3894	3644	4166	3768	3571	3574	3332	3537	2895	3419	3099	3027	2836	2694	2731	3780	4020	840	530	2097	1968	2197	1215	1260	1814	1276	1195	1016	1042	218	214	216	242	100	74	579	304	158	188	221	260	498	384	749	638	399	735	579	581	684	689	762	761	1157	871	896	858	836	946	800	909	731	699	696	695	673	1428	1799	378	184	765	800	1562	1190	769	1289	738	715	678	666
480.0000029752034	1	0	15	0	1584	2942	3068	11997	11345	11118	12881	7628	5751	4740	4175	1402	1427	1961	3136	2573	1792	3409	0	2668	56	3502	3228	3737	3449	3947	3695	4249	3824	3629	3643	3389	3600	2951	3486	3147	3080	2873	2752	2787	3876	4125	864	534	2147	2040	2282	1282	1310	1892	1321	1231	1075	1096	217	205	212	241	104	71	572	295	154	201	242	276	486	370	750	658	425	745	571	566	670	677	746	753	1153	881	904	864	827	945	805	926	740	705	707	704	714	1498	1812	379	177	775	804	1606	1204	827	1379	796	753	698	678
485.0000040550963	1	0	19	0	1576	2942	3134	12012	11361	11130	12908	7635	5786	4754	4193	1414	1438	1979	3175	2600	1854	3455	0	2694	45	3548	3278	3789	3497	3999	3744	4339	3883	3693	3701	3458	3665	3003	3530	3187	3130	2919	2802	2846	3986	4264	891	548	2206	2085	2382	1361	1355	1965	1377	1285	1130	1155	213	198	209	240	110	67	578	285	145	194	237	274	501	374	752	650	428	778	608	552	655	659	729	733	1172	870	894	841	826	941	789	908	734	701	723	711	696	1570	1897	388	173	773	795	1641	1226	839	1427	832	790	720	684
490.00000012597184	2	0	8	0	1585	2946	3190	12027	11377	11146	12925	7647	5834	4779	4208	1434	1454	1994	3214	2626	1906	3497	0	2724	39	3587	3325	3834	3527	4061	3798	4433	3946	3758	3754	3521	3725	3057	3588	3235	3170	2961	2851	2884	4087	4386	913	555	2251	2141	2472	1423	1395	2040	1426	1338	1175	1199	207	193	206	234	109	70	571	282	139	200	240	267	488	370	752	643	420	776	600	551	648	654	709	711	1187	867	885	820	813	920	766	878	700	679	704	703	680	1581	1986	409	169	774	799	1673	1230	815	1440	814	798	749	701
495.0000007140843	2	0	9	0	1590	2961	3229	12035	11392	11162	12938	7650	5879	4796	4221	1443	1474	2009	3253	2651	1947	3545	0	2756	47	3624	3370	3885	3574	4101	3848	4503	3998	3818	3822	3582	3790	3108	3646	3288	3222	3014	2895	2936	4198	4506	942	560	2304	2184	2561	1509	1429	2123	1480	1384	1229	1244	206	188	201	223	104	71	567	276	142	196	248	282	497	364	754	636	410	776	588	557	642	652	695	694	1165	843	876	808	796	926	782	884	686	654	671	675	726	1580	2019	424	169	772	817	1705	1227	821	1460	807	775	792	740
500.0000001522081	0	0	9	0	1592	2920	3288	12047	11404	11174	12955	7659	5922	4814	4239	1455	1490	2025	3287	2673	1983	3581	0	2790	46	3652	3415	3938	3605	4151	3891	4582	4052	3891	3877	3631	3857	3156	3697	3338	3263	3060	2940	2990	4283	4624	971	565	2344	2248	2665	1590	1488	2218	1537	1447	1277	1294	199	188	194	217	100	80	573	262	139	197	243	279	499	360	754	626	402	776	581	563	652	660	692	675	1153	816	848	789	779	917	763	876	681	661	674	663	734	1582	2022	427	185	789	822	1731	1257	811	1475	809	794	834	778
505.0000035081373	0	0	10	0	1593	2907	3335	12063	11421	11183	12968	7670	5955	4825	4247	1472	1508	2048	3326	2693	2023	3623	0	2815	44	3689	3457	3970	3644	4206	3931	4662	4117	3960	3923	3686	3934	3202	3751	3381	3314	3109	2987	3039	4370	4749	1001	575	2387	2299	2753	1664	1537	2318	1589	1494	1335	1347	188	188	195	207	97	82	580	261	146	190	243	277	486	351	754	618	389	773	565	552	646	651	682	669	1144	816	857	796	785	933	782	880	680	645	667	671	711	1640	2023	428	196	812	835	1775	1320	807	1481	796	802	860	804
510.0000059131243	0	0	8	0	1593	2900	3384	12075	11440	11197	12986	7679	5990	4849	4260	1491	1520	2068	3349	2715	2074	3683	0	2842	51	3724	3494	4019	3685	4252	3982	4739	4163	4011	3981	3724	3992	3251	3800	3423	3351	3153	3035	3098	4468	4886	1025	595	2432	2350	2866	1753	1593	2415	1636	1543	1391	1401	181	188	190	206	96	75	582	259	133	187	237	271	477	343	754	608	381	769	555	571	663	660	695	693	1137	801	853	801	804	962	814	900	692	650	679	661	711	1667	2082	428	191	824	852	1810	1379	822	1517	798	783	873	833
515.0000017967717	0	0	6	0	1595	2929	3412	12093	11455	11213	13000	7692	6029	4867	4274	1500	1536	2085	3383	2734	2111	3713	0	2867	51	3763	3526	4058	3730	4294	4020	4824	4215	4070	4041	3785	4057	3301	3866	3468	3393	3198	3075	3147	4578	4988	1061	610	2485	2408	2979	1825	1658	2506	1687	1600	1454	1461	178	176	185	207	96	84	581	260	129	192	249	284	472	338	754	602	373	762	552	577	664	681	718	703	1140	804	845	789	794	980	838	941	730	661	695	671	696	1703	2136	438	182	820	863	1851	1389	881	1582	831	806	892	885
520.0000064947234	1	0	13	0	1589	2919	3442	12105	11460	11222	13017	7700	6063	4884	4284	1510	1553	2103	3404	2765	2175	3746	0	2884	65	3810	3570	4106	3770	4332	4056	4910	4263	4128	4082	3838	4114	3348	3919	3510	3426	3233	3120	3201	4672	5120	1086	627	2533	2457	3084	1894	1717	2602	1734	1664	1517	1515	178	167	178	203	95	93	588	260	133	184	243	279	464	328	754	593	362	761	546	564	649	669	705	708	1154	806	846	795	800	968	828	930	743	698	734	700	678	1730	2180	445	174	822	868	1902	1400	901	1651	892	864	883	884
525.0000027736019	3	0	6	0	1598	2871	3485	12120	11472	11232	13026	7711	6094	4906	4295	1519	1578	2123	3423	2782	2207	3789	0	2901	59	3850	3604	4152	3813	4382	4095	4999	4301	4174	4121	3883	4173	3404	3969	3554	3461	3277	3155	3254	4774	5234	1110	643	2591	2520	3195	1964	1787	2691	1794	1719	1567	1569	175	168	167	197	97	89	595	253	128	179	239	275	460	312	754	587	358	759	533	547	645	665	690	694	1178	821	867	820	814	972	827	929	737	683	719	688	648	1732	2223	458	173	824	871	1941	1399	888	1669	891	883	876	865
530.0000019525465	0	0	15	0	1592	2844	3538	12134	11482	11244	13039	7718	6129	4921	4307	1533	1589	2139	3440	2800	2269	3836	0	2921	63	3877	3647	4195	3861	4423	4134	5087	4366	4221	4171	3928	4239	3456	4018	3597	3500	3328	3203	3305	4881	5361	1142	660	2648	2571	3293	2049	1833	2787	1852	1780	1627	1608	178	164	171	187	86	89	601	257	123	182	234	269	453	302	755	577	351	756	520	532	634	648	677	680	1196	845	889	833	829	992	838	934	717	664	688	658	646	1730	2246	468	172	833	876	1976	1409	897	1687	879	864	922	902
535.0000054387948	0	0	9	0	1599	2863	3577	12144	11489	11260	13053	7726	6162	4937	4319	1546	1603	2151	3470	2818	2308	3872	0	2948	70	3911	3696	4235	3900	4465	4172	5175	4422	4271	4213	3989	4297	3513	4074	3640	3543	3381	3245	3356	4980	5501	1172	669	2696	2614	3408	2121	1889	2902	1901	1833	1679	1669	172	162	171	191	84	89	599	269	132	178	224	261	471	326	799	585	340	755	513	526	621	640	662	662	1198	851	890	834	841	981	824	935	719	675	709	676	681	1729	2248	470	175	841	886	2007	1399	881	1705	887	865	940	952
540.0000038518672	1	0	7	0	1606	2816	3617	12156	11501	11264	13070	7735	6194	4953	4327	1559	1612	2175	3499	2836	2353	3905	0	2968	61	3946	3720	4271	3946	4505	4203	5236	4469	4323	4269	4050	4368	3561	4134	3681	3595	3416	3291	3404	5088	5635	1203	681	2742	2675	3511	2198	1936	3025	1953	1892	1739	1738	169	156	169	192	83	89	592	266	129	171	224	257	461	319	800	616	355	756	500	519	625	642	670	652	1184	836	874	826	821	995	830	931	707	674	707	697	668	1735	2252	470	180	846	888	2045	1452	862	1709	877	856	925	939
545.0000030746636	0	0	11	0	1607	2777	3660	12166	11508	11271	13091	7738	6226	4967	4346	1580	1628	2190	3528	2849	2398	3944	0	2996	61	3984	3759	4309	3983	4538	4238	5313	4535	4385	4327	4097	4427	3620	4184	3720	3631	3461	3336	3453	5185	5764	1232	689	2796	2732	3624	2277	1990	3118	2013	1943	1808	1797	171	154	159	188	84	82	587	265	136	184	241	270	453	313	802	610	369	788	513	514	618	626	656	651	1180	820	851	816	797	1005	848	966	732	670	704	684	686	1762	2264	470	172	833	894	2086	1527	848	1704	840	829	949	982
550.0000024829095	2	0	7	0	1622	2754	3694	12179	11520	11280	13100	7745	6252	4980	4360	1594	1643	2205	3563	2875	2426	3971	0	3015	68	4011	3794	4363	4020	4583	4271	5385	4582	4431	4380	4152	4487	3673	4241	3771	3660	3492	3379	3505	5289	5903	1252	704	2837	2777	3734	2365	2048	3231	2066	1988	1872	1850	166	148	157	184	78	87	580	264	147	197	260	286	499	348	835	609	360	794	533	512	626	637	672	635	1175	806	835	809	787	988	825	949	730	702	738	688	726	1811	2307	478	167	831	887	2118	1526	918	1781	872	827	924	969
555.0000114592378	0	0	12	0	1619	2722	3745	12190	11524	11289	13109	7749	6290	5001	4378	1607	1657	2214	3595	2893	2484	4012	0	3030	59	4043	3834	4401	4051	4622	4315	5456	4628	4482	4428	4199	4561	3717	4289	3805	3705	3530	3426	3549	5392	6050	1282	720	2885	2836	3844	2459	2105	3327	2110	2036	1924	1901	166	144	155	185	76	91	585	255	159	206	265	302	518	363	860	644	364	792	521	501	609	621	661	636	1176	796	829	807	776	974	813	921	696	680	717	691	731	1883	2364	486	163	833	896	2163	1527	957	1858	943	884	900	943
560.000006248553	0	0	8	0	1634	2689	3795	12202	11531	11299	13121	7760	6319	5014	4393	1615	1678	2235	3621	2912	2514	4046	0	3054	60	4082	3860	4440	4082	4660	4352	5536	4681	4522	4480	4248	4614	3761	4342	3844	3738	3571	3477	3589	5489	6204	1313	731	2937	2884	3952	2536	2161	3441	2161	2091	1983	1967	165	146	143	181	71	91	590	261	164	202	257	288	511	358	879	649	397	825	532	489	591	601	649	623	1177	777	810	805	778	956	798	906	677	659	706	664	711	1908	2438	491	162	833	888	2194	1516	943	1863	939	921	880	904
565.0000069069752	3	0	11	0	1637	2649	3842	12209	11537	11307	13134	7766	6351	5034	4402	1631	1689	2252	3662	2931	2563	4087	0	3074	65	4114	3885	4476	4122	4694	4391	5604	4731	4564	4529	4304	4687	3806	4391	3891	3779	3605	3544	3637	5600	6342	1331	742	2986	2941	4088	2606	2227	3546	2214	2135	2047	2025	167	148	141	179	69	90	590	269	169	205	266	295	526	374	906	663	393	849	553	497	612	608	636	605	1188	793	820	802	767	949	788	901	660	643	687	657	694	1899	2496	514	168	839	896	2231	1592	916	1869	911	898	847	869
570.0000043836488	2	0	7	0	1649	2590	3875	12221	11539	11313	13141	7774	6385	5047	4418	1643	1701	2262	3690	2953	2604	4119	0	3088	62	4135	3921	4516	4161	4732	4435	5674	4787	4598	4571	4346	4757	3848	4433	3930	3820	3651	3579	3688	5705	6484	1362	756	3032	2982	4207	2701	2276	3664	2263	2189	2099	2075	168	147	145	184	72	82	583	262	178	200	274	305	539	397	941	693	410	848	542	511	629	629	670	614	1178	779	813	802	772	952	791	906	654	638	669	651	667	1891	2498	525	172	841	907	2261	1620	923	1881	890	876	902	891
575.0000030729844	0	0	10	0	1646	2627	3929	12239	11552	11319	13153	7786	6417	5059	4431	1657	1715	2282	3727	2981	2663	4150	0	3116	76	4173	3944	4552	4190	4764	4483	5730	4848	4646	4610	4381	4807	3891	4495	3967	3857	3684	3611	3735	5792	6627	1393	771	3079	3038	4315	2787	2334	3752	2315	2243	2167	2117	170	146	148	189	70	82	575	271	172	193	262	301	536	393	941	709	443	892	544	499	625	621	660	632	1171	770	792	781	750	932	787	891	647	637	665	641	692	1879	2498	525	186	847	898	2293	1621	964	1942	927	879	948	972
580.0000027534982	1	0	8	0	1641	2617	3969	12248	11561	11330	13160	7792	6465	5072	4450	1666	1729	2300	3765	3007	2716	4185	0	3139	71	4209	3972	4595	4226	4801	4514	5816	4887	4689	4641	4427	4856	3941	4549	4004	3895	3730	3665	3768	5910	6768	1416	777	3135	3084	4423	2882	2379	3859	2351	2296	2218	2170	167	144	143	187	66	78	581	254	153	187	255	295	528	395	965	715	447	922	602	488	605	604	641	619	1181	762	775	766	736	920	763	869	623	619	646	633	707	1874	2498	525	191	866	917	2341	1611	952	1972	947	917	933	980
585.0000010333588	1	0	11	0	1647	2547	4022	12257	11574	11335	13170	7795	6497	5090	4462	1682	1745	2311	3789	3022	2767	4227	0	3162	57	4241	4001	4633	4268	4827	4551	5889	4928	4742	4680	4478	4911	3983	4595	4053	3931	3763	3702	3812	6034	6907	1447	786	3182	3142	4550	2978	2450	3967	2405	2357	2279	2214	159	143	141	187	74	83	585	253	162	190	247	286	521	385	967	722	456	924	603	525	642	623	638	604	1202	772	790	777	742	908	750	848	607	596	621	604	702	1914	2499	525	174	866	932	2369	1631	936	1985	936	911	930	963
590.0000009439336	0	0	11	0	1653	2522	4049	12268	11585	11342	13184	7801	6535	5104	4475	1695	1760	2329	3817	3050	2819	4267	0	3189	81	4271	4040	4671	4303	4866	4579	5951	4974	4784	4722	4518	4968	4024	4640	4091	3964	3804	3738	3856	6138	7061	1475	800	3233	3197	4675	3075	2496	4061	2457	2418	2333	2266	152	138	134	187	68	78	587	261	165	203	249	281	513	379	970	718	448	919	589	590	715	698	711	647	1197	758	788	792	761	918	755	849	610	586	588	592	698	1964	2545	525	169	868	936	2416	1634	906	1982	903	901	925	967
595.0000027437926	0	0	4	0	1670	2501	4108	12274	11598	11350	13197	7803	6563	5120	4489	1712	1769	2342	3852	3063	2874	4306	0	3214	77	4301	4070	4708	4352	4902	4614	6035	5014	4836	4760	4559	5030	4082	4686	4127	3993	3832	3765	3903	6239	7192	1505	807	3285	3240	4831	3180	2557	4176	2506	2469	2393	2330	147	135	129	180	63	77	583	261	168	217	265	308	522	379	972	723	445	941	597	597	715	712	757	723	1183	749	774	790	758	927	770	869	626	594	593	589	673	1958	2631	544	163	873	925	2460	1670	914	2016	899	874	891	952
600.0000015840999	0	0	7	0	1673	2416	4154	12286	11607	11356	13204	7811	6600	5138	4504	1722	1782	2358	3879	3087	2920	4352	0	3246	89	4328	4103	4748	4397	4925	4643	6106	5053	4882	4808	4589	5082	4131	4729	4163	4035	3871	3796	3951	6335	7323	1528	816	3325	3288	4975	3288	2612	4300	2567	2517	2437	2390	139	134	124	177	64	77	572	251	173	215	261	297	532	385	974	713	442	948	594	583	714	719	762	731	1222	758	760	769	745	938	778	874	630	607	608	604	645	1975	2636	558	159	869	933	2495	1706	904	2032	891	885	860	917
