>time	Ribosome	coli Pol	coli Pol-P	coli Pol-2.0	coli Pol-P-2.0	gp1	gp1-3.5	gp0.3	gp0.4	gp0.5	gp0.6A	gp0.7	gp1.1	gp1.2	gp1.3	gp1.4	gp1.5	gp1.6	gp1.7	gp1.8	gp2.0	gp2.5	gp2.8	gp3.0	gp3.5	gp3.8	gp4A	gp4.2	gp4.3	gp4.5	gp4.7	gp5.0	gp5.3	gp5.5	gp5.7	gp5.9	gp6.0	gp6.3	gp6.5	gp6.7	gp7	gp7.3	gp7.7	gp8	gp9	gp10A	gp11	gp12	gp13	gp14	gp15	gp16	gp17	gp17.5	gp18	gp18.5	gp19	gp19.5
0.0027147751368500625	0	0	0	0	0	0	0	0	0	0	0	0	0	0	0	0	0	0	0	0	0	0	0	0	0	0	0	0	0	0	0	0	0	0	0	0	0	0	0	0	0	0	0	0	0	0	0	0	0	0	0	0	0	0	0	0	0	0
5.0116733154782995	0	0	0	0	0	0	0	0	0	0	0	0	0	0	0	0	0	0	0	0	0	0	0	0	0	0	0	0	0	0	0	0	0	0	0	0	0	0	0	0	0	0	0	0	0	0	0	0	0	0	0	0	0	0	0	0	0	0
10.009848540904143	0	0	0	0	0	0	0	0	0	0	0	0	0	0	0	0	0	0	0	0	0	0	0	0	0	0	0	0	0	0	0	0	0	0	0	0	0	0	0	0	0	0	0	0	0	0	0	0	0	0	0	0	0	0	0	0	0	0
15.001300243990473	0	0	0	0	0	0	0	0	0	0	0	0	0	0	0	0	0	0	0	0	0	0	0	0	0	0	0	0	0	0	0	0	0	0	0	0	0	0	0	0	0	0	0	0	0	0	0	0	0	0	0	0	0	0	0	0	0	0
20.000504104702493	0	0	0	0	0	0	0	0	0	0	0	0	0	0	0	0	0	0	0	0	0	0	0	0	0	0	0	0	0	0	0	0	0	0	0	0	0	0	0	0	0	0	0	0	0	0	0	0	0	0	0	0	0	0	0	0	0	0
25.000331348196642	0	0	0	0	0	0	0	234	0	0	0	0	0	0	0	0	0	0	0	0	0	0	0	0	0	0	0	0	0	0	0	0	0	0	0	0	0	0	0	0	0	0	0	0	0	0	0	0	0	0	0	0	0	0	0	0	0	0
30.000755895391077	0	0	0	0	0	0	0	1404	312	0	0	0	0	0	0	0	0	0	0	0	0	0	0	0	0	0	0	0	0	0	0	0	0	0	0	0	0	0	0	0	0	0	0	0	0	0	0	0	0	0	0	0	0	0	0	0	0	0
35.00016314898683	0	0	0	0	0	0	0	3744	988	112	53	0	0	0	0	0	0	0	0	0	0	0	0	0	0	0	0	0	0	0	0	0	0	0	0	0	0	0	0	0	0	0	0	0	0	0	0	0	0	0	0	0	0	0	0	0	0	0
40.00000984185362	0	0	0	0	0	0	0	8307	2600	1064	265	0	0	0	0	0	0	0	0	0	0	0	0	0	0	0	0	0	0	0	0	0	0	0	0	0	0	0	0	0	0	0	0	0	0	0	0	0	0	0	0	0	0	0	0	0	0	0
45.000018063168206	0	0	0	0	0	0	0	14274	4888	2576	1643	0	0	0	0	0	0	0	0	0	0	0	0	0	0	0	0	0	0	0	0	0	0	0	0	0	0	0	0	0	0	0	0	0	0	0	0	0	0	0	0	0	0	0	0	0	0	0
50.000271246992476	0	0	0	0	0	0	0	21528	7748	5544	3339	0	0	0	0	0	0	0	0	0	0	0	0	0	0	0	0	0	0	0	0	0	0	0	0	0	0	0	0	0	0	0	0	0	0	0	0	0	0	0	0	0	0	0	0	0	0	0
55.00017277232268	0	0	0	0	0	0	0	31941	11908	8344	6625	0	0	0	0	0	0	0	0	0	0	0	0	0	0	0	0	0	0	0	0	0	0	0	0	0	0	0	0	0	0	0	0	0	0	0	0	0	0	0	0	0	0	0	0	0	0	0
60.00003503959095	0	0	0	0	0	0	0	41769	15860	12096	9646	0	0	0	0	0	0	0	0	0	0	0	0	0	0	0	0	0	0	0	0	0	0	0	0	0	0	0	0	0	0	0	0	0	0	0	0	0	0	0	0	0	0	0	0	0	0	0
65.00013631516086	0	0	0	0	0	0	0	54288	20748	17472	14098	0	0	0	0	0	0	0	0	0	0	0	0	0	0	0	0	0	0	0	0	0	0	0	0	0	0	0	0	0	0	0	0	0	0	0	0	0	0	0	0	0	0	0	0	0	0	0
70.00004977486932	0	0	0	0	0	0	0	67977	26468	23184	19928	2872	0	0	0	0	0	0	0	0	0	0	0	0	0	0	0	0	0	0	0	0	0	0	0	0	0	0	0	0	0	0	0	0	0	0	0	0	0	0	0	0	0	0	0	0	0	0
75.0000819701418	0	0	0	0	0	0	0	82251	32448	29792	26076	11488	0	0	0	0	0	0	0	0	0	0	0	0	0	0	0	0	0	0	0	0	0	0	0	0	0	0	0	0	0	0	0	0	0	0	0	0	0	0	0	0	0	0	0	0	0	0
80.00016849229873	0	0	0	0	0	0	0	96642	39832	37184	32383	21181	0	0	0	0	0	0	0	0	0	0	0	0	0	0	0	0	0	0	0	0	0	0	0	0	0	0	0	0	0	0	0	0	0	0	0	0	0	0	0	0	0	0	0	0	0	0
85.00009691202311	0	0	0	0	0	0	0	114660	46384	45136	39697	37695	0	0	0	0	0	0	0	0	0	0	0	0	0	0	0	0	0	0	0	0	0	0	0	0	0	0	0	0	0	0	0	0	0	0	0	0	0	0	0	0	0	0	0	0	0	0
90.00018634638815	0	0	0	0	0	0	0	134784	55068	52752	47117	62825	0	0	0	0	0	0	0	0	0	0	0	0	0	0	0	0	0	0	0	0	0	0	0	0	0	0	0	0	0	0	0	0	0	0	0	0	0	0	0	0	0	0	0	0	0	0
95.00053165682891	0	0	0	0	0	0	0	155727	63076	61600	55438	91904	0	0	0	0	0	0	0	0	0	0	0	0	0	0	0	0	0	0	0	0	0	0	0	0	0	0	0	0	0	0	0	0	0	0	0	0	0	0	0	0	0	0	0	0	0	0
100.000028949478	0	0	0	0	0	0	0	175968	72956	72016	64077	129958	0	0	0	0	0	0	0	0	0	0	0	0	0	0	0	0	0	0	0	0	0	0	0	0	0	0	0	0	0	0	0	0	0	0	0	0	0	0	0	0	0	0	0	0	0	0
105.00029032862707	0	0	0	0	0	0	0	200187	82992	82600	73723	172679	0	0	0	0	0	0	0	0	0	0	0	0	0	0	0	0	0	0	0	0	0	0	0	0	0	0	0	0	0	0	0	0	0	0	0	0	0	0	0	0	0	0	0	0	0	0
110.0002087035061	0	0	0	0	0	0	0	225459	94744	94472	84164	218990	0	0	0	0	0	0	0	0	0	0	0	0	0	0	0	0	0	0	0	0	0	0	0	0	0	0	0	0	0	0	0	0	0	0	0	0	0	0	0	0	0	0	0	0	0	0
115.00035118383745	0	0	0	0	0	0	0	251901	106652	106232	95718	268891	0	0	0	0	0	0	0	0	0	0	0	0	0	0	0	0	0	0	0	0	0	0	0	0	0	0	0	0	0	0	0	0	0	0	0	0	0	0	0	0	0	0	0	0	0	0
120.00000544528253	0	0	0	0	0	0	0	280332	119756	119056	107643	319869	0	0	0	0	0	0	0	0	0	0	0	0	0	0	0	0	0	0	0	0	0	0	0	0	0	0	0	0	0	0	0	0	0	0	0	0	0	0	0	0	0	0	0	0	0	0
125.00010598462121	0	0	0	0	0	0	0	309582	132444	131880	120469	373719	0	0	0	0	0	0	0	0	0	0	0	0	0	0	0	0	0	0	0	0	0	0	0	0	0	0	0	0	0	0	0	0	0	0	0	0	0	0	0	0	0	0	0	0	0	0
130.00019356502355	0	0	0	0	0	4415	0	340353	147004	146160	132818	433313	0	0	0	0	0	0	0	0	0	0	0	0	0	0	0	0	0	0	0	0	0	0	0	0	0	0	0	0	0	0	0	0	0	0	0	0	0	0	0	0	0	0	0	0	0	0
135.00004231320207	0	0	0	0	0	26490	0	372996	161512	161560	147181	498292	126	0	0	0	0	0	0	0	0	0	0	0	0	0	0	0	0	0	0	0	0	0	0	0	0	0	0	0	0	0	0	0	0	0	0	0	0	0	0	0	0	0	0	0	0	0
140.0000371108064	0	0	0	0	0	62693	0	405522	176228	176456	161862	575477	714	258	0	0	0	0	0	0	0	0	0	0	0	0	0	0	0	0	0	0	0	0	0	0	0	0	0	0	0	0	0	0	0	0	0	0	0	0	0	0	0	0	0	0	0	0
145.0000755760839	0	0	0	0	0	105960	0	438984	190944	191688	176649	650867	2520	1290	0	0	0	0	0	0	0	0	0	0	0	0	0	0	0	0	0	0	0	0	0	0	0	0	0	0	0	0	0	0	0	0	0	0	0	0	0	0	0	0	0	0	0	0
150.00005020908893	0	0	0	0	0	166887	0	473031	206440	207816	191489	730565	4620	4214	0	0	0	0	0	0	0	0	0	0	0	0	0	0	0	0	0	0	0	0	0	0	0	0	0	0	0	0	0	0	0	0	0	0	0	0	0	0	0	0	0	0	0	0
155.00004158115823	0	0	0	0	0	237527	0	511056	221676	225400	207707	818879	7644	8170	0	0	0	0	0	0	0	0	0	0	0	0	0	0	0	0	0	0	0	0	0	0	0	0	0	0	0	0	0	0	0	0	0	0	0	0	0	0	0	0	0	0	0	0
160.00001971054485	0	0	0	0	0	320529	0	551304	238784	241976	224879	908988	11550	13846	0	0	0	0	0	0	0	0	0	0	0	0	0	0	0	0	0	0	0	0	0	0	0	0	0	0	0	0	0	0	0	0	0	0	0	0	0	0	0	0	0	0	0	0
165.00003319364572	0	0	0	0	0	427372	0	590733	256100	259896	242051	1001969	16926	23048	718	0	0	0	0	0	0	0	0	0	0	0	0	0	0	0	0	0	0	0	0	0	0	0	0	0	0	0	0	0	0	0	0	0	0	0	0	0	0	0	0	0	0	0
170.00002295625382	0	0	0	0	0	529800	0	632970	274768	278768	260548	1110746	23016	33626	3590	51	0	0	0	0	0	0	0	0	0	0	0	0	0	0	0	0	0	0	0	0	0	0	0	0	0	0	0	0	0	0	0	0	0	0	0	0	0	0	0	0	0	0
175.0000064604099	0	0	0	0	0	658718	0	677430	293748	297024	280635	1213779	29148	44462	12924	153	116	86	0	48	0	0	0	0	0	0	0	0	0	0	0	0	0	0	0	0	0	0	0	0	0	0	0	0	0	0	0	0	0	0	0	0	0	0	0	0	0	0
180.00000720572837	0	0	0	0	0	793817	0	720603	313404	318248	300033	1315017	37128	58050	29438	816	493	516	0	336	66	0	0	0	0	0	0	0	0	0	0	0	0	0	0	0	0	0	0	0	0	0	0	0	0	0	0	0	0	0	0	0	0	0	0	0	0	0
185.00000705090332	0	0	0	0	0	926267	0	767637	332332	339360	319325	1431333	44940	73014	56004	1989	1160	2580	394	1584	1584	0	0	0	0	0	0	0	0	0	0	0	0	0	0	0	0	0	0	0	0	0	0	0	0	0	0	0	0	0	0	0	0	0	0	0	0	0
190.00000376280812	0	0	0	0	0	1092271	0	816660	352352	360360	339995	1535802	53382	88408	92263	3672	1798	6278	4925	4128	4092	1160	0	596	304	121	0	0	0	0	0	0	0	0	0	0	0	0	0	0	0	0	0	0	0	0	0	0	0	0	0	0	0	0	0	0	0	0
195.00000874705108	0	0	0	0	0	1274169	0	865917	371072	380184	358333	1652118	62328	104576	138215	5202	2233	10836	12805	7392	7986	3944	0	2980	2432	1452	0	0	0	0	0	0	0	0	0	0	0	0	0	0	0	0	0	0	0	0	0	0	0	0	0	0	0	0	0	0	0	0
200.0000314810803	0	0	0	0	0	1450769	0	907920	386568	398160	375293	1784230	70308	121432	187398	7140	3190	14534	26989	10992	12408	12760	0	9387	6840	4477	0	224	70	89	0	0	0	0	0	0	0	0	0	0	0	0	0	0	0	0	0	0	0	0	0	0	0	0	0	0	0	0
205.00001462776626	0	0	0	0	0	1621188	0	948753	401856	412944	390822	1909521	77280	136654	245197	9333	4379	18748	39794	14736	17556	25288	0	16986	14592	10769	0	1568	280	178	135	0	0	0	0	0	0	0	0	0	0	0	0	0	0	0	0	0	0	0	0	0	0	0	0	0	0	0
210.00001772019172	0	0	0	0	0	1818097	0	985140	414544	426720	404284	2040556	83496	149640	312689	11322	5307	24510	55160	19248	23694	43616	0	25628	23256	17787	0	4368	1400	1335	405	0	0	0	0	0	0	0	0	0	0	0	0	0	0	0	0	0	0	0	0	0	0	0	0	0	0	0
215.00000016951915	0	0	0	0	0	2035315	0	1012986	426244	439656	417163	2166206	90258	162540	386643	13056	6467	30014	71314	23712	30096	64264	0	36952	34048	27346	0	8288	4200	4539	1080	0	0	102	0	0	0	0	0	0	0	0	0	0	0	0	0	0	0	0	0	0	0	0	0	0	0	0
220.00001074126297	0	0	0	0	0	2234873	0	1041534	438412	451024	428664	2272470	97020	175010	448750	15351	7337	36292	92984	28464	36828	82592	0	49915	44232	38357	566	15344	7210	7743	3105	0	0	306	140	159	0	37	0	0	0	0	0	0	0	0	0	0	0	0	0	0	0	0	0	0	0	0
225.0000029301129	0	0	0	0	0	2458272	0	1066806	448916	460880	438734	2365092	102144	186878	504754	17136	8091	42570	111896	32544	43494	106256	0	64219	57304	52756	2264	24976	11970	13617	5670	0	826	918	490	371	0	148	84	0	0	0	0	0	0	0	0	0	0	0	0	0	0	0	0	0	0	0
230.0000029517952	0	0	0	0	0	2721406	0	1089387	458120	471632	449175	2454124	107478	198488	560399	18972	9164	47988	133172	37008	48378	132704	0	79566	72200	65582	16414	34048	17080	20292	13095	0	2242	1734	1120	848	0	407	252	0	0	0	0	0	0	0	0	0	0	0	0	0	0	0	0	0	0	0
235.00000119373263	0	0	0	0	0	2997785	0	1114074	466648	480928	457920	2527360	113190	210184	614608	21675	9889	52374	152281	40608	54054	158456	0	94913	88008	80344	37922	43904	23100	26789	22950	0	4720	3162	2170	1696	0	481	756	178	133	202	260	0	0	0	0	0	0	0	0	0	0	0	0	0	0	0
240.00000150565774	0	0	0	0	0	3271515	0	1137240	474864	488768	468573	2600955	118440	220762	665945	23358	10817	56158	171784	44736	59268	188384	0	110558	103056	92807	71316	56336	30590	34799	33210	0	9912	6018	4620	3710	900	925	1428	1157	399	707	390	0	0	0	0	0	0	0	0	0	0	0	0	0	0	0
245.00000228882914	0	0	0	0	0	3555841	0	1156311	483392	496048	476682	2660549	123354	232028	701127	25398	11629	59770	189711	49104	65340	210888	0	123521	116280	104907	110936	70672	38500	44322	46440	1408	17582	12240	9730	6360	3600	1813	2268	2225	2261	2121	1040	0	0	0	0	0	0	0	0	0	0	0	0	0	0	0
250.0000012818478	0	0	0	0	0	3816326	0	1175382	491088	503328	484049	2722656	128268	240628	747797	27183	12470	64586	205274	53376	70686	231304	0	134398	128744	117370	160744	82880	44940	53934	62370	4928	25606	19584	14700	10176	7800	3663	5124	4183	3857	3636	2080	0	0	0	0	0	0	0	0	0	0	0	0	0	0	0
255.00000095212155	0	0	0	0	0	4073279	0	1192230	497536	510328	490992	2773993	132972	248368	790518	29019	13717	69144	223201	56880	76626	249400	0	144679	141816	128018	211118	93520	51940	63724	78840	8448	38232	26418	20860	14416	17700	5772	10584	7654	7315	6767	3250	0	614	0	196	0	0	0	0	0	0	0	0	0	0	0
260.00000734873294	0	0	0	0	0	4276369	0	1208961	504088	517216	497087	2829279	137718	257398	837906	30651	14471	73358	237582	60192	82170	268424	0	154513	153824	137819	274510	105056	58520	74493	94365	16192	50740	36720	26460	19345	33600	8288	15120	11659	12635	11110	7540	0	2456	345	392	0	0	0	0	0	0	0	0	0	0	0
265.00000017257184	0	0	0	0	0	4453852	0	1222182	510640	522536	503023	2869487	141666	264966	874524	32283	15312	77572	253342	63648	87120	291392	0	168370	164312	148225	330544	115472	65590	82681	106650	36608	61478	48450	32760	24168	56100	10915	22512	16554	19684	16564	13390	537	6140	1380	588	0	138	0	0	0	0	0	0	0	0	0
270.000001186366	0	0	0	0	0	4624271	0	1234818	515372	527632	508906	2910054	145698	272706	914732	33864	16124	80668	267723	67296	91542	310880	0	179843	177992	159236	410916	125440	71540	91314	120555	80960	74222	58752	39270	29362	77100	13690	29400	23496	28861	22523	20410	1611	11359	8625	1372	0	1242	0	0	0	0	0	0	0	0	0
275.00000228238116	0	0	0	0	0	4789392	0	1246635	520780	532112	513888	2943441	149604	279586	945247	35292	16965	85398	283680	70512	96888	329904	0	189975	190608	168553	466384	135632	77280	101193	133110	135872	84842	68646	46340	33390	98700	16687	37212	31684	38703	30603	28600	4296	18113	13110	1568	0	2622	1764	0	0	0	0	0	0	0	0
280.00000207398557	0	0	0	0	0	4926257	0	1260324	525668	537544	518817	2983649	153426	286380	975044	36873	17835	88580	296288	73488	102102	346144	0	200107	202008	179806	517890	146384	82810	110271	144180	200640	94046	78438	53270	37948	125400	19610	45024	39427	48013	39289	38220	9666	26095	22080	2352	0	4140	3920	0	0	0	0	0	0	0	0
285.00000261672943	0	0	0	0	0	5055175	0	1270854	530712	541856	523587	3012369	156366	291454	1006995	37995	18560	92536	310275	76608	106458	364936	0	210537	213864	190575	559774	158816	88830	118548	156600	275968	105256	88536	59500	42294	153300	22237	51324	45657	60515	46056	48490	17184	36840	28290	2744	0	6624	6272	0	0	0	0	0	0	0	0
290.00000133317457	0	0	0	0	0	5171731	0	1282203	535860	546728	528357	3041089	160230	296614	1029971	39372	19198	96320	324065	79248	111936	383728	0	222606	224656	201586	606186	167888	94080	126113	171855	368192	115522	96594	65660	47435	177900	24642	57120	52955	69293	52823	58760	38664	52804	41745	4900	0	8970	9604	0	0	0	0	0	0	0	0
295.0000013792881	0	0	0	0	0	5282989	0	1291914	540020	550984	533339	3072322	163758	302032	1058691	40545	19923	99588	338446	82320	116820	402520	0	234675	238792	209814	652032	178640	101010	135013	183465	435072	125080	106284	72170	51781	201900	26751	63000	59363	79800	58681	68770	62829	73066	61410	7252	0	12972	14112	0	0	0	0	0	0	0	0
300.00000145513985	0	0	0	0	0	5378353	0	1301508	543816	554736	537420	3096734	167370	307880	1079872	41565	20503	103458	349281	85056	121110	420152	0	244658	250800	220220	705236	188608	106680	143824	192240	519552	136644	114444	77630	55915	225000	29082	70392	64436	89775	65448	77480	97734	99775	82455	8820	794	17526	20972	0	0	0	67	89	0	0	0
305.0000003306916	0	0	0	0	0	5472834	0	1310634	547716	558712	540653	3118274	170688	313728	1101412	43095	21286	106468	363268	87744	126060	441960	0	256280	263720	230989	755044	198912	112630	150855	203850	600512	146202	123318	83440	60049	250200	32227	75012	70399	100149	71710	86710	129954	129247	101085	11172	4764	22218	28224	747	0	0	67	89	0	0	0
310.0000005297415	0	0	0	0	0	5545240	0	1318239	551252	562184	543780	3138019	173418	318802	1118285	44268	22011	108962	376270	90336	130614	460984	0	267753	277248	240185	798626	208208	118020	159755	218565	692032	159182	132498	89250	63441	273900	34373	79968	75472	106134	77568	95420	168618	154114	123165	14112	8734	28704	36456	2241	0	0	469	89	143	0	0
315.0000013540248	0	0	0	0	0	5606167	0	1324674	555308	565600	546642	3157046	176526	324392	1138030	45543	22736	111370	388878	93456	135366	478616	0	279822	289408	250107	851830	217728	122850	167943	230850	768064	170628	141474	96600	68158	317100	37185	85932	81791	115045	84537	102180	211041	180209	154560	19012	12704	35604	43904	5229	0	0	1139	712	286	0	49
320.0000013835444	0	0	0	0	0	5670626	0	1331226	558740	568624	549875	3173919	179718	330928	1156339	47379	23374	114208	401289	96576	140580	495320	0	291444	301568	257972	903336	225344	127400	174618	240840	830720	181366	150450	103250	72875	347400	40034	91644	88110	124355	91506	110370	249705	210602	190440	21560	15086	42090	50960	14940	0	0	1943	1157	715	0	98
325.0000009060636	0	0	0	0	0	5739500	0	1338597	562068	571536	552525	3188638	182154	335572	1177520	48705	24012	117046	410942	99024	145662	511328	0	299192	312208	266442	945786	233856	132650	181026	250560	913088	191750	160140	110110	78069	376800	42957	96936	94429	133532	97263	119210	288369	238539	217695	25872	19056	49956	60760	26145	0	0	2814	2047	1430	0	196
330.0000009886182	0	0	0	0	0	5795129	0	1343277	564512	574728	555175	3201203	185220	339958	1196188	49470	24795	119798	423550	100800	149622	527800	0	309026	326800	274549	997858	242816	136570	187434	262035	983488	202016	170544	116270	81885	405600	45917	104748	102439	142310	105444	127790	329718	258494	253230	29988	26996	57132	71344	43326	0	553	3953	3916	3003	0	294
335.00000161645835	0	0	0	0	0	5853407	0	1349478	567268	577248	557454	3216640	187992	345032	1210907	50388	25578	122292	435567	102912	154572	546592	0	315582	338200	282535	1043704	249872	140980	194109	272025	1067968	212046	176970	121380	86708	432300	49099	112644	110004	151221	113120	135460	362475	281212	285315	34104	32554	66516	80752	57519	0	4424	4891	4806	5148	0	686
340.00001062946893	0	0	0	0	0	5908153	0	1356030	569712	579824	559945	3232077	190848	350278	1226703	51612	26187	124356	444629	104640	158862	562600	0	324522	348384	292336	1093512	256704	145530	200250	282825	1137664	220306	185436	126560	90630	459600	51430	120288	116323	161196	119382	143910	397380	309763	316710	38416	43670	75624	89768	73953	0	8295	6298	6319	8294	0	1225
345.0000012707965	0	0	0	0	0	5953186	0	1361295	571948	582176	561959	3247155	192738	353976	1243576	52428	26738	126850	454282	106896	162492	576984	0	334207	360392	300806	1132000	264096	149520	206302	293220	1215808	229392	193392	132300	94340	483000	53428	128268	122998	170107	126755	154570	433896	332481	342930	41552	53198	83076	102704	103086	0	18249	8442	9523	10582	1172	2205
350.0000062809133	0	0	0	0	0	5999985	0	1365390	574080	584192	564291	3259720	195006	357846	1260449	53448	27492	129516	463541	108960	165990	593920	0	343445	370120	310365	1172752	270704	154070	212443	302265	1292544	239068	201552	136500	98580	507300	56351	135156	129762	178220	132916	164320	471486	351822	368805	45276	69078	91080	111720	132219	0	27097	10653	12015	14157	2930	3087
355.0000002737863	0	0	0	0	0	6048550	0	1369953	575900	586600	566835	3273362	197064	361716	1274450	54672	28217	132354	474179	110976	169488	611088	0	349107	380456	317504	1211240	278992	158690	218673	310770	1365760	245912	207570	141750	101919	533100	58830	140616	136170	187796	137865	173810	516057	376689	396750	49196	80988	97290	123480	165087	0	38157	12864	13973	17017	8204	4312
360.000002173344	0	0	0	0	0	6094466	0	1375686	577564	588392	568849	3283414	199710	365242	1287374	55692	29000	134504	483241	113232	173514	625704	0	357004	390184	325369	1253124	285376	163310	225882	319815	1438272	253582	217158	146580	105205	563400	60680	147420	141332	196574	143925	181090	560091	403705	424695	53900	96074	103638	133868	192726	2636	50323	15477	16465	20449	15236	5733
365.0000012693824	0	0	0	0	0	6129786	0	1380717	579540	590352	570916	3293825	202356	368166	1303529	56508	29609	136826	493879	114960	177606	637536	0	363709	399152	331903	1292178	293216	168140	231845	328050	1517120	259836	225522	150920	108385	588600	63159	153888	146049	204155	150389	187590	603051	429493	456780	57232	107190	111780	144060	239040	6590	61383	18090	18957	25168	25198	6909
370.0000000649043	0	0	0	0	0	6166872	0	1386333	581308	592312	573354	3301005	204078	371004	1316812	58089	30218	139664	500971	117216	181302	650992	0	371606	406752	337711	1332930	299936	172620	237719	340200	1588928	268096	231744	156030	112042	613200	65453	159684	151478	213465	156550	194870	637419	455895	486795	61740	124658	117852	155232	278631	27678	74655	21373	21805	28171	35160	8085
375.0000105031303	0	0	0	0	0	6201309	0	1391247	583076	594104	574997	3313570	205884	373928	1327223	59160	30740	141814	511412	119760	185460	665144	0	376970	416632	344124	1373682	308224	177450	242703	348705	1654400	276946	238782	159880	115116	635700	67562	165480	156818	221711	160388	200850	675009	487823	521295	64092	138156	127098	164444	323451	47448	89033	23986	25543	34177	47466	9212
380.0000009667376	0	0	0	0	0	6235746	0	1394055	584948	595448	577117	3321109	208488	376680	1337634	60129	31001	143792	520671	121440	190410	674192	0	382781	426816	350053	1411038	315392	182420	247420	357075	1721984	285206	245514	164990	118667	658200	70485	171780	161090	230489	164529	207610	719580	515453	556485	67424	152448	133722	175028	377982	79080	112259	27604	28035	39039	60944	10780
385.00000195551956	0	0	0	0	0	6268417	0	1397448	586924	596736	578813	3329007	210924	379432	1348045	60792	31407	145598	529733	123360	193710	690432	0	388443	437000	356224	1448394	321440	185290	253027	365310	1776896	294882	252042	169260	122430	678300	72631	177576	166252	237405	168872	214630	773817	541548	589260	71344	165946	142140	185612	417573	104122	134379	31758	32307	46904	78524	12789
390.00000849732214	0	0	0	0	0	6299322	0	1401660	588276	598136	580721	3337264	212478	382184	1359174	61710	31929	147920	539189	125232	197340	702728	0	394254	446576	363000	1481788	329392	189210	257744	372735	1848000	301608	258468	172690	126352	701100	74888	183288	171503	245252	174932	222430	814629	568564	614445	73892	178650	150282	199724	467622	144980	160370	34974	35511	53053	99034	14896
395.0000023006874	0	0	0	0	0	6323163	0	1405170	589264	599872	582099	3343008	214242	386656	1367790	62577	32277	149984	547069	127104	201498	713864	0	399767	452960	368687	1510088	335552	192780	262728	380430	1916288	308570	265098	176680	129373	727800	77478	188664	177110	254296	180790	228930	852219	595887	644805	78988	190560	155940	210700	515430	189792	188020	38324	40495	59774	110754	17052
400.0000070219847	0	0	0	0	0	6342589	0	1408095	590876	601048	583477	3350547	216426	388892	1374970	63342	32828	151618	556525	128352	205194	727320	0	405280	465576	374011	1545746	341152	196280	267178	387450	1976832	317302	271218	180740	133083	751800	79587	194796	183696	262143	187658	236730	888735	618298	672405	83692	202470	164634	221284	554274	231968	211799	42009	44767	64779	128334	18718
405.0000003940023	0	0	0	0	0	6371728	0	1410552	592072	602280	584802	3358804	218358	390870	1383586	64107	33176	153854	563814	130320	209022	739616	0	410197	474544	380787	1578574	346080	199290	271806	393390	2045824	323556	276726	185080	136369	771900	82325	201180	188413	269990	193011	244920	918270	642551	707250	89180	211204	173190	230496	608058	288642	242767	45359	48772	71786	145914	20825
410.00000042864957	0	0	0	0	0	6395569	0	1412541	592852	603232	585968	3366343	220416	393536	1388253	64974	33553	155488	571497	131664	212652	752144	0	414816	483208	385627	1610270	353248	202440	276345	400275	2113408	330400	283662	188580	139814	795600	84730	206556	192863	277305	198061	252720	950490	672944	743475	92120	221526	181470	241668	671553	353224	264887	49580	53044	79794	165252	23275
415.00000084573514	0	0	0	0	0	6415878	0	1414530	594048	604520	587505	3370292	222222	395428	1394356	65535	33901	157294	577998	133152	216150	765600	0	421521	493240	391314	1632910	358848	206150	281863	406755	2177472	338306	289986	192920	142941	818700	87135	213192	197491	283290	204121	259610	982710	696890	779355	96628	231848	187956	254408	731313	430986	301938	53600	58384	85371	192208	25529
420.00000173396074	0	0	0	0	0	6437953	0	1417338	595192	606144	588936	3374241	224196	397664	1403690	66453	34162	159444	583908	134832	219252	777896	0	425693	501904	397001	1668002	367024	209580	287292	414045	2239424	345386	297228	196140	146333	837000	89318	219492	200873	291004	209070	266890	1019226	723906	809715	100352	243758	195684	264992	794808	500840	326270	56816	63279	91234	217406	27832
425.00000273943544	0	0	0	0	0	6459145	0	1420497	596336	607432	590208	3379267	226380	400244	1413383	67269	34597	160992	590803	136272	223146	790656	0	432249	510416	400994	1698566	372064	213150	292276	422145	2298560	353174	303144	200340	149566	857400	91686	226380	205590	298053	214423	274170	1049835	746931	840765	105448	257256	203412	275184	850833	572012	358897	60434	68441	98241	255496	29890
430.0000004688982	0	0	0	0	0	6476805	0	1423539	597688	608440	591321	3384652	228270	401964	1426307	67881	35177	162798	598289	137808	227040	800632	0	436868	518168	405592	1727432	379120	215950	297527	429570	2349248	360018	309162	204120	152852	878400	93758	231336	209328	304437	219978	280930	1082592	774868	871470	109368	277106	211554	284004	912087	659000	380464	66263	74493	105248	284210	32634
435.0000047629911	0	0	0	0	0	6492699	0	1426347	598676	609504	592487	3389678	230328	404028	1437795	68442	35757	165206	606760	139248	230538	812000	0	443275	524400	410553	1759128	385504	219660	302778	438615	2419648	366980	314262	208880	156827	898200	95645	235704	212621	310821	224523	287690	1122330	800963	901485	111916	287428	217764	296352	968859	740716	406455	72226	78854	113113	317026	35966
440.00000196678343	0	0	0	0	0	6518306	0	1429272	599768	611184	593229	3393627	231588	406006	1447847	69258	36076	167442	615034	140640	234102	821976	0	448490	533824	416119	1791956	390768	222810	307495	445635	2469632	375004	320586	214200	159848	923100	97643	240912	216448	317870	229775	294190	1160457	826751	931845	115444	298544	224250	307328	1033848	814524	427469	77452	83838	119262	341052	38171
445.00000253651507	0	0	0	0	0	6537732	0	1431495	600392	612360	594130	3397217	233772	407382	1457540	70329	36395	169678	621732	141792	237600	832184	0	452960	542032	420838	1825350	396816	226170	312479	452655	2523136	383382	327624	218680	163346	941700	99493	246204	220720	323988	234724	300690	1187844	853153	961170	119560	315218	230598	314580	1095102	910738	457331	82812	88021	126555	370938	40523
450.00000156086736	0	0	0	0	0	6556275	0	1434420	601432	613144	594660	3401525	235410	409790	1467592	70839	36859	171484	630400	142800	240768	841696	0	458175	550088	424831	1854782	400736	229110	315683	460485	2580160	391760	334152	221830	166897	960300	101491	250992	224636	330106	239976	306930	1222749	886309	996360	124460	327128	238602	325948	1157103	988500	493276	86899	92115	132990	404340	43512
455.00000309453696	0	0	0	0	0	6568637	0	1437228	603044	613816	595296	3404397	237090	412026	1477285	71910	37265	173376	638477	144240	244068	852136	0	464433	559816	429671	1874592	406112	232190	319510	467505	2643520	398132	340578	225330	169812	977100	103415	256620	228730	336224	244824	315380	1259802	926526	1031895	129360	335862	245226	337120	1220598	1086032	522585	91589	96832	140140	431296	46305
460.00000078579706	0	0	0	0	0	6590712	0	1438632	604240	614376	596250	3407628	239232	414348	1485901	72777	37671	174752	647933	145152	247698	860024	0	468605	568936	434753	1902326	410704	235060	324494	474255	2701952	405330	347514	229110	173628	998100	105265	261324	232913	342342	249470	321490	1297392	954463	1074330	133084	346978	252402	347312	1284840	1165112	551894	96413	101727	146289	465870	48902
465.0000062323695	0	0	0	0	0	6607489	0	1440855	605072	615272	597310	3411936	240786	415638	1493799	73593	38106	176472	656207	146640	250272	873480	0	472181	576080	439109	1928362	415856	238560	329122	480060	2756160	413708	352512	232820	176861	1016400	107707	266112	237541	349524	254318	327340	1330686	986698	1112625	137200	358094	259440	357896	1347588	1253418	593922	101974	106533	153868	503960	51254
470.00000302032277	0	0	0	0	0	6622500	0	1442259	605800	616504	598423	3413731	242214	417702	1504569	74103	38367	178364	660541	148032	254628	884152	0	478439	585656	444312	1953266	419888	241360	333305	487890	2808256	420552	358224	237160	179087	1036200	109631	269892	242614	354711	258055	334490	1354314	1015556	1154370	141904	369210	268410	367696	1420794	1335134	621572	107468	111072	160589	534432	54145
475.00000030358285	0	0	0	0	0	6633979	0	1444131	606840	617456	599377	3417321	243558	419938	1512826	74562	38802	180170	666845	149472	257994	895984	0	482164	593712	449515	1976472	425600	244160	336598	493290	2865280	426806	363528	239960	182055	1053900	111592	273756	245551	359765	263509	339950	1389756	1049326	1193355	145628	375562	276828	378672	1486530	1424758	653093	113230	114721	169026	563146	57281
480.00000184328815	0	0	0	0	0	6653405	0	1446822	607672	618240	600172	3420193	245742	421744	1518929	75123	39266	181288	675119	151632	261756	905032	0	487528	601312	453508	2003640	429296	246610	340425	499905	2920192	433650	369240	243460	184758	1075500	114071	278376	249378	365617	267145	347100	1416606	1078491	1233375	151508	381120	283866	389844	1545543	1515700	679637	118523	118548	175890	595376	59976
485.0000025505778	0	0	0	0	0	6668416	0	1448811	608296	619080	600967	3424501	247464	424324	1527186	75582	39875	182664	680832	152928	264990	915472	0	492743	606936	459074	2025714	434336	250110	344875	508005	2968064	439786	374850	246750	187779	1093800	115884	283500	253561	373464	272498	353730	1446141	1107349	1274085	156800	389060	289386	401996	1619496	1625094	704522	124285	122909	183898	624090	62230
490.0000061873404	0	0	0	0	0	6687842	0	1451034	609024	619640	601656	3428091	248808	425786	1534007	76143	40252	183954	689106	153744	268884	926144	0	496319	616056	463551	2051750	439488	252490	349948	513000	3018752	446158	379746	250530	190164	1110000	118030	288204	257121	381311	276033	358930	1478361	1142347	1317555	159936	397000	296976	411600	1693449	1710764	725536	129578	127270	193622	655148	64582
495.0000027837134	0	0	0	0	0	6707268	0	1453140	609960	620312	602451	3430963	250320	426904	1541187	77163	40919	185502	694622	154608	272844	936816	0	501385	623352	468149	2078352	442736	254800	354131	519750	3071552	452058	383928	253470	193291	1130400	119658	293244	262372	387296	280679	364910	1510581	1174275	1359300	163856	407322	302358	422968	1766655	1809614	758716	135072	132165	199485	685034	67179
500.0000093753137	0	0	0	0	0	6724045	0	1454778	610584	620928	603352	3434553	252294	428710	1548726	77673	41354	186878	701517	156192	276738	947488	0	505408	631104	472142	2103822	446768	258580	357869	525690	3128576	458666	388518	256550	196365	1148100	121471	298368	266288	393680	285830	370500	1539042	1204054	1404495	168364	415262	310776	435708	1843596	1903192	789684	140700	136793	207779	716092	69972
505.00000696914896	0	0	0	0	0	6738173	0	1456767	611676	621488	604147	3437425	254058	431290	1553752	78285	41905	188082	706836	157536	280434	957928	0	509878	638096	477103	2130424	451472	260680	362052	532980	3183488	464920	394332	260400	198962	1168200	122951	302736	270293	399133	290779	377000	1565355	1234140	1439340	172676	428760	317814	445900	1928754	1986226	818440	146797	141154	213785	743048	72618
510.00001392442766	0	0	0	0	0	6747003	0	1458171	612248	622104	605207	3441733	254940	432322	1559496	79254	42398	189458	714716	158976	284196	969296	0	513305	645696	480854	2150234	457296	263060	366057	537165	3240512	472236	400350	264040	201612	1185300	124579	307776	273942	404985	295122	382720	1588983	1262998	1479705	178164	443846	325818	458444	2001960	2103528	844984	152894	145337	220506	778794	75166
515.0000028854287	0	0	0	0	0	6759365	0	1460511	612820	622832	606214	3445323	256746	433870	1567753	79713	42920	191866	720429	160032	287628	977880	0	517179	655120	484242	2172874	461440	265930	369439	544050	3296832	478844	404124	268100	203944	1203300	126281	311640	277502	411768	299162	388700	1616370	1292163	1522830	183652	451786	334512	468832	2089359	2189198	878717	159259	150054	229372	812196	77175
520.0000035700425	0	0	0	0	0	6770844	0	1461798	613184	623672	606585	3448554	257838	435762	1577805	80325	43297	193070	724960	161088	291984	986464	0	520457	664240	489808	2193250	465920	268940	372910	548775	3351040	483800	409020	271530	206276	1220400	127946	316176	281418	417354	303303	395200	1648053	1320714	1565955	188356	462108	340722	480788	2164059	2303864	908579	166093	154415	237380	846184	79331
525.0000071996632	0	0	0	0	0	6784089	0	1463085	613756	624512	607380	3450349	259308	437482	1584267	80886	43703	194876	730082	162192	295746	997368	0	524331	671536	494043	2215890	471184	272020	376381	554850	3401024	488992	414018	275030	208502	1235100	130018	321468	285512	423738	307747	401440	1681347	1348344	1610805	193452	467666	349692	490980	2241000	2425120	940100	171922	160556	244959	876656	81340
530.0000053128305	0	0	0	0	0	6797334	0	1464489	614224	625240	608016	3452503	260652	438858	1589293	81396	44109	196080	736583	163056	300102	1010128	0	527907	679592	497915	2237964	476448	275030	381365	560655	3452416	494184	420036	278530	211417	1250400	131868	325752	288271	428659	312090	407160	1710882	1378430	1655310	198548	475606	357558	500780	2326905	2537150	973833	180096	164917	252824	900096	84182
535.0000028082711	0	0	0	0	0	6808813	0	1466127	615004	625968	608546	3453580	262122	440234	1592524	81855	44573	197972	741508	163728	303996	1019872	0	531632	687952	502755	2260038	480928	277970	385370	567405	3505920	499140	424524	282450	213643	1267500	133755	330708	293077	434245	316231	410930	1740417	1410358	1698090	202468	481958	366390	513520	2406087	2646544	1009778	186863	167765	259545	924122	87612
540.0000063703138	0	0	0	0	0	6815877	0	1467531	615576	626416	609129	3457529	263634	441610	1597909	82518	44979	199004	748009	164688	308154	1032864	0	535655	695400	506627	2280980	484288	280630	390087	574155	3553088	503978	430338	285530	215710	1287900	135420	336168	296014	440762	319968	415740	1765119	1439830	1741215	206388	491486	373566	524888	2491245	2771754	1049041	194032	173194	269841	955180	90307
545.0000147560309	0	0	0	0	0	6824707	0	1468935	616304	626864	609871	3460401	264726	443158	1603294	82875	45356	200380	753919	166128	311388	1043304	0	539678	701784	510741	2305318	488544	283080	393914	580500	3602368	510114	434520	288610	218413	1307100	137122	341376	298773	445151	324513	421330	1793580	1474521	1778475	213836	501808	381156	539000	2569680	2873240	1084433	200866	177377	277706	989754	93541
550.0000213180724	0	0	0	0	0	6837069	0	1470456	617188	627256	610560	3461478	266112	444878	1606525	83283	45704	201584	759041	166992	314952	1050496	0	543254	709992	515944	2326260	493696	286230	398364	584955	3644608	515778	440640	291550	220957	1322400	139009	345156	301532	449274	328654	426790	1822578	1502458	1827120	218344	512130	388056	549584	2661561	2987906	1117060	207700	182717	284856	1016710	96138
555.0000013901314	0	0	0	0	0	6850314	0	1472328	617656	627648	611196	3462555	267288	445910	1611551	83895	45965	202702	765148	168048	317922	1061400	0	547128	718808	520421	2347768	498624	288610	401924	591570	3681920	522504	445740	295330	223766	1339200	140415	350532	305982	454328	331886	431730	1846206	1536228	1872660	223440	521658	394680	558796	2770623	3115752	1144710	215137	186633	289861	1047768	99127
560.0000021583218	0	0	0	0	0	6862676	0	1473264	618176	628264	611885	3463273	268800	446856	1616577	84354	46313	204164	771058	168720	321156	1071840	0	550853	726560	524656	2367012	502656	291760	405484	597780	3738944	526634	451452	298200	226628	1358400	141969	355572	309453	460446	336229	436540	1871445	1566314	1909920	226772	525628	401028	570360	2843082	3225146	1181208	223110	191795	297011	1079412	101724
565.0000041739753	0	0	0	0	0	6869740	0	1474434	619112	628656	612256	3465068	269934	447630	1620526	84966	46690	205712	776771	169728	324390	1083440	0	553386	734920	527560	2391916	506800	294490	409756	604395	3798080	532062	455736	301490	228854	1380300	143671	359940	313013	465633	340067	442260	1895610	1597935	1948905	233436	537538	407928	580552	2940939	3345084	1219365	230681	197046	304733	1119260	104272
570.0000008452472	0	0	0	0	0	6876804	0	1476072	619892	629272	613051	3468299	271152	448748	1626988	85578	47183	207518	783075	170784	328350	1094344	0	556813	743736	531069	2408896	511392	297220	412960	609930	3842432	536900	460734	305270	231080	1398000	145447	364812	316484	469889	344208	447460	1920849	1628635	1990995	237748	547066	415380	592900	3032820	3472930	1244803	237180	201674	312312	1151490	106869
575.0000022125579	0	0	0	0	0	6888283	0	1477242	620308	629720	613687	3470453	272538	450038	1632373	86088	47560	208980	789182	171792	331914	1103392	0	559644	751032	533731	2427574	515872	299390	417677	615600	3892416	540558	465630	308840	233995	1414200	147371	368928	319243	475209	347541	454480	1942329	1659642	2039640	242844	551830	422280	601132	3120219	3600776	1274112	244818	207370	319319	1181376	108829
580.000002720666	0	0	0	0	0	6893581	0	1478295	620880	630280	614111	3471530	274134	451156	1634168	86649	47908	210356	796077	172608	335346	1111512	0	562624	759088	536756	2445120	520912	301140	420614	621000	3945920	546694	469608	311640	236380	1432500	149073	373296	322091	479997	351076	459680	1965420	1690035	2081040	247548	556594	428352	612108	3212100	3715442	1306739	252992	211998	325754	1221810	110985
585.0000034158917	0	0	0	0	0	6900645	0	1479699	621348	630896	614694	3472607	275352	452274	1637758	87312	48401	211732	801002	173472	338118	1121488	0	565604	766688	539418	2465496	524608	303520	423818	625725	3999424	551886	475014	315210	238394	1451100	150849	378000	324761	486647	354813	465270	1990659	1720428	2126235	252840	563740	434286	624456	3305475	3828790	1340472	258620	217427	335192	1259314	114023
590.0000015593339	0	0	0	0	0	6905943	0	1480986	621868	631120	615065	3474043	276486	453822	1642425	87924	48778	213624	806715	174000	341748	1129608	0	570074	775960	542806	2483608	528976	306180	428090	632070	4053632	557078	478380	319060	241203	1468800	152625	382452	326897	491435	358651	469690	2018583	1760338	2172120	258132	570092	442014	632492	3397356	3948728	1378076	265454	221521	343057	1289200	117208
595.0000031187417	0	0	0	0	0	6912124	0	1481805	622232	631680	615489	3475120	278040	454854	1646374	88332	49184	215258	812625	174912	345576	1139816	0	572905	783864	546557	2499456	532896	308420	431917	636255	4107136	562506	483378	321650	243906	1488300	154105	387156	329745	496755	361681	473850	2042211	1791345	2222145	261856	580414	446016	644056	3509406	4085800	1414021	272623	226327	349635	1313226	120442
600.0000056945621	0	0	0	0	0	6921837	0	1482624	622804	632128	616019	3477274	279174	456574	1651400	88842	49735	216376	817156	176256	349338	1147704	0	576183	792072	551276	2512474	537152	310590	435121	641250	4142336	567698	488172	325010	246397	1509300	155659	390600	332148	501676	365317	478270	2066376	1825729	2264235	267932	592324	453744	655424	3598299	4197830	1449413	280931	231667	355355	1350144	123333
