>time	Ribosome	coli Pol	coli Pol-P	coli Pol-2.0	coli Pol-P-2.0	gp1	gp1-3.5	gp0.3	gp0.4	gp0.5	gp0.6A	gp0.7	gp1.1	gp1.2	gp1.3	gp1.4	gp1.5	gp1.6	gp1.7	gp1.8	gp2.0	gp2.5	gp2.8	gp3.0	gp3.5	gp3.8	gp4A	gp4.2	gp4.3	gp4.5	gp4.7	gp5.0	gp5.3	gp5.5	gp5.7	gp5.9	gp6.0	gp6.3	gp6.5	gp6.7	gp7	gp7.3	gp7.7	gp8	gp9	gp10A	gp11	gp12	gp13	gp14	gp15	gp16	gp17	gp17.5	gp18	gp18.5	gp19	gp19.5	RNA: gp0.3	RNA: gp0.4	RNA: gp0.5	RNA: gp0.6A	RNA: gp0.7	RNA: gp1	RNA: gp1.1	RNA: gp1.2	RNA: gp1.3	RNA: gp1.4	RNA: gp1.5	RNA: gp1.6	RNA: gp1.7	RNA: gp1.8	RNA: gp2.0	RNA: gp2.5	RNA: gp3.0	RNA: gp3.5	RNA: gp3.8	RNA: gp4A	RNA: gp4.2	RNA: gp4.3	RNA: gp4.5	RNA: gp4.7	RNA: gp5.0	RNA: gp5.3	RNA: gp5.5	RNA: gp5.7	RNA: gp5.9	RNA: gp6.0	RNA: gp6.3	RNA: gp6.5	RNA: gp6.7	RNA: gp7	RNA: gp7.3	RNA: gp7.7	RNA: gp8	RNA: gp9	RNA: gp10A	RNA: gp11	RNA: gp12	RNA: gp13	RNA: gp14	RNA: gp15	RNA: gp16	RNA: gp17	RNA: gp17.5	RNA: gp18	RNA: gp18.5	RNA: gp19	RNA: gp19.5	NumColiPoly:	4	NumT7Poly	2	NumOfTimePoints:	121	NumOfProteins:	58	NumOfCoding	51
6.825136056052065E-4	10000	1800	0	0	0	0	0	0	0	0	0	0	0	0	0	0	0	0	0	0	0	0	0	0	0	0	0	0	0	0	0	0	0	0	0	0	0	0	0	0	0	0	0	0	0	0	0	0	0	0	0	0	0	0	0	0	0	0	0	0	0	0	0	0	0	0	0	0	0	0	0	0	0	0	0	0	0	0	0	0	0	0	0	0	0	0	0	0	0	0	0	0	0	0	0	0	0	0	0	0	0	0	0	0	0	0	0	0	0
5.001303473588559	10000	1800	0	0	0	0	0	0	0	0	0	0	0	0	0	0	0	0	0	0	0	0	0	0	0	0	0	0	0	0	0	0	0	0	0	0	0	0	0	0	0	0	0	0	0	0	0	0	0	0	0	0	0	0	0	0	0	0	0	0	0	0	0	0	0	0	0	0	0	0	0	0	0	0	0	0	0	0	0	0	0	0	0	0	0	0	0	0	0	0	0	0	0	0	0	0	0	0	0	0	0	0	0	0	0	0	0	0	0
10.003824837493765	10000	1794	0	0	0	0	0	0	0	0	0	0	0	0	0	0	0	0	0	0	0	0	0	0	0	0	0	0	0	0	0	0	0	0	0	0	0	0	0	0	0	0	0	0	0	0	0	0	0	0	0	0	0	0	0	0	0	0	0	0	0	0	0	0	0	0	0	0	0	0	0	0	0	0	0	0	0	0	0	0	0	0	0	0	0	0	0	0	0	0	0	0	0	0	0	0	0	0	0	0	0	0	0	0	0	0	0	0	0
15.000712764298065	9999	1786	0	0	0	0	0	0	0	0	0	0	0	0	0	0	0	0	0	0	0	0	0	0	0	0	0	0	0	0	0	0	0	0	0	0	0	0	0	0	0	0	0	0	0	0	0	0	0	0	0	0	0	0	0	0	0	0	0	0	0	0	0	0	0	0	0	0	0	0	0	0	0	0	0	0	0	0	0	0	0	0	0	0	0	0	0	0	0	0	0	0	0	0	0	0	0	0	0	0	0	0	0	0	0	0	0	0	0
20.000822596228883	9995	1778	0	0	0	0	0	0	0	0	0	0	0	0	0	0	0	0	0	0	0	0	0	0	0	0	0	0	0	0	0	0	0	0	0	0	0	0	0	0	0	0	0	0	0	0	0	0	0	0	0	0	0	0	0	0	0	0	0	0	0	0	0	0	0	0	0	0	0	0	0	0	0	0	0	0	0	0	0	0	0	0	0	0	0	0	0	0	0	0	0	0	0	0	0	0	0	0	0	0	0	0	0	0	0	0	0	0	0
25.00003694504946	9976	1766	0	0	0	0	0	1	0	0	0	0	0	0	0	0	0	0	0	0	0	0	0	0	0	0	0	0	0	0	0	0	0	0	0	0	0	0	0	0	0	0	0	0	0	0	0	0	0	0	0	0	0	0	0	0	0	0	3	0	0	0	0	0	0	0	0	0	0	0	0	0	0	0	0	0	0	0	0	0	0	0	0	0	0	0	0	0	0	0	0	0	0	0	0	0	0	0	0	0	0	0	0	0	0	0	0	0	0
30.000131968976312	9942	1751	0	0	0	0	0	6	1	0	0	0	0	0	0	0	0	0	0	0	0	0	0	0	0	0	0	0	0	0	0	0	0	0	0	0	0	0	0	0	0	0	0	0	0	0	0	0	0	0	0	0	0	0	0	0	0	0	8	1	0	0	0	0	0	0	0	0	0	0	0	0	0	0	0	0	0	0	0	0	0	0	0	0	0	0	0	0	0	0	0	0	0	0	0	0	0	0	0	0	0	0	0	0	0	0	0	0	0
35.00017892272714	9891	1740	0	0	0	0	0	20	9	2	0	0	0	0	0	0	0	0	0	0	0	0	0	0	0	0	0	0	0	0	0	0	0	0	0	0	0	0	0	0	0	0	0	0	0	0	0	0	0	0	0	0	0	0	0	0	0	0	25	7	2	1	0	0	0	0	0	0	0	0	0	0	0	0	0	0	0	0	0	0	0	0	0	0	0	0	0	0	0	0	0	0	0	0	0	0	0	0	0	0	0	0	0	0	0	0	0	0	0
40.0000846695897	9819	1725	0	0	0	0	0	44	20	10	2	0	0	0	0	0	0	0	0	0	0	0	0	0	0	0	0	0	0	0	0	0	0	0	0	0	0	0	0	0	0	0	0	0	0	0	0	0	0	0	0	0	0	0	0	0	0	0	35	15	12	2	0	0	0	0	0	0	0	0	0	0	0	0	0	0	0	0	0	0	0	0	0	0	0	0	0	0	0	0	0	0	0	0	0	0	0	0	0	0	0	0	0	0	0	0	0	0	0
45.00001034501442	9727	1711	0	0	0	0	0	79	50	31	15	0	0	0	0	0	0	0	0	0	0	0	0	0	0	0	0	0	0	0	0	0	0	0	0	0	0	0	0	0	0	0	0	0	0	0	0	0	0	0	0	0	0	0	0	0	0	0	46	28	21	11	0	0	0	0	0	0	0	0	0	0	0	0	0	0	0	0	0	0	0	0	0	0	0	0	0	0	0	0	0	0	0	0	0	0	0	0	0	0	0	0	0	0	0	0	0	0	0
50.00007144872721	9619	1700	0	0	0	0	0	133	87	61	39	0	0	0	0	0	0	0	0	0	0	0	0	0	0	0	0	0	0	0	0	0	0	0	0	0	0	0	0	0	0	0	0	0	0	0	0	0	0	0	0	0	0	0	0	0	0	0	60	42	28	23	0	0	0	0	0	0	0	0	0	0	0	0	0	0	0	0	0	0	0	0	0	0	0	0	0	0	0	0	0	0	0	0	0	0	0	0	0	0	0	0	0	0	0	0	0	0	0
55.000019410903725	9511	1682	0	0	0	0	0	195	148	101	74	0	0	0	0	0	0	0	0	0	0	0	0	0	0	0	0	0	0	0	0	0	0	0	0	0	0	0	0	0	0	0	0	0	0	0	0	0	0	0	0	0	0	0	0	0	0	0	71	54	39	31	0	0	0	0	0	0	0	0	0	0	0	0	0	0	0	0	0	0	0	0	0	0	0	0	0	0	0	0	0	0	0	0	0	0	0	0	0	0	0	0	0	0	0	0	0	0	0
60.00012398176787	9359	1668	0	0	0	0	0	278	209	154	112	0	0	0	0	0	0	0	0	0	0	0	0	0	0	0	0	0	0	0	0	0	0	0	0	0	0	0	0	0	0	0	0	0	0	0	0	0	0	0	0	0	0	0	0	0	0	0	85	69	56	48	0	0	0	0	0	0	0	0	0	0	0	0	0	0	0	0	0	0	0	0	0	0	0	0	0	0	0	0	0	0	0	0	0	0	0	0	0	0	0	0	0	0	0	0	0	0	0
65.00004803204877	9192	1651	1	0	0	0	0	378	283	228	182	0	0	0	0	0	0	0	0	0	0	0	0	0	0	0	0	0	0	0	0	0	0	0	0	0	0	0	0	0	0	0	0	0	0	0	0	0	0	0	0	0	0	0	0	0	0	0	103	82	68	63	9	0	0	0	0	0	0	0	0	0	0	0	0	0	0	0	0	0	0	0	0	0	0	0	0	0	0	0	0	0	0	0	0	0	0	0	0	0	0	0	0	0	0	0	0	0	0
70.00000592790911	8996	1637	5	0	0	0	0	491	384	311	269	0	0	0	0	0	0	0	0	0	0	0	0	0	0	0	0	0	0	0	0	0	0	0	0	0	0	0	0	0	0	0	0	0	0	0	0	0	0	0	0	0	0	0	0	0	0	0	118	97	80	72	21	0	0	0	0	0	0	0	0	0	0	0	0	0	0	0	0	0	0	0	0	0	0	0	0	0	0	0	0	0	0	0	0	0	0	0	0	0	0	0	0	0	0	0	0	0	0
75.0000031545851	8820	1612	16	0	0	0	0	627	483	418	377	0	0	0	0	0	0	0	0	0	0	0	0	0	0	0	0	0	0	0	0	0	0	0	0	0	0	0	0	0	0	0	0	0	0	0	0	0	0	0	0	0	0	0	0	0	0	0	130	108	99	90	39	0	0	0	0	0	0	0	0	0	0	0	0	0	0	0	0	0	0	0	0	0	0	0	0	0	0	0	0	0	0	0	0	0	0	0	0	0	0	0	0	0	0	0	0	0	0
80.00016701171283	8660	1578	36	0	0	0	0	763	602	553	516	0	0	0	0	0	0	0	0	0	0	0	0	0	0	0	0	0	0	0	0	0	0	0	0	0	0	0	0	0	0	0	0	0	0	0	0	0	0	0	0	0	0	0	0	0	0	0	141	118	110	102	71	0	0	0	0	0	0	0	0	0	0	0	0	0	0	0	0	0	0	0	0	0	0	0	0	0	0	0	0	0	0	0	0	0	0	0	0	0	0	0	0	0	0	0	0	0	0
85.00006629782713	8441	1520	77	0	0	0	0	914	759	682	684	0	0	0	0	0	0	0	0	0	0	0	0	0	0	0	0	0	0	0	0	0	0	0	0	0	0	0	0	0	0	0	0	0	0	0	0	0	0	0	0	0	0	0	0	0	0	0	151	135	120	117	92	0	0	0	0	0	0	0	0	0	0	0	0	0	0	0	0	0	0	0	0	0	0	0	0	0	0	0	0	0	0	0	0	0	0	0	0	0	0	0	0	0	0	0	0	0	0
90.00000286347466	8170	1449	136	0	0	0	0	1068	925	842	894	1	0	0	0	0	0	0	0	0	0	0	0	0	0	0	0	0	0	0	0	0	0	0	0	0	0	0	0	0	0	0	0	0	0	0	0	0	0	0	0	0	0	0	0	0	0	0	165	146	135	133	105	0	0	0	0	0	0	0	0	0	0	0	0	0	0	0	0	0	0	0	0	0	0	0	0	0	0	0	0	0	0	0	0	0	0	0	0	0	0	0	0	0	0	0	0	0	0
95.00016772488134	7951	1374	206	0	0	0	0	1251	1097	1011	1123	0	0	0	0	0	0	0	0	0	0	0	0	0	0	0	0	0	0	0	0	0	0	0	0	0	0	0	0	0	0	0	0	0	0	0	0	0	0	0	0	0	0	0	0	0	0	0	180	159	147	146	118	0	0	0	0	0	0	0	0	0	0	0	0	0	0	0	0	0	0	0	0	0	0	0	0	0	0	0	0	0	0	0	0	0	0	0	0	0	0	0	0	0	0	0	0	0	0
100.00014477069038	7665	1295	271	0	0	0	0	1450	1294	1183	1374	0	0	0	0	0	0	0	0	0	0	0	0	0	0	0	0	0	0	0	0	0	0	0	0	0	0	0	0	0	0	0	0	0	0	0	0	0	0	0	0	0	0	0	0	0	0	0	191	169	161	162	134	0	0	0	0	0	0	0	0	0	0	0	0	0	0	0	0	0	0	0	0	0	0	0	0	0	0	0	0	0	0	0	0	0	0	0	0	0	0	0	0	0	0	0	0	0	0
105.00000423900183	7389	1200	359	0	0	0	0	1648	1500	1373	1651	0	0	0	0	0	0	0	0	0	0	0	0	0	0	0	0	0	0	0	0	0	0	0	0	0	0	0	0	0	0	0	0	0	0	0	0	0	0	0	0	0	0	0	0	0	0	0	195	180	175	168	149	0	0	0	0	0	0	0	0	0	0	0	0	0	0	0	0	0	0	0	0	0	0	0	0	0	0	0	0	0	0	0	0	0	0	0	0	0	0	0	0	0	0	0	0	0	0
110.00013353851217	7078	1084	460	0	0	0	0	1864	1708	1565	1951	0	0	0	0	0	0	0	0	0	0	0	0	0	0	0	0	0	0	0	0	0	0	0	0	0	0	0	0	0	0	0	0	0	0	0	0	0	0	0	0	0	0	0	0	0	0	0	201	190	182	184	165	0	0	0	0	0	0	0	0	0	0	0	0	0	0	0	0	0	0	0	0	0	0	0	0	0	0	0	0	0	0	0	0	0	0	0	0	0	0	0	0	0	0	0	0	0	0
115.00001404190745	6856	936	601	0	0	0	0	2114	1941	1781	2322	0	0	0	0	0	0	0	0	0	0	0	0	0	0	0	0	0	0	0	0	0	0	0	0	0	0	0	0	0	0	0	0	0	0	0	0	0	0	0	0	0	0	0	0	0	0	0	206	196	191	190	174	0	0	0	0	0	0	0	0	0	0	0	0	0	0	0	0	0	0	0	0	0	0	0	0	0	0	0	0	0	0	0	0	0	0	0	0	0	0	0	0	0	0	0	0	0	0
120.000036040295	6609	784	740	0	0	0	0	2344	2161	2026	2703	1	0	0	0	0	0	0	0	0	0	0	0	0	0	0	0	0	0	0	0	0	0	0	0	0	0	0	0	0	0	0	0	0	0	0	0	0	0	0	0	0	0	0	0	0	0	0	213	205	197	202	186	0	0	0	0	0	0	0	0	0	0	0	0	0	0	0	0	0	0	0	0	0	0	0	0	0	0	0	0	0	0	0	0	0	0	0	0	0	0	0	0	0	0	0	0	0	0
125.00004653818014	6313	613	903	0	0	0	0	2598	2396	2252	3095	0	0	0	0	0	0	0	0	0	0	0	0	0	0	0	0	0	0	0	0	0	0	0	0	0	0	0	0	0	0	0	0	0	0	0	0	0	0	0	0	0	0	0	0	0	0	0	225	209	206	210	193	18	0	0	0	0	0	0	0	0	0	0	0	0	0	0	0	0	0	0	0	0	0	0	0	0	0	0	0	0	0	0	0	0	0	0	0	0	0	0	0	0	0	0	0	0	0
130.00003609988738	5954	448	1057	0	0	0	0	2867	2666	2461	3509	0	0	0	0	0	0	0	0	0	0	0	0	0	0	0	0	0	0	0	0	0	0	0	0	0	0	0	0	0	0	0	0	0	0	0	0	0	0	0	0	0	0	0	0	0	0	0	242	226	213	213	202	58	0	0	0	0	0	0	0	0	0	0	0	0	0	0	0	0	0	0	0	0	0	0	0	0	0	0	0	0	0	0	0	0	0	0	0	0	0	0	0	0	0	0	0	0	0
135.00001318246876	5616	261	1230	0	0	7	0	3163	2943	2720	3928	3	5	0	0	0	0	0	0	0	0	0	0	0	0	0	0	0	0	0	0	0	0	0	0	0	0	0	0	0	0	0	0	0	0	0	0	0	0	0	0	0	0	0	0	0	0	0	252	237	228	224	211	113	3	0	0	0	0	0	0	0	0	0	0	0	0	0	0	0	0	0	0	0	0	0	0	0	0	0	0	0	0	0	0	0	0	0	0	0	0	0	0	0	0	0	0	0	0
140.00013750029981	5304	69	1422	0	0	19	0	3452	3208	3010	4374	3	14	2	0	0	0	0	0	0	0	0	0	0	0	0	0	0	0	0	0	0	0	0	0	0	0	0	0	0	0	0	0	0	0	0	0	0	0	0	0	0	0	0	0	0	0	0	263	243	238	239	217	164	6	3	0	0	0	0	0	0	0	0	0	0	0	0	0	0	0	0	0	0	0	0	0	0	0	0	0	0	0	0	0	0	0	0	0	0	0	0	0	0	0	0	0	0	0
145.0001310524187	4893	0	1485	0	0	41	0	3748	3474	3292	4739	148	31	8	0	0	0	0	0	0	0	0	0	0	0	0	0	0	0	0	0	0	0	0	0	0	0	0	0	0	0	0	0	0	0	0	0	0	0	0	0	0	0	0	0	0	0	0	271	257	244	253	224	189	21	9	0	0	0	0	0	0	0	0	0	0	0	0	0	0	0	0	0	0	0	0	0	0	0	0	0	0	0	0	0	0	0	0	0	0	0	0	0	0	0	0	0	0	0
150.0000170821247	4484	0	1482	0	0	87	0	4050	3770	3589	5029	380	67	30	0	0	0	0	0	0	0	0	0	0	0	0	0	0	0	0	0	0	0	0	0	0	0	0	0	0	0	0	0	0	0	0	0	0	0	0	0	0	0	0	0	0	0	0	274	267	262	262	239	203	40	25	0	0	0	0	0	0	0	0	0	0	0	0	0	0	0	0	0	0	0	0	0	0	0	0	0	0	0	0	0	0	0	0	0	0	0	0	0	0	0	0	0	0	0
155.00004803463767	4116	0	1473	0	0	140	0	4377	4097	3894	5357	596	128	64	0	0	0	0	0	0	0	0	0	0	0	0	0	0	0	0	0	0	0	0	0	0	0	0	0	0	0	0	0	0	0	0	0	0	0	0	0	0	0	0	0	0	0	0	283	273	272	276	251	214	52	44	0	0	0	0	0	0	0	0	0	0	0	0	0	0	0	0	0	0	0	0	0	0	0	0	0	0	0	0	0	0	0	0	0	0	0	0	0	0	0	0	0	0	0
160.00003906750965	3647	0	1467	0	0	211	0	4706	4413	4188	5636	848	202	131	0	0	0	0	0	0	0	0	0	0	0	0	0	0	0	0	0	0	0	0	0	0	0	0	0	0	0	0	0	0	0	0	0	0	0	0	0	0	0	0	0	0	0	0	295	281	274	280	262	219	67	53	0	0	0	0	0	0	0	0	0	0	0	0	0	0	0	0	0	0	0	0	0	0	0	0	0	0	0	0	0	0	0	0	0	0	0	0	0	0	0	0	0	0	0
165.00005446076742	3219	0	1464	0	0	284	0	5051	4742	4493	5968	1078	294	186	0	0	0	0	0	0	0	0	0	0	0	0	0	0	0	0	0	0	0	0	0	0	0	0	0	0	0	0	0	0	0	0	0	0	0	0	0	0	0	0	0	0	0	0	302	286	274	283	272	226	86	71	16	0	0	0	0	0	0	0	0	0	0	0	0	0	0	0	0	0	0	0	0	0	0	0	0	0	0	0	0	0	0	0	0	0	0	0	0	0	0	0	0	0	0
170.0000005507161	2730	0	1461	0	0	354	0	5403	5061	4814	6271	1348	400	267	10	0	0	0	0	0	0	0	0	0	0	0	0	0	0	0	0	0	0	0	0	0	0	0	0	0	0	0	0	0	0	0	0	0	0	0	0	0	0	0	0	0	0	0	310	298	286	284	283	234	102	90	38	2	1	0	1	0	0	0	0	0	0	0	0	0	0	0	0	0	0	0	0	0	0	0	0	0	0	0	0	0	0	0	0	0	0	0	0	0	0	0	0	0	0
175.00000487639264	2209	0	1459	0	0	476	0	5777	5387	5114	6609	1615	524	381	36	4	3	2	0	1	0	0	0	0	0	0	0	0	0	0	0	0	0	0	0	0	0	0	0	0	0	0	0	0	0	0	0	0	0	0	0	0	0	0	0	0	0	0	336	301	288	296	285	245	127	111	81	4	2	5	8	3	3	2	0	0	0	0	0	0	0	0	0	0	0	0	0	0	0	0	0	0	0	0	0	0	0	0	0	0	0	0	0	0	0	0	0	0	0
180.00000198965995	1510	0	1464	0	6	587	0	6139	5739	5442	6951	1903	678	521	79	11	15	8	0	11	0	0	0	0	0	0	0	0	0	0	0	0	0	0	0	0	0	0	0	0	0	0	0	0	0	0	0	0	0	0	0	0	0	0	0	0	0	0	344	319	295	302	290	265	140	133	119	10	13	10	17	11	14	8	2	0	0	0	0	0	0	0	0	0	0	0	0	0	0	0	0	0	0	0	0	0	0	0	0	0	0	0	0	0	0	0	0	0	0
185.00001340412993	836	0	1454	0	25	709	0	6522	6116	5803	7317	2188	865	679	132	26	34	23	8	37	1	0	0	0	0	0	0	0	0	0	0	0	0	0	0	0	0	0	0	0	0	0	0	0	0	0	0	0	0	0	0	0	0	0	0	0	0	0	347	336	312	308	298	273	165	152	143	18	17	28	38	26	21	19	10	6	4	0	0	0	0	0	0	0	0	0	0	0	0	0	0	0	0	0	0	0	0	0	0	0	0	0	0	0	0	0	0	0	0
190.00000959434922	174	0	1427	0	56	852	2	6906	6512	6149	7697	2502	1079	863	208	52	53	52	20	77	2	5	0	4	0	1	0	0	0	0	0	0	0	0	0	0	0	0	0	0	0	0	0	0	0	0	0	0	0	0	0	0	0	0	0	0	0	0	348	345	336	328	302	287	184	170	168	24	21	38	51	41	37	39	22	17	15	3	0	0	0	0	0	0	0	0	0	0	0	0	0	0	0	0	0	0	0	0	0	0	0	0	0	0	0	0	0	0	0
195.00003112082518	34	0	1380	0	107	971	13	7271	6871	6548	8086	2821	1286	1075	314	77	82	96	50	131	3	20	0	21	1	18	0	0	0	0	0	0	0	0	0	0	0	0	0	0	0	0	0	0	0	0	0	0	0	0	0	0	0	0	0	0	0	0	347	348	345	344	303	294	205	187	182	33	29	56	63	64	58	57	41	29	30	21	10	11	4	1	0	0	0	0	0	0	0	0	0	0	0	0	0	0	0	0	0	0	0	0	0	0	0	0	0	0	0
200.0000033933701	16	0	1324	0	167	1106	37	7636	7205	6866	8443	3129	1489	1267	435	111	101	149	105	191	1	45	0	49	3	45	0	7	8	3	0	0	0	0	0	0	0	0	0	0	0	0	0	0	0	0	0	0	0	0	0	0	0	0	0	0	0	0	351	346	342	346	306	295	224	202	195	41	38	70	88	89	78	77	56	45	54	38	17	17	21	11	0	0	0	0	0	0	0	0	0	0	0	0	0	0	0	0	0	0	0	0	0	0	0	0	0	0	0
205.00000020523836	21	0	1278	0	220	1242	67	7967	7491	7161	8749	3444	1672	1459	588	144	133	199	170	265	2	109	0	95	2	82	0	19	22	16	4	0	0	0	0	0	0	0	0	0	0	0	0	0	0	0	0	0	0	0	0	0	0	0	0	0	0	0	358	348	343	341	318	289	244	223	203	53	48	86	112	119	104	107	82	64	67	53	47	38	40	29	12	1	0	0	0	0	0	0	0	0	0	0	0	0	0	0	0	0	0	0	0	0	0	0	0	0	0
210.00000218741997	8	0	1215	0	287	1388	103	8246	7749	7417	9005	3776	1837	1651	764	181	165	264	245	345	3	170	0	150	4	131	0	46	43	52	23	0	0	0	0	0	0	0	0	0	0	0	0	0	0	0	0	0	0	0	0	0	0	0	0	0	0	0	361	346	343	338	316	283	264	236	214	59	51	98	140	130	109	127	121	96	105	69	78	76	74	58	35	16	7	6	7	0	0	0	0	0	0	0	0	0	0	0	0	0	0	0	0	0	0	0	0	0	0
215.000004416697	17	0	1155	0	354	1522	161	8523	7980	7633	9245	4108	2007	1807	964	223	200	330	322	426	5	235	0	205	3	178	0	91	76	94	43	0	3	2	0	3	0	0	0	0	0	0	0	0	0	0	0	0	0	0	0	0	0	0	0	0	0	0	373	359	349	337	320	279	283	249	229	66	58	112	146	131	123	140	128	126	145	93	87	79	107	99	71	40	28	29	26	4	7	0	1	0	0	0	0	0	0	0	0	0	0	0	0	0	0	0	0	0	0
220.00000551451396	9	0	1081	0	441	1699	208	8748	8188	7846	9443	4395	2173	1978	1145	260	236	392	405	515	7	332	0	274	8	255	0	143	122	154	76	0	13	10	11	9	0	1	0	0	0	0	0	0	0	0	0	0	0	0	0	0	0	0	0	0	0	0	386	365	352	341	317	275	291	275	240	68	63	121	169	160	150	155	144	131	161	133	133	127	142	114	95	55	52	51	47	31	31	28	15	7	2	1	0	0	0	0	0	0	0	0	0	0	0	0	0	0	0
225.00000173754805	4	0	1002	0	517	1818	283	8990	8380	8038	9638	4642	2326	2135	1327	291	271	452	494	598	8	422	0	356	5	344	13	200	177	211	134	0	37	35	30	26	0	16	7	2	0	0	0	0	0	0	0	0	0	0	0	0	0	0	0	0	0	0	391	374	366	352	302	271	297	285	244	73	65	121	180	175	182	195	160	154	183	160	172	169	186	170	131	109	90	83	79	48	49	67	62	39	33	17	0	0	0	0	0	0	0	0	0	0	0	0	0	0	0
230.0000028182124	4	0	921	0	607	1970	346	9201	8582	8223	9814	4874	2471	2264	1482	319	304	512	585	677	6	512	0	413	9	434	40	279	245	298	196	0	65	63	65	52	0	33	28	19	4	3	0	0	0	0	0	0	0	0	0	0	0	0	0	0	0	0	395	376	382	362	292	259	303	277	251	75	64	121	188	182	189	224	202	184	202	175	199	200	213	190	157	127	125	127	126	77	60	81	79	75	67	59	8	0	0	0	0	0	0	0	0	0	0	0	0	0	0
235.00000529865596	10	0	852	0	687	2149	413	9378	8751	8379	9972	5059	2603	2391	1644	357	331	566	680	755	8	596	0	487	9	529	70	355	321	375	262	0	119	111	115	117	4	52	53	40	17	16	5	0	0	0	0	0	0	0	0	0	0	0	0	0	0	0	403	378	386	377	288	256	320	274	252	85	71	131	198	191	204	231	218	219	252	185	210	206	242	227	202	172	165	156	150	85	75	104	106	87	90	73	21	4	0	0	0	0	0	0	0	0	0	0	0	0	0
240.00000395726323	2	0	784	0	757	2333	494	9568	8893	8513	10123	5245	2730	2523	1798	385	365	603	770	833	14	693	0	564	7	614	122	425	407	472	343	0	178	157	169	161	25	88	95	70	42	49	23	0	0	0	0	0	0	0	0	0	0	0	0	0	0	0	410	387	387	375	289	246	338	288	253	88	71	135	200	193	206	249	231	233	264	210	231	223	248	244	220	208	210	203	201	118	112	134	124	114	112	96	42	16	3	2	0	0	0	0	0	0	0	0	0	0	0
245.00001020664584	6	0	710	0	828	2493	577	9731	9014	8664	10267	5415	2843	2617	1937	410	387	649	850	901	18	799	0	665	8	700	166	505	484	561	423	3	245	219	226	226	44	125	131	106	76	89	53	0	0	0	0	0	0	0	0	0	0	0	0	0	0	0	403	387	394	375	288	243	353	304	249	95	87	144	216	207	224	260	239	248	283	255	310	304	309	273	261	245	225	222	222	156	147	181	167	153	140	117	82	26	19	2	0	0	0	0	0	0	0	0	0	0	0
250.00001707903903	5	0	632	0	905	2710	646	9885	9140	8791	10392	5565	2964	2718	2054	443	418	712	929	969	11	887	0	752	7	796	237	592	563	644	517	15	328	289	291	291	82	165	182	149	114	130	83	0	0	0	0	0	0	0	0	0	0	0	0	0	0	0	385	383	397	387	288	243	362	311	250	98	86	151	234	225	242	269	243	258	297	278	334	319	354	349	293	276	267	259	252	160	142	196	193	186	182	161	112	57	47	8	2	0	0	0	0	0	0	0	0	0	0
255.00000093190548	3	0	558	0	973	2896	722	10030	9266	8908	10514	5701	3082	2818	2172	473	441	751	1002	1026	18	987	0	822	9	902	314	694	659	766	603	53	410	363	359	363	122	219	232	213	160	172	118	0	1	0	1	0	0	0	0	0	0	0	0	0	0	0	383	372	387	380	285	239	362	320	240	102	85	150	234	223	253	295	253	278	322	278	349	333	366	352	342	300	278	277	270	178	154	193	191	191	197	184	140	92	77	12	2	8	4	0	0	0	0	0	0	0	0
260.0000002324407	3	0	487	0	1042	2986	804	10161	9363	9023	10631	5815	3195	2901	2280	516	473	792	1067	1088	19	1066	0	908	12	985	391	800	762	867	703	102	472	457	438	441	186	271	297	266	214	224	162	2	8	1	3	0	0	0	0	0	0	0	0	0	0	0	382	368	388	377	294	233	366	308	237	122	131	189	228	221	257	303	276	304	344	281	359	353	384	380	402	374	341	321	319	237	217	252	236	206	193	185	177	116	125	18	7	22	13	0	0	0	0	0	0	0	0
265.0000057453485	3	0	425	0	1111	3078	883	10273	9469	9130	10746	5924	3290	3000	2381	563	509	825	1137	1153	29	1147	0	988	20	1075	493	911	841	987	818	163	562	540	519	519	259	324	349	317	256	292	222	12	16	4	5	0	3	0	0	0	0	0	0	0	0	0	381	375	384	380	280	233	384	310	246	122	132	206	280	268	297	300	280	315	355	306	393	367	390	381	412	394	380	372	370	276	256	300	283	260	255	221	186	175	154	22	10	50	37	4	0	0	0	0	0	0	0
270.0000006318905	0	0	380	0	1161	3144	966	10378	9555	9240	10856	6043	3372	3097	2480	589	542	873	1205	1215	48	1218	0	1063	9	1157	563	1023	928	1083	913	242	659	619	607	609	332	392	422	386	307	347	278	34	44	17	9	0	6	0	0	0	0	0	0	0	0	0	384	378	382	381	267	224	394	305	254	121	128	200	280	275	314	335	288	322	371	315	403	390	438	429	437	402	378	360	367	309	291	325	312	307	292	276	188	233	218	30	15	81	67	17	0	0	0	0	0	0	0
275.0000018569283	1	0	310	0	1233	3217	1048	10482	9647	9337	10956	6145	3451	3163	2580	620	583	925	1259	1266	45	1277	0	1134	10	1248	659	1114	1017	1183	1019	331	763	709	689	705	394	458	505	449	364	402	335	71	80	26	12	0	16	5	0	0	0	0	0	0	0	0	385	378	374	375	260	220	394	307	255	123	132	218	289	279	326	362	316	350	371	320	405	388	447	454	444	409	380	361	370	326	306	350	335	339	321	309	224	238	283	49	20	113	93	44	0	0	0	0	0	0	0
280.00000004565936	4	0	249	0	1295	3244	1123	10577	9734	9428	11048	6231	3557	3240	2670	643	608	971	1317	1335	57	1354	0	1204	19	1341	761	1215	1102	1280	1121	428	856	793	763	801	472	537	570	514	437	467	397	103	125	56	16	0	33	18	0	0	0	0	0	0	0	0	388	379	375	382	251	218	390	304	251	131	131	218	311	299	340	371	341	375	416	342	441	412	452	447	486	423	380	361	367	333	304	355	342	360	344	337	265	274	311	57	26	142	124	83	0	0	0	0	0	0	0
285.0000108150192	2	0	204	0	1338	3286	1197	10659	9799	9500	11124	6319	3641	3288	2768	672	637	1015	1383	1394	91	1449	0	1273	8	1418	844	1320	1175	1363	1212	517	955	890	852	888	556	622	648	594	516	525	465	147	181	87	22	0	52	36	0	0	0	0	0	0	0	0	382	381	381	380	244	209	390	305	230	129	128	220	321	296	359	383	345	396	432	354	445	428	487	472	516	480	444	420	417	355	323	362	333	353	341	345	309	321	344	59	40	181	160	108	11	0	0	0	0	0	0
290.0000005063037	6	0	159	0	1372	3313	1251	10752	9876	9577	11200	6404	3719	3364	2847	693	662	1066	1459	1459	125	1527	0	1341	15	1494	929	1432	1256	1474	1301	616	1063	977	932	968	652	686	731	664	595	595	534	201	235	128	32	0	78	56	0	0	0	0	0	0	0	0	383	371	379	383	234	200	397	303	222	125	127	212	322	296	363	397	354	408	451	374	442	425	497	496	543	519	491	479	484	400	363	398	364	369	348	334	337	342	393	66	47	220	196	142	25	1	0	0	0	0	0
295.00000246072324	1	0	140	0	1397	3285	1319	10831	9946	9636	11286	6461	3787	3432	2930	723	688	1098	1526	1518	162	1610	0	1415	20	1580	1013	1522	1350	1571	1402	721	1173	1061	1022	1066	752	749	807	730	667	662	623	263	291	189	40	0	117	89	0	0	0	0	0	0	0	0	381	372	367	371	227	189	403	300	217	128	137	218	317	290	370	402	360	424	462	410	497	471	515	495	577	526	510	508	520	455	408	432	398	401	377	359	326	367	424	74	51	253	228	183	68	17	15	14	3	0	0
300.0000052839462	1	0	118	0	1424	3250	1384	10908	10026	9701	11361	6521	3874	3491	2995	750	708	1139	1591	1578	205	1698	0	1480	23	1681	1103	1616	1423	1656	1489	834	1256	1150	1114	1147	822	824	888	790	751	731	691	307	361	259	49	0	159	118	0	0	0	0	0	0	0	0	375	368	370	368	220	188	407	304	225	129	135	218	327	296	385	401	367	431	469	410	499	486	546	545	610	564	549	542	544	506	471	514	465	447	418	391	336	390	462	79	54	280	260	223	85	48	33	23	14	0	0
305.000000084383	2	0	98	0	1441	3215	1478	10973	10086	9761	11423	6580	3964	3553	3072	773	726	1180	1647	1617	263	1763	0	1561	10	1761	1194	1716	1515	1754	1574	951	1362	1252	1199	1247	882	897	984	858	817	794	754	350	436	334	60	1	204	159	0	0	0	4	2	0	0	0	373	359	370	368	207	197	428	307	233	135	134	215	328	289	387	418	363	432	465	422	513	492	540	542	626	576	577	568	579	532	482	527	488	516	484	446	365	403	491	89	63	311	287	264	115	75	69	60	48	12	2
310.00000101310314	4	0	68	0	1467	3196	1541	11043	10142	9827	11485	6653	4044	3612	3136	794	738	1220	1697	1672	302	1833	0	1630	20	1840	1277	1814	1603	1843	1667	1065	1448	1339	1289	1342	962	974	1047	928	889	872	820	419	496	424	72	6	244	203	1	0	0	10	7	0	0	0	371	357	368	376	210	187	449	305	228	131	132	211	328	291	394	413	376	434	455	453	544	540	580	569	671	611	592	579	581	589	540	586	522	524	502	490	403	438	509	95	64	345	316	301	140	74	80	74	70	20	19
315.00000038922235	2	0	60	0	1478	3192	1608	11106	10210	9881	11526	6701	4117	3654	3188	811	769	1260	1751	1712	360	1901	0	1685	30	1930	1348	1908	1675	1927	1748	1179	1541	1424	1391	1433	1065	1069	1132	1022	970	955	882	484	566	500	80	9	288	244	4	0	0	22	21	4	0	1	366	358	365	380	201	188	464	313	224	137	138	210	323	284	396	425	371	458	451	453	551	547	612	618	678	628	621	620	632	622	581	623	567	584	555	525	453	484	548	97	70	367	343	342	181	103	108	87	77	46	34
320.0000038416852	4	0	47	0	1495	3207	1668	11165	10253	9943	11582	6748	4184	3695	3245	840	794	1297	1815	1754	400	1968	0	1747	28	1995	1422	1989	1760	2023	1841	1284	1637	1509	1470	1518	1157	1152	1213	1114	1067	1034	962	557	638	582	95	16	348	280	13	0	0	37	30	10	0	3	368	360	362	376	205	193	483	318	211	146	163	245	334	291	402	421	375	474	472	447	551	545	619	638	702	634	630	618	626	647	617	642	581	610	589	579	485	557	593	103	76	402	365	380	200	142	144	114	105	61	46
325.0000015025138	2	0	47	0	1501	3179	1747	11221	10301	10002	11642	6794	4263	3734	3308	860	812	1335	1859	1799	453	2026	0	1797	23	2074	1512	2081	1838	2102	1925	1430	1734	1593	1553	1600	1245	1235	1312	1204	1151	1099	1049	634	698	657	103	20	390	331	32	0	1	48	44	19	0	8	357	356	359	378	195	188	507	337	219	172	183	252	355	312	439	427	373	471	482	453	546	537	610	635	755	663	661	633	650	672	632	682	621	638	611	597	479	610	663	111	73	411	388	416	231	171	188	159	146	67	71
330.00000045712534	1	0	35	0	1516	3192	1805	11273	10348	10044	11699	6831	4346	3773	3354	876	837	1367	1898	1841	496	2080	0	1853	16	2138	1584	2151	1908	2184	2022	1541	1847	1679	1631	1672	1345	1323	1404	1285	1245	1189	1142	699	775	719	121	27	448	387	60	0	6	70	61	34	0	16	351	349	353	366	194	180	509	363	226	170	190	273	380	338	457	449	385	474	479	446	537	527	601	625	786	702	698	680	691	697	652	701	637	656	636	617	526	616	733	128	76	430	410	459	298	189	201	172	174	87	72
335.00000120840593	3	0	42	0	1507	3192	1859	11325	10397	10080	11744	6868	4409	3820	3394	899	862	1407	1945	1875	563	2138	0	1904	29	2196	1674	2229	1988	2271	2104	1648	1929	1759	1719	1760	1437	1390	1473	1371	1328	1284	1209	776	858	803	140	38	504	434	83	0	14	92	91	53	0	23	346	339	340	361	200	174	512	362	225	168	184	271	383	343	480	477	403	497	482	459	564	547	609	615	788	702	703	689	694	741	692	734	671	679	652	613	532	617	745	136	80	456	431	496	351	247	253	201	189	116	129
340.0000002626555	1	0	36	0	1516	3123	1919	11374	10439	10127	11796	6903	4478	3871	3426	919	878	1433	1991	1915	607	2190	0	1944	27	2247	1753	2296	2058	2339	2171	1763	2035	1855	1805	1832	1522	1467	1558	1448	1410	1353	1285	873	988	876	157	46	572	470	114	0	27	115	110	78	1	32	336	330	329	353	198	177	519	356	244	174	178	267	380	338	483	487	426	532	511	454	550	547	623	627	783	695	703	689	698	746	708	779	706	714	690	661	583	703	751	139	90	480	454	526	378	293	322	270	242	163	175
345.0000004834536	1	0	33	0	1515	3171	1971	11405	10491	10160	11835	6940	4536	3912	3472	934	902	1465	2047	1960	657	2243	0	1991	34	2301	1813	2360	2120	2420	2242	1874	2120	1939	1895	1928	1615	1553	1651	1522	1491	1430	1367	940	1067	957	179	56	620	527	164	0	38	139	139	98	5	45	343	321	325	346	192	176	536	360	241	172	178	261	373	322	485	481	425	555	541	464	559	524	612	637	785	695	699	677	694	747	696	774	716	743	725	704	625	786	831	145	101	509	482	564	386	351	390	318	300	212	224
350.0000002757267	0	0	27	0	1522	3224	2036	11448	10522	10197	11879	6965	4594	3952	3509	952	916	1489	2094	1993	713	2311	0	2032	31	2360	1889	2425	2185	2485	2313	1985	2184	2005	1971	2001	1703	1616	1738	1601	1575	1497	1445	1018	1138	1041	198	65	677	586	208	0	61	185	164	122	9	67	333	326	319	337	197	173	548	362	236	187	197	284	376	326	491	483	423	556	527	507	609	582	648	651	807	707	707	671	691	746	682	758	696	725	715	715	642	882	921	159	97	523	502	602	390	354	414	355	353	250	257
355.00000210670464	0	0	32	0	1515	3252	2107	11492	10549	10226	11918	6985	4651	3994	3556	971	933	1519	2141	2024	779	2368	0	2088	23	2415	1954	2500	2251	2571	2375	2075	2267	2085	2039	2069	1793	1680	1815	1665	1654	1575	1495	1097	1253	1145	215	72	736	636	248	0	84	224	205	148	18	87	323	311	321	334	188	170	564	374	242	197	214	288	383	329	491	484	416	563	522	515	621	598	690	693	821	719	728	681	709	738	684	762	683	702	676	689	692	925	1021	180	102	535	518	644	411	346	418	354	357	323	324
360.0000050623999	0	0	32	0	1527	3326	2169	11537	10582	10273	11957	7016	4703	4031	3596	996	959	1545	2180	2050	810	2417	0	2136	33	2462	2027	2558	2314	2632	2434	2188	2350	2158	2117	2151	1871	1754	1890	1732	1714	1639	1559	1165	1344	1215	227	84	799	680	303	1	107	265	249	176	30	111	316	302	312	326	183	165	568	380	260	211	239	318	396	327	491	480	409	564	519	530	651	630	709	713	836	711	726	691	716	738	668	755	667	696	673	681	689	960	1086	201	113	556	530	680	422	346	426	345	351	351	381
365.0000013718402	1	0	29	0	1537	3305	2231	11566	10616	10311	11990	7042	4760	4072	3636	1031	972	1578	2223	2070	843	2462	0	2177	32	2514	2095	2623	2379	2712	2513	2293	2428	2230	2183	2213	1967	1816	1961	1787	1790	1710	1631	1247	1424	1303	246	88	853	732	353	7	137	300	287	206	44	154	311	295	311	314	174	158	571	384	259	210	240	321	413	333	501	476	399	563	516	534	655	635	719	735	871	752	756	711	729	748	677	776	665	685	658	673	664	998	1140	211	126	577	551	714	440	374	458	354	353	343	374
370.00000054955655	0	0	29	0	1543	3247	2285	11610	10642	10333	12019	7068	4807	4108	3669	1049	988	1605	2271	2100	882	2511	0	2211	30	2571	2159	2689	2442	2769	2583	2393	2501	2307	2245	2288	2040	1883	2018	1844	1861	1768	1699	1317	1508	1398	257	97	906	788	411	15	170	349	324	242	65	196	306	291	301	307	166	156	567	385	263	206	236	314	413	352	540	491	389	562	509	532	661	645	733	742	907	787	799	758	762	744	664	760	665	689	661	681	683	1029	1187	223	143	607	565	747	445	371	463	355	382	330	362
375.00000501111367	2	0	20	0	1554	3264	2332	11640	10667	10359	12045	7091	4861	4150	3705	1066	1011	1635	2314	2132	921	2565	0	2246	38	2630	2233	2757	2503	2831	2657	2506	2572	2373	2315	2375	2130	1951	2074	1911	1917	1835	1759	1399	1612	1487	278	112	964	841	473	28	212	395	357	271	91	218	309	286	296	296	159	149	567	380	259	228	261	328	417	351	547	525	409	562	501	520	658	639	723	736	943	809	807	776	792	784	697	774	661	682	646	677	673	1057	1243	230	145	626	605	790	445	386	489	363	369	370	397
380.0000111319382	1	0	20	0	1552	3235	2403	11670	10700	10381	12078	7115	4911	4182	3749	1087	1036	1664	2351	2161	960	2617	0	2294	26	2679	2295	2817	2554	2888	2716	2599	2645	2444	2369	2445	2208	2025	2151	1975	1985	1897	1817	1488	1714	1605	298	122	1026	886	537	49	249	425	389	296	124	255	306	296	293	295	145	142	569	371	268	237	284	347	440	363	551	519	425	606	505	507	655	640	724	741	964	822	816	798	795	810	733	801	685	686	651	669	650	1059	1276	241	152	647	616	835	496	369	487	349	368	367	399
385.00000496267546	3	0	25	0	1555	3155	2449	11699	10724	10408	12113	7137	4958	4212	3777	1113	1058	1694	2388	2202	1007	2665	0	2338	32	2726	2339	2873	2601	2967	2777	2704	2720	2518	2423	2525	2283	2089	2225	2028	2040	1953	1888	1586	1801	1724	325	132	1082	957	606	76	293	464	418	321	146	300	308	293	304	297	146	132	572	370	261	233	281	343	438	355	551	514	414	617	542	497	640	630	726	735	971	823	834	815	814	852	762	834	720	719	683	679	655	1058	1290	251	156	671	641	889	554	377	493	341	347	368	400
390.0000003342754	1	0	19	0	1562	3131	2484	11719	10756	10424	12135	7154	5019	4250	3812	1129	1081	1726	2420	2227	1050	2712	0	2376	45	2779	2388	2944	2652	3034	2856	2798	2789	2591	2508	2611	2355	2143	2299	2077	2114	2018	1946	1668	1910	1824	351	148	1152	1023	671	111	329	505	449	363	187	331	300	292	302	304	144	126	565	365	250	230	272	337	428	347	551	509	408	614	528	504	642	636	718	736	976	831	827	803	806	864	763	850	740	746	716	717	701	1081	1292	252	165	686	661	928	589	421	544	374	358	381	426
395.00000096927056	2	0	17	0	1567	3073	2552	11748	10778	10447	12170	7169	5064	4284	3841	1153	1106	1754	2459	2267	1091	2762	0	2411	40	2821	2433	2997	2714	3093	2911	2893	2867	2658	2574	2678	2407	2219	2376	2131	2169	2065	2013	1729	2000	1940	372	159	1210	1085	741	142	365	535	476	392	223	359	290	290	303	300	143	126	560	367	245	232	274	356	463	383	599	515	390	610	523	502	632	617	721	735	978	829	831	810	809	891	796	892	750	738	718	736	674	1123	1311	252	168	702	664	964	597	468	603	414	400	374	423
400.00000389744	1	0	19	0	1568	3017	2618	11772	10792	10471	12193	7188	5106	4318	3884	1164	1133	1783	2501	2304	1147	2817	0	2436	30	2861	2485	3046	2767	3162	2975	2990	2941	2726	2636	2748	2474	2284	2450	2178	2248	2124	2067	1800	2095	2066	400	170	1272	1144	796	178	399	588	516	420	262	401	292	275	300	300	130	130	583	361	236	232	270	350	482	427	678	555	402	612	517	491	624	604	703	724	985	841	831	813	809	896	796	893	765	769	752	734	676	1146	1369	259	166	714	675	1004	643	475	642	449	436	375	410
405.0000066845735	2	0	19	0	1572	2984	2646	11795	10809	10496	12217	7205	5157	4354	3909	1182	1149	1820	2546	2337	1189	2871	0	2466	48	2902	2529	3092	2817	3228	3041	3086	3008	2789	2696	2814	2568	2354	2515	2249	2307	2190	2121	1870	2200	2180	420	180	1321	1193	866	213	436	634	555	460	296	438	284	270	293	289	127	127	588	361	224	229	277	364	484	419	687	620	453	646	532	482	608	596	689	707	998	830	824	801	806	913	801	914	774	762	758	751	697	1180	1402	274	158	713	694	1047	751	480	655	449	449	398	421
410.00000059324424	1	0	13	0	1575	2948	2719	11822	10828	10519	12252	7223	5202	4385	3952	1198	1177	1855	2587	2360	1232	2900	0	2491	37	2955	2574	3143	2868	3286	3101	3180	3080	2858	2774	2879	2650	2424	2569	2318	2368	2246	2192	1930	2307	2293	440	188	1373	1256	936	261	468	682	586	487	326	471	285	266	284	281	131	133	589	365	220	220	269	355	498	433	703	617	513	716	591	473	596	582	675	694	989	829	830	814	818	908	782	892	756	767	765	761	707	1224	1449	283	154	721	693	1081	834	532	708	468	457	413	439
415.00000386096406	1	0	19	0	1572	2951	2762	11848	10844	10534	12277	7237	5246	4420	3977	1211	1197	1877	2623	2388	1301	2935	0	2541	38	3000	2624	3203	2925	3348	3145	3261	3149	2929	2828	2946	2722	2487	2633	2374	2426	2307	2247	1996	2406	2417	465	204	1447	1312	1013	307	500	730	616	530	370	494	290	271	282	277	132	129	597	365	212	219	265	343	486	419	704	615	515	745	626	482	613	591	665	676	983	814	811	803	810	895	756	863	732	730	739	749	684	1218	1499	292	162	728	693	1111	886	634	821	563	513	454	457
420.00000230672174	0	0	19	0	1570	2948	2816	11873	10870	10561	12303	7244	5308	4447	4002	1227	1216	1903	2658	2426	1352	2985	0	2589	45	3050	2657	3258	2961	3404	3195	3361	3213	2995	2889	3010	2799	2546	2705	2437	2493	2366	2311	2059	2521	2527	491	217	1514	1371	1081	380	530	788	653	559	402	533	287	271	286	277	143	125	605	371	210	222	278	345	484	411	704	609	504	750	626	493	625	594	652	658	974	808	799	793	794	914	786	881	725	713	709	724	698	1217	1524	304	165	734	701	1143	904	688	911	643	609	481	480
425.00000021613215	1	0	13	0	1577	2908	2867	11891	10888	10581	12324	7262	5359	4479	4031	1247	1229	1931	2685	2457	1391	3032	0	2632	49	3096	2710	3303	3011	3453	3236	3453	3272	3060	2948	3069	2872	2611	2775	2493	2535	2432	2373	2131	2616	2626	519	227	1569	1427	1147	439	566	844	694	597	437	570	286	264	271	276	143	122	602	376	205	207	273	343	500	424	717	600	488	754	633	499	635	609	675	667	970	791	790	775	775	901	771	889	737	726	722	699	686	1228	1528	307	169	747	709	1179	931	700	938	662	622	484	492
430.0000026809849	0	0	13	0	1571	2836	2933	11917	10907	10600	12346	7272	5404	4518	4052	1262	1246	1960	2720	2495	1465	3066	0	2676	46	3143	2753	3344	3056	3504	3285	3547	3340	3109	3005	3135	2946	2662	2820	2549	2601	2491	2438	2198	2719	2746	538	247	1629	1486	1249	500	594	904	741	631	471	605	282	264	264	269	141	121	602	377	200	209	269	335	493	419	736	625	479	750	616	559	704	678	735	695	961	771	770	770	770	892	754	882	714	712	699	718	661	1229	1555	309	173	756	720	1216	947	703	966	664	615	463	476
435.00000306747796	0	0	11	0	1573	2754	2989	11945	10926	10613	12364	7283	5438	4564	4074	1274	1269	1997	2766	2530	1529	3116	0	2716	46	3198	2809	3390	3095	3555	3331	3624	3386	3175	3058	3199	3020	2727	2898	2596	2649	2543	2491	2259	2812	2860	575	260	1688	1538	1339	549	638	987	789	668	515	648	270	260	257	262	137	120	609	372	199	202	261	326	488	412	739	618	503	752	599	550	705	691	772	761	978	763	749	750	760	879	739	872	686	695	686	699	686	1272	1561	317	174	765	732	1254	933	714	995	665	624	459	459
440.0000020261264	0	0	14	0	1567	2736	3047	11965	10942	10631	12392	7295	5477	4591	4094	1288	1295	2021	2802	2559	1594	3171	0	2754	34	3234	2855	3439	3159	3611	3383	3709	3435	3225	3122	3258	3079	2776	2983	2649	2713	2583	2548	2320	2932	2973	590	281	1746	1582	1436	588	696	1059	833	715	548	685	266	257	251	266	131	115	607	361	194	196	254	312	480	401	740	614	491	759	590	541	693	680	767	762	1006	780	769	769	765	865	723	855	654	676	670	672	670	1310	1604	318	169	765	739	1293	958	681	1001	669	636	504	510
445.0000027733538	0	0	12	0	1568	2758	3086	11984	10965	10651	12404	7311	5527	4634	4118	1300	1321	2043	2836	2588	1656	3212	0	2783	52	3281	2892	3502	3203	3671	3430	3785	3495	3285	3176	3306	3137	2823	3048	2695	2762	2634	2604	2386	3033	3095	613	297	1795	1655	1528	637	734	1138	877	748	584	718	260	252	253	266	127	115	614	356	183	190	248	306	477	392	740	605	487	775	589	525	679	659	754	742	1072	835	806	804	799	858	705	837	629	644	643	649	664	1317	1647	330	170	773	740	1331	993	656	998	640	613	538	534
450.00000038342574	3	0	18	0	1561	2739	3139	12011	10979	10671	12424	7322	5570	4671	4145	1320	1338	2067	2871	2608	1710	3254	0	2817	58	3330	2936	3558	3256	3731	3494	3860	3561	3346	3219	3367	3197	2875	3104	2744	2817	2684	2652	2435	3131	3223	630	311	1861	1720	1618	705	786	1205	916	786	633	753	266	250	252	263	128	115	623	357	170	186	246	297	472	381	742	594	473	781	594	551	702	667	753	729	1092	873	837	820	801	843	686	818	606	628	623	623	721	1369	1670	339	169	774	745	1364	1006	654	1010	631	591	559	559
455.00000070738844	0	0	12	0	1564	2743	3200	12036	11001	10690	12439	7336	5622	4693	4166	1335	1357	2086	2912	2629	1769	3305	0	2857	47	3385	2976	3610	3291	3777	3550	3945	3621	3415	3264	3411	3266	2920	3160	2793	2863	2732	2700	2497	3214	3333	658	325	1931	1768	1711	773	834	1300	958	854	673	794	258	244	251	260	133	114	625	366	171	197	264	320	482	380	744	587	462	779	582	585	731	699	790	745	1089	863	816	806	781	825	669	800	588	605	599	604	695	1415	1729	343	172	779	745	1391	1011	682	1063	668	629	604	601
460.00000492207755	0	0	9	0	1571	2756	3272	12056	11020	10703	12459	7346	5671	4716	4191	1349	1373	2110	2949	2647	1829	3348	0	2880	47	3423	3017	3656	3336	3835	3597	4026	3690	3486	3327	3470	3328	2978	3218	2838	2910	2775	2750	2578	3299	3457	674	337	1983	1823	1821	834	881	1370	1011	898	721	836	257	233	252	258	126	111	628	366	178	206	275	314	491	395	772	582	452	781	568	608	756	723	818	772	1083	842	810	787	765	805	646	780	576	583	575	578	670	1414	1774	351	173	799	765	1431	1074	693	1103	678	670	632	652
465.0000032833045	1	0	12	0	1573	2701	3328	12077	11039	10723	12475	7358	5712	4740	4209	1367	1397	2136	2985	2671	1877	3396	0	2918	47	3463	3062	3721	3374	3889	3655	4091	3751	3555	3383	3527	3373	3025	3275	2890	2948	2831	2797	2632	3406	3569	703	353	2039	1872	1903	901	947	1435	1062	943	763	882	254	233	243	256	118	104	617	362	188	205	268	315	508	398	777	607	448	776	550	591	749	720	819	805	1106	838	806	784	748	810	658	773	547	561	552	556	648	1419	1792	360	170	796	773	1466	1125	732	1145	693	687	646	666
470.0000034860544	0	0	10	0	1586	2671	3383	12100	11052	10737	12494	7377	5754	4765	4232	1385	1413	2160	3011	2703	1925	3450	0	2945	54	3501	3107	3774	3416	3952	3714	4163	3807	3610	3438	3588	3451	3074	3338	2930	2998	2879	2830	2685	3504	3685	733	365	2102	1922	1987	980	1014	1531	1117	987	817	925	247	221	245	248	114	103	610	365	186	205	266	307	502	397	778	599	462	806	559	589	746	717	819	785	1142	875	842	833	809	868	713	816	574	572	553	531	627	1460	1804	361	174	798	773	1509	1117	802	1246	766	731	662	680
475.00000667247934	0	0	8	0	1598	2660	3436	12115	11071	10749	12506	7385	5798	4792	4244	1403	1426	2191	3038	2725	1963	3487	0	2989	56	3534	3155	3841	3459	3997	3784	4230	3869	3676	3497	3644	3507	3130	3391	2977	3039	2917	2875	2743	3608	3808	750	380	2148	1974	2069	1057	1058	1619	1167	1036	862	962	240	207	245	248	111	101	613	353	197	196	259	299	500	398	787	589	455	808	566	573	740	708	822	793	1177	905	887	883	868	959	827	913	657	623	590	553	606	1465	1850	367	174	801	778	1551	1129	796	1302	813	814	696	689
480.00000095069805	1	0	16	0	1599	2667	3468	12134	11085	10768	12519	7401	5835	4818	4261	1425	1452	2216	3067	2749	2021	3532	0	3019	71	3590	3198	3889	3509	4043	3839	4309	3924	3741	3560	3695	3558	3191	3451	3027	3067	2960	2913	2797	3718	3935	773	395	2202	2036	2145	1129	1109	1701	1216	1086	921	1021	233	212	234	244	117	100	606	346	196	194	274	311	513	391	799	603	444	804	553	579	733	708	817	775	1174	922	911	907	901	1018	889	976	745	730	686	618	607	1458	1866	375	165	803	789	1587	1144	778	1308	800	819	732	739
485.0000034627453	0	0	10	0	1610	2646	3500	12150	11103	10785	12536	7410	5869	4837	4276	1440	1467	2231	3100	2770	2051	3579	0	3057	69	3632	3236	3949	3549	4100	3891	4395	3985	3795	3636	3744	3617	3246	3506	3070	3111	3002	2941	2864	3818	4065	793	406	2246	2091	2233	1202	1171	1786	1282	1137	957	1079	229	202	235	240	119	107	599	334	202	195	267	302	518	393	809	599	447	813	548	567	712	693	814	774	1195	930	898	902	908	1047	919	1006	796	783	761	717	598	1476	1874	376	166	805	787	1620	1194	773	1327	792	801	776	778
490.0000004879147	0	0	9	0	1609	2643	3533	12165	11124	10795	12561	7420	5910	4853	4294	1456	1478	2251	3126	2793	2097	3636	0	3091	71	3668	3284	3995	3580	4160	3954	4474	4039	3859	3686	3808	3663	3305	3573	3126	3161	3034	2987	2912	3916	4171	817	415	2287	2148	2341	1291	1227	1866	1338	1182	1017	1126	221	194	225	237	119	107	594	325	195	190	264	292	511	383	814	596	434	820	554	568	724	690	795	755	1185	931	912	921	920	1047	918	1024	817	803	790	750	640	1481	1891	376	165	812	796	1657	1203	800	1358	792	817	797	801
495.0000035034163	1	0	11	0	1608	2622	3584	12178	11137	10810	12573	7432	5948	4878	4310	1469	1498	2269	3165	2815	2142	3671	0	3116	76	3704	3330	4062	3636	4215	4011	4547	4098	3912	3749	3861	3729	3360	3639	3192	3214	3079	3029	2973	4004	4298	834	426	2348	2205	2432	1363	1291	1947	1392	1233	1076	1177	218	190	220	229	110	106	595	311	187	189	255	281	503	377	828	608	433	827	544	557	705	678	776	739	1188	923	895	909	906	1063	926	1001	812	792	814	770	653	1480	1907	380	160	803	786	1689	1202	805	1397	825	831	796	825
500.00000136605985	0	0	15	0	1614	2525	3672	12191	11153	10826	12589	7443	5978	4897	4330	1476	1518	2289	3200	2840	2187	3710	0	3148	59	3733	3375	4114	3675	4280	4053	4599	4155	3970	3807	3902	3791	3418	3691	3245	3260	3119	3072	3028	4097	4433	859	437	2401	2256	2530	1436	1343	2035	1441	1287	1127	1226	218	188	217	223	107	107	592	305	191	187	248	274	489	367	828	602	438	835	546	560	715	675	779	722	1182	902	885	906	900	1055	908	1003	820	792	802	771	682	1495	1909	382	153	817	785	1736	1190	784	1414	839	838	770	801
505.00000132219884	0	0	11	0	1623	2443	3729	12209	11166	10835	12605	7453	6016	4915	4345	1488	1531	2306	3224	2873	2230	3749	0	3171	66	3763	3420	4166	3717	4328	4092	4699	4214	4017	3862	3962	3852	3492	3758	3306	3312	3174	3129	3069	4195	4545	884	454	2460	2312	2622	1498	1409	2138	1496	1338	1183	1278	209	182	211	215	112	115	590	301	189	187	257	281	477	351	828	591	422	844	560	560	708	679	792	740	1182	887	871	892	874	1053	919	999	798	771	789	778	742	1555	1928	382	150	805	782	1764	1214	757	1410	824	832	752	775
510.000000518985	2	0	14	0	1621	2428	3760	12222	11176	10849	12621	7464	6055	4944	4361	1501	1551	2326	3262	2887	2286	3786	0	3193	81	3796	3472	4210	3764	4382	4145	4784	4277	4082	3911	4008	3919	3550	3820	3372	3353	3234	3170	3111	4291	4675	907	475	2507	2376	2725	1577	1471	2234	1545	1389	1243	1337	209	177	205	213	106	119	608	296	180	187	255	280	492	364	838	589	411	841	536	549	681	664	770	745	1173	864	860	876	861	1040	908	991	809	785	795	757	785	1642	1991	387	147	819	783	1800	1294	732	1405	795	804	792	803
515.0000011301379	2	0	12	0	1625	2459	3855	12242	11188	10861	12630	7471	6097	4962	4377	1520	1572	2338	3287	2907	2338	3822	0	3219	59	3827	3515	4255	3822	4438	4183	4877	4336	4132	3972	4071	3985	3607	3872	3428	3398	3285	3214	3161	4392	4802	918	487	2561	2428	2833	1659	1525	2329	1600	1447	1301	1396	204	178	200	203	100	117	614	304	175	181	252	275	482	348	847	593	410	838	517	542	680	665	766	730	1191	864	854	865	857	1033	897	987	786	758	779	762	754	1703	2085	402	142	823	787	1828	1363	762	1441	784	780	819	846
520.0000014198029	0	0	14	0	1619	2483	3900	12251	11196	10872	12645	7480	6126	4981	4394	1534	1585	2361	3311	2936	2392	3855	0	3245	81	3876	3551	4301	3864	4499	4239	4966	4391	4180	4034	4139	4046	3652	3923	3481	3453	3337	3260	3208	4471	4909	950	500	2605	2483	2945	1730	1572	2393	1660	1497	1349	1445	196	173	194	195	99	112	601	297	161	183	262	279	483	345	849	594	414	842	520	535	679	663	757	732	1205	875	861	882	870	1026	884	970	772	748	766	736	759	1719	2163	424	141	823	782	1862	1373	824	1534	837	810	825	864
525.0000059854153	0	0	10	0	1622	2456	3960	12262	11204	10880	12654	7489	6158	5002	4413	1547	1603	2380	3345	2955	2447	3884	0	3278	62	3917	3579	4342	3909	4550	4280	5053	4452	4229	4099	4180	4113	3718	3984	3523	3511	3392	3301	3259	4555	5035	971	514	2652	2534	3047	1812	1629	2480	1715	1556	1403	1489	193	170	183	191	90	104	598	288	163	190	271	293	498	357	857	588	411	851	525	531	669	648	745	730	1196	853	853	888	882	1039	894	980	753	724	741	731	771	1780	2192	436	150	835	774	1900	1362	874	1624	910	877	822	849
530.0000034534506	1	0	3	0	1635	2446	4014	12270	11216	10891	12662	7498	6194	5018	4424	1563	1616	2399	3375	2970	2478	3911	0	3295	61	3959	3608	4380	3955	4588	4322	5135	4504	4277	4161	4237	4181	3775	4040	3564	3550	3449	3355	3306	4665	5142	994	530	2710	2590	3149	1887	1689	2570	1781	1615	1463	1543	197	176	179	187	89	100	593	281	165	188	272	290	499	368	888	592	401	848	514	521	662	640	732	715	1202	854	859	876	871	1049	899	993	778	736	746	716	793	1843	2253	442	162	844	777	1932	1402	837	1627	909	926	854	868
535.0000056671411	0	0	6	0	1633	2471	4045	12284	11228	10903	12672	7511	6230	5040	4438	1571	1632	2417	3403	2995	2519	3951	0	3315	75	3981	3638	4424	3998	4636	4358	5216	4546	4328	4206	4286	4238	3823	4092	3615	3589	3489	3403	3355	4773	5264	1016	543	2758	2646	3235	1970	1731	2654	1843	1655	1510	1589	193	181	178	186	88	92	587	285	167	184	270	288	504	367	895	622	415	847	494	510	653	625	712	696	1205	851	857	873	863	1043	892	984	767	742	758	744	793	1878	2323	450	162	856	790	1967	1427	804	1624	877	899	910	884
540.0000005601685	0	0	12	0	1629	2475	4122	12296	11236	10918	12681	7516	6264	5057	4453	1583	1651	2434	3437	3015	2580	3994	0	3336	61	4017	3684	4466	4048	4679	4404	5299	4595	4383	4261	4344	4301	3882	4149	3664	3637	3534	3447	3410	4914	5399	1048	552	2799	2695	3356	2049	1785	2758	1893	1727	1569	1642	190	177	181	191	85	85	580	279	169	174	269	287	503	366	896	618	438	887	512	511	662	638	695	687	1195	828	838	854	864	1036	890	980	751	720	745	742	784	1907	2374	458	162	862	803	2003	1446	841	1685	895	871	952	952
545.0000057515961	0	0	6	0	1643	2528	4160	12312	11248	10930	12693	7522	6297	5077	4464	1593	1667	2444	3458	3040	2614	4036	0	3362	76	4047	3725	4502	4087	4719	4437	5368	4636	4424	4310	4401	4361	3937	4222	3700	3689	3576	3486	3468	5022	5544	1067	566	2845	2742	3465	2135	1834	2843	1955	1777	1637	1691	185	175	178	186	77	77	572	266	169	181	272	280	506	362	906	604	427	886	517	516	677	649	717	689	1183	816	828	837	852	1020	861	962	735	717	739	724	759	1916	2415	472	164	863	797	2053	1439	851	1709	904	913	944	982
550.0000057604104	3	0	7	0	1640	2476	4215	12324	11253	10942	12704	7524	6329	5102	4476	1612	1680	2462	3484	3059	2672	4077	0	3378	69	4081	3764	4538	4135	4760	4480	5442	4680	4475	4370	4438	4429	3986	4275	3751	3730	3622	3533	3527	5127	5679	1095	581	2875	2794	3568	2209	1898	2934	1998	1832	1686	1745	181	173	179	182	74	76	567	255	162	181	277	294	517	360	906	608	422	883	505	511	666	629	719	713	1166	798	810	820	836	1018	847	932	705	697	716	721	742	1933	2439	479	166	867	808	2098	1450	846	1736	898	913	941	960
555.0000055518082	0	0	5	0	1639	2409	4267	12333	11264	10950	12712	7533	6356	5126	4489	1624	1699	2482	3513	3077	2724	4114	0	3411	64	4109	3793	4569	4181	4804	4516	5515	4720	4528	4423	4487	4481	4047	4336	3799	3767	3661	3568	3575	5242	5823	1136	593	2931	2851	3661	2287	1951	3032	2058	1877	1741	1801	181	168	174	177	72	77	568	249	154	171	266	286	515	365	939	597	419	878	493	514	660	633	704	700	1180	783	796	790	814	1007	848	934	718	680	691	701	745	1924	2470	488	166	875	807	2128	1469	815	1724	876	903	907	917
560.0000015542792	0	0	7	0	1639	2350	4283	12342	11275	10964	12728	7546	6398	5137	4498	1635	1720	2496	3553	3092	2775	4153	0	3432	90	4132	3825	4606	4214	4835	4557	5601	4766	4566	4473	4540	4549	4099	4387	3844	3807	3695	3615	3621	5345	5971	1165	603	2980	2905	3784	2367	2004	3125	2106	1928	1800	1843	175	168	172	168	70	80	569	240	163	173	258	282	507	353	942	628	419	878	478	501	646	625	698	702	1206	806	805	801	819	990	831	913	688	676	690	705	731	1932	2475	495	166	881	823	2167	1527	839	1762	879	870	890	881
565.0000042580842	2	0	7	0	1644	2268	4361	12351	11279	10974	12738	7547	6430	5157	4511	1644	1737	2511	3591	3109	2833	4192	0	3453	79	4153	3869	4641	4257	4869	4595	5688	4814	4609	4521	4594	4618	4141	4444	3896	3848	3728	3664	3676	5458	6105	1194	611	3027	2946	3880	2439	2070	3226	2142	1973	1856	1896	174	161	165	165	71	84	580	244	156	174	252	276	498	352	943	620	440	892	479	524	671	647	687	686	1198	794	818	817	844	1002	833	901	681	668	672	683	715	1931	2491	495	163	901	829	2203	1546	864	1786	882	882	885	884
570.0000180385615	1	0	9	0	1638	2223	4400	12359	11291	10978	12744	7553	6462	5167	4528	1656	1756	2527	3616	3130	2886	4219	0	3474	79	4185	3909	4679	4288	4916	4647	5756	4872	4647	4565	4639	4687	4193	4500	3938	3887	3772	3709	3726	5584	6249	1216	624	3072	2998	4016	2514	2120	3336	2199	2032	1914	1947	172	154	164	155	76	96	587	240	141	170	256	270	492	344	944	613	426	910	511	518	654	634	697	696	1209	779	802	791	820	985	827	903	672	673	668	669	734	1953	2507	498	163	918	839	2249	1565	888	1850	914	897	857	845
575.0000006962606	0	0	7	0	1640	2181	4454	12372	11296	10989	12754	7560	6498	5185	4536	1675	1771	2544	3648	3150	2936	4255	0	3507	78	4211	3938	4718	4333	4966	4687	5827	4924	4692	4609	4680	4743	4239	4539	3983	3931	3810	3744	3786	5707	6397	1246	635	3128	3056	4128	2601	2179	3443	2245	2073	1985	2005	171	150	160	152	70	91	591	239	130	167	247	268	495	349	950	607	412	901	502	516	647	630	705	700	1201	776	810	800	826	967	803	872	651	663	675	668	723	1958	2547	500	156	916	846	2292	1571	875	1869	917	923	899	886
580.0000013208697	0	0	4	0	1638	2202	4507	12382	11301	10994	12761	7568	6532	5205	4545	1686	1789	2566	3676	3171	2999	4288	0	3524	75	4236	3968	4757	4369	5004	4722	5894	4963	4744	4660	4729	4803	4279	4578	4017	3976	3844	3783	3836	5813	6522	1272	644	3186	3101	4243	2691	2221	3550	2292	2125	2041	2057	169	150	159	144	69	97	599	246	121	163	238	260	487	341	955	620	404	897	493	531	660	629	686	698	1215	783	803	794	816	952	785	846	624	644	645	655	705	1993	2569	506	150	919	849	2332	1570	878	1899	902	910	962	958
585.0000057935055	0	0	6	0	1632	2282	4541	12385	11309	11002	12771	7571	6561	5219	4551	1700	1798	2581	3699	3198	3050	4318	0	3550	92	4262	3989	4794	4399	5042	4779	5973	5018	4780	4691	4778	4867	4315	4621	4056	4009	3878	3822	3884	5924	6680	1311	652	3250	3146	4365	2788	2267	3656	2353	2175	2092	2113	170	145	160	138	68	94	605	257	112	168	228	254	482	336	955	613	409	901	484	525	666	647	724	717	1218	802	810	809	817	938	769	828	592	620	627	632	709	2010	2612	510	144	913	849	2374	1569	877	1924	898	913	971	1001
590.0000040007368	0	0	13	0	1630	2261	4585	12394	11315	11015	12778	7577	6593	5240	4567	1712	1812	2596	3731	3221	3095	4351	0	3584	91	4287	4024	4845	4434	5082	4822	6056	5064	4840	4735	4821	4929	4362	4661	4087	4033	3915	3855	3932	6031	6827	1350	658	3305	3189	4487	2867	2334	3757	2395	2239	2148	2158	168	139	160	137	64	85	607	260	112	163	229	260	474	331	962	604	401	897	490	517	664	634	710	714	1211	797	821	813	820	965	791	834	582	589	607	606	684	2026	2644	518	145	904	839	2406	1571	859	1922	883	915	939	984
595.0000098050895	0	0	8	0	1640	2185	4636	12409	11323	11027	12785	7579	6623	5258	4584	1721	1826	2612	3753	3236	3154	4398	0	3601	97	4306	4063	4878	4468	5118	4858	6125	5120	4874	4780	4868	4989	4399	4712	4135	4062	3948	3892	3970	6144	6975	1372	671	3356	3246	4606	2958	2385	3865	2443	2289	2240	2214	161	136	153	138	65	82	599	260	112	159	231	255	482	336	964	604	394	890	474	510	659	633	706	700	1225	787	810	794	808	1001	835	909	649	614	598	595	663	2019	2671	522	139	884	844	2441	1596	843	1916	855	892	909	955
600.0000044005167	0	0	4	0	1650	2122	4666	12417	11331	11041	12793	7581	6672	5272	4593	1730	1839	2628	3784	3258	3204	4429	0	3619	106	4337	4098	4928	4505	5161	4909	6197	5168	4918	4827	4907	5060	4439	4760	4170	4104	3984	3923	4017	6265	7122	1405	686	3409	3292	4724	3055	2443	3964	2504	2335	2293	2268	157	132	150	134	65	77	591	260	109	152	228	259	486	337	978	604	399	891	459	509	662	639	702	697	1233	804	833	810	827	983	829	897	652	658	664	645	637	2011	2684	528	143	877	855	2474	1675	840	1936	856	871	885	929
