>time	Ribosome	coli Pol	coli Pol-P	coli Pol-2.0	coli Pol-P-2.0	gp1	gp1-3.5	gp0.3	gp0.4	gp0.5	gp0.6A	gp0.7	gp1.1	gp1.2	gp1.3	gp1.4	gp1.5	gp1.6	gp1.7	gp1.8	gp2.0	gp2.5	gp2.8	gp3.0	gp3.5	gp3.8	gp4A	gp4.2	gp4.3	gp4.5	gp4.7	gp5.0	gp5.3	gp5.5	gp5.7	gp5.9	gp6.0	gp6.3	gp6.5	gp6.7	gp7	gp7.3	gp7.7	gp8	gp9	gp10A	gp11	gp12	gp13	gp14	gp15	gp16	gp17	gp17.5	gp18	gp18.5	gp19	gp19.5
9.456520652439988E-4	0	0	0	0	0	0	0	0	0	0	0	0	0	0	0	0	0	0	0	0	0	0	0	0	0	0	0	0	0	0	0	0	0	0	0	0	0	0	0	0	0	0	0	0	0	0	0	0	0	0	0	0	0	0	0	0	0	0
5.0105981324453905	0	0	0	0	0	0	0	0	0	0	0	0	0	0	0	0	0	0	0	0	0	0	0	0	0	0	0	0	0	0	0	0	0	0	0	0	0	0	0	0	0	0	0	0	0	0	0	0	0	0	0	0	0	0	0	0	0	0
10.01384629508199	0	0	0	0	0	0	0	0	0	0	0	0	0	0	0	0	0	0	0	0	0	0	0	0	0	0	0	0	0	0	0	0	0	0	0	0	0	0	0	0	0	0	0	0	0	0	0	0	0	0	0	0	0	0	0	0	0	0
15.00243297577445	0	0	0	0	0	0	0	0	0	0	0	0	0	0	0	0	0	0	0	0	0	0	0	0	0	0	0	0	0	0	0	0	0	0	0	0	0	0	0	0	0	0	0	0	0	0	0	0	0	0	0	0	0	0	0	0	0	0
20.000831411678185	0	0	0	0	0	0	0	0	0	0	0	0	0	0	0	0	0	0	0	0	0	0	0	0	0	0	0	0	0	0	0	0	0	0	0	0	0	0	0	0	0	0	0	0	0	0	0	0	0	0	0	0	0	0	0	0	0	0
25.000150902384128	0	0	0	0	0	0	0	0	0	0	0	0	0	0	0	0	0	0	0	0	0	0	0	0	0	0	0	0	0	0	0	0	0	0	0	0	0	0	0	0	0	0	0	0	0	0	0	0	0	0	0	0	0	0	0	0	0	0
30.0001464307583	0	0	0	0	0	0	0	819	52	0	0	0	0	0	0	0	0	0	0	0	0	0	0	0	0	0	0	0	0	0	0	0	0	0	0	0	0	0	0	0	0	0	0	0	0	0	0	0	0	0	0	0	0	0	0	0	0	0
35.000203172919505	0	0	0	0	0	0	0	2808	884	224	0	0	0	0	0	0	0	0	0	0	0	0	0	0	0	0	0	0	0	0	0	0	0	0	0	0	0	0	0	0	0	0	0	0	0	0	0	0	0	0	0	0	0	0	0	0	0	0
40.00001708639489	0	0	0	0	0	0	0	6903	2132	784	159	0	0	0	0	0	0	0	0	0	0	0	0	0	0	0	0	0	0	0	0	0	0	0	0	0	0	0	0	0	0	0	0	0	0	0	0	0	0	0	0	0	0	0	0	0	0	0
45.00045122256568	0	0	0	0	0	0	0	11817	4368	2128	954	0	0	0	0	0	0	0	0	0	0	0	0	0	0	0	0	0	0	0	0	0	0	0	0	0	0	0	0	0	0	0	0	0	0	0	0	0	0	0	0	0	0	0	0	0	0	0
50.000127759824096	0	0	0	0	0	0	0	19071	7020	4368	2332	0	0	0	0	0	0	0	0	0	0	0	0	0	0	0	0	0	0	0	0	0	0	0	0	0	0	0	0	0	0	0	0	0	0	0	0	0	0	0	0	0	0	0	0	0	0	0
55.00063570526738	0	0	0	0	0	0	0	27846	10296	7448	4081	0	0	0	0	0	0	0	0	0	0	0	0	0	0	0	0	0	0	0	0	0	0	0	0	0	0	0	0	0	0	0	0	0	0	0	0	0	0	0	0	0	0	0	0	0	0	0
60.000264407987686	0	0	0	0	0	0	0	35919	13676	10304	6466	0	0	0	0	0	0	0	0	0	0	0	0	0	0	0	0	0	0	0	0	0	0	0	0	0	0	0	0	0	0	0	0	0	0	0	0	0	0	0	0	0	0	0	0	0	0	0
65.00002981318856	0	0	0	0	0	0	0	46683	17680	14280	10547	0	0	0	0	0	0	0	0	0	0	0	0	0	0	0	0	0	0	0	0	0	0	0	0	0	0	0	0	0	0	0	0	0	0	0	0	0	0	0	0	0	0	0	0	0	0	0
70.00004883429466	0	0	0	0	0	0	0	58383	22672	18480	15052	1436	0	0	0	0	0	0	0	0	0	0	0	0	0	0	0	0	0	0	0	0	0	0	0	0	0	0	0	0	0	0	0	0	0	0	0	0	0	0	0	0	0	0	0	0	0	0
75.00006874228308	0	0	0	0	0	0	0	74061	28444	24360	20140	7898	0	0	0	0	0	0	0	0	0	0	0	0	0	0	0	0	0	0	0	0	0	0	0	0	0	0	0	0	0	0	0	0	0	0	0	0	0	0	0	0	0	0	0	0	0	0
80.00016826547473	0	0	0	0	0	0	0	92664	35516	31024	25705	17591	0	0	0	0	0	0	0	0	0	0	0	0	0	0	0	0	0	0	0	0	0	0	0	0	0	0	0	0	0	0	0	0	0	0	0	0	0	0	0	0	0	0	0	0	0	0
85.00000514185133	0	0	0	0	0	0	0	112437	43160	37632	32648	35182	0	0	0	0	0	0	0	0	0	0	0	0	0	0	0	0	0	0	0	0	0	0	0	0	0	0	0	0	0	0	0	0	0	0	0	0	0	0	0	0	0	0	0	0	0	0
90.00004126089337	0	0	0	0	0	0	0	131742	51272	45024	40492	58158	0	0	0	0	0	0	0	0	0	0	0	0	0	0	0	0	0	0	0	0	0	0	0	0	0	0	0	0	0	0	0	0	0	0	0	0	0	0	0	0	0	0	0	0	0	0
95.00004243141272	0	0	0	0	0	0	0	153387	60060	54152	48177	82211	0	0	0	0	0	0	0	0	0	0	0	0	0	0	0	0	0	0	0	0	0	0	0	0	0	0	0	0	0	0	0	0	0	0	0	0	0	0	0	0	0	0	0	0	0	0
100.00020759123618	0	0	0	0	0	0	0	175500	68172	62776	56922	115598	0	0	0	0	0	0	0	0	0	0	0	0	0	0	0	0	0	0	0	0	0	0	0	0	0	0	0	0	0	0	0	0	0	0	0	0	0	0	0	0	0	0	0	0	0	0
105.00012627618389	0	0	0	0	0	0	0	197379	77324	72912	67045	149703	0	0	0	0	0	0	0	0	0	0	0	0	0	0	0	0	0	0	0	0	0	0	0	0	0	0	0	0	0	0	0	0	0	0	0	0	0	0	0	0	0	0	0	0	0	0
110.00000391465126	0	0	0	0	0	0	0	220662	87932	82544	77062	185603	0	0	0	0	0	0	0	0	0	0	0	0	0	0	0	0	0	0	0	0	0	0	0	0	0	0	0	0	0	0	0	0	0	0	0	0	0	0	0	0	0	0	0	0	0	0
115.000047271973	0	0	0	0	0	0	0	246636	98852	93296	86973	232273	0	0	0	0	0	0	0	0	0	0	0	0	0	0	0	0	0	0	0	0	0	0	0	0	0	0	0	0	0	0	0	0	0	0	0	0	0	0	0	0	0	0	0	0	0	0
120.00001637376072	0	0	0	0	0	0	0	274014	110864	106456	98368	279302	0	0	0	0	0	0	0	0	0	0	0	0	0	0	0	0	0	0	0	0	0	0	0	0	0	0	0	0	0	0	0	0	0	0	0	0	0	0	0	0	0	0	0	0	0	0
125.00016219863537	0	0	0	0	0	0	0	301626	123500	120176	111989	340691	0	0	0	0	0	0	0	0	0	0	0	0	0	0	0	0	0	0	0	0	0	0	0	0	0	0	0	0	0	0	0	0	0	0	0	0	0	0	0	0	0	0	0	0	0	0
130.00010550432506	0	0	0	0	0	4415	0	332163	135876	132608	125610	401362	0	0	0	0	0	0	0	0	0	0	0	0	0	0	0	0	0	0	0	0	0	0	0	0	0	0	0	0	0	0	0	0	0	0	0	0	0	0	0	0	0	0	0	0	0	0
135.00002039838992	0	0	0	0	0	17660	0	364455	149448	147896	138383	463469	0	0	0	0	0	0	0	0	0	0	0	0	0	0	0	0	0	0	0	0	0	0	0	0	0	0	0	0	0	0	0	0	0	0	0	0	0	0	0	0	0	0	0	0	0	0
140.0000313409047	0	0	0	0	0	43267	0	397332	163176	161784	153011	536705	336	172	0	0	0	0	0	0	0	0	0	0	0	0	0	0	0	0	0	0	0	0	0	0	0	0	0	0	0	0	0	0	0	0	0	0	0	0	0	0	0	0	0	0	0	0
145.0000032728885	0	0	0	0	0	81236	0	429273	176852	175560	167957	609941	1218	946	0	0	0	0	0	0	0	0	0	0	0	0	0	0	0	0	0	0	0	0	0	0	0	0	0	0	0	0	0	0	0	0	0	0	0	0	0	0	0	0	0	0	0	0
150.00000956196988	0	0	0	0	0	127152	0	463203	191620	189448	183062	691793	2730	3010	0	0	0	0	0	0	0	0	0	0	0	0	0	0	0	0	0	0	0	0	0	0	0	0	0	0	0	0	0	0	0	0	0	0	0	0	0	0	0	0	0	0	0	0
155.00000442570726	0	0	0	0	0	188962	0	497250	205868	205072	199174	774722	5166	6708	0	0	0	0	0	0	0	0	0	0	0	0	0	0	0	0	0	0	0	0	0	0	0	0	0	0	0	0	0	0	0	0	0	0	0	0	0	0	0	0	0	0	0	0
160.0000310738927	0	0	0	0	0	262251	0	531531	221052	221368	214014	859087	8484	11008	0	0	0	0	0	0	0	0	0	0	0	0	0	0	0	0	0	0	0	0	0	0	0	0	0	0	0	0	0	0	0	0	0	0	0	0	0	0	0	0	0	0	0	0
165.00001540218875	0	0	0	0	0	342604	0	572364	237692	236600	229225	961043	12810	18662	359	0	0	0	0	0	0	0	0	0	0	0	0	0	0	0	0	0	0	0	0	0	0	0	0	0	0	0	0	0	0	0	0	0	0	0	0	0	0	0	0	0	0	0
170.0000116139873	0	0	0	0	0	439734	0	613548	256204	253456	245178	1052947	17892	26488	3949	0	0	0	0	0	0	0	0	0	0	0	0	0	0	0	0	0	0	0	0	0	0	0	0	0	0	0	0	0	0	0	0	0	0	0	0	0	0	0	0	0	0	0
175.00007016397677	0	0	0	0	0	556290	0	655317	273572	271768	262138	1161006	24696	37840	10770	204	174	0	0	0	0	0	0	0	0	0	0	0	0	0	0	0	0	0	0	0	0	0	0	0	0	0	0	0	0	0	0	0	0	0	0	0	0	0	0	0	0	0
180.00000670747252	0	0	0	0	0	674612	0	701883	292084	289576	279098	1252910	32424	49622	25848	714	551	688	0	336	462	0	0	0	0	0	0	0	0	0	0	0	0	0	0	0	0	0	0	0	0	0	0	0	0	0	0	0	0	0	0	0	0	0	0	0	0	0
185.00000464098105	0	0	0	0	0	816775	0	747045	312260	309176	297913	1355584	40824	62866	48824	1989	841	1892	985	1440	1584	0	0	0	0	0	0	0	0	0	0	0	0	0	0	0	0	0	0	0	0	0	0	0	0	0	0	0	0	0	0	0	0	0	0	0	0	0
190.0000023634418	0	0	0	0	0	995141	0	795366	331812	329448	317152	1453232	50946	79378	77185	3111	1392	4558	3349	3312	4554	232	0	0	0	0	0	0	0	0	0	0	0	0	0	0	0	0	0	0	0	0	0	0	0	0	0	0	0	0	0	0	0	0	0	0	0	0
195.0000188624407	0	0	0	0	0	1166443	0	843804	351780	349776	336709	1560932	59892	95460	117393	4794	2204	9116	9850	6912	8052	1856	0	1341	608	363	0	0	0	0	0	0	0	0	0	0	0	0	0	0	0	0	0	0	0	0	0	0	0	0	0	0	0	0	0	0	0	0
200.00000092956694	0	0	0	0	0	1332447	0	890955	370188	368424	355895	1661452	68166	114294	165140	6477	3306	14018	22064	10416	12870	10208	0	5811	4104	2178	0	224	280	0	0	0	0	0	0	0	0	0	0	0	0	0	0	0	0	0	0	0	0	0	0	0	0	0	0	0	0	0
205.00000502292303	0	0	0	0	0	1499334	0	935181	385060	385952	371901	1770947	76020	131580	225093	8874	4321	19178	35460	13680	17952	22272	0	11920	9576	6655	0	1344	700	623	0	0	0	0	0	0	0	0	0	0	0	0	0	0	0	0	0	0	0	0	0	0	0	0	0	0	0	0
210.00000280992134	0	0	0	0	0	1693594	0	971217	397852	401016	387059	1886904	84126	146114	286123	10659	5336	23220	50432	17136	22506	41064	0	21456	17176	13189	0	4256	2520	3649	1620	0	0	0	0	0	0	0	0	0	0	0	0	0	0	0	0	0	0	0	0	0	0	0	0	0	0	0
215.00000123478253	0	0	0	0	0	1911695	0	1002105	410228	414736	399938	2013631	91434	162282	361154	12801	6322	28552	65995	20256	28248	58000	0	31588	27816	21175	0	9856	4480	6853	3645	0	0	0	70	0	0	0	0	0	0	0	0	0	0	0	0	0	0	0	0	0	0	0	0	0	0	0
220.0000104226189	0	0	0	0	0	2137743	0	1033344	421928	427784	411492	2128870	97776	174666	431518	14535	7279	34658	81952	24480	33330	77952	0	41273	38304	29282	0	15904	7770	11659	8235	0	708	408	490	106	0	0	0	0	0	0	0	0	0	0	0	0	0	0	0	0	0	0	0	0	0	0
225.0000046221171	0	0	0	0	0	2382334	0	1059669	431964	439152	422516	2226518	104076	188168	492548	16728	7975	38786	101652	28272	39006	100920	0	54981	50160	40535	1698	23632	12740	17889	14715	0	2596	1836	1540	1219	0	333	168	178	0	0	0	0	0	0	0	0	0	0	0	0	0	0	0	0	0	0
230.00000252955195	0	0	0	0	0	2628691	0	1084473	441896	450184	432745	2315909	110754	200982	550706	18768	8932	43602	121943	31248	43494	122960	0	67944	62320	51788	7924	32256	17080	23941	23220	0	6490	5508	3780	2597	0	666	1092	1157	266	202	0	0	0	0	0	0	0	0	0	0	0	0	0	0	0	0
235.00000845848498	0	0	0	0	0	2864452	0	1109745	451204	459368	441914	2398838	116256	212334	605274	19992	9773	48074	137309	35040	49038	151032	0	83589	78584	64372	22074	42560	22050	32307	33750	0	10148	8772	6440	4346	1200	1480	2604	2403	1862	1414	390	0	0	0	0	0	0	0	0	0	0	0	0	0	0	0
240.0000010052192	0	0	0	0	0	3116990	0	1130220	458952	468384	450182	2476741	121254	223170	660919	21471	10556	52116	153266	38784	54054	175160	0	97148	91048	76593	45846	49168	26950	39160	46170	0	15812	13566	10150	7102	4200	2664	5880	5429	4389	3333	2210	0	0	0	0	0	0	0	0	0	0	0	0	0	0	0
245.0000018813952	0	0	0	0	0	3361581	0	1149174	466440	476112	456383	2552490	126126	232974	706871	22746	11310	55642	169814	41232	57816	198824	0	110409	103512	89298	87730	59024	33180	48238	57780	0	24780	20196	14560	10388	10500	4181	10164	9968	7714	7272	4420	0	0	0	0	0	0	0	0	0	0	0	0	0	0	0
250.00000062625278	0	0	0	0	0	3625598	0	1164735	473512	483504	464863	2607417	130200	241230	752464	24837	11919	58996	183407	43872	61116	221560	0	123074	116280	102124	126784	68768	38360	57138	68985	9152	32450	28152	19740	14469	18300	6290	15036	15753	14497	12221	8970	0	0	0	0	0	0	0	0	0	0	0	0	0	0	0
255.00000035611063	0	0	0	0	0	3860476	0	1180998	479492	490000	471859	2654805	135156	251034	799852	25959	12847	62436	197000	46464	64548	240120	0	135292	128592	113861	171498	81200	44660	65326	78975	27456	42834	35394	24850	18444	30600	8362	20916	21360	22876	17675	14560	0	1228	0	196	0	0	0	0	0	0	0	0	0	0	0
260.0000052155567	0	0	0	0	0	4076811	0	1194453	486356	495880	478060	2705065	139524	258602	837188	27642	13775	66134	210396	49104	68772	259608	0	147957	138624	125235	223570	90160	49770	73425	90720	52096	50858	43350	30870	22949	45900	10878	27552	28391	32053	24442	22620	0	4605	0	392	0	0	0	0	0	0	0	0	0	0	0
265.0000090055433	0	0	0	0	0	4242815	0	1209195	491192	501424	484632	2752094	143346	267374	872011	29019	14732	69402	223004	51888	72996	281184	0	157195	150784	137093	272246	100912	55090	82058	103005	85184	62776	53448	35910	28037	69300	13098	32844	34354	42560	32724	30290	3222	9210	5175	588	0	0	0	0	0	0	0	0	0	0	0
270.0000001156463	0	0	0	0	0	4412351	0	1220427	496236	507192	489667	2789789	147588	274684	906116	30906	15428	72584	236006	54144	76626	300208	0	167029	161880	148588	330544	110880	61180	92204	113400	134464	73160	59976	41160	32913	92700	15799	40152	40762	54131	39390	39130	12888	20262	11385	1176	0	690	0	0	0	0	0	0	0	0	0
275.0000037859273	0	0	0	0	0	4555397	0	1230957	500812	511728	494013	2827843	151116	282252	942734	32385	16095	75594	247038	55968	80322	318072	0	178502	172824	159962	386578	120288	67200	101015	126495	201344	82364	69666	46340	36252	114000	18241	48048	48149	62643	45349	47450	24702	34384	18975	2548	0	1932	588	0	0	0	0	0	0	0	0
280.0000011360397	0	0	0	0	0	4694028	0	1241487	505544	516712	498359	2864102	155022	288358	973249	33813	16936	78346	258070	58560	84018	332688	0	186697	183768	170731	437518	131264	73220	110805	138915	280192	93928	79560	52500	40439	135900	20831	53340	55892	73815	53934	58110	47793	47585	29325	4312	0	4278	1764	0	0	0	0	0	0	0	0
285.00000376613104	0	0	0	0	0	4827361	0	1249092	509288	521304	502175	2894258	158340	294636	999456	34884	17806	81528	270284	61296	88044	350088	0	193700	192736	178475	499212	143024	78400	119082	151065	340736	105610	87822	56630	45527	161400	23014	61824	63457	82859	60802	68250	80013	68154	46230	7056	0	7590	4704	0	0	0	0	0	0	0	0
290.00000055047536	0	0	0	0	0	4934204	0	1257516	512876	525336	506256	2932671	161616	301516	1026022	36516	18676	84538	281907	63408	91344	365864	0	201001	203680	186582	554680	153328	83020	126558	164160	414656	117646	98940	62930	49396	181500	25752	70308	70221	93898	68882	76960	105789	85346	67620	9212	0	10350	7840	0	0	0	0	0	0	0	0
295.00000642001527	0	0	0	0	0	5033983	0	1268514	515684	529144	510178	2955647	165816	307708	1049357	37995	19778	89182	293727	65616	95238	381408	0	210239	214168	196020	611846	163184	88130	131809	175230	487168	128502	108120	68530	53000	206700	27935	77196	77964	104937	75952	88530	144990	110520	86595	11760	0	14766	12348	0	0	0	0	0	0	0	0
300.0000097827356	0	0	0	0	0	5126698	0	1279512	519792	533120	513517	2978982	168588	314588	1071615	39270	20735	93396	304562	68400	98340	396720	0	219179	224504	205216	672974	172256	93450	139819	186030	549824	139122	117198	73430	56604	229200	29637	83580	83126	115178	84234	99320	185265	129247	107985	14896	794	20700	16660	0	0	0	0	0	0	0	0
305.0000016546091	0	0	0	0	0	5212349	0	1288404	523068	537264	517386	3000881	171780	320264	1093873	40953	21431	96406	321110	71088	103224	412728	0	227076	234688	214291	728442	180656	99050	147562	196425	614592	148326	125154	78470	61215	255300	31931	91056	89712	123956	93526	109850	221781	153193	135240	18816	1588	26358	23324	0	0	0	335	267	0	0	0
310.00000520138906	0	0	0	0	0	5285638	0	1296360	526188	540848	521255	3020267	174762	325768	1117208	42279	22214	99244	333127	73296	106788	430824	0	231546	244720	222156	774854	192528	104650	155127	206145	682176	159182	135048	85050	65402	287100	34114	97524	95675	133266	99384	117780	264204	174990	161115	22344	2382	31602	31164	0	0	0	1072	801	143	0	0
315.0000024850127	0	0	0	0	0	5373055	0	1303965	529984	543704	524223	3040371	177828	331616	1142697	43656	22939	101996	346523	75840	111012	446368	0	238847	254600	230626	817870	200816	109900	161891	218295	758208	168976	144942	91420	68476	311700	36815	103908	101727	141911	104838	126750	314145	209374	196305	27244	3176	39054	37632	3735	0	0	1876	1869	1001	0	0
320.00000161153423	0	0	0	0	0	5448110	0	1312155	533000	547064	527350	3059039	180726	336088	1163519	45135	23780	105350	354994	78336	115434	456808	0	247340	263112	237765	864848	209440	115290	170613	230175	848320	180186	153102	96670	72186	334800	39257	111636	108313	149758	111100	135200	353346	242223	229080	31360	7940	46230	45668	9711	0	0	3149	3026	1859	0	0
325.0000018076848	0	0	0	0	0	5509920	0	1318824	536016	550144	531007	3076630	183036	340130	1179315	46614	24418	109048	365041	80736	119460	470728	0	253300	274360	246840	911260	217392	120050	176309	241245	934912	188800	161976	101570	76426	357300	41810	118272	115789	159600	118675	143780	396843	270467	263580	34888	13498	53406	54880	23904	0	553	4154	4361	3289	0	49
330.00000394874377	0	0	0	0	0	5577911	0	1326312	537940	553336	534240	3092067	185178	344774	1196906	47481	25201	112660	375679	83328	123486	483488	0	260303	283176	253253	952578	225232	124670	183696	254610	1013760	199302	171360	106890	80401	386400	44289	125412	122998	169442	126654	153400	438192	295334	302220	37632	22232	60858	65856	42579	0	1659	5628	7031	5434	0	98
335.0000000960029	0	0	0	0	0	5643253	0	1333332	540384	555352	537049	3107863	187362	349332	1211984	48450	25694	116100	385529	86160	126984	501352	0	267604	294120	262086	999556	232624	129080	190549	263520	1101760	207680	178806	113120	85277	411900	46472	132720	130029	177555	134431	161070	484911	323578	331200	39984	30966	67482	77420	56772	0	5530	7169	8900	7293	0	147
340.00000060673585	0	0	0	0	0	5713893	0	1340118	542828	557536	539593	3122941	190008	353202	1229575	49725	26245	119282	395773	88368	130416	517128	0	275799	304912	268983	1041440	240352	132930	196868	273915	1174272	217120	186558	118370	89146	438900	49432	139356	136793	187397	141804	169520	517668	353357	371910	44100	38112	74658	88004	87399	0	12166	8643	10858	9867	586	392
345.0000007510319	0	0	0	0	0	5755394	0	1345383	544700	559720	542508	3137301	192738	357674	1242858	50694	26680	122378	406017	90144	134640	530584	0	282057	315096	276969	1086720	246960	137480	203543	284580	1247488	224790	193902	123480	93492	464100	51763	145068	144447	196308	148773	178100	556332	375768	407100	47824	49228	83628	98196	109809	0	21014	10988	13172	13299	2344	1078
350.00000180466384	0	0	0	0	0	5807491	0	1350999	547196	561736	544257	3149507	195510	362060	1259731	51306	27231	124356	415867	92304	138270	541720	0	289358	324368	284108	1126906	254576	141470	210930	292815	1326336	233994	202062	127610	96831	489300	53909	151620	150766	206150	156348	185510	589626	406775	440565	51940	56374	92046	108780	147906	0	32627	13735	15842	17017	8204	2254
355.0000005378153	0	0	0	0	0	5856056	0	1356264	549380	563696	546748	3160636	197904	366360	1275527	52020	27811	126162	423550	94320	140712	553784	0	295765	333032	291247	1168224	262640	146160	216715	301185	1393216	243434	209304	132720	99958	513300	56462	159348	155928	216524	162711	193050	627753	435019	477135	55860	65902	99774	120344	183762	0	42028	16281	19580	21593	12306	3283
360.00000069031995	0	0	0	0	0	5908153	0	1361295	551720	565880	548921	3172842	200298	370746	1292400	52887	28275	128140	431627	95520	144276	566080	0	301576	342152	299233	1199920	270480	150080	222233	310230	1468544	249806	214914	137550	103562	536400	58941	165732	161001	227164	169478	204880	674472	467561	513705	59388	75430	107226	133084	217377	0	54747	18827	23229	26312	20510	5096
365.00000917104137	0	0	0	0	0	5949654	0	1366911	553436	567784	550723	3184689	202272	374616	1306760	54009	28739	130290	439113	96864	146784	578144	0	307834	351728	304920	1242936	278656	154000	227929	318060	1541760	257004	221442	143290	107007	561000	60939	172368	166430	235809	175437	214370	713136	498875	546135	62720	91310	114816	142884	263691	5272	71337	21507	25721	31460	31644	6713
370.00001147309416	0	0	0	0	0	5984974	0	1371591	554632	570024	552419	3196177	205254	378314	1318966	54621	29290	131752	446205	98016	150084	590672	0	314688	359176	310728	1276896	285040	157990	234070	326430	1606528	265618	227052	148260	110399	584100	63381	178668	171948	246848	180891	223080	756096	526812	583395	66836	100838	122268	155232	310752	17134	92351	24522	29103	34320	39848	8281
375.0000048860275	0	0	0	0	0	6014996	0	1375803	556452	571704	554963	3205870	206556	381496	1330095	54927	29609	133214	453494	99600	153054	603432	0	320797	366016	315689	1314818	292320	162050	238431	333585	1672000	273524	233886	153510	114745	607800	65971	183876	178267	255892	187052	231530	797445	557512	619965	69776	112748	129582	166208	359307	34268	110047	27470	31417	38324	48638	9849
380.00000338361673	0	0	0	0	0	6038837	0	1378845	557856	572936	556500	3217717	208614	384764	1344814	55947	30044	135364	459010	100800	156024	615728	0	326310	373312	320287	1351042	299712	166600	244305	340605	1727616	281312	239802	158130	118243	632700	68635	190092	184141	264005	193718	237380	837720	583914	656535	73108	128628	138966	177184	398151	57992	129402	30485	35689	43043	68562	12152
385.00000066798225	0	0	0	0	0	6063561	0	1383525	559156	575120	557560	3227051	210252	387258	1355943	57069	30450	137514	468269	102000	158334	625008	0	330780	381976	326216	1387832	303856	170450	249645	349110	1788160	290988	248268	162540	121847	656100	70929	196560	190460	271985	199576	245180	879606	618912	696900	77224	140538	146418	189140	450441	94896	148757	35108	39249	48191	90830	13328
390.0000023842894	0	0	0	0	0	6092700	0	1386216	560248	576632	558938	3236385	212604	390440	1367790	57885	30885	138632	475361	103968	162426	634520	0	335846	388208	330451	1420094	311584	173460	255697	356535	1853632	299012	254388	167720	124868	681600	73778	201516	195800	278635	205232	253370	924714	650226	738990	81732	148478	155802	199920	501237	129164	171983	39128	43343	54483	111926	14602
395.000000455873	0	0	0	0	0	6115658	0	1389726	561444	578032	559892	3243924	214662	393880	1378919	58497	31320	140008	481665	105072	165858	642176	0	341061	395960	336138	1449526	315504	177030	262372	363960	1914176	306800	262854	173250	128207	705300	76294	208740	201318	287147	211494	261820	961767	675093	776595	85260	153242	162012	210896	541575	170022	195209	43952	46547	61776	130678	16268
400.00000201741847	0	0	0	0	0	6143914	0	1392651	562484	579544	560793	3250745	216174	395772	1387894	59364	31784	141298	487378	106320	168894	649136	0	344488	403256	341946	1485184	320768	180600	266644	373005	1972608	315414	269586	178640	131599	728100	78625	214032	208082	294861	218665	270010	1002579	702723	814200	88396	159594	169740	223244	591624	214834	221200	48173	50552	67210	152360	17934
405.0000039330053	0	0	0	0	0	6173053	0	1394757	563784	580832	562330	3257925	218148	398954	1396869	59517	32190	142588	491318	107664	171402	658184	0	349107	411008	346060	1523106	327936	184100	270382	380565	2039488	323438	276216	182070	135362	752700	80956	220668	213422	302575	224523	277290	1037484	735265	854565	93688	173092	178986	231868	649143	262282	244979	52528	54646	72501	171698	20237
410.0000011872183	0	0	0	0	0	6194245	0	1397448	564668	581728	563761	3266182	219828	402394	1408357	60180	32741	144050	497819	108576	174306	668160	0	352236	420736	350779	1561028	334880	187040	275277	386100	2111296	331344	282744	185780	138065	778200	83546	226464	218584	311486	231290	284960	1076685	762588	890445	97608	180238	186576	242648	702927	334772	270970	56950	58295	79365	201584	22834
415.00000095375015	0	0	0	0	0	6219852	0	1399671	565500	583296	564450	3272644	221508	404630	1418050	60741	33234	145254	504517	109344	176748	678136	0	355961	427880	356103	1589328	340704	190680	280706	392985	2172544	338778	290190	189980	140768	795600	85840	231672	223123	320663	238057	292500	1105683	793902	927705	102900	192148	194580	254408	765675	391446	297514	61908	62745	84227	222094	25333
420.00000021410597	0	0	0	0	0	6250757	0	1403766	566800	584360	565775	3278388	223692	407210	1427025	61251	33582	146888	510821	110304	179652	687184	0	360431	435024	359975	1619326	346416	194390	285690	402030	2224640	346212	296922	193480	144319	816900	88134	237972	228018	328244	244218	299130	1143810	824909	965310	107996	202470	202860	262836	827676	442848	325164	67000	67462	91949	239674	27734
425.0000010333811	0	0	0	0	0	6269300	0	1406340	567840	585536	567259	3283414	225876	410392	1433846	62169	34191	148694	516928	111264	182754	695304	0	365199	441560	365178	1643664	350784	197190	290318	407835	2286592	352820	303348	197400	147870	844500	90280	243852	232023	337022	250076	305240	1178178	851925	1005675	112112	213586	209070	274008	885942	529836	357791	71489	72001	99385	270146	30331
430.00000194019555	0	0	0	0	0	6294907	0	1408680	569140	586880	568690	3289876	227640	412370	1444257	62781	34626	150672	521853	112560	185922	703424	0	368477	447792	368566	1669700	357168	201250	295391	413505	2344320	358602	310488	200760	150255	867300	92093	249228	236473	342741	255328	312780	1224360	883546	1045695	115444	223908	217074	285964	938979	597054	379358	76849	76273	106106	302962	33124
435.00000055723876	0	0	0	0	0	6316982	0	1410786	569868	588280	569379	3295979	229362	414950	1452514	63342	35409	152650	528551	114000	189090	713400	0	372798	454024	373890	1693472	363104	204680	300909	419580	2398528	364502	316608	205030	153700	887100	94424	254520	242169	349790	261186	318630	1262487	915167	1086405	121128	235024	223836	295764	997245	669544	411432	82142	80901	113971	334606	35084
440.00000059115746	0	0	0	0	0	6346121	0	1413009	570752	589568	570545	3300287	231252	417616	1458976	64056	35931	155144	534461	114864	192324	725000	0	376225	461472	378488	1717810	368928	207410	305982	426195	2453440	371582	322116	209300	157198	909300	97162	259476	246797	355243	267044	323700	1300077	954156	1125735	125440	245346	230322	307720	1065222	751260	441294	86430	85618	120406	361562	37583
445.0000026590419	0	0	0	0	0	6364664	0	1415934	571584	590744	571711	3305672	233142	419766	1469028	64566	36453	156864	540765	115728	194964	734048	0	380248	469072	382360	1744978	374192	210140	311767	432135	2521024	378072	328032	212590	159742	928200	99308	264432	250268	362558	270175	330980	1330686	985470	1168515	129164	255668	238188	319284	1127223	818478	471156	91857	89445	128414	386760	40474
450.00000100250884	0	0	0	0	0	6383207	0	1417572	572416	591528	572983	3312134	234402	423034	1477285	65331	37033	158756	547069	116256	198396	744024	0	385761	476976	387563	1778372	377552	212730	315683	438210	2569600	384444	333540	216580	162498	948900	101787	268800	255341	369873	273811	337480	1363443	1016170	1210605	134064	265990	246606	328300	1195200	902830	493276	98088	94518	137280	416646	43169
455.00000308404964	0	0	0	0	0	6402633	0	1420029	573352	592424	573937	3315724	235578	424668	1486619	66351	37439	160390	554358	117600	200970	753536	0	390976	485488	391435	1811200	383936	216160	319866	445365	2618880	391642	340068	220850	166261	969300	103452	274344	258545	377587	278558	343850	1394052	1047791	1247865	138376	275518	253506	340256	1246743	981910	522032	102979	101015	145717	454736	45276
460.0000090753016	0	0	0	0	0	6423825	0	1422252	574028	593376	574891	3319314	237258	426646	1495953	67218	37961	162110	557904	118656	204798	764904	0	394552	492480	396275	1841764	389312	219240	324405	449955	2667456	400964	346494	224770	169388	988200	105524	279720	263262	383306	284214	351130	1429494	1084324	1288920	142492	286634	260544	349272	1315467	1067580	552447	109746	105554	151866	481106	47873
465.0000023860412	0	0	0	0	0	6445900	0	1424826	575068	594552	575792	3321827	238812	428538	1506005	67881	38425	163228	563814	119808	208032	773720	0	400363	499776	400873	1866102	394128	221900	328054	455760	2716032	408162	352512	228200	172939	1008000	107633	285348	268246	388626	290779	357500	1454733	1112568	1341705	146608	296956	267168	357896	1388673	1154568	583415	115910	109470	160017	509234	50372
470.0000032837295	0	0	0	0	0	6467975	0	1426815	575484	595392	577064	3326853	240282	431376	1515339	68442	38947	164518	570906	120816	211398	782768	0	405429	506312	404987	1888742	399616	225540	331169	461295	2769536	415124	358122	231140	175801	1025100	109668	290976	273230	395808	296132	363610	1482657	1143575	1380690	150136	316012	273516	366716	1449180	1249464	614383	122141	114187	167167	543808	53263
475.0000022154804	0	0	0	0	0	6490933	0	1428687	575796	596120	577753	3330084	242256	433698	1521801	69309	39469	166754	577210	121632	214104	793440	0	409750	510416	409706	1911948	405104	228760	335441	466965	2820928	422204	362610	235200	179087	1049700	111259	297444	277858	403256	301586	370370	1517562	1170591	1433130	156408	322364	281934	380436	1517157	1345678	645351	127501	119705	175747	576038	56448
480.0000089971635	0	0	0	0	0	6503295	0	1431378	576524	596960	578495	3335110	244398	436278	1529340	70329	40165	168044	584499	122784	217800	800400	0	414220	517712	413215	1936286	409696	231700	339357	472095	2877248	427160	367506	238280	182214	1074600	113331	302820	281240	411103	307141	374920	1546023	1195765	1471080	160720	330304	288558	389844	1582893	1440574	670789	132526	123710	182754	619988	60319
485.00000374002815	0	0	0	0	0	6515657	0	1433484	577148	597912	579608	3338700	246498	438256	1537238	71145	40658	169506	593955	124224	220308	810144	0	417796	525008	418539	1959492	413616	234430	343273	478305	2934976	433650	372198	241780	185606	1091100	115440	307440	284533	417886	311080	380380	1570725	1227386	1506270	165228	335862	294630	400232	1661328	1518336	695674	139159	128694	190190	643428	63112
490.00000812284543	0	0	0	0	0	6527136	0	1435356	578084	598640	580827	3341213	248220	440234	1542982	71757	41122	170538	601441	124944	223674	820584	0	423160	532152	422653	1977604	418768	237020	347100	484515	2988480	441084	376992	244160	188309	1107600	117068	312900	288538	424403	316534	385580	1592205	1262691	1550085	168756	350154	302634	412972	1737522	1621140	732172	144787	133856	198484	675072	65807
495.0000052975111	0	0	0	0	0	6538615	0	1436643	578812	599256	581675	3343726	250026	442642	1548367	72420	41557	172172	608139	126336	226842	827544	0	426140	541272	426888	1997414	422912	239610	351461	489375	3039872	446630	382296	248500	191277	1124400	118770	317856	291386	428127	320574	391170	1623888	1298917	1601490	174048	362064	309120	424340	1821933	1717354	760928	151487	139196	205348	705544	68502
500.00001556767285	0	0	0	0	0	6557158	0	1440036	579228	599984	582629	3345521	251874	445050	1556265	73032	41992	173806	613458	127536	229416	836592	0	429567	548112	431365	2013828	427728	242690	355466	493965	3096896	452884	387294	252140	194245	1143000	120620	322896	294056	432117	324715	397280	1650201	1331152	1647720	178360	369210	315882	434336	1885428	1818840	795214	157852	144358	211640	742462	71246
505.00000394294494	0	0	0	0	0	6572169	0	1441557	579696	600544	583583	3348752	253932	446684	1564881	73542	42630	174752	620156	128688	232122	846336	0	433888	556320	434632	2031940	431648	245490	359827	499230	3155328	460200	393516	255220	196418	1158000	122248	327432	298150	437437	329058	402350	1676514	1360931	1697055	182672	379532	323334	445704	1966851	1929552	830606	164954	149075	219505	781724	74039
510.0000010193541	0	0	0	0	0	6584531	0	1443078	580216	601328	584166	3351265	255528	447974	1569548	74205	43094	176128	627642	129840	235884	856776	0	438954	563768	438504	2056278	435680	248500	362764	504900	3207424	465510	398310	258510	199545	1176300	124135	331296	302244	441693	333502	405860	1709808	1388868	1742940	186984	386678	330510	455504	2049768	2033674	861574	171118	155127	230087	812782	76881
515.0000021653143	0	0	0	0	0	6595127	0	1444833	581152	602112	585120	3353060	257166	449952	1576369	74664	43558	177332	632173	130848	238986	864432	0	442977	571520	442981	2076654	440048	250950	366858	510300	3262336	470466	402798	261310	202248	1199100	126133	336420	306516	448077	337340	411840	1736121	1423866	1783305	191884	391442	338514	466284	2134179	2128570	888671	177684	160111	239811	845598	79625
520.0000088884265	0	0	0	0	0	6608372	0	1445886	581516	602616	585862	3355573	258594	452016	1583549	75327	43819	178708	638083	131520	241890	874640	0	445957	578816	447095	2102124	443968	253750	370507	516915	3306688	475422	407796	264810	204686	1218300	128057	340200	309631	453663	341077	417300	1765656	1457943	1834710	196588	399382	347070	475888	2211120	2255098	919086	184853	165184	247819	879000	83006
525.0000034375821	0	0	0	0	0	6622500	0	1447875	582452	603288	586180	3358086	260778	454080	1591447	76194	44544	179224	645766	132816	244926	884152	0	449682	588240	451209	2122500	447552	256410	374156	522855	3359488	480496	412998	267890	207389	1236300	130166	345828	313191	459382	345521	422110	1788210	1494476	1876800	200900	408116	354936	487256	2278350	2349994	955584	191285	171058	257686	910644	86338
530.0000042684936	0	0	0	0	0	6633979	0	1449981	583076	604016	586922	3360599	262164	455370	1599345	77112	44834	180944	651282	133824	247236	892040	0	453556	595840	454355	2144008	451472	258230	376826	526770	3405952	485924	418506	271320	210145	1251900	131905	350700	316662	463106	350066	427180	1808616	1523948	1928550	205212	419232	361008	498820	2363508	2443572	984340	198454	176576	267839	941116	89817
535.0000022375377	0	0	0	0	0	6644575	0	1451268	583856	605136	587452	3364548	263676	457864	1604012	77571	45414	182320	655813	134784	249876	900624	0	457281	604960	457501	2172308	457296	260540	380297	531630	3453120	491706	422994	273980	212265	1267500	133533	355320	320311	467495	353399	431730	1827411	1557411	1969605	209328	426378	370116	508816	2453148	2550330	1014755	206360	181560	274131	968072	92953
540.0000053640593	0	0	0	0	0	6657820	0	1452672	584376	605920	588406	3367779	265482	459842	1611551	78234	45994	183524	660344	135504	252912	909904	0	461155	614080	460405	2197212	461888	262500	384213	536355	3500992	497252	427278	276850	214756	1282200	135568	359772	324227	474012	356833	436150	1848354	1593944	2012385	214032	436700	376878	516460	2531583	2664996	1045170	212658	185654	284141	1002060	95942
545.0000026747368	0	0	0	0	0	6671948	0	1454193	585104	606480	588883	3369215	267120	461734	1615500	78693	46371	184814	666451	136512	255816	919648	0	465327	621376	464519	2230040	464912	265300	387150	541350	3546752	502326	431868	279510	217300	1300800	137566	364476	328054	478401	361378	440830	1873056	1627714	2053440	220304	446228	385020	527044	2610765	2777026	1072267	220095	190994	292578	1029016	98588
550.0000003915768	0	0	0	0	0	6681661	0	1455831	585780	607264	589678	3371010	268758	463540	1623039	79356	46835	186534	674134	137664	259182	924984	0	468903	628520	467786	2252114	468608	267050	390888	547830	3596736	506102	436764	283080	218996	1320300	138898	368760	330635	484253	365115	444860	1894536	1663019	2099325	226184	453374	392334	537628	2693682	2893010	1114848	227666	196245	299156	1068278	101381
555.0000053805074	0	0	0	0	0	6694906	0	1458288	586300	607824	590314	3372446	270102	465346	1629860	79866	47299	188426	680241	138768	263274	936352	0	472032	637336	471537	2275320	472864	269780	395160	552420	3642496	510586	441048	285880	221593	1334700	140193	373296	334017	489041	369862	449150	1917090	1694947	2145210	230692	464490	400338	545468	2777346	3001086	1145263	234902	201674	307736	1101094	104860
560.0000086143408	0	0	0	0	0	6704619	0	1460043	586924	608496	590950	3375318	271488	467152	1639194	80478	47734	189458	685560	139440	266376	944936	0	474416	645088	476377	2299658	478016	272160	399788	557145	3693888	518138	444516	289310	224137	1349700	142006	377664	337221	493962	372791	453440	1941792	1732708	2187300	235004	472430	407790	555856	2858769	3113116	1174019	243076	205412	314171	1133324	107604
565.0000021206621	0	0	0	0	0	6719630	0	1461564	587600	609000	591427	3377472	273210	468356	1644220	81396	48198	191350	690682	140496	269214	955376	0	477694	652232	480491	2327392	482160	274120	403259	563760	3733312	523448	447984	291690	226416	1361700	143634	380940	339802	498617	376326	458380	1960587	1764636	2235945	239316	482752	415656	563696	2959614	3243598	1203328	250781	210841	323037	1172586	110740
570.0000002253524	0	0	0	0	0	6735524	0	1463319	588276	609616	592169	3379267	274386	469732	1652836	82008	48488	193242	696395	141648	272712	966280	0	482462	659984	484968	2347768	485968	276430	406819	569025	3773440	530174	451860	294840	228801	1376400	145114	385476	342828	503804	379053	463190	1984752	1793801	2285625	244020	487516	424350	572516	3041784	3367490	1235402	257883	217160	330616	1206574	113729
575.0000013558541	0	0	0	0	0	6744354	0	1464021	588640	610456	592752	3381780	275688	471710	1662170	82620	48981	195650	701123	142512	276540	975792	0	486038	667280	488356	2373238	489552	278460	410735	575370	3828352	535720	456246	297640	231663	1390800	146631	389424	344875	508592	381679	465790	2008380	1824808	2331855	246764	495456	431112	581532	3143376	3507198	1261393	264851	222322	337480	1237632	116718
580.000000070578	0	0	0	0	0	6754950	0	1466127	589004	611072	593335	3385011	277368	473086	1669709	83589	49590	197456	708018	143424	280302	983216	0	489465	675032	491260	2395312	493360	280910	412693	580230	3874112	541148	461550	300510	233412	1410600	148000	393204	347189	511518	384911	470730	2032545	1859499	2378085	252056	506572	437736	592704	3234510	3646906	1281301	272958	227929	346060	1271620	118874
585.0000011391267	0	0	0	0	0	6761131	0	1468233	589368	611576	594024	3387165	278964	474462	1677607	84558	50141	198574	716489	144432	283470	992728	0	492296	682936	494285	2412858	497504	282940	416609	585900	3922688	547874	464814	304430	235903	1427100	149813	397068	350927	515641	388345	474110	2047581	1890506	2419140	258524	517688	446706	603092	3330873	3754982	1320564	280529	231489	353210	1297990	121520
590.0000012002132	0	0	0	0	0	6766429	0	1469871	589992	612024	594660	3390037	280476	475408	1684069	85119	50489	200122	722596	145056	285978	1001080	0	496170	690536	498399	2429838	502096	285390	419457	591030	3961408	552476	470016	307300	237864	1439700	151700	401688	354220	519897	391779	478530	2066376	1924890	2462955	264208	523246	452088	611912	3417525	3870966	1363145	288167	236473	358930	1339010	124019
595.0000086059157	0	0	0	0	0	6775259	0	1470807	590616	612696	595243	3392191	281652	476526	1691608	85935	50924	201498	727915	145776	289476	1009664	0	499299	697224	502392	2447950	506800	287840	423017	595215	4006464	556960	475320	310660	240514	1458000	153476	405216	357691	524153	394809	482040	2085708	1956818	2517810	268520	539126	461196	622104	3507912	4000130	1391348	295738	242080	366080	1367138	126518
600.000014570059	0	0	0	0	0	6781440	0	1472445	590720	613424	595720	3394345	283038	477902	1699506	86598	51504	202874	732052	146688	294030	1019872	0	502726	702696	505417	2473420	509824	290080	425865	598725	4049408	561208	481644	313110	242793	1476300	154956	410508	360272	527744	398748	486460	2106651	1989360	2567835	274596	545478	469200	632296	3616227	4134566	1418445	303376	247331	375804	1403470	128723
